"idSwarm","id","cpuPercentage","algorithm","req","runtime"
"pc4","rpi-1cpu",0.1,"stine",1,65.51
"pc4","rpi-1cpu",0.1,"stine",1,61.16
"pc4","rpi-1cpu",0.1,"stine",1,61.68
"pc4","rpi-1cpu",0.1,"stine",1,61.98
"pc4","rpi-1cpu",0.1,"stine",1,62.08
"pc4","rpi-1cpu",0.1,"stine",1,61.87
"pc4","rpi-1cpu",0.1,"stine",1,61.77
"pc4","rpi-1cpu",0.1,"stine",1,61.77
"pc4","rpi-1cpu",0.1,"stine",1,61.87
"pc4","rpi-1cpu",0.1,"stine",1,61.98
"pc4","rpi-1cpu",0.1,"stine",1,61.59
"pc4","rpi-1cpu",0.1,"stine",1,61.78
"pc4","rpi-1cpu",0.1,"stine",1,61.78
"pc4","rpi-1cpu",0.1,"stine",1,61.88
"pc4","rpi-1cpu",0.1,"stine",1,61.77
"pc4","rpi-1cpu",0.1,"stine",1,61.67
"pc4","rpi-1cpu",0.1,"stine",1,61.68
"pc4","rpi-1cpu",0.1,"stine",1,61.58
"pc4","rpi-1cpu",0.1,"stine",1,61.68
"pc4","rpi-1cpu",0.1,"stine",1,61.68
"pc4","rpi-1cpu",0.1,"stine",1,61.29
"pc4","rpi-1cpu",0.1,"stine",1,61.37
"pc4","rpi-1cpu",0.1,"stine",1,61.27
"pc4","rpi-1cpu",0.1,"stine",1,61.38
"pc4","rpi-1cpu",0.1,"stine",1,60.97
"pc4","rpi-1cpu",0.1,"stine",1,61.67
"pc4","rpi-1cpu",0.1,"stine",1,60.78
"pc4","rpi-1cpu",0.1,"stine",1,60.86
"pc4","rpi-1cpu",0.1,"stine",1,60.57
"pc4","rpi-1cpu",0.1,"stine",1,60.44
"pc4","rpi-1cpu",0.1,"locf",1,59.87
"pc4","rpi-1cpu",0.1,"locf",1,60.27
"pc4","rpi-1cpu",0.1,"locf",1,60.07
"pc4","rpi-1cpu",0.1,"locf",1,59.69
"pc4","rpi-1cpu",0.1,"locf",1,60.18
"pc4","rpi-1cpu",0.1,"locf",1,59.87
"pc4","rpi-1cpu",0.1,"locf",1,59.98
"pc4","rpi-1cpu",0.1,"locf",1,60.07
"pc4","rpi-1cpu",0.1,"locf",1,59.68
"pc4","rpi-1cpu",0.1,"locf",1,59.78
"pc4","rpi-1cpu",0.1,"locf",1,59.87
"pc4","rpi-1cpu",0.1,"locf",1,59.89
"pc4","rpi-1cpu",0.1,"locf",1,59.97
"pc4","rpi-1cpu",0.1,"locf",1,59.98
"pc4","rpi-1cpu",0.1,"locf",1,60.28
"pc4","rpi-1cpu",0.1,"locf",1,60.57
"pc4","rpi-1cpu",0.1,"locf",1,59.97
"pc4","rpi-1cpu",0.1,"locf",1,60.98
"pc4","rpi-1cpu",0.1,"locf",1,60.97
"pc4","rpi-1cpu",0.1,"locf",1,61.08
"pc4","rpi-1cpu",0.1,"locf",1,61.17
"pc4","rpi-1cpu",0.1,"locf",1,61.28
"pc4","rpi-1cpu",0.1,"locf",1,61.18
"pc4","rpi-1cpu",0.1,"locf",1,60.98
"pc4","rpi-1cpu",0.1,"locf",1,61.19
"pc4","rpi-1cpu",0.1,"locf",1,60.8
"pc4","rpi-1cpu",0.1,"locf",1,61.05
"pc4","rpi-1cpu",0.1,"locf",1,61.09
"pc4","rpi-1cpu",0.1,"locf",1,61.07
"pc4","rpi-1cpu",0.1,"locf",1,61.58
"pc4","rpi-1cpu",0.1,"ssa",1,109.47
"pc4","rpi-1cpu",0.1,"ssa",1,99.47
"pc4","rpi-1cpu",0.1,"ssa",1,107.89
"pc4","rpi-1cpu",0.1,"ssa",1,99.49
"pc4","rpi-1cpu",0.1,"ssa",1,108.47
"pc4","rpi-1cpu",0.1,"ssa",1,102.87
"pc4","rpi-1cpu",0.1,"ssa",1,108.27
"pc4","rpi-1cpu",0.1,"ssa",1,99.77
"pc4","rpi-1cpu",0.1,"ssa",1,108.38
"pc4","rpi-1cpu",0.1,"ssa",1,99.68
"pc4","rpi-1cpu",0.1,"ssa",1,107.27
"pc4","rpi-1cpu",0.1,"ssa",1,98.77
"pc4","rpi-1cpu",0.1,"ssa",1,107.49
"pc4","rpi-1cpu",0.1,"ssa",1,98.57
"pc4","rpi-1cpu",0.1,"ssa",1,106.97
"pc4","rpi-1cpu",0.1,"ssa",1,102.07
"pc4","rpi-1cpu",0.1,"ssa",1,107.18
"pc4","rpi-1cpu",0.1,"ssa",1,98.68
"pc4","rpi-1cpu",0.1,"ssa",1,106.97
"pc4","rpi-1cpu",0.1,"ssa",1,101.77
"pc4","rpi-1cpu",0.1,"ssa",1,107.58
"pc4","rpi-1cpu",0.1,"ssa",1,102.19
"pc4","rpi-1cpu",0.1,"ssa",1,107.77
"pc4","rpi-1cpu",0.1,"ssa",1,102.78
"pc4","rpi-1cpu",0.1,"ssa",1,107.48
"pc4","rpi-1cpu",0.1,"ssa",1,102.16
"pc4","rpi-1cpu",0.1,"ssa",1,107.38
"pc4","rpi-1cpu",0.1,"ssa",1,102.16
"pc4","rpi-1cpu",0.1,"ssa",1,107.86
"pc4","rpi-1cpu",0.1,"ssa",1,102.07
"pc4","rpi-1cpu",0.1,"seadec",1,65.38
"pc4","rpi-1cpu",0.1,"seadec",1,65.59
"pc4","rpi-1cpu",0.1,"seadec",1,65.38
"pc4","rpi-1cpu",0.1,"seadec",1,65.68
"pc4","rpi-1cpu",0.1,"seadec",1,65.58
"pc4","rpi-1cpu",0.1,"seadec",1,65.59
"pc4","rpi-1cpu",0.1,"seadec",1,65.87
"pc4","rpi-1cpu",0.1,"seadec",1,65.37
"pc4","rpi-1cpu",0.1,"seadec",1,65.67
"pc4","rpi-1cpu",0.1,"seadec",1,65.58
"pc4","rpi-1cpu",0.1,"seadec",1,65.18
"pc4","rpi-1cpu",0.1,"seadec",1,65.17
"pc4","rpi-1cpu",0.1,"seadec",1,65.27
"pc4","rpi-1cpu",0.1,"seadec",1,65.28
"pc4","rpi-1cpu",0.1,"seadec",1,65.07
"pc4","rpi-1cpu",0.1,"seadec",1,65.28
"pc4","rpi-1cpu",0.1,"seadec",1,64.97
"pc4","rpi-1cpu",0.1,"seadec",1,65.18
"pc4","rpi-1cpu",0.1,"seadec",1,65.28
"pc4","rpi-1cpu",0.1,"seadec",1,64.97
"pc4","rpi-1cpu",0.1,"seadec",1,65.08
"pc4","rpi-1cpu",0.1,"seadec",1,65.27
"pc4","rpi-1cpu",0.1,"seadec",1,64.87
"pc4","rpi-1cpu",0.1,"seadec",1,65.63
"pc4","rpi-1cpu",0.1,"seadec",1,64.5
"pc4","rpi-1cpu",0.1,"seadec",1,64.57
"pc4","rpi-1cpu",0.1,"seadec",1,64.66
"pc4","rpi-1cpu",0.1,"seadec",1,64.98
"pc4","rpi-1cpu",0.1,"seadec",1,64.57
"pc4","rpi-1cpu",0.1,"seadec",1,64.77
"pc4","rpi-1cpu",0.1,"SMA",1,94.28
"pc4","rpi-1cpu",0.1,"SMA",1,94.07
"pc4","rpi-1cpu",0.1,"SMA",1,94.08
"pc4","rpi-1cpu",0.1,"SMA",1,93.88
"pc4","rpi-1cpu",0.1,"SMA",1,93.28
"pc4","rpi-1cpu",0.1,"SMA",1,93.28
"pc4","rpi-1cpu",0.1,"SMA",1,93.98
"pc4","rpi-1cpu",0.1,"SMA",1,93.87
"pc4","rpi-1cpu",0.1,"SMA",1,93.57
"pc4","rpi-1cpu",0.1,"SMA",1,93.47
"pc4","rpi-1cpu",0.1,"SMA",1,93.57
"pc4","rpi-1cpu",0.1,"SMA",1,93.48
"pc4","rpi-1cpu",0.1,"SMA",1,93.67
"pc4","rpi-1cpu",0.1,"SMA",1,93.48
"pc4","rpi-1cpu",0.1,"SMA",1,94.87
"pc4","rpi-1cpu",0.1,"SMA",1,94.38
"pc4","rpi-1cpu",0.1,"SMA",1,94.67
"pc4","rpi-1cpu",0.1,"SMA",1,94.77
"pc4","rpi-1cpu",0.1,"SMA",1,94.58
"pc4","rpi-1cpu",0.1,"SMA",1,95.09
"pc4","rpi-1cpu",0.1,"SMA",1,95.07
"pc4","rpi-1cpu",0.1,"SMA",1,94.67
"pc4","rpi-1cpu",0.1,"SMA",1,94.57
"pc4","rpi-1cpu",0.1,"SMA",1,94.89
"pc4","rpi-1cpu",0.1,"SMA",1,95.17
"pc4","rpi-1cpu",0.1,"SMA",1,95.17
"pc4","rpi-1cpu",0.1,"SMA",1,95.78
"pc4","rpi-1cpu",0.1,"SMA",1,95.16
"pc4","rpi-1cpu",0.1,"SMA",1,95.16
"pc4","rpi-1cpu",0.1,"SMA",1,94.97
"pc4","rpi-1cpu",0.2,"stine",1,30.39
"pc4","rpi-1cpu",0.2,"stine",2,32.61
"pc4","rpi-1cpu",0.2,"stine",1,29.84
"pc4","rpi-1cpu",0.2,"stine",2,31.85
"pc4","rpi-1cpu",0.2,"stine",1,29.95
"pc4","rpi-1cpu",0.2,"stine",2,31.96
"pc4","rpi-1cpu",0.2,"stine",1,31.87
"pc4","rpi-1cpu",0.2,"stine",2,32.73
"pc4","rpi-1cpu",0.2,"stine",2,32.28
"pc4","rpi-1cpu",0.2,"stine",1,32.87
"pc4","rpi-1cpu",0.2,"stine",2,32.28
"pc4","rpi-1cpu",0.2,"stine",1,32.68
"pc4","rpi-1cpu",0.2,"stine",2,32.17
"pc4","rpi-1cpu",0.2,"stine",1,32.76
"pc4","rpi-1cpu",0.2,"stine",2,32.27
"pc4","rpi-1cpu",0.2,"stine",1,32.67
"pc4","rpi-1cpu",0.2,"stine",2,32.47
"pc4","rpi-1cpu",0.2,"stine",1,32.76
"pc4","rpi-1cpu",0.2,"stine",2,32.41
"pc4","rpi-1cpu",0.2,"stine",1,32.67
"pc4","rpi-1cpu",0.2,"stine",2,32.31
"pc4","rpi-1cpu",0.2,"stine",1,32.58
"pc4","rpi-1cpu",0.2,"stine",2,32.28
"pc4","rpi-1cpu",0.2,"stine",1,32.66
"pc4","rpi-1cpu",0.2,"stine",2,32.28
"pc4","rpi-1cpu",0.2,"stine",1,32.68
"pc4","rpi-1cpu",0.2,"stine",2,32.18
"pc4","rpi-1cpu",0.2,"stine",1,32.66
"pc4","rpi-1cpu",0.2,"stine",2,32.38
"pc4","rpi-1cpu",0.2,"stine",1,32.57
"pc4","rpi-1cpu",0.2,"locf",2,32.1
"pc4","rpi-1cpu",0.2,"locf",1,32.2
"pc4","rpi-1cpu",0.2,"locf",2,32.14
"pc4","rpi-1cpu",0.2,"locf",1,32.23
"pc4","rpi-1cpu",0.2,"locf",2,32.08
"pc4","rpi-1cpu",0.2,"locf",1,32.27
"pc4","rpi-1cpu",0.2,"locf",2,31.97
"pc4","rpi-1cpu",0.2,"locf",1,32.36
"pc4","rpi-1cpu",0.2,"locf",2,32.17
"pc4","rpi-1cpu",0.2,"locf",1,32.27
"pc4","rpi-1cpu",0.2,"locf",2,32
"pc4","rpi-1cpu",0.2,"locf",1,32.27
"pc4","rpi-1cpu",0.2,"locf",2,31.98
"pc4","rpi-1cpu",0.2,"locf",1,32.16
"pc4","rpi-1cpu",0.2,"locf",2,31.89
"pc4","rpi-1cpu",0.2,"locf",1,32.27
"pc4","rpi-1cpu",0.2,"locf",2,31.89
"pc4","rpi-1cpu",0.2,"locf",1,32.27
"pc4","rpi-1cpu",0.2,"locf",1,32.07
"pc4","rpi-1cpu",0.2,"locf",2,32.08
"pc4","rpi-1cpu",0.2,"locf",2,32.07
"pc4","rpi-1cpu",0.2,"locf",1,32.45
"pc4","rpi-1cpu",0.2,"locf",2,31.48
"pc4","rpi-1cpu",0.2,"locf",1,31.97
"pc4","rpi-1cpu",0.2,"locf",2,31.69
"pc4","rpi-1cpu",0.2,"locf",1,31.96
"pc4","rpi-1cpu",0.2,"locf",2,31.49
"pc4","rpi-1cpu",0.2,"locf",1,31.89
"pc4","rpi-1cpu",0.2,"locf",2,31.36
"pc4","rpi-1cpu",0.2,"locf",1,31.97
"pc4","rpi-1cpu",0.2,"ssa",2,51.98
"pc4","rpi-1cpu",0.2,"ssa",1,52.85
"pc4","rpi-1cpu",0.2,"ssa",2,52.98
"pc4","rpi-1cpu",0.2,"ssa",1,54.98
"pc4","rpi-1cpu",0.2,"ssa",1,52.76
"pc4","rpi-1cpu",0.2,"ssa",2,53.48
"pc4","rpi-1cpu",0.2,"ssa",2,51.77
"pc4","rpi-1cpu",0.2,"ssa",1,52.74
"pc4","rpi-1cpu",0.2,"ssa",2,52.9
"pc4","rpi-1cpu",0.2,"ssa",1,54.98
"pc4","rpi-1cpu",0.2,"ssa",1,52.57
"pc4","rpi-1cpu",0.2,"ssa",2,53.5
"pc4","rpi-1cpu",0.2,"ssa",2,51.25
"pc4","rpi-1cpu",0.2,"ssa",1,52.53
"pc4","rpi-1cpu",0.2,"ssa",2,52.79
"pc4","rpi-1cpu",0.2,"ssa",1,54.27
"pc4","rpi-1cpu",0.2,"ssa",1,52.58
"pc4","rpi-1cpu",0.2,"ssa",2,53.5
"pc4","rpi-1cpu",0.2,"ssa",1,52.14
"pc4","rpi-1cpu",0.2,"ssa",2,53.85
"pc4","rpi-1cpu",0.2,"ssa",2,50.78
"pc4","rpi-1cpu",0.2,"ssa",1,54.46
"pc4","rpi-1cpu",0.2,"ssa",2,51.5
"pc4","rpi-1cpu",0.2,"ssa",1,52.19
"pc4","rpi-1cpu",0.2,"ssa",1,52.26
"pc4","rpi-1cpu",0.2,"ssa",2,53.76
"pc4","rpi-1cpu",0.2,"ssa",2,52.58
"pc4","rpi-1cpu",0.2,"ssa",1,54.05
"pc4","rpi-1cpu",0.2,"ssa",1,52.39
"pc4","rpi-1cpu",0.2,"ssa",2,53.91
"pc4","rpi-1cpu",0.2,"seadec",1,33.85
"pc4","rpi-1cpu",0.2,"seadec",2,34.16
"pc4","rpi-1cpu",0.2,"seadec",2,33.93
"pc4","rpi-1cpu",0.2,"seadec",1,34.29
"pc4","rpi-1cpu",0.2,"seadec",1,33.94
"pc4","rpi-1cpu",0.2,"seadec",2,34.25
"pc4","rpi-1cpu",0.2,"seadec",1,33.74
"pc4","rpi-1cpu",0.2,"seadec",2,34.25
"pc4","rpi-1cpu",0.2,"seadec",1,33.76
"pc4","rpi-1cpu",0.2,"seadec",2,34.25
"pc4","rpi-1cpu",0.2,"seadec",1,33.67
"pc4","rpi-1cpu",0.2,"seadec",2,34.3
"pc4","rpi-1cpu",0.2,"seadec",1,33.83
"pc4","rpi-1cpu",0.2,"seadec",2,34.36
"pc4","rpi-1cpu",0.2,"seadec",1,33.74
"pc4","rpi-1cpu",0.2,"seadec",2,34.44
"pc4","rpi-1cpu",0.2,"seadec",1,33.46
"pc4","rpi-1cpu",0.2,"seadec",2,34.27
"pc4","rpi-1cpu",0.2,"seadec",1,33.76
"pc4","rpi-1cpu",0.2,"seadec",2,34.25
"pc4","rpi-1cpu",0.2,"seadec",1,33.55
"pc4","rpi-1cpu",0.2,"seadec",2,34.26
"pc4","rpi-1cpu",0.2,"seadec",1,33.58
"pc4","rpi-1cpu",0.2,"seadec",2,34.29
"pc4","rpi-1cpu",0.2,"seadec",1,33.37
"pc4","rpi-1cpu",0.2,"seadec",2,34.26
"pc4","rpi-1cpu",0.2,"seadec",1,33.56
"pc4","rpi-1cpu",0.2,"seadec",2,34.06
"pc4","rpi-1cpu",0.2,"seadec",1,33.45
"pc4","rpi-1cpu",0.2,"seadec",2,34.06
"pc4","rpi-1cpu",0.2,"SMA",1,47.57
"pc4","rpi-1cpu",0.2,"SMA",2,49.18
"pc4","rpi-1cpu",0.2,"SMA",1,47.94
"pc4","rpi-1cpu",0.2,"SMA",2,49.15
"pc4","rpi-1cpu",0.2,"SMA",1,47.85
"pc4","rpi-1cpu",0.2,"SMA",2,48.86
"pc4","rpi-1cpu",0.2,"SMA",2,48.86
"pc4","rpi-1cpu",0.2,"SMA",1,49.58
"pc4","rpi-1cpu",0.2,"SMA",1,46.36
"pc4","rpi-1cpu",0.2,"SMA",2,48.76
"pc4","rpi-1cpu",0.2,"SMA",1,46.15
"pc4","rpi-1cpu",0.2,"SMA",2,48.65
"pc4","rpi-1cpu",0.2,"SMA",1,46.07
"pc4","rpi-1cpu",0.2,"SMA",2,48.59
"pc4","rpi-1cpu",0.2,"SMA",1,46.13
"pc4","rpi-1cpu",0.2,"SMA",2,48.65
"pc4","rpi-1cpu",0.2,"SMA",1,46.04
"pc4","rpi-1cpu",0.2,"SMA",2,48.75
"pc4","rpi-1cpu",0.2,"SMA",1,46.05
"pc4","rpi-1cpu",0.2,"SMA",2,48.75
"pc4","rpi-1cpu",0.2,"SMA",1,45.96
"pc4","rpi-1cpu",0.2,"SMA",2,48.76
"pc4","rpi-1cpu",0.2,"SMA",1,46.05
"pc4","rpi-1cpu",0.2,"SMA",2,48.58
"pc4","rpi-1cpu",0.2,"SMA",1,46.14
"pc4","rpi-1cpu",0.2,"SMA",2,48.58
"pc4","rpi-1cpu",0.2,"SMA",1,46.13
"pc4","rpi-1cpu",0.2,"SMA",2,48.76
"pc4","rpi-1cpu",0.2,"SMA",1,46.13
"pc4","rpi-1cpu",0.2,"SMA",2,48.66
"pc4","rpi-1cpu",0.3,"stine",1,21.66
"pc4","rpi-1cpu",0.3,"stine",2,22.89
"pc4","rpi-1cpu",0.3,"stine",2,20.33
"pc4","rpi-1cpu",0.3,"stine",1,21.26
"pc4","rpi-1cpu",0.3,"stine",1,20.38
"pc4","rpi-1cpu",0.3,"stine",2,21.15
"pc4","rpi-1cpu",0.3,"stine",1,20.35
"pc4","rpi-1cpu",0.3,"stine",2,21.25
"pc4","rpi-1cpu",0.3,"stine",1,20.27
"pc4","rpi-1cpu",0.3,"stine",2,21.23
"pc4","rpi-1cpu",0.3,"stine",1,20.17
"pc4","rpi-1cpu",0.3,"stine",2,21.17
"pc4","rpi-1cpu",0.3,"stine",1,20.24
"pc4","rpi-1cpu",0.3,"stine",2,21.27
"pc4","rpi-1cpu",0.3,"stine",2,20.22
"pc4","rpi-1cpu",0.3,"stine",1,21.26
"pc4","rpi-1cpu",0.3,"stine",1,19.96
"pc4","rpi-1cpu",0.3,"stine",2,21.19
"pc4","rpi-1cpu",0.3,"stine",1,20.13
"pc4","rpi-1cpu",0.3,"stine",2,21.25
"pc4","rpi-1cpu",0.3,"stine",1,19.93
"pc4","rpi-1cpu",0.3,"stine",2,21.06
"pc4","rpi-1cpu",0.3,"stine",1,19.93
"pc4","rpi-1cpu",0.3,"stine",2,21.21
"pc4","rpi-1cpu",0.3,"stine",1,19.87
"pc4","rpi-1cpu",0.3,"stine",2,21.09
"pc4","rpi-1cpu",0.3,"stine",1,19.93
"pc4","rpi-1cpu",0.3,"stine",2,21.26
"pc4","rpi-1cpu",0.3,"stine",1,20.04
"pc4","rpi-1cpu",0.3,"stine",2,21.16
"pc4","rpi-1cpu",0.3,"locf",2,19.84
"pc4","rpi-1cpu",0.3,"locf",1,20.99
"pc4","rpi-1cpu",0.3,"locf",1,19.83
"pc4","rpi-1cpu",0.3,"locf",2,21.04
"pc4","rpi-1cpu",0.3,"locf",1,19.83
"pc4","rpi-1cpu",0.3,"locf",2,21.35
"pc4","rpi-1cpu",0.3,"locf",1,19.76
"pc4","rpi-1cpu",0.3,"locf",2,21.28
"pc4","rpi-1cpu",0.3,"locf",1,19.98
"pc4","rpi-1cpu",0.3,"locf",2,21.29
"pc4","rpi-1cpu",0.3,"locf",1,19.75
"pc4","rpi-1cpu",0.3,"locf",2,21.27
"pc4","rpi-1cpu",0.3,"locf",1,19.75
"pc4","rpi-1cpu",0.3,"locf",2,21.36
"pc4","rpi-1cpu",0.3,"locf",1,19.76
"pc4","rpi-1cpu",0.3,"locf",2,21.26
"pc4","rpi-1cpu",0.3,"locf",1,20.05
"pc4","rpi-1cpu",0.3,"locf",2,21.36
"pc4","rpi-1cpu",0.3,"locf",1,20.13
"pc4","rpi-1cpu",0.3,"locf",2,21.34
"pc4","rpi-1cpu",0.3,"locf",1,19.96
"pc4","rpi-1cpu",0.3,"locf",2,21.37
"pc4","rpi-1cpu",0.3,"locf",1,20.14
"pc4","rpi-1cpu",0.3,"locf",2,21.43
"pc4","rpi-1cpu",0.3,"locf",1,19.98
"pc4","rpi-1cpu",0.3,"locf",2,21.39
"pc4","rpi-1cpu",0.3,"locf",1,20.15
"pc4","rpi-1cpu",0.3,"locf",2,21.45
"pc4","rpi-1cpu",0.3,"locf",1,20.06
"pc4","rpi-1cpu",0.3,"locf",2,21.31
"pc4","rpi-1cpu",0.3,"ssa",2,33.25
"pc4","rpi-1cpu",0.3,"ssa",1,38.05
"pc4","rpi-1cpu",0.3,"ssa",1,35.17
"pc4","rpi-1cpu",0.3,"ssa",2,37.48
"pc4","rpi-1cpu",0.3,"ssa",1,33.67
"pc4","rpi-1cpu",0.3,"ssa",2,37.47
"pc4","rpi-1cpu",0.3,"ssa",1,32.56
"pc4","rpi-1cpu",0.3,"ssa",2,36.8
"pc4","rpi-1cpu",0.3,"ssa",1,35.16
"pc4","rpi-1cpu",0.3,"ssa",2,35.68
"pc4","rpi-1cpu",0.3,"ssa",1,35.05
"pc4","rpi-1cpu",0.3,"ssa",2,37.38
"pc4","rpi-1cpu",0.3,"ssa",1,33.55
"pc4","rpi-1cpu",0.3,"ssa",2,37.55
"pc4","rpi-1cpu",0.3,"ssa",1,33.45
"pc4","rpi-1cpu",0.3,"ssa",2,37.23
"pc4","rpi-1cpu",0.3,"ssa",1,35.06
"pc4","rpi-1cpu",0.3,"ssa",2,35.56
"pc4","rpi-1cpu",0.3,"ssa",1,34.74
"pc4","rpi-1cpu",0.3,"ssa",2,37.35
"pc4","rpi-1cpu",0.3,"ssa",1,33.47
"pc4","rpi-1cpu",0.3,"ssa",2,42.37
"pc4","rpi-1cpu",0.3,"ssa",1,32.15
"pc4","rpi-1cpu",0.3,"ssa",2,36.96
"pc4","rpi-1cpu",0.3,"ssa",1,34.89
"pc4","rpi-1cpu",0.3,"ssa",2,35.18
"pc4","rpi-1cpu",0.3,"ssa",1,34.74
"pc4","rpi-1cpu",0.3,"ssa",2,37.05
"pc4","rpi-1cpu",0.3,"ssa",1,34.12
"pc4","rpi-1cpu",0.3,"ssa",2,37.52
"pc4","rpi-1cpu",0.3,"seadec",1,21.45
"pc4","rpi-1cpu",0.3,"seadec",2,22.48
"pc4","rpi-1cpu",0.3,"seadec",2,21.37
"pc4","rpi-1cpu",0.3,"seadec",1,22.58
"pc4","rpi-1cpu",0.3,"seadec",1,21.56
"pc4","rpi-1cpu",0.3,"seadec",2,22.49
"pc4","rpi-1cpu",0.3,"seadec",1,21.44
"pc4","rpi-1cpu",0.3,"seadec",2,22.46
"pc4","rpi-1cpu",0.3,"seadec",2,21.55
"pc4","rpi-1cpu",0.3,"seadec",1,22.41
"pc4","rpi-1cpu",0.3,"seadec",1,21.44
"pc4","rpi-1cpu",0.3,"seadec",2,22.65
"pc4","rpi-1cpu",0.3,"seadec",1,21.36
"pc4","rpi-1cpu",0.3,"seadec",2,22.6
"pc4","rpi-1cpu",0.3,"seadec",1,21.44
"pc4","rpi-1cpu",0.3,"seadec",2,22.58
"pc4","rpi-1cpu",0.3,"seadec",1,21.34
"pc4","rpi-1cpu",0.3,"seadec",2,22.59
"pc4","rpi-1cpu",0.3,"seadec",1,21.52
"pc4","rpi-1cpu",0.3,"seadec",2,22.35
"pc4","rpi-1cpu",0.3,"seadec",1,21.46
"pc4","rpi-1cpu",0.3,"seadec",2,22.65
"pc4","rpi-1cpu",0.3,"seadec",1,21.47
"pc4","rpi-1cpu",0.3,"seadec",2,22.42
"pc4","rpi-1cpu",0.3,"seadec",1,21.44
"pc4","rpi-1cpu",0.3,"seadec",2,22.44
"pc4","rpi-1cpu",0.3,"seadec",1,21.37
"pc4","rpi-1cpu",0.3,"seadec",2,22.48
"pc4","rpi-1cpu",0.3,"seadec",1,21.36
"pc4","rpi-1cpu",0.3,"seadec",2,22.77
"pc4","rpi-1cpu",0.3,"SMA",1,30.96
"pc4","rpi-1cpu",0.3,"SMA",2,32.79
"pc4","rpi-1cpu",0.3,"SMA",1,31.03
"pc4","rpi-1cpu",0.3,"SMA",2,32.71
"pc4","rpi-1cpu",0.3,"SMA",1,30.88
"pc4","rpi-1cpu",0.3,"SMA",2,32.8
"pc4","rpi-1cpu",0.3,"SMA",2,30.84
"pc4","rpi-1cpu",0.3,"SMA",1,32.68
"pc4","rpi-1cpu",0.3,"SMA",1,30.83
"pc4","rpi-1cpu",0.3,"SMA",2,32.74
"pc4","rpi-1cpu",0.3,"SMA",1,30.74
"pc4","rpi-1cpu",0.3,"SMA",2,32.64
"pc4","rpi-1cpu",0.3,"SMA",1,30.84
"pc4","rpi-1cpu",0.3,"SMA",2,32.79
"pc4","rpi-1cpu",0.3,"SMA",1,30.75
"pc4","rpi-1cpu",0.3,"SMA",2,32.74
"pc4","rpi-1cpu",0.3,"SMA",1,30.84
"pc4","rpi-1cpu",0.3,"SMA",2,32.75
"pc4","rpi-1cpu",0.3,"SMA",1,30.67
"pc4","rpi-1cpu",0.3,"SMA",2,32.69
"pc4","rpi-1cpu",0.3,"SMA",1,30.74
"pc4","rpi-1cpu",0.3,"SMA",2,32.83
"pc4","rpi-1cpu",0.3,"SMA",1,30.76
"pc4","rpi-1cpu",0.3,"SMA",2,32.8
"pc4","rpi-1cpu",0.3,"SMA",1,30.74
"pc4","rpi-1cpu",0.3,"SMA",2,32.85
"pc4","rpi-1cpu",0.3,"SMA",1,30.65
"pc4","rpi-1cpu",0.3,"SMA",2,32.86
"pc4","rpi-1cpu",0.3,"SMA",1,30.73
"pc4","rpi-1cpu",0.3,"SMA",2,32.93
"pc4","rpi-1cpu",0.4,"stine",1,15.87
"pc4","rpi-1cpu",0.4,"stine",2,17.69
"pc4","rpi-1cpu",0.4,"stine",1,14.84
"pc4","rpi-1cpu",0.4,"stine",2,16.05
"pc4","rpi-1cpu",0.4,"stine",1,14.87
"pc4","rpi-1cpu",0.4,"stine",2,15.87
"pc4","rpi-1cpu",0.4,"stine",1,14.85
"pc4","rpi-1cpu",0.4,"stine",2,15.96
"pc4","rpi-1cpu",0.4,"stine",1,14.95
"pc4","rpi-1cpu",0.4,"stine",2,16.03
"pc4","rpi-1cpu",0.4,"stine",1,14.94
"pc4","rpi-1cpu",0.4,"stine",2,16.18
"pc4","rpi-1cpu",0.4,"stine",1,14.93
"pc4","rpi-1cpu",0.4,"stine",2,16.17
"pc4","rpi-1cpu",0.4,"stine",1,14.83
"pc4","rpi-1cpu",0.4,"stine",2,16.17
"pc4","rpi-1cpu",0.4,"stine",1,14.82
"pc4","rpi-1cpu",0.4,"stine",2,16.33
"pc4","rpi-1cpu",0.4,"stine",1,14.83
"pc4","rpi-1cpu",0.4,"stine",2,16.25
"pc4","rpi-1cpu",0.4,"stine",1,14.86
"pc4","rpi-1cpu",0.4,"stine",2,16.26
"pc4","rpi-1cpu",0.4,"stine",1,14.86
"pc4","rpi-1cpu",0.4,"stine",2,16.18
"pc4","rpi-1cpu",0.4,"stine",1,14.94
"pc4","rpi-1cpu",0.4,"stine",2,16.17
"pc4","rpi-1cpu",0.4,"stine",1,15.11
"pc4","rpi-1cpu",0.4,"stine",2,16.16
"pc4","rpi-1cpu",0.4,"stine",1,15.05
"pc4","rpi-1cpu",0.4,"stine",2,16.28
"pc4","rpi-1cpu",0.4,"locf",1,14.9
"pc4","rpi-1cpu",0.4,"locf",2,16.1
"pc4","rpi-1cpu",0.4,"locf",1,14.96
"pc4","rpi-1cpu",0.4,"locf",2,15.97
"pc4","rpi-1cpu",0.4,"locf",1,14.95
"pc4","rpi-1cpu",0.4,"locf",2,16.06
"pc4","rpi-1cpu",0.4,"locf",1,14.96
"pc4","rpi-1cpu",0.4,"locf",2,15.98
"pc4","rpi-1cpu",0.4,"locf",1,14.94
"pc4","rpi-1cpu",0.4,"locf",2,16.15
"pc4","rpi-1cpu",0.4,"locf",1,14.96
"pc4","rpi-1cpu",0.4,"locf",2,16.07
"pc4","rpi-1cpu",0.4,"locf",1,14.97
"pc4","rpi-1cpu",0.4,"locf",2,16.08
"pc4","rpi-1cpu",0.4,"locf",1,14.98
"pc4","rpi-1cpu",0.4,"locf",2,16.04
"pc4","rpi-1cpu",0.4,"locf",1,14.99
"pc4","rpi-1cpu",0.4,"locf",2,16.02
"pc4","rpi-1cpu",0.4,"locf",1,15.03
"pc4","rpi-1cpu",0.4,"locf",2,16.12
"pc4","rpi-1cpu",0.4,"locf",1,14.95
"pc4","rpi-1cpu",0.4,"locf",2,16.07
"pc4","rpi-1cpu",0.4,"locf",1,14.86
"pc4","rpi-1cpu",0.4,"locf",2,15.95
"pc4","rpi-1cpu",0.4,"locf",1,14.95
"pc4","rpi-1cpu",0.4,"locf",2,15.88
"pc4","rpi-1cpu",0.4,"locf",1,14.92
"pc4","rpi-1cpu",0.4,"locf",2,16.07
"pc4","rpi-1cpu",0.4,"locf",1,15.05
"pc4","rpi-1cpu",0.4,"locf",2,15.89
"pc4","rpi-1cpu",0.4,"ssa",2,26.18
"pc4","rpi-1cpu",0.4,"ssa",1,26.49
"pc4","rpi-1cpu",0.4,"ssa",1,25.18
"pc4","rpi-1cpu",0.4,"ssa",2,27.89
"pc4","rpi-1cpu",0.4,"ssa",1,24.24
"pc4","rpi-1cpu",0.4,"ssa",2,28.24
"pc4","rpi-1cpu",0.4,"ssa",2,26.08
"pc4","rpi-1cpu",0.4,"ssa",1,26.34
"pc4","rpi-1cpu",0.4,"ssa",1,25.26
"pc4","rpi-1cpu",0.4,"ssa",2,27.5
"pc4","rpi-1cpu",0.4,"ssa",1,24.15
"pc4","rpi-1cpu",0.4,"ssa",2,28.36
"pc4","rpi-1cpu",0.4,"ssa",2,25.78
"pc4","rpi-1cpu",0.4,"ssa",1,26.43
"pc4","rpi-1cpu",0.4,"ssa",1,25.08
"pc4","rpi-1cpu",0.4,"ssa",2,27.59
"pc4","rpi-1cpu",0.4,"ssa",1,24.17
"pc4","rpi-1cpu",0.4,"ssa",2,28.49
"pc4","rpi-1cpu",0.4,"ssa",2,25.93
"pc4","rpi-1cpu",0.4,"ssa",1,26.32
"pc4","rpi-1cpu",0.4,"ssa",1,24.99
"pc4","rpi-1cpu",0.4,"ssa",2,27.25
"pc4","rpi-1cpu",0.4,"ssa",1,24.13
"pc4","rpi-1cpu",0.4,"ssa",2,28.42
"pc4","rpi-1cpu",0.4,"ssa",2,25.67
"pc4","rpi-1cpu",0.4,"ssa",1,26.43
"pc4","rpi-1cpu",0.4,"ssa",1,25.19
"pc4","rpi-1cpu",0.4,"ssa",2,27.17
"pc4","rpi-1cpu",0.4,"ssa",1,24.28
"pc4","rpi-1cpu",0.4,"ssa",2,28.12
"pc4","rpi-1cpu",0.4,"seadec",1,16.03
"pc4","rpi-1cpu",0.4,"seadec",2,16.83
"pc4","rpi-1cpu",0.4,"seadec",1,16.03
"pc4","rpi-1cpu",0.4,"seadec",2,16.86
"pc4","rpi-1cpu",0.4,"seadec",1,16.04
"pc4","rpi-1cpu",0.4,"seadec",2,17.25
"pc4","rpi-1cpu",0.4,"seadec",1,16.04
"pc4","rpi-1cpu",0.4,"seadec",2,17.36
"pc4","rpi-1cpu",0.4,"seadec",1,16.06
"pc4","rpi-1cpu",0.4,"seadec",2,17.21
"pc4","rpi-1cpu",0.4,"seadec",1,16.1
"pc4","rpi-1cpu",0.4,"seadec",2,17.03
"pc4","rpi-1cpu",0.4,"seadec",1,16.03
"pc4","rpi-1cpu",0.4,"seadec",2,17.24
"pc4","rpi-1cpu",0.4,"seadec",1,15.94
"pc4","rpi-1cpu",0.4,"seadec",2,17.06
"pc4","rpi-1cpu",0.4,"seadec",1,15.95
"pc4","rpi-1cpu",0.4,"seadec",2,17.15
"pc4","rpi-1cpu",0.4,"seadec",1,15.97
"pc4","rpi-1cpu",0.4,"seadec",2,17.16
"pc4","rpi-1cpu",0.4,"seadec",1,15.94
"pc4","rpi-1cpu",0.4,"seadec",2,17.15
"pc4","rpi-1cpu",0.4,"seadec",1,15.96
"pc4","rpi-1cpu",0.4,"seadec",2,17
"pc4","rpi-1cpu",0.4,"seadec",1,15.82
"pc4","rpi-1cpu",0.4,"seadec",2,17.14
"pc4","rpi-1cpu",0.4,"seadec",1,15.83
"pc4","rpi-1cpu",0.4,"seadec",2,17.25
"pc4","rpi-1cpu",0.4,"seadec",1,15.77
"pc4","rpi-1cpu",0.4,"seadec",2,17.14
"pc4","rpi-1cpu",0.4,"SMA",1,22.88
"pc4","rpi-1cpu",0.4,"SMA",2,25
"pc4","rpi-1cpu",0.4,"SMA",1,22.97
"pc4","rpi-1cpu",0.4,"SMA",2,24.65
"pc4","rpi-1cpu",0.4,"SMA",1,23.05
"pc4","rpi-1cpu",0.4,"SMA",2,24.67
"pc4","rpi-1cpu",0.4,"SMA",1,22.95
"pc4","rpi-1cpu",0.4,"SMA",2,24.66
"pc4","rpi-1cpu",0.4,"SMA",1,23.03
"pc4","rpi-1cpu",0.4,"SMA",2,24.56
"pc4","rpi-1cpu",0.4,"SMA",1,23.04
"pc4","rpi-1cpu",0.4,"SMA",2,24.56
"pc4","rpi-1cpu",0.4,"SMA",1,22.95
"pc4","rpi-1cpu",0.4,"SMA",2,24.39
"pc4","rpi-1cpu",0.4,"SMA",1,22.92
"pc4","rpi-1cpu",0.4,"SMA",2,24.51
"pc4","rpi-1cpu",0.4,"SMA",1,22.96
"pc4","rpi-1cpu",0.4,"SMA",2,24.38
"pc4","rpi-1cpu",0.4,"SMA",1,22.96
"pc4","rpi-1cpu",0.4,"SMA",2,24.51
"pc4","rpi-1cpu",0.4,"SMA",1,22.9
"pc4","rpi-1cpu",0.4,"SMA",2,24.61
"pc4","rpi-1cpu",0.4,"SMA",1,23.34
"pc4","rpi-1cpu",0.4,"SMA",2,24.36
"pc4","rpi-1cpu",0.4,"SMA",1,23.33
"pc4","rpi-1cpu",0.4,"SMA",2,24.55
"pc4","rpi-1cpu",0.4,"SMA",1,23.25
"pc4","rpi-1cpu",0.4,"SMA",2,24.41
"pc4","rpi-1cpu",0.4,"SMA",1,23.19
"pc4","rpi-1cpu",0.4,"SMA",2,24.39
"pc4","rpi-1cpu",0.5,"stine",1,12.72
"pc4","rpi-1cpu",0.5,"stine",2,14.35
"pc4","rpi-1cpu",0.5,"stine",1,12.04
"pc4","rpi-1cpu",0.5,"stine",2,13.36
"pc4","rpi-1cpu",0.5,"stine",1,11.97
"pc4","rpi-1cpu",0.5,"stine",2,12.98
"pc4","rpi-1cpu",0.5,"stine",1,12.03
"pc4","rpi-1cpu",0.5,"stine",2,13.16
"pc4","rpi-1cpu",0.5,"stine",1,12.08
"pc4","rpi-1cpu",0.5,"stine",2,13.22
"pc4","rpi-1cpu",0.5,"stine",1,12
"pc4","rpi-1cpu",0.5,"stine",2,13.14
"pc4","rpi-1cpu",0.5,"stine",1,11.86
"pc4","rpi-1cpu",0.5,"stine",2,13.06
"pc4","rpi-1cpu",0.5,"stine",1,12.27
"pc4","rpi-1cpu",0.5,"stine",2,13.06
"pc4","rpi-1cpu",0.5,"stine",1,11.93
"pc4","rpi-1cpu",0.5,"stine",2,13.21
"pc4","rpi-1cpu",0.5,"stine",1,12.12
"pc4","rpi-1cpu",0.5,"stine",2,13.01
"pc4","rpi-1cpu",0.5,"stine",1,12.17
"pc4","rpi-1cpu",0.5,"stine",2,13.03
"pc4","rpi-1cpu",0.5,"stine",1,12.14
"pc4","rpi-1cpu",0.5,"stine",2,13.14
"pc4","rpi-1cpu",0.5,"stine",1,12.16
"pc4","rpi-1cpu",0.5,"stine",2,13.09
"pc4","rpi-1cpu",0.5,"stine",1,12.16
"pc4","rpi-1cpu",0.5,"stine",2,13.13
"pc4","rpi-1cpu",0.5,"stine",1,12.13
"pc4","rpi-1cpu",0.5,"stine",2,13.28
"pc4","rpi-1cpu",0.5,"locf",2,12.01
"pc4","rpi-1cpu",0.5,"locf",1,12.87
"pc4","rpi-1cpu",0.5,"locf",1,12.02
"pc4","rpi-1cpu",0.5,"locf",2,13.25
"pc4","rpi-1cpu",0.5,"locf",1,12.06
"pc4","rpi-1cpu",0.5,"locf",2,12.85
"pc4","rpi-1cpu",0.5,"locf",1,12.05
"pc4","rpi-1cpu",0.5,"locf",2,12.87
"pc4","rpi-1cpu",0.5,"locf",1,11.96
"pc4","rpi-1cpu",0.5,"locf",2,12.99
"pc4","rpi-1cpu",0.5,"locf",1,12.03
"pc4","rpi-1cpu",0.5,"locf",2,13.04
"pc4","rpi-1cpu",0.5,"locf",1,12.05
"pc4","rpi-1cpu",0.5,"locf",2,12.77
"pc4","rpi-1cpu",0.5,"locf",1,11.98
"pc4","rpi-1cpu",0.5,"locf",2,12.79
"pc4","rpi-1cpu",0.5,"locf",1,11.99
"pc4","rpi-1cpu",0.5,"locf",2,13.02
"pc4","rpi-1cpu",0.5,"locf",1,12.03
"pc4","rpi-1cpu",0.5,"locf",2,12.97
"pc4","rpi-1cpu",0.5,"locf",1,11.95
"pc4","rpi-1cpu",0.5,"locf",2,12.77
"pc4","rpi-1cpu",0.5,"locf",1,12.03
"pc4","rpi-1cpu",0.5,"locf",2,12.75
"pc4","rpi-1cpu",0.5,"locf",1,11.95
"pc4","rpi-1cpu",0.5,"locf",2,12.85
"pc4","rpi-1cpu",0.5,"locf",1,11.78
"pc4","rpi-1cpu",0.5,"locf",2,12.97
"pc4","rpi-1cpu",0.5,"locf",1,11.76
"pc4","rpi-1cpu",0.5,"locf",2,12.76
"pc4","rpi-1cpu",0.5,"ssa",2,20.55
"pc4","rpi-1cpu",0.5,"ssa",1,21.07
"pc4","rpi-1cpu",0.5,"ssa",1,19.53
"pc4","rpi-1cpu",0.5,"ssa",2,22.86
"pc4","rpi-1cpu",0.5,"ssa",1,20.95
"pc4","rpi-1cpu",0.5,"ssa",2,21.66
"pc4","rpi-1cpu",0.5,"ssa",1,19.07
"pc4","rpi-1cpu",0.5,"ssa",2,21.84
"pc4","rpi-1cpu",0.5,"ssa",1,19.41
"pc4","rpi-1cpu",0.5,"ssa",2,22.51
"pc4","rpi-1cpu",0.5,"ssa",2,21.04
"pc4","rpi-1cpu",0.5,"ssa",1,21.07
"pc4","rpi-1cpu",0.5,"ssa",1,19.05
"pc4","rpi-1cpu",0.5,"ssa",2,21.77
"pc4","rpi-1cpu",0.5,"ssa",1,19.28
"pc4","rpi-1cpu",0.5,"ssa",2,22.87
"pc4","rpi-1cpu",0.5,"ssa",1,21.04
"pc4","rpi-1cpu",0.5,"ssa",2,21.61
"pc4","rpi-1cpu",0.5,"ssa",1,19.09
"pc4","rpi-1cpu",0.5,"ssa",2,21.74
"pc4","rpi-1cpu",0.5,"ssa",1,19.34
"pc4","rpi-1cpu",0.5,"ssa",2,22.71
"pc4","rpi-1cpu",0.5,"ssa",1,20.96
"pc4","rpi-1cpu",0.5,"ssa",2,21.68
"pc4","rpi-1cpu",0.5,"ssa",1,18.97
"pc4","rpi-1cpu",0.5,"ssa",2,21.78
"pc4","rpi-1cpu",0.5,"ssa",1,19.38
"pc4","rpi-1cpu",0.5,"ssa",2,22.85
"pc4","rpi-1cpu",0.5,"ssa",1,20.88
"pc4","rpi-1cpu",0.5,"ssa",2,21.69
"pc4","rpi-1cpu",0.5,"seadec",2,12.93
"pc4","rpi-1cpu",0.5,"seadec",1,13.91
"pc4","rpi-1cpu",0.5,"seadec",1,12.91
"pc4","rpi-1cpu",0.5,"seadec",2,14.08
"pc4","rpi-1cpu",0.5,"seadec",1,13.01
"pc4","rpi-1cpu",0.5,"seadec",2,14.01
"pc4","rpi-1cpu",0.5,"seadec",1,12.85
"pc4","rpi-1cpu",0.5,"seadec",2,13.76
"pc4","rpi-1cpu",0.5,"seadec",1,12.89
"pc4","rpi-1cpu",0.5,"seadec",2,13.85
"pc4","rpi-1cpu",0.5,"seadec",1,12.88
"pc4","rpi-1cpu",0.5,"seadec",2,13.88
"pc4","rpi-1cpu",0.5,"seadec",1,12.83
"pc4","rpi-1cpu",0.5,"seadec",2,14.1
"pc4","rpi-1cpu",0.5,"seadec",1,12.9
"pc4","rpi-1cpu",0.5,"seadec",2,13.74
"pc4","rpi-1cpu",0.5,"seadec",1,12.82
"pc4","rpi-1cpu",0.5,"seadec",2,13.84
"pc4","rpi-1cpu",0.5,"seadec",1,12.84
"pc4","rpi-1cpu",0.5,"seadec",2,13.9
"pc4","rpi-1cpu",0.5,"seadec",1,12.71
"pc4","rpi-1cpu",0.5,"seadec",2,14
"pc4","rpi-1cpu",0.5,"seadec",1,12.66
"pc4","rpi-1cpu",0.5,"seadec",2,13.75
"pc4","rpi-1cpu",0.5,"seadec",1,12.67
"pc4","rpi-1cpu",0.5,"seadec",2,13.95
"pc4","rpi-1cpu",0.5,"seadec",1,12.74
"pc4","rpi-1cpu",0.5,"seadec",2,13.97
"pc4","rpi-1cpu",0.5,"seadec",1,12.66
"pc4","rpi-1cpu",0.5,"seadec",2,13.71
"pc4","rpi-1cpu",0.5,"SMA",2,18.41
"pc4","rpi-1cpu",0.5,"SMA",1,19.93
"pc4","rpi-1cpu",0.5,"SMA",1,18.52
"pc4","rpi-1cpu",0.5,"SMA",2,19.73
"pc4","rpi-1cpu",0.5,"SMA",1,18.45
"pc4","rpi-1cpu",0.5,"SMA",2,19.94
"pc4","rpi-1cpu",0.5,"SMA",1,18.56
"pc4","rpi-1cpu",0.5,"SMA",2,20.09
"pc4","rpi-1cpu",0.5,"SMA",1,18.46
"pc4","rpi-1cpu",0.5,"SMA",2,20.04
"pc4","rpi-1cpu",0.5,"SMA",1,18.45
"pc4","rpi-1cpu",0.5,"SMA",2,19.82
"pc4","rpi-1cpu",0.5,"SMA",1,18.37
"pc4","rpi-1cpu",0.5,"SMA",2,19.9
"pc4","rpi-1cpu",0.5,"SMA",1,18.55
"pc4","rpi-1cpu",0.5,"SMA",2,19.48
"pc4","rpi-1cpu",0.5,"SMA",1,18.44
"pc4","rpi-1cpu",0.5,"SMA",2,19.64
"pc4","rpi-1cpu",0.5,"SMA",1,18.82
"pc4","rpi-1cpu",0.5,"SMA",2,19.95
"pc4","rpi-1cpu",0.5,"SMA",1,18.68
"pc4","rpi-1cpu",0.5,"SMA",2,19.79
"pc4","rpi-1cpu",0.5,"SMA",1,18.69
"pc4","rpi-1cpu",0.5,"SMA",2,19.57
"pc4","rpi-1cpu",0.5,"SMA",1,18.68
"pc4","rpi-1cpu",0.5,"SMA",2,19.71
"pc4","rpi-1cpu",0.5,"SMA",1,18.71
"pc4","rpi-1cpu",0.5,"SMA",2,19.83
"pc4","rpi-1cpu",0.5,"SMA",1,18.66
"pc4","rpi-1cpu",0.5,"SMA",2,19.76
"pc4","rpi-1cpu",0.6,"stine",1,11
"pc4","rpi-1cpu",0.6,"stine",2,12.88
"pc4","rpi-1cpu",0.6,"stine",1,10.27
"pc4","rpi-1cpu",0.6,"stine",2,11.64
"pc4","rpi-1cpu",0.6,"stine",1,10.08
"pc4","rpi-1cpu",0.6,"stine",2,11.51
"pc4","rpi-1cpu",0.6,"stine",1,10.2
"pc4","rpi-1cpu",0.6,"stine",2,11.64
"pc4","rpi-1cpu",0.6,"stine",1,10.26
"pc4","rpi-1cpu",0.6,"stine",2,11.5
"pc4","rpi-1cpu",0.6,"stine",1,10.19
"pc4","rpi-1cpu",0.6,"stine",2,11.57
"pc4","rpi-1cpu",0.6,"stine",1,10.25
"pc4","rpi-1cpu",0.6,"stine",2,11.43
"pc4","rpi-1cpu",0.6,"stine",1,10.39
"pc4","rpi-1cpu",0.6,"stine",2,11.91
"pc4","rpi-1cpu",0.6,"stine",1,10.29
"pc4","rpi-1cpu",0.6,"stine",2,11.3
"pc4","rpi-1cpu",0.6,"stine",1,10.34
"pc4","rpi-1cpu",0.6,"stine",2,11.76
"pc4","rpi-1cpu",0.6,"stine",1,10.38
"pc4","rpi-1cpu",0.6,"stine",2,11.09
"pc4","rpi-1cpu",0.6,"stine",1,10.45
"pc4","rpi-1cpu",0.6,"stine",2,11.63
"pc4","rpi-1cpu",0.6,"stine",1,10.39
"pc4","rpi-1cpu",0.6,"stine",2,11.25
"pc4","rpi-1cpu",0.6,"stine",1,10.48
"pc4","rpi-1cpu",0.6,"stine",2,11.68
"pc4","rpi-1cpu",0.6,"stine",1,10.26
"pc4","rpi-1cpu",0.6,"stine",2,11.46
"pc4","rpi-1cpu",0.6,"locf",1,10.37
"pc4","rpi-1cpu",0.6,"locf",2,11.5
"pc4","rpi-1cpu",0.6,"locf",1,10.21
"pc4","rpi-1cpu",0.6,"locf",2,11.36
"pc4","rpi-1cpu",0.6,"locf",1,10.42
"pc4","rpi-1cpu",0.6,"locf",2,11.29
"pc4","rpi-1cpu",0.6,"locf",1,10.2
"pc4","rpi-1cpu",0.6,"locf",2,11.25
"pc4","rpi-1cpu",0.6,"locf",1,10.21
"pc4","rpi-1cpu",0.6,"locf",2,11.18
"pc4","rpi-1cpu",0.6,"locf",1,10.34
"pc4","rpi-1cpu",0.6,"locf",2,11.42
"pc4","rpi-1cpu",0.6,"locf",1,10.07
"pc4","rpi-1cpu",0.6,"locf",2,11.17
"pc4","rpi-1cpu",0.6,"locf",1,10.47
"pc4","rpi-1cpu",0.6,"locf",2,10.87
"pc4","rpi-1cpu",0.6,"locf",1,10.06
"pc4","rpi-1cpu",0.6,"locf",2,11.41
"pc4","rpi-1cpu",0.6,"locf",1,10.13
"pc4","rpi-1cpu",0.6,"locf",2,11.14
"pc4","rpi-1cpu",0.6,"locf",1,10.04
"pc4","rpi-1cpu",0.6,"locf",2,11.64
"pc4","rpi-1cpu",0.6,"locf",1,10.38
"pc4","rpi-1cpu",0.6,"locf",2,11.07
"pc4","rpi-1cpu",0.6,"locf",1,10.03
"pc4","rpi-1cpu",0.6,"locf",2,11.49
"pc4","rpi-1cpu",0.6,"locf",1,10.15
"pc4","rpi-1cpu",0.6,"locf",2,11.02
"pc4","rpi-1cpu",0.6,"locf",1,10.07
"pc4","rpi-1cpu",0.6,"locf",2,11.53
"pc4","rpi-1cpu",0.6,"ssa",1,16.47
"pc4","rpi-1cpu",0.6,"ssa",2,20.69
"pc4","rpi-1cpu",0.6,"ssa",2,16.66
"pc4","rpi-1cpu",0.6,"ssa",1,20.3
"pc4","rpi-1cpu",0.6,"ssa",1,17.03
"pc4","rpi-1cpu",0.6,"ssa",2,19.75
"pc4","rpi-1cpu",0.6,"ssa",1,16.31
"pc4","rpi-1cpu",0.6,"ssa",2,19.35
"pc4","rpi-1cpu",0.6,"ssa",1,17.91
"pc4","rpi-1cpu",0.6,"ssa",2,19.48
"pc4","rpi-1cpu",0.6,"ssa",1,16.32
"pc4","rpi-1cpu",0.6,"ssa",2,19.84
"pc4","rpi-1cpu",0.6,"ssa",1,16.47
"pc4","rpi-1cpu",0.6,"ssa",2,20.08
"pc4","rpi-1cpu",0.6,"ssa",1,17.72
"pc4","rpi-1cpu",0.6,"ssa",2,17.93
"pc4","rpi-1cpu",0.6,"ssa",1,16.28
"pc4","rpi-1cpu",0.6,"ssa",2,19.28
"pc4","rpi-1cpu",0.6,"ssa",1,16.28
"pc4","rpi-1cpu",0.6,"ssa",2,18.8
"pc4","rpi-1cpu",0.6,"ssa",1,18.11
"pc4","rpi-1cpu",0.6,"ssa",2,20.02
"pc4","rpi-1cpu",0.6,"ssa",1,16.44
"pc4","rpi-1cpu",0.6,"ssa",2,19.49
"pc4","rpi-1cpu",0.6,"ssa",1,16.45
"pc4","rpi-1cpu",0.6,"ssa",2,20.02
"pc4","rpi-1cpu",0.6,"ssa",2,17.58
"pc4","rpi-1cpu",0.6,"ssa",1,17.74
"pc4","rpi-1cpu",0.6,"ssa",1,17.16
"pc4","rpi-1cpu",0.6,"ssa",2,19.1
"pc4","rpi-1cpu",0.6,"seadec",1,11.05
"pc4","rpi-1cpu",0.6,"seadec",2,12.06
"pc4","rpi-1cpu",0.6,"seadec",1,10.81
"pc4","rpi-1cpu",0.6,"seadec",2,12.38
"pc4","rpi-1cpu",0.6,"seadec",1,11.03
"pc4","rpi-1cpu",0.6,"seadec",2,11.75
"pc4","rpi-1cpu",0.6,"seadec",1,11.04
"pc4","rpi-1cpu",0.6,"seadec",2,12.11
"pc4","rpi-1cpu",0.6,"seadec",1,10.86
"pc4","rpi-1cpu",0.6,"seadec",2,12.61
"pc4","rpi-1cpu",0.6,"seadec",1,10.74
"pc4","rpi-1cpu",0.6,"seadec",2,12.4
"pc4","rpi-1cpu",0.6,"seadec",1,10.91
"pc4","rpi-1cpu",0.6,"seadec",2,12.09
"pc4","rpi-1cpu",0.6,"seadec",1,10.69
"pc4","rpi-1cpu",0.6,"seadec",2,12.27
"pc4","rpi-1cpu",0.6,"seadec",1,11.02
"pc4","rpi-1cpu",0.6,"seadec",2,11.75
"pc4","rpi-1cpu",0.6,"seadec",1,10.68
"pc4","rpi-1cpu",0.6,"seadec",2,12.36
"pc4","rpi-1cpu",0.6,"seadec",1,10.75
"pc4","rpi-1cpu",0.6,"seadec",2,11.79
"pc4","rpi-1cpu",0.6,"seadec",1,10.94
"pc4","rpi-1cpu",0.6,"seadec",2,12.15
"pc4","rpi-1cpu",0.6,"seadec",1,10.65
"pc4","rpi-1cpu",0.6,"seadec",2,12.07
"pc4","rpi-1cpu",0.6,"seadec",1,11.03
"pc4","rpi-1cpu",0.6,"seadec",2,12.12
"pc4","rpi-1cpu",0.6,"seadec",1,10.67
"pc4","rpi-1cpu",0.6,"seadec",2,11.75
"pc4","rpi-1cpu",0.6,"SMA",1,15.77
"pc4","rpi-1cpu",0.6,"SMA",2,17.34
"pc4","rpi-1cpu",0.6,"SMA",1,15.78
"pc4","rpi-1cpu",0.6,"SMA",2,17.15
"pc4","rpi-1cpu",0.6,"SMA",1,16
"pc4","rpi-1cpu",0.6,"SMA",2,16.85
"pc4","rpi-1cpu",0.6,"SMA",1,15.72
"pc4","rpi-1cpu",0.6,"SMA",2,17.18
"pc4","rpi-1cpu",0.6,"SMA",1,15.98
"pc4","rpi-1cpu",0.6,"SMA",2,16.71
"pc4","rpi-1cpu",0.6,"SMA",1,15.74
"pc4","rpi-1cpu",0.6,"SMA",2,17.27
"pc4","rpi-1cpu",0.6,"SMA",1,15.84
"pc4","rpi-1cpu",0.6,"SMA",2,17.5
"pc4","rpi-1cpu",0.6,"SMA",1,15.89
"pc4","rpi-1cpu",0.6,"SMA",2,17.57
"pc4","rpi-1cpu",0.6,"SMA",1,15.85
"pc4","rpi-1cpu",0.6,"SMA",2,19.97
"pc4","rpi-1cpu",0.6,"SMA",1,16.02
"pc4","rpi-1cpu",0.6,"SMA",2,17.43
"pc4","rpi-1cpu",0.6,"SMA",1,15.96
"pc4","rpi-1cpu",0.6,"SMA",2,16.97
"pc4","rpi-1cpu",0.6,"SMA",1,15.97
"pc4","rpi-1cpu",0.6,"SMA",2,17.26
"pc4","rpi-1cpu",0.6,"SMA",1,15.69
"pc4","rpi-1cpu",0.6,"SMA",2,17.26
"pc4","rpi-1cpu",0.6,"SMA",1,15.89
"pc4","rpi-1cpu",0.6,"SMA",2,17.18
"pc4","rpi-1cpu",0.6,"SMA",1,15.64
"pc4","rpi-1cpu",0.6,"SMA",2,17.14
"pc4","rpi-1cpu",0.7,"stine",1,9.6
"pc4","rpi-1cpu",0.7,"stine",2,11.61
"pc4","rpi-1cpu",0.7,"stine",1,8.71
"pc4","rpi-1cpu",0.7,"stine",2,10.39
"pc4","rpi-1cpu",0.7,"stine",1,9.11
"pc4","rpi-1cpu",0.7,"stine",2,10.24
"pc4","rpi-1cpu",0.7,"stine",1,8.81
"pc4","rpi-1cpu",0.7,"stine",2,10.28
"pc4","rpi-1cpu",0.7,"stine",1,9.28
"pc4","rpi-1cpu",0.7,"stine",2,10.19
"pc4","rpi-1cpu",0.7,"stine",1,8.79
"pc4","rpi-1cpu",0.7,"stine",2,10.19
"pc4","rpi-1cpu",0.7,"stine",1,9.34
"pc4","rpi-1cpu",0.7,"stine",2,10.38
"pc4","rpi-1cpu",0.7,"stine",1,8.9
"pc4","rpi-1cpu",0.7,"stine",2,10.31
"pc4","rpi-1cpu",0.7,"stine",1,9.29
"pc4","rpi-1cpu",0.7,"stine",2,10.27
"pc4","rpi-1cpu",0.7,"stine",1,8.82
"pc4","rpi-1cpu",0.7,"stine",2,10.09
"pc4","rpi-1cpu",0.7,"stine",1,9.29
"pc4","rpi-1cpu",0.7,"stine",2,10.22
"pc4","rpi-1cpu",0.7,"stine",1,8.86
"pc4","rpi-1cpu",0.7,"stine",2,10.16
"pc4","rpi-1cpu",0.7,"stine",1,9.08
"pc4","rpi-1cpu",0.7,"stine",2,10.45
"pc4","rpi-1cpu",0.7,"stine",1,8.78
"pc4","rpi-1cpu",0.7,"stine",2,10.1
"pc4","rpi-1cpu",0.7,"stine",1,9.08
"pc4","rpi-1cpu",0.7,"stine",2,9.95
"pc4","rpi-1cpu",0.7,"locf",1,8.78
"pc4","rpi-1cpu",0.7,"locf",2,10.4
"pc4","rpi-1cpu",0.7,"locf",1,8.91
"pc4","rpi-1cpu",0.7,"locf",2,9.71
"pc4","rpi-1cpu",0.7,"locf",1,9.02
"pc4","rpi-1cpu",0.7,"locf",2,10.41
"pc4","rpi-1cpu",0.7,"locf",1,8.85
"pc4","rpi-1cpu",0.7,"locf",2,9.88
"pc4","rpi-1cpu",0.7,"locf",1,9.04
"pc4","rpi-1cpu",0.7,"locf",2,10.5
"pc4","rpi-1cpu",0.7,"locf",1,8.87
"pc4","rpi-1cpu",0.7,"locf",2,9.78
"pc4","rpi-1cpu",0.7,"locf",1,8.96
"pc4","rpi-1cpu",0.7,"locf",2,10.25
"pc4","rpi-1cpu",0.7,"locf",1,8.81
"pc4","rpi-1cpu",0.7,"locf",2,9.64
"pc4","rpi-1cpu",0.7,"locf",1,8.81
"pc4","rpi-1cpu",0.7,"locf",2,10.44
"pc4","rpi-1cpu",0.7,"locf",1,8.92
"pc4","rpi-1cpu",0.7,"locf",2,9.7
"pc4","rpi-1cpu",0.7,"locf",1,8.91
"pc4","rpi-1cpu",0.7,"locf",2,10
"pc4","rpi-1cpu",0.7,"locf",1,8.86
"pc4","rpi-1cpu",0.7,"locf",2,10
"pc4","rpi-1cpu",0.7,"locf",1,8.96
"pc4","rpi-1cpu",0.7,"locf",2,10.23
"pc4","rpi-1cpu",0.7,"locf",1,8.85
"pc4","rpi-1cpu",0.7,"locf",2,10.12
"pc4","rpi-1cpu",0.7,"locf",1,8.66
"pc4","rpi-1cpu",0.7,"locf",2,10
"pc4","rpi-1cpu",0.7,"ssa",1,15.07
"pc4","rpi-1cpu",0.7,"ssa",2,17.33
"pc4","rpi-1cpu",0.7,"ssa",1,15.67
"pc4","rpi-1cpu",0.7,"ssa",2,17.89
"pc4","rpi-1cpu",0.7,"ssa",1,14.42
"pc4","rpi-1cpu",0.7,"ssa",2,16.71
"pc4","rpi-1cpu",0.7,"ssa",1,15.31
"pc4","rpi-1cpu",0.7,"ssa",2,17.58
"pc4","rpi-1cpu",0.7,"ssa",1,14.2
"pc4","rpi-1cpu",0.7,"ssa",2,16.78
"pc4","rpi-1cpu",0.7,"ssa",1,15.72
"pc4","rpi-1cpu",0.7,"ssa",2,17.69
"pc4","rpi-1cpu",0.7,"ssa",1,14.33
"pc4","rpi-1cpu",0.7,"ssa",2,17.04
"pc4","rpi-1cpu",0.7,"ssa",1,15.51
"pc4","rpi-1cpu",0.7,"ssa",2,17.63
"pc4","rpi-1cpu",0.7,"ssa",1,14.47
"pc4","rpi-1cpu",0.7,"ssa",2,16.89
"pc4","rpi-1cpu",0.7,"ssa",1,15.43
"pc4","rpi-1cpu",0.7,"ssa",2,16.89
"pc4","rpi-1cpu",0.7,"ssa",1,15.19
"pc4","rpi-1cpu",0.7,"ssa",2,17.08
"pc4","rpi-1cpu",0.7,"ssa",1,15.88
"pc4","rpi-1cpu",0.7,"ssa",2,17.72
"pc4","rpi-1cpu",0.7,"ssa",1,14.68
"pc4","rpi-1cpu",0.7,"ssa",2,17.19
"pc4","rpi-1cpu",0.7,"ssa",1,15.45
"pc4","rpi-1cpu",0.7,"ssa",2,17.87
"pc4","rpi-1cpu",0.7,"ssa",1,14.51
"pc4","rpi-1cpu",0.7,"ssa",2,17.22
"pc4","rpi-1cpu",0.7,"seadec",1,9.78
"pc4","rpi-1cpu",0.7,"seadec",2,11.25
"pc4","rpi-1cpu",0.7,"seadec",1,9.3
"pc4","rpi-1cpu",0.7,"seadec",2,10.84
"pc4","rpi-1cpu",0.7,"seadec",1,9.5
"pc4","rpi-1cpu",0.7,"seadec",2,10.98
"pc4","rpi-1cpu",0.7,"seadec",1,9.47
"pc4","rpi-1cpu",0.7,"seadec",2,10.7
"pc4","rpi-1cpu",0.7,"seadec",1,9.54
"pc4","rpi-1cpu",0.7,"seadec",2,11.07
"pc4","rpi-1cpu",0.7,"seadec",1,9.38
"pc4","rpi-1cpu",0.7,"seadec",2,10.58
"pc4","rpi-1cpu",0.7,"seadec",1,9.44
"pc4","rpi-1cpu",0.7,"seadec",2,11.23
"pc4","rpi-1cpu",0.7,"seadec",1,9.43
"pc4","rpi-1cpu",0.7,"seadec",2,10.68
"pc4","rpi-1cpu",0.7,"seadec",1,9.44
"pc4","rpi-1cpu",0.7,"seadec",2,11.14
"pc4","rpi-1cpu",0.7,"seadec",1,9.43
"pc4","rpi-1cpu",0.7,"seadec",2,10.56
"pc4","rpi-1cpu",0.7,"seadec",1,9.5
"pc4","rpi-1cpu",0.7,"seadec",2,11.14
"pc4","rpi-1cpu",0.7,"seadec",1,9.4
"pc4","rpi-1cpu",0.7,"seadec",2,10.66
"pc4","rpi-1cpu",0.7,"seadec",1,9.51
"pc4","rpi-1cpu",0.7,"seadec",2,11.21
"pc4","rpi-1cpu",0.7,"seadec",1,9.15
"pc4","rpi-1cpu",0.7,"seadec",2,10.6
"pc4","rpi-1cpu",0.7,"seadec",1,9.71
"pc4","rpi-1cpu",0.7,"seadec",2,10.86
"pc4","rpi-1cpu",0.7,"SMA",1,13.6
"pc4","rpi-1cpu",0.7,"SMA",2,15.85
"pc4","rpi-1cpu",0.7,"SMA",1,14
"pc4","rpi-1cpu",0.7,"SMA",2,15.43
"pc4","rpi-1cpu",0.7,"SMA",1,14.07
"pc4","rpi-1cpu",0.7,"SMA",2,15.37
"pc4","rpi-1cpu",0.7,"SMA",1,13.73
"pc4","rpi-1cpu",0.7,"SMA",2,15.65
"pc4","rpi-1cpu",0.7,"SMA",1,13.86
"pc4","rpi-1cpu",0.7,"SMA",2,15.29
"pc4","rpi-1cpu",0.7,"SMA",1,13.84
"pc4","rpi-1cpu",0.7,"SMA",2,15.49
"pc4","rpi-1cpu",0.7,"SMA",1,13.93
"pc4","rpi-1cpu",0.7,"SMA",2,15.15
"pc4","rpi-1cpu",0.7,"SMA",1,13.75
"pc4","rpi-1cpu",0.7,"SMA",2,15.26
"pc4","rpi-1cpu",0.7,"SMA",1,14.15
"pc4","rpi-1cpu",0.7,"SMA",2,15.31
"pc4","rpi-1cpu",0.7,"SMA",1,13.8
"pc4","rpi-1cpu",0.7,"SMA",2,15.53
"pc4","rpi-1cpu",0.7,"SMA",1,13.74
"pc4","rpi-1cpu",0.7,"SMA",2,15.14
"pc4","rpi-1cpu",0.7,"SMA",1,13.96
"pc4","rpi-1cpu",0.7,"SMA",2,15.41
"pc4","rpi-1cpu",0.7,"SMA",1,13.84
"pc4","rpi-1cpu",0.7,"SMA",2,15.71
"pc4","rpi-1cpu",0.7,"SMA",1,13.88
"pc4","rpi-1cpu",0.7,"SMA",2,15.64
"pc4","rpi-1cpu",0.7,"SMA",1,13.6
"pc4","rpi-1cpu",0.7,"SMA",2,15.06
"pc4","rpi-1cpu",0.8,"stine",2,8.26
"pc4","rpi-1cpu",0.8,"stine",1,10.72
"pc4","rpi-1cpu",0.8,"stine",2,7.83
"pc4","rpi-1cpu",0.8,"stine",1,8.84
"pc4","rpi-1cpu",0.8,"stine",2,7.72
"pc4","rpi-1cpu",0.8,"stine",1,9.47
"pc4","rpi-1cpu",0.8,"stine",2,8.36
"pc4","rpi-1cpu",0.8,"stine",1,8.8
"pc4","rpi-1cpu",0.8,"stine",2,7.78
"pc4","rpi-1cpu",0.8,"stine",1,9.03
"pc4","rpi-1cpu",0.8,"stine",2,8.28
"pc4","rpi-1cpu",0.8,"stine",1,9.09
"pc4","rpi-1cpu",0.8,"stine",2,7.73
"pc4","rpi-1cpu",0.8,"stine",1,9.04
"pc4","rpi-1cpu",0.8,"stine",2,7.96
"pc4","rpi-1cpu",0.8,"stine",1,9.2
"pc4","rpi-1cpu",0.8,"stine",2,8.16
"pc4","rpi-1cpu",0.8,"stine",1,9.71
"pc4","rpi-1cpu",0.8,"stine",2,8.1
"pc4","rpi-1cpu",0.8,"stine",1,9.33
"pc4","rpi-1cpu",0.8,"stine",2,8.02
"pc4","rpi-1cpu",0.8,"stine",1,8.81
"pc4","rpi-1cpu",0.8,"stine",2,7.72
"pc4","rpi-1cpu",0.8,"stine",1,9.17
"pc4","rpi-1cpu",0.8,"stine",2,8.11
"pc4","rpi-1cpu",0.8,"stine",1,9.43
"pc4","rpi-1cpu",0.8,"stine",2,7.73
"pc4","rpi-1cpu",0.8,"stine",1,9.34
"pc4","rpi-1cpu",0.8,"stine",2,7.95
"pc4","rpi-1cpu",0.8,"stine",1,9.4
"pc4","rpi-1cpu",0.8,"locf",2,7.83
"pc4","rpi-1cpu",0.8,"locf",1,9.07
"pc4","rpi-1cpu",0.8,"locf",2,8.05
"pc4","rpi-1cpu",0.8,"locf",1,8.88
"pc4","rpi-1cpu",0.8,"locf",2,8.08
"pc4","rpi-1cpu",0.8,"locf",1,9.68
"pc4","rpi-1cpu",0.8,"locf",2,8.01
"pc4","rpi-1cpu",0.8,"locf",1,8.92
"pc4","rpi-1cpu",0.8,"locf",2,8.2
"pc4","rpi-1cpu",0.8,"locf",1,9.53
"pc4","rpi-1cpu",0.8,"locf",2,8
"pc4","rpi-1cpu",0.8,"locf",1,8.95
"pc4","rpi-1cpu",0.8,"locf",2,8.2
"pc4","rpi-1cpu",0.8,"locf",1,9.76
"pc4","rpi-1cpu",0.8,"locf",2,7.96
"pc4","rpi-1cpu",0.8,"locf",1,8.85
"pc4","rpi-1cpu",0.8,"locf",2,7.73
"pc4","rpi-1cpu",0.8,"locf",1,9
"pc4","rpi-1cpu",0.8,"locf",2,8.21
"pc4","rpi-1cpu",0.8,"locf",1,9.55
"pc4","rpi-1cpu",0.8,"locf",2,7.81
"pc4","rpi-1cpu",0.8,"locf",1,8.81
"pc4","rpi-1cpu",0.8,"locf",2,8.1
"pc4","rpi-1cpu",0.8,"locf",1,9.61
"pc4","rpi-1cpu",0.8,"locf",2,7.83
"pc4","rpi-1cpu",0.8,"locf",1,8.72
"pc4","rpi-1cpu",0.8,"locf",2,7.79
"pc4","rpi-1cpu",0.8,"locf",1,9.43
"pc4","rpi-1cpu",0.8,"locf",2,8.02
"pc4","rpi-1cpu",0.8,"locf",1,9.21
"pc4","rpi-1cpu",0.8,"ssa",2,13.68
"pc4","rpi-1cpu",0.8,"ssa",1,15.91
"pc4","rpi-1cpu",0.8,"ssa",2,12.35
"pc4","rpi-1cpu",0.8,"ssa",1,17.59
"pc4","rpi-1cpu",0.8,"ssa",2,12.6
"pc4","rpi-1cpu",0.8,"ssa",1,16.47
"pc4","rpi-1cpu",0.8,"ssa",2,13.34
"pc4","rpi-1cpu",0.8,"ssa",1,15.45
"pc4","rpi-1cpu",0.8,"ssa",2,12.87
"pc4","rpi-1cpu",0.8,"ssa",1,15.82
"pc4","rpi-1cpu",0.8,"ssa",2,13.25
"pc4","rpi-1cpu",0.8,"ssa",1,15.87
"pc4","rpi-1cpu",0.8,"ssa",2,12.67
"pc4","rpi-1cpu",0.8,"ssa",1,15.45
"pc4","rpi-1cpu",0.8,"ssa",2,12.6
"pc4","rpi-1cpu",0.8,"ssa",1,15.95
"pc4","rpi-1cpu",0.8,"ssa",2,12.74
"pc4","rpi-1cpu",0.8,"ssa",1,15.64
"pc4","rpi-1cpu",0.8,"ssa",2,13.3
"pc4","rpi-1cpu",0.8,"ssa",1,15.5
"pc4","rpi-1cpu",0.8,"ssa",2,13.12
"pc4","rpi-1cpu",0.8,"ssa",1,16.13
"pc4","rpi-1cpu",0.8,"ssa",2,12.35
"pc4","rpi-1cpu",0.8,"ssa",1,16.36
"pc4","rpi-1cpu",0.8,"ssa",2,12.74
"pc4","rpi-1cpu",0.8,"ssa",1,15.22
"pc4","rpi-1cpu",0.8,"ssa",2,12.9
"pc4","rpi-1cpu",0.8,"ssa",1,15.9
"pc4","rpi-1cpu",0.8,"ssa",2,12.74
"pc4","rpi-1cpu",0.8,"ssa",1,16.19
"pc4","rpi-1cpu",0.8,"seadec",2,8.28
"pc4","rpi-1cpu",0.8,"seadec",1,9.77
"pc4","rpi-1cpu",0.8,"seadec",2,8.54
"pc4","rpi-1cpu",0.8,"seadec",1,9.68
"pc4","rpi-1cpu",0.8,"seadec",2,8.62
"pc4","rpi-1cpu",0.8,"seadec",1,9.67
"pc4","rpi-1cpu",0.8,"seadec",2,8.46
"pc4","rpi-1cpu",0.8,"seadec",1,9.32
"pc4","rpi-1cpu",0.8,"seadec",2,8.62
"pc4","rpi-1cpu",0.8,"seadec",1,10.16
"pc4","rpi-1cpu",0.8,"seadec",2,8.57
"pc4","rpi-1cpu",0.8,"seadec",1,9.37
"pc4","rpi-1cpu",0.8,"seadec",2,8.28
"pc4","rpi-1cpu",0.8,"seadec",1,10.26
"pc4","rpi-1cpu",0.8,"seadec",2,8.88
"pc4","rpi-1cpu",0.8,"seadec",1,9.43
"pc4","rpi-1cpu",0.8,"seadec",2,8.27
"pc4","rpi-1cpu",0.8,"seadec",1,10.22
"pc4","rpi-1cpu",0.8,"seadec",2,8.79
"pc4","rpi-1cpu",0.8,"seadec",1,9.49
"pc4","rpi-1cpu",0.8,"seadec",2,8.28
"pc4","rpi-1cpu",0.8,"seadec",1,10.11
"pc4","rpi-1cpu",0.8,"seadec",2,8.76
"pc4","rpi-1cpu",0.8,"seadec",1,9.6
"pc4","rpi-1cpu",0.8,"seadec",2,8.21
"pc4","rpi-1cpu",0.8,"seadec",1,9.77
"pc4","rpi-1cpu",0.8,"seadec",2,8.83
"pc4","rpi-1cpu",0.8,"seadec",1,9.84
"pc4","rpi-1cpu",0.8,"seadec",2,8.18
"pc4","rpi-1cpu",0.8,"seadec",1,9.91
"pc4","rpi-1cpu",0.8,"SMA",2,12.49
"pc4","rpi-1cpu",0.8,"SMA",1,14.04
"pc4","rpi-1cpu",0.8,"SMA",2,12.16
"pc4","rpi-1cpu",0.8,"SMA",1,14.12
"pc4","rpi-1cpu",0.8,"SMA",2,12.19
"pc4","rpi-1cpu",0.8,"SMA",1,14.36
"pc4","rpi-1cpu",0.8,"SMA",2,12.16
"pc4","rpi-1cpu",0.8,"SMA",1,14.04
"pc4","rpi-1cpu",0.8,"SMA",2,12.3
"pc4","rpi-1cpu",0.8,"SMA",1,13.84
"pc4","rpi-1cpu",0.8,"SMA",2,12.16
"pc4","rpi-1cpu",0.8,"SMA",1,14.28
"pc4","rpi-1cpu",0.8,"SMA",2,12.04
"pc4","rpi-1cpu",0.8,"SMA",1,14.36
"pc4","rpi-1cpu",0.8,"SMA",2,12.47
"pc4","rpi-1cpu",0.8,"SMA",1,13.7
"pc4","rpi-1cpu",0.8,"SMA",2,12.33
"pc4","rpi-1cpu",0.8,"SMA",1,14.14
"pc4","rpi-1cpu",0.8,"SMA",2,12.09
"pc4","rpi-1cpu",0.8,"SMA",1,14.12
"pc4","rpi-1cpu",0.8,"SMA",2,12.5
"pc4","rpi-1cpu",0.8,"SMA",1,13.84
"pc4","rpi-1cpu",0.8,"SMA",2,12.38
"pc4","rpi-1cpu",0.8,"SMA",1,14.27
"pc4","rpi-1cpu",0.8,"SMA",2,12.09
"pc4","rpi-1cpu",0.8,"SMA",1,13.88
"pc4","rpi-1cpu",0.8,"SMA",2,12.71
"pc4","rpi-1cpu",0.8,"SMA",1,13.75
"pc4","rpi-1cpu",0.8,"SMA",2,12.18
"pc4","rpi-1cpu",0.8,"SMA",1,14.28
"pc4","rpi-1cpu",0.9,"stine",1,7.74
"pc4","rpi-1cpu",0.9,"stine",2,9.29
"pc4","rpi-1cpu",0.9,"stine",1,7.52
"pc4","rpi-1cpu",0.9,"stine",2,9.62
"pc4","rpi-1cpu",0.9,"stine",1,7.35
"pc4","rpi-1cpu",0.9,"stine",2,8.25
"pc4","rpi-1cpu",0.9,"stine",1,7.5
"pc4","rpi-1cpu",0.9,"stine",2,8.61
"pc4","rpi-1cpu",0.9,"stine",1,7.49
"pc4","rpi-1cpu",0.9,"stine",2,8.95
"pc4","rpi-1cpu",0.9,"stine",1,7.22
"pc4","rpi-1cpu",0.9,"stine",2,8.69
"pc4","rpi-1cpu",0.9,"stine",1,7.36
"pc4","rpi-1cpu",0.9,"stine",2,8.78
"pc4","rpi-1cpu",0.9,"stine",1,7.09
"pc4","rpi-1cpu",0.9,"stine",2,8.1
"pc4","rpi-1cpu",0.9,"stine",1,7.57
"pc4","rpi-1cpu",0.9,"stine",2,9.17
"pc4","rpi-1cpu",0.9,"stine",1,7.35
"pc4","rpi-1cpu",0.9,"stine",2,8.77
"pc4","rpi-1cpu",0.9,"stine",1,7.61
"pc4","rpi-1cpu",0.9,"stine",2,8.42
"pc4","rpi-1cpu",0.9,"stine",1,7.46
"pc4","rpi-1cpu",0.9,"stine",2,8.67
"pc4","rpi-1cpu",0.9,"stine",1,7.25
"pc4","rpi-1cpu",0.9,"stine",2,8.52
"pc4","rpi-1cpu",0.9,"stine",1,7.86
"pc4","rpi-1cpu",0.9,"stine",2,8.37
"pc4","rpi-1cpu",0.9,"stine",1,7.08
"pc4","rpi-1cpu",0.9,"stine",2,8.69
"pc4","rpi-1cpu",0.9,"locf",1,7
"pc4","rpi-1cpu",0.9,"locf",2,8.47
"pc4","rpi-1cpu",0.9,"locf",1,7.67
"pc4","rpi-1cpu",0.9,"locf",2,7.91
"pc4","rpi-1cpu",0.9,"locf",1,7.11
"pc4","rpi-1cpu",0.9,"locf",2,9
"pc4","rpi-1cpu",0.9,"locf",1,7.42
"pc4","rpi-1cpu",0.9,"locf",2,7.99
"pc4","rpi-1cpu",0.9,"locf",1,7.28
"pc4","rpi-1cpu",0.9,"locf",2,8.99
"pc4","rpi-1cpu",0.9,"locf",1,7.28
"pc4","rpi-1cpu",0.9,"locf",2,8.08
"pc4","rpi-1cpu",0.9,"locf",1,7.35
"pc4","rpi-1cpu",0.9,"locf",2,8.01
"pc4","rpi-1cpu",0.9,"locf",1,6.94
"pc4","rpi-1cpu",0.9,"locf",2,8.97
"pc4","rpi-1cpu",0.9,"locf",1,7.21
"pc4","rpi-1cpu",0.9,"locf",2,7.93
"pc4","rpi-1cpu",0.9,"locf",1,7.4
"pc4","rpi-1cpu",0.9,"locf",2,8.57
"pc4","rpi-1cpu",0.9,"locf",1,7.2
"pc4","rpi-1cpu",0.9,"locf",2,8.41
"pc4","rpi-1cpu",0.9,"locf",1,6.98
"pc4","rpi-1cpu",0.9,"locf",2,8.51
"pc4","rpi-1cpu",0.9,"locf",1,7.41
"pc4","rpi-1cpu",0.9,"locf",2,7.9
"pc4","rpi-1cpu",0.9,"locf",1,6.96
"pc4","rpi-1cpu",0.9,"locf",2,8.37
"pc4","rpi-1cpu",0.9,"locf",1,6.96
"pc4","rpi-1cpu",0.9,"locf",2,8.53
"pc4","rpi-1cpu",0.9,"ssa",1,12.64
"pc4","rpi-1cpu",0.9,"ssa",2,13.72
"pc4","rpi-1cpu",0.9,"ssa",1,12.97
"pc4","rpi-1cpu",0.9,"ssa",2,15.08
"pc4","rpi-1cpu",0.9,"ssa",1,11.35
"pc4","rpi-1cpu",0.9,"ssa",2,14.36
"pc4","rpi-1cpu",0.9,"ssa",1,12.12
"pc4","rpi-1cpu",0.9,"ssa",2,14.37
"pc4","rpi-1cpu",0.9,"ssa",1,12.74
"pc4","rpi-1cpu",0.9,"ssa",2,14.41
"pc4","rpi-1cpu",0.9,"ssa",1,11.56
"pc4","rpi-1cpu",0.9,"ssa",2,15.36
"pc4","rpi-1cpu",0.9,"ssa",1,12.13
"pc4","rpi-1cpu",0.9,"ssa",2,13.87
"pc4","rpi-1cpu",0.9,"ssa",1,12.76
"pc4","rpi-1cpu",0.9,"ssa",2,15.03
"pc4","rpi-1cpu",0.9,"ssa",2,12.45
"pc4","rpi-1cpu",0.9,"ssa",1,13.81
"pc4","rpi-1cpu",0.9,"ssa",1,12.5
"pc4","rpi-1cpu",0.9,"ssa",2,13.86
"pc4","rpi-1cpu",0.9,"ssa",1,12.26
"pc4","rpi-1cpu",0.9,"ssa",2,14.96
"pc4","rpi-1cpu",0.9,"ssa",1,11.65
"pc4","rpi-1cpu",0.9,"ssa",2,14.83
"pc4","rpi-1cpu",0.9,"ssa",1,12.59
"pc4","rpi-1cpu",0.9,"ssa",2,13.9
"pc4","rpi-1cpu",0.9,"ssa",1,12.21
"pc4","rpi-1cpu",0.9,"ssa",2,14.72
"pc4","rpi-1cpu",0.9,"ssa",1,11.33
"pc4","rpi-1cpu",0.9,"ssa",2,15.14
"pc4","rpi-1cpu",0.9,"seadec",1,8.12
"pc4","rpi-1cpu",0.9,"seadec",2,8.89
"pc4","rpi-1cpu",0.9,"seadec",1,7.43
"pc4","rpi-1cpu",0.9,"seadec",2,9.58
"pc4","rpi-1cpu",0.9,"seadec",1,7.81
"pc4","rpi-1cpu",0.9,"seadec",2,8.73
"pc4","rpi-1cpu",0.9,"seadec",1,7.96
"pc4","rpi-1cpu",0.9,"seadec",2,9.48
"pc4","rpi-1cpu",0.9,"seadec",1,7.44
"pc4","rpi-1cpu",0.9,"seadec",2,8.88
"pc4","rpi-1cpu",0.9,"seadec",1,7.55
"pc4","rpi-1cpu",0.9,"seadec",2,8.79
"pc4","rpi-1cpu",0.9,"seadec",1,7.44
"pc4","rpi-1cpu",0.9,"seadec",2,9.79
"pc4","rpi-1cpu",0.9,"seadec",1,7.74
"pc4","rpi-1cpu",0.9,"seadec",2,8.78
"pc4","rpi-1cpu",0.9,"seadec",1,7.84
"pc4","rpi-1cpu",0.9,"seadec",2,9.63
"pc4","rpi-1cpu",0.9,"seadec",1,7.82
"pc4","rpi-1cpu",0.9,"seadec",2,8.83
"pc4","rpi-1cpu",0.9,"seadec",1,7.84
"pc4","rpi-1cpu",0.9,"seadec",2,9.07
"pc4","rpi-1cpu",0.9,"seadec",1,7.65
"pc4","rpi-1cpu",0.9,"seadec",2,8.98
"pc4","rpi-1cpu",0.9,"seadec",1,7.54
"pc4","rpi-1cpu",0.9,"seadec",2,9
"pc4","rpi-1cpu",0.9,"seadec",1,8.26
"pc4","rpi-1cpu",0.9,"seadec",2,9.02
"pc4","rpi-1cpu",0.9,"seadec",1,7.63
"pc4","rpi-1cpu",0.9,"seadec",2,8.93
"pc4","rpi-1cpu",0.9,"SMA",1,11.6
"pc4","rpi-1cpu",0.9,"SMA",2,13.09
"pc4","rpi-1cpu",0.9,"SMA",1,10.94
"pc4","rpi-1cpu",0.9,"SMA",2,12.78
"pc4","rpi-1cpu",0.9,"SMA",1,11.69
"pc4","rpi-1cpu",0.9,"SMA",2,12.84
"pc4","rpi-1cpu",0.9,"SMA",1,11.27
"pc4","rpi-1cpu",0.9,"SMA",2,12.98
"pc4","rpi-1cpu",0.9,"SMA",1,11.14
"pc4","rpi-1cpu",0.9,"SMA",2,13.11
"pc4","rpi-1cpu",0.9,"SMA",1,11.67
"pc4","rpi-1cpu",0.9,"SMA",2,12.63
"pc4","rpi-1cpu",0.9,"SMA",1,11.15
"pc4","rpi-1cpu",0.9,"SMA",2,13.18
"pc4","rpi-1cpu",0.9,"SMA",1,11.2
"pc4","rpi-1cpu",0.9,"SMA",2,13.08
"pc4","rpi-1cpu",0.9,"SMA",1,11.16
"pc4","rpi-1cpu",0.9,"SMA",2,12.65
"pc4","rpi-1cpu",0.9,"SMA",1,11.53
"pc4","rpi-1cpu",0.9,"SMA",2,13.25
"pc4","rpi-1cpu",0.9,"SMA",1,10.83
"pc4","rpi-1cpu",0.9,"SMA",2,12.83
"pc4","rpi-1cpu",0.9,"SMA",1,11.44
"pc4","rpi-1cpu",0.9,"SMA",2,12.62
"pc4","rpi-1cpu",0.9,"SMA",1,10.84
"pc4","rpi-1cpu",0.9,"SMA",2,13.13
"pc4","rpi-1cpu",0.9,"SMA",1,10.99
"pc4","rpi-1cpu",0.9,"SMA",2,13.04
"pc4","rpi-1cpu",0.9,"SMA",1,11.53
"pc4","rpi-1cpu",0.9,"SMA",2,12.99
"pc4","rpi-1cpu",1,"stine",2,7.71
"pc4","rpi-1cpu",1,"stine",1,9.31
"pc4","rpi-1cpu",1,"stine",2,6.55
"pc4","rpi-1cpu",1,"stine",1,8.94
"pc4","rpi-1cpu",1,"stine",2,6.92
"pc4","rpi-1cpu",1,"stine",1,7.85
"pc4","rpi-1cpu",1,"stine",2,7
"pc4","rpi-1cpu",1,"stine",1,8.34
"pc4","rpi-1cpu",1,"stine",2,6.55
"pc4","rpi-1cpu",1,"stine",1,8.41
"pc4","rpi-1cpu",1,"stine",2,6.69
"pc4","rpi-1cpu",1,"stine",1,7.81
"pc4","rpi-1cpu",1,"stine",2,7
"pc4","rpi-1cpu",1,"stine",1,8.98
"pc4","rpi-1cpu",1,"stine",2,6.87
"pc4","rpi-1cpu",1,"stine",1,7.92
"pc4","rpi-1cpu",1,"stine",2,6.53
"pc4","rpi-1cpu",1,"stine",1,8.52
"pc4","rpi-1cpu",1,"stine",2,6.51
"pc4","rpi-1cpu",1,"stine",1,8.54
"pc4","rpi-1cpu",1,"stine",2,6.51
"pc4","rpi-1cpu",1,"stine",1,8.11
"pc4","rpi-1cpu",1,"stine",2,6.52
"pc4","rpi-1cpu",1,"stine",1,8.88
"pc4","rpi-1cpu",1,"stine",2,6.85
"pc4","rpi-1cpu",1,"stine",1,8.22
"pc4","rpi-1cpu",1,"stine",2,6.68
"pc4","rpi-1cpu",1,"stine",1,9.08
"pc4","rpi-1cpu",1,"stine",2,7.39
"pc4","rpi-1cpu",1,"stine",1,7.98
"pc4","rpi-1cpu",1,"locf",2,6.58
"pc4","rpi-1cpu",1,"locf",1,8.61
"pc4","rpi-1cpu",1,"locf",2,6.53
"pc4","rpi-1cpu",1,"locf",1,8.33
"pc4","rpi-1cpu",1,"locf",1,6.77
"pc4","rpi-1cpu",1,"locf",2,7.89
"pc4","rpi-1cpu",1,"locf",2,6.58
"pc4","rpi-1cpu",1,"locf",1,8.2
"pc4","rpi-1cpu",1,"locf",2,7.39
"pc4","rpi-1cpu",1,"locf",1,8.56
"pc4","rpi-1cpu",1,"locf",2,6.57
"pc4","rpi-1cpu",1,"locf",1,8.29
"pc4","rpi-1cpu",1,"locf",2,6.91
"pc4","rpi-1cpu",1,"locf",1,8.42
"pc4","rpi-1cpu",1,"locf",2,6.93
"pc4","rpi-1cpu",1,"locf",1,7.93
"pc4","rpi-1cpu",1,"locf",2,6.69
"pc4","rpi-1cpu",1,"locf",1,8.39
"pc4","rpi-1cpu",1,"locf",2,6.93
"pc4","rpi-1cpu",1,"locf",1,8.36
"pc4","rpi-1cpu",1,"locf",2,6.97
"pc4","rpi-1cpu",1,"locf",1,8.53
"pc4","rpi-1cpu",1,"locf",2,6.88
"pc4","rpi-1cpu",1,"locf",1,8.19
"pc4","rpi-1cpu",1,"locf",2,6.54
"pc4","rpi-1cpu",1,"locf",1,8.56
"pc4","rpi-1cpu",1,"locf",2,6.51
"pc4","rpi-1cpu",1,"locf",1,8.04
"pc4","rpi-1cpu",1,"locf",2,6.48
"pc4","rpi-1cpu",1,"locf",1,8.57
"pc4","rpi-1cpu",1,"ssa",2,11.73
"pc4","rpi-1cpu",1,"ssa",1,13.41
"pc4","rpi-1cpu",1,"ssa",2,11.59
"pc4","rpi-1cpu",1,"ssa",1,14.79
"pc4","rpi-1cpu",1,"ssa",2,11.21
"pc4","rpi-1cpu",1,"ssa",1,12.67
"pc4","rpi-1cpu",1,"ssa",2,11.8
"pc4","rpi-1cpu",1,"ssa",1,14.72
"pc4","rpi-1cpu",1,"ssa",2,11.1
"pc4","rpi-1cpu",1,"ssa",1,14.03
"pc4","rpi-1cpu",1,"ssa",2,11.31
"pc4","rpi-1cpu",1,"ssa",1,14.49
"pc4","rpi-1cpu",1,"ssa",2,12.09
"pc4","rpi-1cpu",1,"ssa",1,13.4
"pc4","rpi-1cpu",1,"ssa",2,11.07
"pc4","rpi-1cpu",1,"ssa",1,15.1
"pc4","rpi-1cpu",1,"ssa",2,10.91
"pc4","rpi-1cpu",1,"ssa",1,13.06
"pc4","rpi-1cpu",1,"ssa",2,11.8
"pc4","rpi-1cpu",1,"ssa",1,14.6
"pc4","rpi-1cpu",1,"ssa",2,10.89
"pc4","rpi-1cpu",1,"ssa",1,12.9
"pc4","rpi-1cpu",1,"ssa",2,11.56
"pc4","rpi-1cpu",1,"ssa",1,14.53
"pc4","rpi-1cpu",1,"ssa",2,11.79
"pc4","rpi-1cpu",1,"ssa",1,12.74
"pc4","rpi-1cpu",1,"ssa",2,11.77
"pc4","rpi-1cpu",1,"ssa",1,14.39
"pc4","rpi-1cpu",1,"ssa",2,10.98
"pc4","rpi-1cpu",1,"ssa",1,13.51
"pc4","rpi-1cpu",1,"seadec",2,7.28
"pc4","rpi-1cpu",1,"seadec",1,8.58
"pc4","rpi-1cpu",1,"seadec",2,7.49
"pc4","rpi-1cpu",1,"seadec",1,9.4
"pc4","rpi-1cpu",1,"seadec",2,7.35
"pc4","rpi-1cpu",1,"seadec",1,8.45
"pc4","rpi-1cpu",1,"seadec",2,7.03
"pc4","rpi-1cpu",1,"seadec",1,8.97
"pc4","rpi-1cpu",1,"seadec",2,7.83
"pc4","rpi-1cpu",1,"seadec",1,9
"pc4","rpi-1cpu",1,"seadec",2,7.07
"pc4","rpi-1cpu",1,"seadec",1,8.6
"pc4","rpi-1cpu",1,"seadec",2,7.5
"pc4","rpi-1cpu",1,"seadec",1,9.31
"pc4","rpi-1cpu",1,"seadec",2,7
"pc4","rpi-1cpu",1,"seadec",1,8.51
"pc4","rpi-1cpu",1,"seadec",2,7.11
"pc4","rpi-1cpu",1,"seadec",1,9
"pc4","rpi-1cpu",1,"seadec",2,7.8
"pc4","rpi-1cpu",1,"seadec",1,8.91
"pc4","rpi-1cpu",1,"seadec",2,7
"pc4","rpi-1cpu",1,"seadec",1,8.89
"pc4","rpi-1cpu",1,"seadec",2,7.37
"pc4","rpi-1cpu",1,"seadec",1,8.99
"pc4","rpi-1cpu",1,"seadec",2,6.95
"pc4","rpi-1cpu",1,"seadec",1,8.82
"pc4","rpi-1cpu",1,"seadec",2,7.3
"pc4","rpi-1cpu",1,"seadec",1,8.6
"pc4","rpi-1cpu",1,"seadec",2,7.41
"pc4","rpi-1cpu",1,"seadec",1,9.28
"pc4","rpi-1cpu",1,"SMA",2,10.41
"pc4","rpi-1cpu",1,"SMA",1,12.38
"pc4","rpi-1cpu",1,"SMA",2,10.62
"pc4","rpi-1cpu",1,"SMA",1,12.99
"pc4","rpi-1cpu",1,"SMA",2,10.53
"pc4","rpi-1cpu",1,"SMA",1,12.47
"pc4","rpi-1cpu",1,"SMA",2,10.7
"pc4","rpi-1cpu",1,"SMA",1,13.07
"pc4","rpi-1cpu",1,"SMA",2,10.47
"pc4","rpi-1cpu",1,"SMA",1,13.25
"pc4","rpi-1cpu",1,"SMA",2,10.53
"pc4","rpi-1cpu",1,"SMA",1,12.25
"pc4","rpi-1cpu",1,"SMA",2,10.73
"pc4","rpi-1cpu",1,"SMA",1,13
"pc4","rpi-1cpu",1,"SMA",2,10.27
"pc4","rpi-1cpu",1,"SMA",1,12.65
"pc4","rpi-1cpu",1,"SMA",2,10.98
"pc4","rpi-1cpu",1,"SMA",1,12.7
"pc4","rpi-1cpu",1,"SMA",2,10.25
"pc4","rpi-1cpu",1,"SMA",1,12.54
"pc4","rpi-1cpu",1,"SMA",2,11.05
"pc4","rpi-1cpu",1,"SMA",1,12.92
"pc4","rpi-1cpu",1,"SMA",2,10.53
"pc4","rpi-1cpu",1,"SMA",1,12.29
"pc4","rpi-1cpu",1,"SMA",2,10.17
"pc4","rpi-1cpu",1,"SMA",1,13.11
"pc4","rpi-1cpu",1,"SMA",2,10.94
"pc4","rpi-1cpu",1,"SMA",1,12.52
"pc4","rpi-1cpu",1,"SMA",2,10.63
"pc4","rpi-1cpu",1,"SMA",1,12.72
"pc5","rpi-4cpu",0.1,"stine",2,14.88
"pc5","rpi-4cpu",0.1,"stine",3,15.28
"pc5","rpi-4cpu",0.1,"stine",4,15.67
"pc5","rpi-4cpu",0.1,"stine",1,15.7
"pc5","rpi-4cpu",0.1,"stine",4,15.91
"pc5","rpi-4cpu",0.1,"stine",3,15.91
"pc5","rpi-4cpu",0.1,"stine",2,16.22
"pc5","rpi-4cpu",0.1,"stine",1,16.34
"pc5","rpi-4cpu",0.1,"stine",3,16.17
"pc5","rpi-4cpu",0.1,"stine",4,16.44
"pc5","rpi-4cpu",0.1,"stine",2,16.56
"pc5","rpi-4cpu",0.1,"stine",1,16.58
"pc5","rpi-4cpu",0.1,"stine",2,16.57
"pc5","rpi-4cpu",0.1,"stine",3,16.94
"pc5","rpi-4cpu",0.1,"stine",4,17.04
"pc5","rpi-4cpu",0.1,"stine",1,17.37
"pc5","rpi-4cpu",0.1,"stine",1,15.06
"pc5","rpi-4cpu",0.1,"stine",2,15.84
"pc5","rpi-4cpu",0.1,"stine",3,16.13
"pc5","rpi-4cpu",0.1,"stine",4,16.32
"pc5","rpi-4cpu",0.1,"stine",1,15.09
"pc5","rpi-4cpu",0.1,"stine",2,16.1
"pc5","rpi-4cpu",0.1,"stine",4,16.18
"pc5","rpi-4cpu",0.1,"stine",3,16.37
"pc5","rpi-4cpu",0.1,"stine",1,15.67
"pc5","rpi-4cpu",0.1,"stine",2,16.66
"pc5","rpi-4cpu",0.1,"stine",4,16.64
"pc5","rpi-4cpu",0.1,"stine",3,16.84
"pc5","rpi-4cpu",0.1,"stine",1,15.16
"pc5","rpi-4cpu",0.1,"stine",4,15.88
"pc5","rpi-4cpu",0.1,"stine",3,16.1
"pc5","rpi-4cpu",0.1,"stine",2,16.23
"pc5","rpi-4cpu",0.1,"stine",2,15.08
"pc5","rpi-4cpu",0.1,"stine",1,16.48
"pc5","rpi-4cpu",0.1,"stine",4,16.66
"pc5","rpi-4cpu",0.1,"stine",3,16.66
"pc5","rpi-4cpu",0.1,"stine",1,14.67
"pc5","rpi-4cpu",0.1,"stine",3,15.65
"pc5","rpi-4cpu",0.1,"stine",4,15.94
"pc5","rpi-4cpu",0.1,"stine",2,16.05
"pc5","rpi-4cpu",0.1,"stine",2,14.28
"pc5","rpi-4cpu",0.1,"stine",1,15.38
"pc5","rpi-4cpu",0.1,"stine",3,16.36
"pc5","rpi-4cpu",0.1,"stine",4,16.46
"pc5","rpi-4cpu",0.1,"stine",1,14.76
"pc5","rpi-4cpu",0.1,"stine",2,16.05
"pc5","rpi-4cpu",0.1,"stine",4,16.24
"pc5","rpi-4cpu",0.1,"stine",3,16.44
"pc5","rpi-4cpu",0.1,"stine",1,14.88
"pc5","rpi-4cpu",0.1,"stine",2,15.66
"pc5","rpi-4cpu",0.1,"stine",3,16.05
"pc5","rpi-4cpu",0.1,"stine",4,16.24
"pc5","rpi-4cpu",0.1,"stine",1,15.86
"pc5","rpi-4cpu",0.1,"stine",2,16.25
"pc5","rpi-4cpu",0.1,"stine",3,16.44
"pc5","rpi-4cpu",0.1,"stine",4,17.23
"pc5","rpi-4cpu",0.1,"stine",1,15.48
"pc5","rpi-4cpu",0.1,"stine",4,16.35
"pc5","rpi-4cpu",0.1,"stine",2,16.48
"pc5","rpi-4cpu",0.1,"stine",3,17.26
"pc5","rpi-4cpu",0.1,"stine",4,14.45
"pc5","rpi-4cpu",0.1,"stine",1,14.59
"pc5","rpi-4cpu",0.1,"stine",2,15.96
"pc5","rpi-4cpu",0.1,"stine",3,16.07
"pc5","rpi-4cpu",0.1,"stine",4,14.59
"pc5","rpi-4cpu",0.1,"stine",1,14.59
"pc5","rpi-4cpu",0.1,"stine",2,15.95
"pc5","rpi-4cpu",0.1,"stine",3,15.95
"pc5","rpi-4cpu",0.1,"stine",1,14.62
"pc5","rpi-4cpu",0.1,"stine",4,14.59
"pc5","rpi-4cpu",0.1,"stine",2,15.91
"pc5","rpi-4cpu",0.1,"stine",3,16.1
"pc5","rpi-4cpu",0.1,"stine",1,14.66
"pc5","rpi-4cpu",0.1,"stine",4,15.21
"pc5","rpi-4cpu",0.1,"stine",2,16.04
"pc5","rpi-4cpu",0.1,"stine",3,16.32
"pc5","rpi-4cpu",0.1,"stine",1,14.48
"pc5","rpi-4cpu",0.1,"stine",4,14.68
"pc5","rpi-4cpu",0.1,"stine",3,15.61
"pc5","rpi-4cpu",0.1,"stine",2,15.84
"pc5","rpi-4cpu",0.1,"stine",3,14.78
"pc5","rpi-4cpu",0.1,"stine",1,14.78
"pc5","rpi-4cpu",0.1,"stine",4,15.04
"pc5","rpi-4cpu",0.1,"stine",2,15.66
"pc5","rpi-4cpu",0.1,"stine",1,14.57
"pc5","rpi-4cpu",0.1,"stine",3,14.61
"pc5","rpi-4cpu",0.1,"stine",4,14.82
"pc5","rpi-4cpu",0.1,"stine",2,16.04
"pc5","rpi-4cpu",0.1,"stine",1,14.86
"pc5","rpi-4cpu",0.1,"stine",3,15
"pc5","rpi-4cpu",0.1,"stine",4,15.08
"pc5","rpi-4cpu",0.1,"stine",2,16.35
"pc5","rpi-4cpu",0.1,"stine",3,13.82
"pc5","rpi-4cpu",0.1,"stine",4,13.9
"pc5","rpi-4cpu",0.1,"stine",1,14.06
"pc5","rpi-4cpu",0.1,"stine",2,15.63
"pc5","rpi-4cpu",0.1,"stine",3,14.96
"pc5","rpi-4cpu",0.1,"stine",4,14.96
"pc5","rpi-4cpu",0.1,"stine",1,15.18
"pc5","rpi-4cpu",0.1,"stine",2,15.87
"pc5","rpi-4cpu",0.1,"stine",2,13.88
"pc5","rpi-4cpu",0.1,"stine",3,13.96
"pc5","rpi-4cpu",0.1,"stine",1,14.21
"pc5","rpi-4cpu",0.1,"stine",4,14.46
"pc5","rpi-4cpu",0.1,"stine",1,14.09
"pc5","rpi-4cpu",0.1,"stine",2,14.37
"pc5","rpi-4cpu",0.1,"stine",3,14.37
"pc5","rpi-4cpu",0.1,"stine",4,14.44
"pc5","rpi-4cpu",0.1,"stine",3,14.17
"pc5","rpi-4cpu",0.1,"stine",1,14.35
"pc5","rpi-4cpu",0.1,"stine",4,14.37
"pc5","rpi-4cpu",0.1,"stine",2,14.59
"pc5","rpi-4cpu",0.1,"stine",1,14.73
"pc5","rpi-4cpu",0.1,"stine",3,14.73
"pc5","rpi-4cpu",0.1,"stine",2,14.73
"pc5","rpi-4cpu",0.1,"stine",4,14.77
"pc5","rpi-4cpu",0.1,"stine",2,14.4
"pc5","rpi-4cpu",0.1,"stine",3,14.4
"pc5","rpi-4cpu",0.1,"stine",4,14.46
"pc5","rpi-4cpu",0.1,"stine",1,14.57
"pc5","rpi-4cpu",0.1,"locf",1,13.76
"pc5","rpi-4cpu",0.1,"locf",2,14.14
"pc5","rpi-4cpu",0.1,"locf",4,14.19
"pc5","rpi-4cpu",0.1,"locf",3,14.21
"pc5","rpi-4cpu",0.1,"locf",4,14.27
"pc5","rpi-4cpu",0.1,"locf",2,14.38
"pc5","rpi-4cpu",0.1,"locf",1,14.48
"pc5","rpi-4cpu",0.1,"locf",3,14.77
"pc5","rpi-4cpu",0.1,"locf",1,14.56
"pc5","rpi-4cpu",0.1,"locf",4,14.71
"pc5","rpi-4cpu",0.1,"locf",3,14.92
"pc5","rpi-4cpu",0.1,"locf",2,14.92
"pc5","rpi-4cpu",0.1,"locf",1,14.66
"pc5","rpi-4cpu",0.1,"locf",2,14.8
"pc5","rpi-4cpu",0.1,"locf",3,14.8
"pc5","rpi-4cpu",0.1,"locf",4,14.88
"pc5","rpi-4cpu",0.1,"locf",1,14.38
"pc5","rpi-4cpu",0.1,"locf",3,14.47
"pc5","rpi-4cpu",0.1,"locf",4,14.46
"pc5","rpi-4cpu",0.1,"locf",2,14.57
"pc5","rpi-4cpu",0.1,"locf",4,14.64
"pc5","rpi-4cpu",0.1,"locf",1,14.64
"pc5","rpi-4cpu",0.1,"locf",2,14.65
"pc5","rpi-4cpu",0.1,"locf",3,14.69
"pc5","rpi-4cpu",0.1,"locf",3,14.57
"pc5","rpi-4cpu",0.1,"locf",1,14.57
"pc5","rpi-4cpu",0.1,"locf",2,14.6
"pc5","rpi-4cpu",0.1,"locf",4,14.67
"pc5","rpi-4cpu",0.1,"locf",1,13.77
"pc5","rpi-4cpu",0.1,"locf",3,13.92
"pc5","rpi-4cpu",0.1,"locf",4,14.34
"pc5","rpi-4cpu",0.1,"locf",2,14.34
"pc5","rpi-4cpu",0.1,"locf",1,14.09
"pc5","rpi-4cpu",0.1,"locf",4,14.16
"pc5","rpi-4cpu",0.1,"locf",3,14.27
"pc5","rpi-4cpu",0.1,"locf",2,14.38
"pc5","rpi-4cpu",0.1,"locf",1,14.08
"pc5","rpi-4cpu",0.1,"locf",4,14.16
"pc5","rpi-4cpu",0.1,"locf",3,14.47
"pc5","rpi-4cpu",0.1,"locf",2,14.58
"pc5","rpi-4cpu",0.1,"locf",1,13.79
"pc5","rpi-4cpu",0.1,"locf",4,13.86
"pc5","rpi-4cpu",0.1,"locf",2,13.98
"pc5","rpi-4cpu",0.1,"locf",3,13.97
"pc5","rpi-4cpu",0.1,"locf",1,13.78
"pc5","rpi-4cpu",0.1,"locf",4,13.74
"pc5","rpi-4cpu",0.1,"locf",2,14.06
"pc5","rpi-4cpu",0.1,"locf",3,14.24
"pc5","rpi-4cpu",0.1,"locf",4,13.97
"pc5","rpi-4cpu",0.1,"locf",1,13.97
"pc5","rpi-4cpu",0.1,"locf",3,14.05
"pc5","rpi-4cpu",0.1,"locf",2,14.05
"pc5","rpi-4cpu",0.1,"locf",1,14.24
"pc5","rpi-4cpu",0.1,"locf",4,14.24
"pc5","rpi-4cpu",0.1,"locf",3,14.33
"pc5","rpi-4cpu",0.1,"locf",2,14.43
"pc5","rpi-4cpu",0.1,"locf",1,13.47
"pc5","rpi-4cpu",0.1,"locf",2,13.47
"pc5","rpi-4cpu",0.1,"locf",3,13.54
"pc5","rpi-4cpu",0.1,"locf",4,13.63
"pc5","rpi-4cpu",0.1,"locf",1,13.69
"pc5","rpi-4cpu",0.1,"locf",2,13.87
"pc5","rpi-4cpu",0.1,"locf",4,14.04
"pc5","rpi-4cpu",0.1,"locf",3,14.25
"pc5","rpi-4cpu",0.1,"locf",2,14.27
"pc5","rpi-4cpu",0.1,"locf",1,14.3
"pc5","rpi-4cpu",0.1,"locf",4,14.3
"pc5","rpi-4cpu",0.1,"locf",3,14.42
"pc5","rpi-4cpu",0.1,"locf",4,14.2
"pc5","rpi-4cpu",0.1,"locf",3,14.41
"pc5","rpi-4cpu",0.1,"locf",1,14.55
"pc5","rpi-4cpu",0.1,"locf",2,14.55
"pc5","rpi-4cpu",0.1,"locf",4,13.75
"pc5","rpi-4cpu",0.1,"locf",3,13.84
"pc5","rpi-4cpu",0.1,"locf",1,13.84
"pc5","rpi-4cpu",0.1,"locf",2,13.84
"pc5","rpi-4cpu",0.1,"locf",4,14.04
"pc5","rpi-4cpu",0.1,"locf",1,14.18
"pc5","rpi-4cpu",0.1,"locf",2,14.17
"pc5","rpi-4cpu",0.1,"locf",3,14.25
"pc5","rpi-4cpu",0.1,"locf",3,14.32
"pc5","rpi-4cpu",0.1,"locf",4,14.32
"pc5","rpi-4cpu",0.1,"locf",1,14.65
"pc5","rpi-4cpu",0.1,"locf",2,14.65
"pc5","rpi-4cpu",0.1,"locf",2,13.21
"pc5","rpi-4cpu",0.1,"locf",4,13.26
"pc5","rpi-4cpu",0.1,"locf",3,13.48
"pc5","rpi-4cpu",0.1,"locf",1,13.66
"pc5","rpi-4cpu",0.1,"locf",3,13.25
"pc5","rpi-4cpu",0.1,"locf",4,13.34
"pc5","rpi-4cpu",0.1,"locf",2,13.37
"pc5","rpi-4cpu",0.1,"locf",1,13.84
"pc5","rpi-4cpu",0.1,"locf",4,14.37
"pc5","rpi-4cpu",0.1,"locf",3,14.58
"pc5","rpi-4cpu",0.1,"locf",2,14.68
"pc5","rpi-4cpu",0.1,"locf",1,14.8
"pc5","rpi-4cpu",0.1,"locf",3,14.32
"pc5","rpi-4cpu",0.1,"locf",2,14.42
"pc5","rpi-4cpu",0.1,"locf",4,14.4
"pc5","rpi-4cpu",0.1,"locf",1,14.56
"pc5","rpi-4cpu",0.1,"locf",3,13.95
"pc5","rpi-4cpu",0.1,"locf",2,14.25
"pc5","rpi-4cpu",0.1,"locf",4,14.34
"pc5","rpi-4cpu",0.1,"locf",1,14.46
"pc5","rpi-4cpu",0.1,"locf",3,13.9
"pc5","rpi-4cpu",0.1,"locf",2,13.9
"pc5","rpi-4cpu",0.1,"locf",4,13.9
"pc5","rpi-4cpu",0.1,"locf",1,14.46
"pc5","rpi-4cpu",0.1,"locf",4,14.44
"pc5","rpi-4cpu",0.1,"locf",2,14.44
"pc5","rpi-4cpu",0.1,"locf",3,14.82
"pc5","rpi-4cpu",0.1,"locf",1,14.94
"pc5","rpi-4cpu",0.1,"locf",3,14.09
"pc5","rpi-4cpu",0.1,"locf",2,14.09
"pc5","rpi-4cpu",0.1,"locf",4,14.15
"pc5","rpi-4cpu",0.1,"locf",1,14.49
"pc5","rpi-4cpu",0.1,"locf",4,13.78
"pc5","rpi-4cpu",0.1,"locf",3,14.14
"pc5","rpi-4cpu",0.1,"locf",1,14.14
"pc5","rpi-4cpu",0.1,"locf",2,14.21
"pc5","rpi-4cpu",0.1,"ssa",2,39.23
"pc5","rpi-4cpu",0.1,"ssa",1,39.32
"pc5","rpi-4cpu",0.1,"ssa",4,43.58
"pc5","rpi-4cpu",0.1,"ssa",3,43.64
"pc5","rpi-4cpu",0.1,"ssa",4,37.81
"pc5","rpi-4cpu",0.1,"ssa",1,38.03
"pc5","rpi-4cpu",0.1,"ssa",2,38.83
"pc5","rpi-4cpu",0.1,"ssa",3,39.32
"pc5","rpi-4cpu",0.1,"ssa",3,38.74
"pc5","rpi-4cpu",0.1,"ssa",1,39.06
"pc5","rpi-4cpu",0.1,"ssa",2,39.14
"pc5","rpi-4cpu",0.1,"ssa",4,40.53
"pc5","rpi-4cpu",0.1,"ssa",1,38.47
"pc5","rpi-4cpu",0.1,"ssa",3,39.05
"pc5","rpi-4cpu",0.1,"ssa",4,39.43
"pc5","rpi-4cpu",0.1,"ssa",2,39.55
"pc5","rpi-4cpu",0.1,"ssa",3,36.85
"pc5","rpi-4cpu",0.1,"ssa",2,37.26
"pc5","rpi-4cpu",0.1,"ssa",1,37.59
"pc5","rpi-4cpu",0.1,"ssa",4,39.24
"pc5","rpi-4cpu",0.1,"ssa",3,39.84
"pc5","rpi-4cpu",0.1,"ssa",1,40.16
"pc5","rpi-4cpu",0.1,"ssa",2,40.25
"pc5","rpi-4cpu",0.1,"ssa",4,41.83
"pc5","rpi-4cpu",0.1,"ssa",1,36.87
"pc5","rpi-4cpu",0.1,"ssa",2,37.59
"pc5","rpi-4cpu",0.1,"ssa",3,37.64
"pc5","rpi-4cpu",0.1,"ssa",4,39.83
"pc5","rpi-4cpu",0.1,"ssa",3,39.22
"pc5","rpi-4cpu",0.1,"ssa",1,40.07
"pc5","rpi-4cpu",0.1,"ssa",2,40.13
"pc5","rpi-4cpu",0.1,"ssa",4,41.41
"pc5","rpi-4cpu",0.1,"ssa",3,39.06
"pc5","rpi-4cpu",0.1,"ssa",2,39.76
"pc5","rpi-4cpu",0.1,"ssa",4,41.36
"pc5","rpi-4cpu",0.1,"ssa",1,54.58
"pc5","rpi-4cpu",0.1,"ssa",3,37.81
"pc5","rpi-4cpu",0.1,"ssa",2,38.13
"pc5","rpi-4cpu",0.1,"ssa",1,38.38
"pc5","rpi-4cpu",0.1,"ssa",4,38.38
"pc5","rpi-4cpu",0.1,"ssa",3,38.04
"pc5","rpi-4cpu",0.1,"ssa",1,39.15
"pc5","rpi-4cpu",0.1,"ssa",2,40.34
"pc5","rpi-4cpu",0.1,"ssa",4,43.52
"pc5","rpi-4cpu",0.1,"ssa",3,37.35
"pc5","rpi-4cpu",0.1,"ssa",1,38.47
"pc5","rpi-4cpu",0.1,"ssa",2,40.36
"pc5","rpi-4cpu",0.1,"ssa",4,40.83
"pc5","rpi-4cpu",0.1,"ssa",3,37.68
"pc5","rpi-4cpu",0.1,"ssa",1,37.89
"pc5","rpi-4cpu",0.1,"ssa",2,39.57
"pc5","rpi-4cpu",0.1,"ssa",4,41.36
"pc5","rpi-4cpu",0.1,"ssa",3,40.45
"pc5","rpi-4cpu",0.1,"ssa",2,40.55
"pc5","rpi-4cpu",0.1,"ssa",4,40.76
"pc5","rpi-4cpu",0.1,"ssa",1,40.76
"pc5","rpi-4cpu",0.1,"ssa",3,35.3
"pc5","rpi-4cpu",0.1,"ssa",4,36.69
"pc5","rpi-4cpu",0.1,"ssa",1,36.96
"pc5","rpi-4cpu",0.1,"ssa",2,37.51
"pc5","rpi-4cpu",0.1,"ssa",3,39.13
"pc5","rpi-4cpu",0.1,"ssa",4,39.52
"pc5","rpi-4cpu",0.1,"ssa",1,39.66
"pc5","rpi-4cpu",0.1,"ssa",2,40.14
"pc5","rpi-4cpu",0.1,"ssa",1,39.56
"pc5","rpi-4cpu",0.1,"ssa",2,39.96
"pc5","rpi-4cpu",0.1,"ssa",3,40.43
"pc5","rpi-4cpu",0.1,"ssa",4,41.93
"pc5","rpi-4cpu",0.1,"ssa",3,36.83
"pc5","rpi-4cpu",0.1,"ssa",1,38.07
"pc5","rpi-4cpu",0.1,"ssa",2,38.44
"pc5","rpi-4cpu",0.1,"ssa",4,39.62
"pc5","rpi-4cpu",0.1,"ssa",3,38.37
"pc5","rpi-4cpu",0.1,"ssa",2,40.57
"pc5","rpi-4cpu",0.1,"ssa",1,41.48
"pc5","rpi-4cpu",0.1,"ssa",4,43.96
"pc5","rpi-4cpu",0.1,"ssa",3,38.91
"pc5","rpi-4cpu",0.1,"ssa",2,40.13
"pc5","rpi-4cpu",0.1,"ssa",1,41.16
"pc5","rpi-4cpu",0.1,"ssa",4,43
"pc5","rpi-4cpu",0.1,"ssa",1,40.06
"pc5","rpi-4cpu",0.1,"ssa",2,40.75
"pc5","rpi-4cpu",0.1,"ssa",3,48.43
"pc5","rpi-4cpu",0.1,"ssa",4,51.93
"pc5","rpi-4cpu",0.1,"ssa",1,36.76
"pc5","rpi-4cpu",0.1,"ssa",2,37.55
"pc5","rpi-4cpu",0.1,"ssa",3,38.41
"pc5","rpi-4cpu",0.1,"ssa",4,38.89
"pc5","rpi-4cpu",0.1,"ssa",3,39.92
"pc5","rpi-4cpu",0.1,"ssa",1,40.27
"pc5","rpi-4cpu",0.1,"ssa",2,40.74
"pc5","rpi-4cpu",0.1,"ssa",4,43.1
"pc5","rpi-4cpu",0.1,"ssa",3,38.94
"pc5","rpi-4cpu",0.1,"ssa",2,40.04
"pc5","rpi-4cpu",0.1,"ssa",1,40.26
"pc5","rpi-4cpu",0.1,"ssa",4,40.44
"pc5","rpi-4cpu",0.1,"ssa",3,39.14
"pc5","rpi-4cpu",0.1,"ssa",4,39.83
"pc5","rpi-4cpu",0.1,"ssa",2,40.35
"pc5","rpi-4cpu",0.1,"ssa",1,40.96
"pc5","rpi-4cpu",0.1,"ssa",1,40.15
"pc5","rpi-4cpu",0.1,"ssa",2,40.34
"pc5","rpi-4cpu",0.1,"ssa",3,40.94
"pc5","rpi-4cpu",0.1,"ssa",4,41.42
"pc5","rpi-4cpu",0.1,"ssa",3,39.44
"pc5","rpi-4cpu",0.1,"ssa",1,39.86
"pc5","rpi-4cpu",0.1,"ssa",2,40.15
"pc5","rpi-4cpu",0.1,"ssa",4,43.62
"pc5","rpi-4cpu",0.1,"ssa",1,40.47
"pc5","rpi-4cpu",0.1,"ssa",3,42.25
"pc5","rpi-4cpu",0.1,"ssa",2,42.25
"pc5","rpi-4cpu",0.1,"ssa",4,43.19
"pc5","rpi-4cpu",0.1,"ssa",3,39.15
"pc5","rpi-4cpu",0.1,"ssa",1,41.67
"pc5","rpi-4cpu",0.1,"ssa",2,42.55
"pc5","rpi-4cpu",0.1,"ssa",4,44.13
"pc5","rpi-4cpu",0.1,"ssa",3,39.36
"pc5","rpi-4cpu",0.1,"ssa",1,40.68
"pc5","rpi-4cpu",0.1,"ssa",4,40.75
"pc5","rpi-4cpu",0.1,"ssa",2,42.17
"pc5","rpi-4cpu",0.1,"seadec",2,14.36
"pc5","rpi-4cpu",0.1,"seadec",3,14.36
"pc5","rpi-4cpu",0.1,"seadec",4,14.63
"pc5","rpi-4cpu",0.1,"seadec",1,16.16
"pc5","rpi-4cpu",0.1,"seadec",3,14.96
"pc5","rpi-4cpu",0.1,"seadec",4,15.05
"pc5","rpi-4cpu",0.1,"seadec",2,15.17
"pc5","rpi-4cpu",0.1,"seadec",1,16.29
"pc5","rpi-4cpu",0.1,"seadec",3,15.01
"pc5","rpi-4cpu",0.1,"seadec",2,15.38
"pc5","rpi-4cpu",0.1,"seadec",4,15.38
"pc5","rpi-4cpu",0.1,"seadec",1,16.56
"pc5","rpi-4cpu",0.1,"seadec",3,14.55
"pc5","rpi-4cpu",0.1,"seadec",4,14.65
"pc5","rpi-4cpu",0.1,"seadec",2,14.76
"pc5","rpi-4cpu",0.1,"seadec",1,16.56
"pc5","rpi-4cpu",0.1,"seadec",3,14.71
"pc5","rpi-4cpu",0.1,"seadec",4,14.95
"pc5","rpi-4cpu",0.1,"seadec",2,14.95
"pc5","rpi-4cpu",0.1,"seadec",1,16.17
"pc5","rpi-4cpu",0.1,"seadec",4,14.54
"pc5","rpi-4cpu",0.1,"seadec",2,14.54
"pc5","rpi-4cpu",0.1,"seadec",3,15.54
"pc5","rpi-4cpu",0.1,"seadec",1,15.86
"pc5","rpi-4cpu",0.1,"seadec",4,15.01
"pc5","rpi-4cpu",0.1,"seadec",2,15.14
"pc5","rpi-4cpu",0.1,"seadec",3,16.51
"pc5","rpi-4cpu",0.1,"seadec",1,16.96
"pc5","rpi-4cpu",0.1,"seadec",2,14.25
"pc5","rpi-4cpu",0.1,"seadec",4,14.32
"pc5","rpi-4cpu",0.1,"seadec",1,15.77
"pc5","rpi-4cpu",0.1,"seadec",3,15.93
"pc5","rpi-4cpu",0.1,"seadec",4,14.93
"pc5","rpi-4cpu",0.1,"seadec",2,15.04
"pc5","rpi-4cpu",0.1,"seadec",1,16.34
"pc5","rpi-4cpu",0.1,"seadec",3,16.34
"pc5","rpi-4cpu",0.1,"seadec",4,13.7
"pc5","rpi-4cpu",0.1,"seadec",2,14.03
"pc5","rpi-4cpu",0.1,"seadec",3,15.01
"pc5","rpi-4cpu",0.1,"seadec",1,15.26
"pc5","rpi-4cpu",0.1,"seadec",2,14.74
"pc5","rpi-4cpu",0.1,"seadec",4,15.03
"pc5","rpi-4cpu",0.1,"seadec",3,16.33
"pc5","rpi-4cpu",0.1,"seadec",1,16.55
"pc5","rpi-4cpu",0.1,"seadec",4,15.03
"pc5","rpi-4cpu",0.1,"seadec",2,15.03
"pc5","rpi-4cpu",0.1,"seadec",3,16.34
"pc5","rpi-4cpu",0.1,"seadec",1,16.46
"pc5","rpi-4cpu",0.1,"seadec",4,17.33
"pc5","rpi-4cpu",0.1,"seadec",1,17.66
"pc5","rpi-4cpu",0.1,"seadec",2,18.04
"pc5","rpi-4cpu",0.1,"seadec",3,18.23
"pc5","rpi-4cpu",0.1,"seadec",3,16.45
"pc5","rpi-4cpu",0.1,"seadec",1,16.77
"pc5","rpi-4cpu",0.1,"seadec",2,16.77
"pc5","rpi-4cpu",0.1,"seadec",4,16.77
"pc5","rpi-4cpu",0.1,"seadec",4,16.15
"pc5","rpi-4cpu",0.1,"seadec",1,16.15
"pc5","rpi-4cpu",0.1,"seadec",2,16.34
"pc5","rpi-4cpu",0.1,"seadec",3,16.34
"pc5","rpi-4cpu",0.1,"seadec",3,16.52
"pc5","rpi-4cpu",0.1,"seadec",1,16.75
"pc5","rpi-4cpu",0.1,"seadec",2,18.43
"pc5","rpi-4cpu",0.1,"seadec",4,18.51
"pc5","rpi-4cpu",0.1,"seadec",1,15.19
"pc5","rpi-4cpu",0.1,"seadec",2,15.69
"pc5","rpi-4cpu",0.1,"seadec",3,15.77
"pc5","rpi-4cpu",0.1,"seadec",4,15.96
"pc5","rpi-4cpu",0.1,"seadec",1,14.88
"pc5","rpi-4cpu",0.1,"seadec",3,15.94
"pc5","rpi-4cpu",0.1,"seadec",2,16.05
"pc5","rpi-4cpu",0.1,"seadec",4,16.23
"pc5","rpi-4cpu",0.1,"seadec",2,14.96
"pc5","rpi-4cpu",0.1,"seadec",1,15.66
"pc5","rpi-4cpu",0.1,"seadec",4,15.85
"pc5","rpi-4cpu",0.1,"seadec",3,15.85
"pc5","rpi-4cpu",0.1,"seadec",1,15.38
"pc5","rpi-4cpu",0.1,"seadec",2,16.36
"pc5","rpi-4cpu",0.1,"seadec",3,16.44
"pc5","rpi-4cpu",0.1,"seadec",4,16.44
"pc5","rpi-4cpu",0.1,"seadec",2,15.58
"pc5","rpi-4cpu",0.1,"seadec",1,16.98
"pc5","rpi-4cpu",0.1,"seadec",4,17.05
"pc5","rpi-4cpu",0.1,"seadec",3,17.26
"pc5","rpi-4cpu",0.1,"seadec",1,14.76
"pc5","rpi-4cpu",0.1,"seadec",2,15.8
"pc5","rpi-4cpu",0.1,"seadec",4,15.8
"pc5","rpi-4cpu",0.1,"seadec",3,16.2
"pc5","rpi-4cpu",0.1,"seadec",1,15.1
"pc5","rpi-4cpu",0.1,"seadec",3,16.14
"pc5","rpi-4cpu",0.1,"seadec",2,16.14
"pc5","rpi-4cpu",0.1,"seadec",4,16.21
"pc5","rpi-4cpu",0.1,"seadec",1,15.49
"pc5","rpi-4cpu",0.1,"seadec",2,16.28
"pc5","rpi-4cpu",0.1,"seadec",3,16.46
"pc5","rpi-4cpu",0.1,"seadec",4,16.55
"pc5","rpi-4cpu",0.1,"seadec",1,14.97
"pc5","rpi-4cpu",0.1,"seadec",2,15.75
"pc5","rpi-4cpu",0.1,"seadec",3,15.82
"pc5","rpi-4cpu",0.1,"seadec",4,16.01
"pc5","rpi-4cpu",0.1,"seadec",1,15.64
"pc5","rpi-4cpu",0.1,"seadec",2,16.59
"pc5","rpi-4cpu",0.1,"seadec",4,16.59
"pc5","rpi-4cpu",0.1,"seadec",3,16.7
"pc5","rpi-4cpu",0.1,"seadec",1,15.14
"pc5","rpi-4cpu",0.1,"seadec",4,15.79
"pc5","rpi-4cpu",0.1,"seadec",2,16.09
"pc5","rpi-4cpu",0.1,"seadec",3,16.09
"pc5","rpi-4cpu",0.1,"seadec",1,15.21
"pc5","rpi-4cpu",0.1,"seadec",2,16.28
"pc5","rpi-4cpu",0.1,"seadec",3,16.46
"pc5","rpi-4cpu",0.1,"seadec",4,16.46
"pc5","rpi-4cpu",0.1,"seadec",1,14.36
"pc5","rpi-4cpu",0.1,"seadec",4,15.53
"pc5","rpi-4cpu",0.1,"seadec",2,15.65
"pc5","rpi-4cpu",0.1,"seadec",3,16.04
"pc5","rpi-4cpu",0.1,"seadec",1,14.47
"pc5","rpi-4cpu",0.1,"seadec",4,15.99
"pc5","rpi-4cpu",0.1,"seadec",2,16.24
"pc5","rpi-4cpu",0.1,"seadec",3,16.41
"pc5","rpi-4cpu",0.1,"SMA",1,17.08
"pc5","rpi-4cpu",0.1,"SMA",3,18.22
"pc5","rpi-4cpu",0.1,"SMA",2,18.58
"pc5","rpi-4cpu",0.1,"SMA",4,18.58
"pc5","rpi-4cpu",0.1,"SMA",1,18.18
"pc5","rpi-4cpu",0.1,"SMA",4,18.97
"pc5","rpi-4cpu",0.1,"SMA",2,19.07
"pc5","rpi-4cpu",0.1,"SMA",3,19.17
"pc5","rpi-4cpu",0.1,"SMA",2,16.97
"pc5","rpi-4cpu",0.1,"SMA",3,17.26
"pc5","rpi-4cpu",0.1,"SMA",1,18.47
"pc5","rpi-4cpu",0.1,"SMA",4,18.54
"pc5","rpi-4cpu",0.1,"SMA",1,17.78
"pc5","rpi-4cpu",0.1,"SMA",3,18.05
"pc5","rpi-4cpu",0.1,"SMA",2,18.97
"pc5","rpi-4cpu",0.1,"SMA",4,18.95
"pc5","rpi-4cpu",0.1,"SMA",1,17.08
"pc5","rpi-4cpu",0.1,"SMA",3,17.17
"pc5","rpi-4cpu",0.1,"SMA",4,18.57
"pc5","rpi-4cpu",0.1,"SMA",2,18.87
"pc5","rpi-4cpu",0.1,"SMA",3,17.06
"pc5","rpi-4cpu",0.1,"SMA",1,17.06
"pc5","rpi-4cpu",0.1,"SMA",4,18.22
"pc5","rpi-4cpu",0.1,"SMA",2,18.54
"pc5","rpi-4cpu",0.1,"SMA",1,17.16
"pc5","rpi-4cpu",0.1,"SMA",3,17.63
"pc5","rpi-4cpu",0.1,"SMA",4,18.62
"pc5","rpi-4cpu",0.1,"SMA",2,18.94
"pc5","rpi-4cpu",0.1,"SMA",1,17.37
"pc5","rpi-4cpu",0.1,"SMA",3,17.44
"pc5","rpi-4cpu",0.1,"SMA",4,18.33
"pc5","rpi-4cpu",0.1,"SMA",2,18.56
"pc5","rpi-4cpu",0.1,"SMA",1,16.67
"pc5","rpi-4cpu",0.1,"SMA",3,17.15
"pc5","rpi-4cpu",0.1,"SMA",4,17.64
"pc5","rpi-4cpu",0.1,"SMA",2,18.56
"pc5","rpi-4cpu",0.1,"SMA",1,16.87
"pc5","rpi-4cpu",0.1,"SMA",2,16.88
"pc5","rpi-4cpu",0.1,"SMA",3,17.16
"pc5","rpi-4cpu",0.1,"SMA",4,17.75
"pc5","rpi-4cpu",0.1,"SMA",2,16.95
"pc5","rpi-4cpu",0.1,"SMA",4,16.94
"pc5","rpi-4cpu",0.1,"SMA",1,16.94
"pc5","rpi-4cpu",0.1,"SMA",3,17.16
"pc5","rpi-4cpu",0.1,"SMA",1,17.64
"pc5","rpi-4cpu",0.1,"SMA",4,17.81
"pc5","rpi-4cpu",0.1,"SMA",3,17.82
"pc5","rpi-4cpu",0.1,"SMA",2,17.85
"pc5","rpi-4cpu",0.1,"SMA",1,16.74
"pc5","rpi-4cpu",0.1,"SMA",4,17.12
"pc5","rpi-4cpu",0.1,"SMA",2,17.33
"pc5","rpi-4cpu",0.1,"SMA",3,17.53
"pc5","rpi-4cpu",0.1,"SMA",4,17.31
"pc5","rpi-4cpu",0.1,"SMA",2,17.42
"pc5","rpi-4cpu",0.1,"SMA",1,17.47
"pc5","rpi-4cpu",0.1,"SMA",3,17.81
"pc5","rpi-4cpu",0.1,"SMA",1,16.28
"pc5","rpi-4cpu",0.1,"SMA",2,16.47
"pc5","rpi-4cpu",0.1,"SMA",4,16.56
"pc5","rpi-4cpu",0.1,"SMA",3,16.96
"pc5","rpi-4cpu",0.1,"SMA",3,16.64
"pc5","rpi-4cpu",0.1,"SMA",1,16.67
"pc5","rpi-4cpu",0.1,"SMA",2,16.73
"pc5","rpi-4cpu",0.1,"SMA",4,16.73
"pc5","rpi-4cpu",0.1,"SMA",3,16.57
"pc5","rpi-4cpu",0.1,"SMA",1,16.69
"pc5","rpi-4cpu",0.1,"SMA",2,16.78
"pc5","rpi-4cpu",0.1,"SMA",4,16.87
"pc5","rpi-4cpu",0.1,"SMA",1,16.88
"pc5","rpi-4cpu",0.1,"SMA",2,16.88
"pc5","rpi-4cpu",0.1,"SMA",4,17.05
"pc5","rpi-4cpu",0.1,"SMA",3,17.15
"pc5","rpi-4cpu",0.1,"SMA",4,17.06
"pc5","rpi-4cpu",0.1,"SMA",1,17.17
"pc5","rpi-4cpu",0.1,"SMA",3,17.17
"pc5","rpi-4cpu",0.1,"SMA",2,17.28
"pc5","rpi-4cpu",0.1,"SMA",1,18.28
"pc5","rpi-4cpu",0.1,"SMA",2,18.28
"pc5","rpi-4cpu",0.1,"SMA",4,18.37
"pc5","rpi-4cpu",0.1,"SMA",3,18.37
"pc5","rpi-4cpu",0.1,"SMA",1,16.66
"pc5","rpi-4cpu",0.1,"SMA",3,16.7
"pc5","rpi-4cpu",0.1,"SMA",4,16.83
"pc5","rpi-4cpu",0.1,"SMA",2,16.83
"pc5","rpi-4cpu",0.1,"SMA",3,17.26
"pc5","rpi-4cpu",0.1,"SMA",1,17.29
"pc5","rpi-4cpu",0.1,"SMA",2,17.47
"pc5","rpi-4cpu",0.1,"SMA",4,17.65
"pc5","rpi-4cpu",0.1,"SMA",1,17.16
"pc5","rpi-4cpu",0.1,"SMA",3,17.35
"pc5","rpi-4cpu",0.1,"SMA",2,17.35
"pc5","rpi-4cpu",0.1,"SMA",4,17.53
"pc5","rpi-4cpu",0.1,"SMA",1,16.66
"pc5","rpi-4cpu",0.1,"SMA",3,16.85
"pc5","rpi-4cpu",0.1,"SMA",2,16.85
"pc5","rpi-4cpu",0.1,"SMA",4,17.1
"pc5","rpi-4cpu",0.1,"SMA",3,16.82
"pc5","rpi-4cpu",0.1,"SMA",1,16.96
"pc5","rpi-4cpu",0.1,"SMA",2,17.08
"pc5","rpi-4cpu",0.1,"SMA",4,17.08
"pc5","rpi-4cpu",0.1,"SMA",1,17.17
"pc5","rpi-4cpu",0.1,"SMA",2,17.44
"pc5","rpi-4cpu",0.1,"SMA",3,17.46
"pc5","rpi-4cpu",0.1,"SMA",4,17.44
"pc5","rpi-4cpu",0.1,"SMA",1,16.28
"pc5","rpi-4cpu",0.1,"SMA",2,16.67
"pc5","rpi-4cpu",0.1,"SMA",3,16.67
"pc5","rpi-4cpu",0.1,"SMA",4,16.76
"pc5","rpi-4cpu",0.1,"SMA",1,16.52
"pc5","rpi-4cpu",0.1,"SMA",4,16.52
"pc5","rpi-4cpu",0.1,"SMA",2,16.67
"pc5","rpi-4cpu",0.1,"SMA",3,16.82
"pc5","rpi-4cpu",0.1,"SMA",1,16.69
"pc5","rpi-4cpu",0.1,"SMA",4,16.75
"pc5","rpi-4cpu",0.1,"SMA",2,17.08
"pc5","rpi-4cpu",0.1,"SMA",3,17.16
"pc5","rpi-4cpu",0.1,"SMA",1,16.7
"pc5","rpi-4cpu",0.1,"SMA",4,16.87
"pc5","rpi-4cpu",0.1,"SMA",3,17.17
"pc5","rpi-4cpu",0.1,"SMA",2,17.18
"pc5","rpi-4cpu",0.2,"stine",3,7.74
"pc5","rpi-4cpu",0.2,"stine",4,7.93
"pc5","rpi-4cpu",0.2,"stine",2,8.36
"pc5","rpi-4cpu",0.2,"stine",1,8.58
"pc5","rpi-4cpu",0.2,"stine",4,6.45
"pc5","rpi-4cpu",0.2,"stine",3,6.6
"pc5","rpi-4cpu",0.2,"stine",1,7.59
"pc5","rpi-4cpu",0.2,"stine",2,8.87
"pc5","rpi-4cpu",0.2,"stine",4,7.21
"pc5","rpi-4cpu",0.2,"stine",3,7.31
"pc5","rpi-4cpu",0.2,"stine",1,8.36
"pc5","rpi-4cpu",0.2,"stine",2,9.73
"pc5","rpi-4cpu",0.2,"stine",4,7.37
"pc5","rpi-4cpu",0.2,"stine",3,7.47
"pc5","rpi-4cpu",0.2,"stine",1,8
"pc5","rpi-4cpu",0.2,"stine",2,9.58
"pc5","rpi-4cpu",0.2,"stine",1,6.43
"pc5","rpi-4cpu",0.2,"stine",4,6.84
"pc5","rpi-4cpu",0.2,"stine",3,6.84
"pc5","rpi-4cpu",0.2,"stine",2,8.85
"pc5","rpi-4cpu",0.2,"stine",1,6.45
"pc5","rpi-4cpu",0.2,"stine",3,7.03
"pc5","rpi-4cpu",0.2,"stine",4,7.12
"pc5","rpi-4cpu",0.2,"stine",2,8.85
"pc5","rpi-4cpu",0.2,"stine",3,7.17
"pc5","rpi-4cpu",0.2,"stine",4,7.35
"pc5","rpi-4cpu",0.2,"stine",1,9.49
"pc5","rpi-4cpu",0.2,"stine",2,9.95
"pc5","rpi-4cpu",0.2,"stine",4,7.14
"pc5","rpi-4cpu",0.2,"stine",3,7.24
"pc5","rpi-4cpu",0.2,"stine",1,9.67
"pc5","rpi-4cpu",0.2,"stine",2,9.66
"pc5","rpi-4cpu",0.2,"stine",3,7.14
"pc5","rpi-4cpu",0.2,"stine",4,7.34
"pc5","rpi-4cpu",0.2,"stine",2,9.45
"pc5","rpi-4cpu",0.2,"stine",1,9.45
"pc5","rpi-4cpu",0.2,"stine",4,6.76
"pc5","rpi-4cpu",0.2,"stine",3,7.07
"pc5","rpi-4cpu",0.2,"stine",2,9.49
"pc5","rpi-4cpu",0.2,"stine",1,9.49
"pc5","rpi-4cpu",0.2,"stine",4,7.09
"pc5","rpi-4cpu",0.2,"stine",3,7.42
"pc5","rpi-4cpu",0.2,"stine",1,9.86
"pc5","rpi-4cpu",0.2,"stine",2,9.92
"pc5","rpi-4cpu",0.2,"stine",4,7.17
"pc5","rpi-4cpu",0.2,"stine",3,7.28
"pc5","rpi-4cpu",0.2,"stine",1,9.49
"pc5","rpi-4cpu",0.2,"stine",2,9.78
"pc5","rpi-4cpu",0.2,"stine",3,6.65
"pc5","rpi-4cpu",0.2,"stine",4,6.74
"pc5","rpi-4cpu",0.2,"stine",1,9.06
"pc5","rpi-4cpu",0.2,"stine",2,9.16
"pc5","rpi-4cpu",0.2,"stine",3,7.37
"pc5","rpi-4cpu",0.2,"stine",4,7.66
"pc5","rpi-4cpu",0.2,"stine",1,9.69
"pc5","rpi-4cpu",0.2,"stine",2,9.78
"pc5","rpi-4cpu",0.2,"stine",4,6.91
"pc5","rpi-4cpu",0.2,"stine",3,6.99
"pc5","rpi-4cpu",0.2,"stine",1,9.04
"pc5","rpi-4cpu",0.2,"stine",2,9.2
"pc5","rpi-4cpu",0.2,"stine",3,7.57
"pc5","rpi-4cpu",0.2,"stine",4,7.67
"pc5","rpi-4cpu",0.2,"stine",2,9.48
"pc5","rpi-4cpu",0.2,"stine",1,9.58
"pc5","rpi-4cpu",0.2,"stine",4,7.16
"pc5","rpi-4cpu",0.2,"stine",2,7.17
"pc5","rpi-4cpu",0.2,"stine",3,8.97
"pc5","rpi-4cpu",0.2,"stine",1,9.39
"pc5","rpi-4cpu",0.2,"stine",3,7.32
"pc5","rpi-4cpu",0.2,"stine",4,7.41
"pc5","rpi-4cpu",0.2,"stine",2,8.84
"pc5","rpi-4cpu",0.2,"stine",1,9.56
"pc5","rpi-4cpu",0.2,"stine",3,7.34
"pc5","rpi-4cpu",0.2,"stine",4,7.43
"pc5","rpi-4cpu",0.2,"stine",2,8.64
"pc5","rpi-4cpu",0.2,"stine",1,8.97
"pc5","rpi-4cpu",0.2,"stine",3,7.03
"pc5","rpi-4cpu",0.2,"stine",4,7.03
"pc5","rpi-4cpu",0.2,"stine",2,9.03
"pc5","rpi-4cpu",0.2,"stine",1,9.44
"pc5","rpi-4cpu",0.2,"stine",4,7.14
"pc5","rpi-4cpu",0.2,"stine",3,7.44
"pc5","rpi-4cpu",0.2,"stine",2,9.05
"pc5","rpi-4cpu",0.2,"stine",1,9.57
"pc5","rpi-4cpu",0.2,"stine",4,7.06
"pc5","rpi-4cpu",0.2,"stine",3,7.06
"pc5","rpi-4cpu",0.2,"stine",2,9.69
"pc5","rpi-4cpu",0.2,"stine",1,9.89
"pc5","rpi-4cpu",0.2,"stine",4,7.22
"pc5","rpi-4cpu",0.2,"stine",3,7.23
"pc5","rpi-4cpu",0.2,"stine",1,9.45
"pc5","rpi-4cpu",0.2,"stine",2,9.54
"pc5","rpi-4cpu",0.2,"stine",4,6.75
"pc5","rpi-4cpu",0.2,"stine",3,6.86
"pc5","rpi-4cpu",0.2,"stine",1,9
"pc5","rpi-4cpu",0.2,"stine",2,9.06
"pc5","rpi-4cpu",0.2,"stine",3,6.77
"pc5","rpi-4cpu",0.2,"stine",4,6.84
"pc5","rpi-4cpu",0.2,"stine",2,8.88
"pc5","rpi-4cpu",0.2,"stine",1,8.9
"pc5","rpi-4cpu",0.2,"stine",3,7.34
"pc5","rpi-4cpu",0.2,"stine",4,7.52
"pc5","rpi-4cpu",0.2,"stine",2,9.45
"pc5","rpi-4cpu",0.2,"stine",1,9.66
"pc5","rpi-4cpu",0.2,"stine",3,7.43
"pc5","rpi-4cpu",0.2,"stine",4,7.43
"pc5","rpi-4cpu",0.2,"stine",1,9.26
"pc5","rpi-4cpu",0.2,"stine",2,11.24
"pc5","rpi-4cpu",0.2,"stine",2,6.78
"pc5","rpi-4cpu",0.2,"stine",4,6.85
"pc5","rpi-4cpu",0.2,"stine",3,7.17
"pc5","rpi-4cpu",0.2,"stine",1,8.99
"pc5","rpi-4cpu",0.2,"stine",2,5.93
"pc5","rpi-4cpu",0.2,"stine",4,5.9
"pc5","rpi-4cpu",0.2,"stine",3,6.5
"pc5","rpi-4cpu",0.2,"stine",1,8.46
"pc5","rpi-4cpu",0.2,"stine",2,6.52
"pc5","rpi-4cpu",0.2,"stine",3,7.01
"pc5","rpi-4cpu",0.2,"stine",1,9.16
"pc5","rpi-4cpu",0.2,"stine",4,9.27
"pc5","rpi-4cpu",0.2,"locf",2,6.38
"pc5","rpi-4cpu",0.2,"locf",1,6.47
"pc5","rpi-4cpu",0.2,"locf",4,9.05
"pc5","rpi-4cpu",0.2,"locf",3,9.24
"pc5","rpi-4cpu",0.2,"locf",2,5.8
"pc5","rpi-4cpu",0.2,"locf",3,5.86
"pc5","rpi-4cpu",0.2,"locf",1,8.41
"pc5","rpi-4cpu",0.2,"locf",4,8.66
"pc5","rpi-4cpu",0.2,"locf",2,6.67
"pc5","rpi-4cpu",0.2,"locf",3,6.83
"pc5","rpi-4cpu",0.2,"locf",1,9.63
"pc5","rpi-4cpu",0.2,"locf",4,9.63
"pc5","rpi-4cpu",0.2,"locf",1,6.47
"pc5","rpi-4cpu",0.2,"locf",2,6.56
"pc5","rpi-4cpu",0.2,"locf",4,9.43
"pc5","rpi-4cpu",0.2,"locf",3,9.55
"pc5","rpi-4cpu",0.2,"locf",2,6.56
"pc5","rpi-4cpu",0.2,"locf",1,6.75
"pc5","rpi-4cpu",0.2,"locf",4,9.44
"pc5","rpi-4cpu",0.2,"locf",3,9.53
"pc5","rpi-4cpu",0.2,"locf",2,6.46
"pc5","rpi-4cpu",0.2,"locf",1,6.5
"pc5","rpi-4cpu",0.2,"locf",3,9.35
"pc5","rpi-4cpu",0.2,"locf",4,9.47
"pc5","rpi-4cpu",0.2,"locf",1,6.57
"pc5","rpi-4cpu",0.2,"locf",2,7.25
"pc5","rpi-4cpu",0.2,"locf",3,10.13
"pc5","rpi-4cpu",0.2,"locf",4,10.23
"pc5","rpi-4cpu",0.2,"locf",1,6.36
"pc5","rpi-4cpu",0.2,"locf",2,6.44
"pc5","rpi-4cpu",0.2,"locf",4,9.32
"pc5","rpi-4cpu",0.2,"locf",3,9.32
"pc5","rpi-4cpu",0.2,"locf",2,6.67
"pc5","rpi-4cpu",0.2,"locf",1,6.88
"pc5","rpi-4cpu",0.2,"locf",3,9.64
"pc5","rpi-4cpu",0.2,"locf",4,9.64
"pc5","rpi-4cpu",0.2,"locf",1,6.64
"pc5","rpi-4cpu",0.2,"locf",2,6.75
"pc5","rpi-4cpu",0.2,"locf",3,9.43
"pc5","rpi-4cpu",0.2,"locf",4,9.42
"pc5","rpi-4cpu",0.2,"locf",1,6.66
"pc5","rpi-4cpu",0.2,"locf",2,6.74
"pc5","rpi-4cpu",0.2,"locf",3,9.54
"pc5","rpi-4cpu",0.2,"locf",4,9.72
"pc5","rpi-4cpu",0.2,"locf",2,6.36
"pc5","rpi-4cpu",0.2,"locf",1,6.47
"pc5","rpi-4cpu",0.2,"locf",4,9.1
"pc5","rpi-4cpu",0.2,"locf",3,9.15
"pc5","rpi-4cpu",0.2,"locf",2,6.68
"pc5","rpi-4cpu",0.2,"locf",1,6.89
"pc5","rpi-4cpu",0.2,"locf",3,9.4
"pc5","rpi-4cpu",0.2,"locf",4,9.46
"pc5","rpi-4cpu",0.2,"locf",2,6.7
"pc5","rpi-4cpu",0.2,"locf",1,6.89
"pc5","rpi-4cpu",0.2,"locf",3,9.18
"pc5","rpi-4cpu",0.2,"locf",4,9.28
"pc5","rpi-4cpu",0.2,"locf",1,6.97
"pc5","rpi-4cpu",0.2,"locf",2,6.97
"pc5","rpi-4cpu",0.2,"locf",3,9.62
"pc5","rpi-4cpu",0.2,"locf",4,9.62
"pc5","rpi-4cpu",0.2,"locf",2,6.89
"pc5","rpi-4cpu",0.2,"locf",1,6.89
"pc5","rpi-4cpu",0.2,"locf",4,9.06
"pc5","rpi-4cpu",0.2,"locf",3,9.16
"pc5","rpi-4cpu",0.2,"locf",1,6.19
"pc5","rpi-4cpu",0.2,"locf",2,6.27
"pc5","rpi-4cpu",0.2,"locf",4,9.16
"pc5","rpi-4cpu",0.2,"locf",3,9.16
"pc5","rpi-4cpu",0.2,"locf",2,6.28
"pc5","rpi-4cpu",0.2,"locf",1,6.29
"pc5","rpi-4cpu",0.2,"locf",3,8.97
"pc5","rpi-4cpu",0.2,"locf",4,8.97
"pc5","rpi-4cpu",0.2,"locf",2,6.04
"pc5","rpi-4cpu",0.2,"locf",1,6.04
"pc5","rpi-4cpu",0.2,"locf",4,9.03
"pc5","rpi-4cpu",0.2,"locf",3,9.13
"pc5","rpi-4cpu",0.2,"locf",1,6.57
"pc5","rpi-4cpu",0.2,"locf",2,6.57
"pc5","rpi-4cpu",0.2,"locf",3,9.65
"pc5","rpi-4cpu",0.2,"locf",4,9.74
"pc5","rpi-4cpu",0.2,"locf",2,6.2
"pc5","rpi-4cpu",0.2,"locf",1,6.4
"pc5","rpi-4cpu",0.2,"locf",3,9.27
"pc5","rpi-4cpu",0.2,"locf",4,9.27
"pc5","rpi-4cpu",0.2,"locf",1,6.38
"pc5","rpi-4cpu",0.2,"locf",2,6.57
"pc5","rpi-4cpu",0.2,"locf",4,9.36
"pc5","rpi-4cpu",0.2,"locf",3,9.47
"pc5","rpi-4cpu",0.2,"locf",2,6.24
"pc5","rpi-4cpu",0.2,"locf",1,6.27
"pc5","rpi-4cpu",0.2,"locf",4,9.13
"pc5","rpi-4cpu",0.2,"locf",3,9.23
"pc5","rpi-4cpu",0.2,"locf",2,6.47
"pc5","rpi-4cpu",0.2,"locf",1,6.58
"pc5","rpi-4cpu",0.2,"locf",3,9.35
"pc5","rpi-4cpu",0.2,"locf",4,9.35
"pc5","rpi-4cpu",0.2,"locf",1,6.28
"pc5","rpi-4cpu",0.2,"locf",2,6.46
"pc5","rpi-4cpu",0.2,"locf",4,9.06
"pc5","rpi-4cpu",0.2,"locf",3,9.25
"pc5","rpi-4cpu",0.2,"locf",1,6.49
"pc5","rpi-4cpu",0.2,"locf",2,6.49
"pc5","rpi-4cpu",0.2,"locf",3,8.93
"pc5","rpi-4cpu",0.2,"locf",4,8.94
"pc5","rpi-4cpu",0.2,"locf",2,6.47
"pc5","rpi-4cpu",0.2,"locf",1,6.47
"pc5","rpi-4cpu",0.2,"locf",4,6.64
"pc5","rpi-4cpu",0.2,"locf",3,8.76
"pc5","rpi-4cpu",0.2,"locf",1,5.99
"pc5","rpi-4cpu",0.2,"locf",2,5.99
"pc5","rpi-4cpu",0.2,"locf",4,6.18
"pc5","rpi-4cpu",0.2,"locf",3,8.58
"pc5","rpi-4cpu",0.2,"locf",1,6.66
"pc5","rpi-4cpu",0.2,"locf",2,6.66
"pc5","rpi-4cpu",0.2,"locf",4,6.83
"pc5","rpi-4cpu",0.2,"locf",3,6.93
"pc5","rpi-4cpu",0.2,"locf",2,5.68
"pc5","rpi-4cpu",0.2,"locf",1,5.68
"pc5","rpi-4cpu",0.2,"locf",4,5.77
"pc5","rpi-4cpu",0.2,"locf",3,5.77
"pc5","rpi-4cpu",0.2,"ssa",2,31.08
"pc5","rpi-4cpu",0.2,"ssa",3,31.08
"pc5","rpi-4cpu",0.2,"ssa",4,31.07
"pc5","rpi-4cpu",0.2,"ssa",1,31.4
"pc5","rpi-4cpu",0.2,"ssa",4,18.02
"pc5","rpi-4cpu",0.2,"ssa",3,18.04
"pc5","rpi-4cpu",0.2,"ssa",1,18.45
"pc5","rpi-4cpu",0.2,"ssa",2,19.93
"pc5","rpi-4cpu",0.2,"ssa",2,17.76
"pc5","rpi-4cpu",0.2,"ssa",1,17.97
"pc5","rpi-4cpu",0.2,"ssa",3,18.55
"pc5","rpi-4cpu",0.2,"ssa",4,19.13
"pc5","rpi-4cpu",0.2,"ssa",2,17.76
"pc5","rpi-4cpu",0.2,"ssa",4,18.63
"pc5","rpi-4cpu",0.2,"ssa",1,19.16
"pc5","rpi-4cpu",0.2,"ssa",3,19.43
"pc5","rpi-4cpu",0.2,"ssa",4,17.63
"pc5","rpi-4cpu",0.2,"ssa",1,18.07
"pc5","rpi-4cpu",0.2,"ssa",2,18.26
"pc5","rpi-4cpu",0.2,"ssa",3,18.94
"pc5","rpi-4cpu",0.2,"ssa",1,17.18
"pc5","rpi-4cpu",0.2,"ssa",3,17.18
"pc5","rpi-4cpu",0.2,"ssa",2,17.59
"pc5","rpi-4cpu",0.2,"ssa",4,18.47
"pc5","rpi-4cpu",0.2,"ssa",2,17.64
"pc5","rpi-4cpu",0.2,"ssa",4,17.93
"pc5","rpi-4cpu",0.2,"ssa",1,18.06
"pc5","rpi-4cpu",0.2,"ssa",3,18.73
"pc5","rpi-4cpu",0.2,"ssa",1,17.66
"pc5","rpi-4cpu",0.2,"ssa",4,17.95
"pc5","rpi-4cpu",0.2,"ssa",3,18.57
"pc5","rpi-4cpu",0.2,"ssa",2,18.57
"pc5","rpi-4cpu",0.2,"ssa",2,16.9
"pc5","rpi-4cpu",0.2,"ssa",1,17.16
"pc5","rpi-4cpu",0.2,"ssa",3,17.63
"pc5","rpi-4cpu",0.2,"ssa",4,18.23
"pc5","rpi-4cpu",0.2,"ssa",2,17.57
"pc5","rpi-4cpu",0.2,"ssa",4,18.76
"pc5","rpi-4cpu",0.2,"ssa",3,19.76
"pc5","rpi-4cpu",0.2,"ssa",1,19.9
"pc5","rpi-4cpu",0.2,"ssa",4,17.51
"pc5","rpi-4cpu",0.2,"ssa",1,17.85
"pc5","rpi-4cpu",0.2,"ssa",3,18.11
"pc5","rpi-4cpu",0.2,"ssa",2,19.43
"pc5","rpi-4cpu",0.2,"ssa",2,16.79
"pc5","rpi-4cpu",0.2,"ssa",1,17.01
"pc5","rpi-4cpu",0.2,"ssa",3,17.27
"pc5","rpi-4cpu",0.2,"ssa",4,17.56
"pc5","rpi-4cpu",0.2,"ssa",2,17.14
"pc5","rpi-4cpu",0.2,"ssa",4,17.73
"pc5","rpi-4cpu",0.2,"ssa",3,18.05
"pc5","rpi-4cpu",0.2,"ssa",1,18.17
"pc5","rpi-4cpu",0.2,"ssa",4,17.55
"pc5","rpi-4cpu",0.2,"ssa",1,17.68
"pc5","rpi-4cpu",0.2,"ssa",3,18.05
"pc5","rpi-4cpu",0.2,"ssa",2,19.08
"pc5","rpi-4cpu",0.2,"ssa",1,17.37
"pc5","rpi-4cpu",0.2,"ssa",3,17.65
"pc5","rpi-4cpu",0.2,"ssa",2,18.02
"pc5","rpi-4cpu",0.2,"ssa",4,18.27
"pc5","rpi-4cpu",0.2,"ssa",2,17.94
"pc5","rpi-4cpu",0.2,"ssa",4,18.72
"pc5","rpi-4cpu",0.2,"ssa",1,19.23
"pc5","rpi-4cpu",0.2,"ssa",3,20.43
"pc5","rpi-4cpu",0.2,"ssa",4,17.73
"pc5","rpi-4cpu",0.2,"ssa",1,17.96
"pc5","rpi-4cpu",0.2,"ssa",3,18.24
"pc5","rpi-4cpu",0.2,"ssa",2,19.23
"pc5","rpi-4cpu",0.2,"ssa",1,17.69
"pc5","rpi-4cpu",0.2,"ssa",3,17.87
"pc5","rpi-4cpu",0.2,"ssa",2,18.18
"pc5","rpi-4cpu",0.2,"ssa",4,18.45
"pc5","rpi-4cpu",0.2,"ssa",2,16.85
"pc5","rpi-4cpu",0.2,"ssa",4,17.24
"pc5","rpi-4cpu",0.2,"ssa",1,17.86
"pc5","rpi-4cpu",0.2,"ssa",3,19.62
"pc5","rpi-4cpu",0.2,"ssa",1,18.08
"pc5","rpi-4cpu",0.2,"ssa",4,18.06
"pc5","rpi-4cpu",0.2,"ssa",3,18.67
"pc5","rpi-4cpu",0.2,"ssa",2,20.07
"pc5","rpi-4cpu",0.2,"ssa",1,17.19
"pc5","rpi-4cpu",0.2,"ssa",3,17.56
"pc5","rpi-4cpu",0.2,"ssa",2,17.68
"pc5","rpi-4cpu",0.2,"ssa",4,20.77
"pc5","rpi-4cpu",0.2,"ssa",4,17.01
"pc5","rpi-4cpu",0.2,"ssa",2,17.25
"pc5","rpi-4cpu",0.2,"ssa",3,18.93
"pc5","rpi-4cpu",0.2,"ssa",1,19.45
"pc5","rpi-4cpu",0.2,"ssa",1,17.38
"pc5","rpi-4cpu",0.2,"ssa",4,17.44
"pc5","rpi-4cpu",0.2,"ssa",3,19.24
"pc5","rpi-4cpu",0.2,"ssa",2,19.35
"pc5","rpi-4cpu",0.2,"ssa",3,17.56
"pc5","rpi-4cpu",0.2,"ssa",1,17.79
"pc5","rpi-4cpu",0.2,"ssa",2,18.05
"pc5","rpi-4cpu",0.2,"ssa",4,20.63
"pc5","rpi-4cpu",0.2,"ssa",2,16.98
"pc5","rpi-4cpu",0.2,"ssa",4,17.95
"pc5","rpi-4cpu",0.2,"ssa",1,18.89
"pc5","rpi-4cpu",0.2,"ssa",3,19.18
"pc5","rpi-4cpu",0.2,"ssa",1,16.46
"pc5","rpi-4cpu",0.2,"ssa",4,17
"pc5","rpi-4cpu",0.2,"ssa",3,17.31
"pc5","rpi-4cpu",0.2,"ssa",2,18.63
"pc5","rpi-4cpu",0.2,"ssa",3,17.73
"pc5","rpi-4cpu",0.2,"ssa",1,17.87
"pc5","rpi-4cpu",0.2,"ssa",2,18.54
"pc5","rpi-4cpu",0.2,"ssa",4,21.6
"pc5","rpi-4cpu",0.2,"ssa",2,17.14
"pc5","rpi-4cpu",0.2,"ssa",4,18.34
"pc5","rpi-4cpu",0.2,"ssa",1,18.65
"pc5","rpi-4cpu",0.2,"ssa",3,18.94
"pc5","rpi-4cpu",0.2,"ssa",4,17.36
"pc5","rpi-4cpu",0.2,"ssa",3,18.26
"pc5","rpi-4cpu",0.2,"ssa",1,18.56
"pc5","rpi-4cpu",0.2,"ssa",2,19.38
"pc5","rpi-4cpu",0.2,"ssa",3,17.42
"pc5","rpi-4cpu",0.2,"ssa",2,17.83
"pc5","rpi-4cpu",0.2,"ssa",4,17.92
"pc5","rpi-4cpu",0.2,"ssa",1,18.05
"pc5","rpi-4cpu",0.2,"seadec",3,5.86
"pc5","rpi-4cpu",0.2,"seadec",2,5.95
"pc5","rpi-4cpu",0.2,"seadec",1,6.07
"pc5","rpi-4cpu",0.2,"seadec",4,6.13
"pc5","rpi-4cpu",0.2,"seadec",3,6.09
"pc5","rpi-4cpu",0.2,"seadec",4,6.17
"pc5","rpi-4cpu",0.2,"seadec",1,6.2
"pc5","rpi-4cpu",0.2,"seadec",2,6.27
"pc5","rpi-4cpu",0.2,"seadec",1,6.17
"pc5","rpi-4cpu",0.2,"seadec",4,6.17
"pc5","rpi-4cpu",0.2,"seadec",3,6.17
"pc5","rpi-4cpu",0.2,"seadec",2,6.27
"pc5","rpi-4cpu",0.2,"seadec",3,6.49
"pc5","rpi-4cpu",0.2,"seadec",1,6.49
"pc5","rpi-4cpu",0.2,"seadec",2,6.49
"pc5","rpi-4cpu",0.2,"seadec",4,6.53
"pc5","rpi-4cpu",0.2,"seadec",1,6.47
"pc5","rpi-4cpu",0.2,"seadec",3,6.45
"pc5","rpi-4cpu",0.2,"seadec",2,6.55
"pc5","rpi-4cpu",0.2,"seadec",4,6.53
"pc5","rpi-4cpu",0.2,"seadec",1,6.06
"pc5","rpi-4cpu",0.2,"seadec",3,6.03
"pc5","rpi-4cpu",0.2,"seadec",4,6.09
"pc5","rpi-4cpu",0.2,"seadec",2,6.24
"pc5","rpi-4cpu",0.2,"seadec",3,6.44
"pc5","rpi-4cpu",0.2,"seadec",1,6.58
"pc5","rpi-4cpu",0.2,"seadec",4,6.62
"pc5","rpi-4cpu",0.2,"seadec",2,7.09
"pc5","rpi-4cpu",0.2,"seadec",2,6.74
"pc5","rpi-4cpu",0.2,"seadec",4,6.72
"pc5","rpi-4cpu",0.2,"seadec",1,6.83
"pc5","rpi-4cpu",0.2,"seadec",3,7.64
"pc5","rpi-4cpu",0.2,"seadec",1,6.1
"pc5","rpi-4cpu",0.2,"seadec",3,6.16
"pc5","rpi-4cpu",0.2,"seadec",2,6.17
"pc5","rpi-4cpu",0.2,"seadec",4,6.75
"pc5","rpi-4cpu",0.2,"seadec",4,5.75
"pc5","rpi-4cpu",0.2,"seadec",1,5.8
"pc5","rpi-4cpu",0.2,"seadec",3,5.84
"pc5","rpi-4cpu",0.2,"seadec",2,6.57
"pc5","rpi-4cpu",0.2,"seadec",4,6.15
"pc5","rpi-4cpu",0.2,"seadec",3,6.16
"pc5","rpi-4cpu",0.2,"seadec",1,6.3
"pc5","rpi-4cpu",0.2,"seadec",2,7.06
"pc5","rpi-4cpu",0.2,"seadec",3,6.25
"pc5","rpi-4cpu",0.2,"seadec",4,6.43
"pc5","rpi-4cpu",0.2,"seadec",1,6.48
"pc5","rpi-4cpu",0.2,"seadec",2,6.97
"pc5","rpi-4cpu",0.2,"seadec",2,6.45
"pc5","rpi-4cpu",0.2,"seadec",4,6.44
"pc5","rpi-4cpu",0.2,"seadec",1,6.68
"pc5","rpi-4cpu",0.2,"seadec",3,7.44
"pc5","rpi-4cpu",0.2,"seadec",2,6.53
"pc5","rpi-4cpu",0.2,"seadec",4,6.53
"pc5","rpi-4cpu",0.2,"seadec",1,7.18
"pc5","rpi-4cpu",0.2,"seadec",3,7.16
"pc5","rpi-4cpu",0.2,"seadec",4,6.2
"pc5","rpi-4cpu",0.2,"seadec",3,8.38
"pc5","rpi-4cpu",0.2,"seadec",2,8.41
"pc5","rpi-4cpu",0.2,"seadec",1,8.41
"pc5","rpi-4cpu",0.2,"seadec",3,6.06
"pc5","rpi-4cpu",0.2,"seadec",4,6.04
"pc5","rpi-4cpu",0.2,"seadec",1,6.8
"pc5","rpi-4cpu",0.2,"seadec",2,6.87
"pc5","rpi-4cpu",0.2,"seadec",2,6.48
"pc5","rpi-4cpu",0.2,"seadec",4,6.54
"pc5","rpi-4cpu",0.2,"seadec",1,7.19
"pc5","rpi-4cpu",0.2,"seadec",3,7.16
"pc5","rpi-4cpu",0.2,"seadec",3,6.25
"pc5","rpi-4cpu",0.2,"seadec",4,6.32
"pc5","rpi-4cpu",0.2,"seadec",1,7.17
"pc5","rpi-4cpu",0.2,"seadec",2,7.26
"pc5","rpi-4cpu",0.2,"seadec",3,6.53
"pc5","rpi-4cpu",0.2,"seadec",4,6.53
"pc5","rpi-4cpu",0.2,"seadec",2,7.91
"pc5","rpi-4cpu",0.2,"seadec",1,8.18
"pc5","rpi-4cpu",0.2,"seadec",4,6.64
"pc5","rpi-4cpu",0.2,"seadec",3,6.67
"pc5","rpi-4cpu",0.2,"seadec",1,7.49
"pc5","rpi-4cpu",0.2,"seadec",2,7.67
"pc5","rpi-4cpu",0.2,"seadec",4,6.05
"pc5","rpi-4cpu",0.2,"seadec",3,6.06
"pc5","rpi-4cpu",0.2,"seadec",1,6.88
"pc5","rpi-4cpu",0.2,"seadec",2,7.07
"pc5","rpi-4cpu",0.2,"seadec",3,6.66
"pc5","rpi-4cpu",0.2,"seadec",4,6.76
"pc5","rpi-4cpu",0.2,"seadec",1,7.39
"pc5","rpi-4cpu",0.2,"seadec",2,7.49
"pc5","rpi-4cpu",0.2,"seadec",3,6.35
"pc5","rpi-4cpu",0.2,"seadec",4,6.43
"pc5","rpi-4cpu",0.2,"seadec",1,7.29
"pc5","rpi-4cpu",0.2,"seadec",2,7.26
"pc5","rpi-4cpu",0.2,"seadec",3,5.73
"pc5","rpi-4cpu",0.2,"seadec",4,5.73
"pc5","rpi-4cpu",0.2,"seadec",1,6.47
"pc5","rpi-4cpu",0.2,"seadec",2,7.65
"pc5","rpi-4cpu",0.2,"seadec",2,6.65
"pc5","rpi-4cpu",0.2,"seadec",4,6.73
"pc5","rpi-4cpu",0.2,"seadec",1,7.5
"pc5","rpi-4cpu",0.2,"seadec",3,7.58
"pc5","rpi-4cpu",0.2,"seadec",3,6.46
"pc5","rpi-4cpu",0.2,"seadec",4,6.64
"pc5","rpi-4cpu",0.2,"seadec",1,7.07
"pc5","rpi-4cpu",0.2,"seadec",2,7.17
"pc5","rpi-4cpu",0.2,"seadec",4,6.72
"pc5","rpi-4cpu",0.2,"seadec",2,6.84
"pc5","rpi-4cpu",0.2,"seadec",1,7.57
"pc5","rpi-4cpu",0.2,"seadec",3,7.53
"pc5","rpi-4cpu",0.2,"seadec",3,6.24
"pc5","rpi-4cpu",0.2,"seadec",4,6.25
"pc5","rpi-4cpu",0.2,"seadec",1,6.68
"pc5","rpi-4cpu",0.2,"seadec",2,6.96
"pc5","rpi-4cpu",0.2,"seadec",4,6.74
"pc5","rpi-4cpu",0.2,"seadec",2,6.86
"pc5","rpi-4cpu",0.2,"seadec",1,7.49
"pc5","rpi-4cpu",0.2,"seadec",3,7.46
"pc5","rpi-4cpu",0.2,"seadec",3,6.62
"pc5","rpi-4cpu",0.2,"seadec",4,6.62
"pc5","rpi-4cpu",0.2,"seadec",1,7.27
"pc5","rpi-4cpu",0.2,"seadec",2,7.45
"pc5","rpi-4cpu",0.2,"SMA",1,7.88
"pc5","rpi-4cpu",0.2,"SMA",3,7.95
"pc5","rpi-4cpu",0.2,"SMA",4,8.45
"pc5","rpi-4cpu",0.2,"SMA",2,8.66
"pc5","rpi-4cpu",0.2,"SMA",3,7.14
"pc5","rpi-4cpu",0.2,"SMA",4,7.34
"pc5","rpi-4cpu",0.2,"SMA",2,8.06
"pc5","rpi-4cpu",0.2,"SMA",1,8.09
"pc5","rpi-4cpu",0.2,"SMA",1,7.78
"pc5","rpi-4cpu",0.2,"SMA",4,7.83
"pc5","rpi-4cpu",0.2,"SMA",2,8.56
"pc5","rpi-4cpu",0.2,"SMA",3,8.54
"pc5","rpi-4cpu",0.2,"SMA",4,7.13
"pc5","rpi-4cpu",0.2,"SMA",3,7.23
"pc5","rpi-4cpu",0.2,"SMA",1,7.86
"pc5","rpi-4cpu",0.2,"SMA",2,7.94
"pc5","rpi-4cpu",0.2,"SMA",3,7.95
"pc5","rpi-4cpu",0.2,"SMA",4,8.05
"pc5","rpi-4cpu",0.2,"SMA",1,8.39
"pc5","rpi-4cpu",0.2,"SMA",2,8.68
"pc5","rpi-4cpu",0.2,"SMA",3,12.93
"pc5","rpi-4cpu",0.2,"SMA",1,12.96
"pc5","rpi-4cpu",0.2,"SMA",4,12.96
"pc5","rpi-4cpu",0.2,"SMA",2,12.95
"pc5","rpi-4cpu",0.2,"SMA",4,7.75
"pc5","rpi-4cpu",0.2,"SMA",3,7.86
"pc5","rpi-4cpu",0.2,"SMA",2,8.27
"pc5","rpi-4cpu",0.2,"SMA",1,8.48
"pc5","rpi-4cpu",0.2,"SMA",4,7.36
"pc5","rpi-4cpu",0.2,"SMA",3,7.36
"pc5","rpi-4cpu",0.2,"SMA",2,7.76
"pc5","rpi-4cpu",0.2,"SMA",1,8.19
"pc5","rpi-4cpu",0.2,"SMA",2,7.66
"pc5","rpi-4cpu",0.2,"SMA",4,7.75
"pc5","rpi-4cpu",0.2,"SMA",3,8.07
"pc5","rpi-4cpu",0.2,"SMA",1,8.29
"pc5","rpi-4cpu",0.2,"SMA",3,7.43
"pc5","rpi-4cpu",0.2,"SMA",4,7.51
"pc5","rpi-4cpu",0.2,"SMA",2,7.94
"pc5","rpi-4cpu",0.2,"SMA",1,8.26
"pc5","rpi-4cpu",0.2,"SMA",4,7.26
"pc5","rpi-4cpu",0.2,"SMA",3,7.28
"pc5","rpi-4cpu",0.2,"SMA",2,7.57
"pc5","rpi-4cpu",0.2,"SMA",1,7.98
"pc5","rpi-4cpu",0.2,"SMA",3,7.64
"pc5","rpi-4cpu",0.2,"SMA",4,7.84
"pc5","rpi-4cpu",0.2,"SMA",2,7.96
"pc5","rpi-4cpu",0.2,"SMA",1,8.08
"pc5","rpi-4cpu",0.2,"SMA",3,7.55
"pc5","rpi-4cpu",0.2,"SMA",4,7.63
"pc5","rpi-4cpu",0.2,"SMA",1,7.78
"pc5","rpi-4cpu",0.2,"SMA",2,7.85
"pc5","rpi-4cpu",0.2,"SMA",4,7.79
"pc5","rpi-4cpu",0.2,"SMA",3,7.79
"pc5","rpi-4cpu",0.2,"SMA",2,8.28
"pc5","rpi-4cpu",0.2,"SMA",1,8.52
"pc5","rpi-4cpu",0.2,"SMA",3,8.12
"pc5","rpi-4cpu",0.2,"SMA",4,8.2
"pc5","rpi-4cpu",0.2,"SMA",2,8.41
"pc5","rpi-4cpu",0.2,"SMA",1,8.44
"pc5","rpi-4cpu",0.2,"SMA",4,6.97
"pc5","rpi-4cpu",0.2,"SMA",3,7.1
"pc5","rpi-4cpu",0.2,"SMA",1,7.46
"pc5","rpi-4cpu",0.2,"SMA",2,7.51
"pc5","rpi-4cpu",0.2,"SMA",3,7.77
"pc5","rpi-4cpu",0.2,"SMA",4,7.86
"pc5","rpi-4cpu",0.2,"SMA",1,8.09
"pc5","rpi-4cpu",0.2,"SMA",2,8.18
"pc5","rpi-4cpu",0.2,"SMA",4,7.16
"pc5","rpi-4cpu",0.2,"SMA",3,7.26
"pc5","rpi-4cpu",0.2,"SMA",1,7.59
"pc5","rpi-4cpu",0.2,"SMA",2,7.78
"pc5","rpi-4cpu",0.2,"SMA",3,7.21
"pc5","rpi-4cpu",0.2,"SMA",4,7.19
"pc5","rpi-4cpu",0.2,"SMA",2,7.61
"pc5","rpi-4cpu",0.2,"SMA",1,7.77
"pc5","rpi-4cpu",0.2,"SMA",4,7.77
"pc5","rpi-4cpu",0.2,"SMA",3,7.77
"pc5","rpi-4cpu",0.2,"SMA",1,8.06
"pc5","rpi-4cpu",0.2,"SMA",2,8.22
"pc5","rpi-4cpu",0.2,"SMA",3,7.55
"pc5","rpi-4cpu",0.2,"SMA",4,7.63
"pc5","rpi-4cpu",0.2,"SMA",2,7.95
"pc5","rpi-4cpu",0.2,"SMA",1,7.97
"pc5","rpi-4cpu",0.2,"SMA",3,7.26
"pc5","rpi-4cpu",0.2,"SMA",4,7.43
"pc5","rpi-4cpu",0.2,"SMA",1,7.66
"pc5","rpi-4cpu",0.2,"SMA",2,7.65
"pc5","rpi-4cpu",0.2,"SMA",3,7.66
"pc5","rpi-4cpu",0.2,"SMA",4,7.72
"pc5","rpi-4cpu",0.2,"SMA",2,7.95
"pc5","rpi-4cpu",0.2,"SMA",1,7.97
"pc5","rpi-4cpu",0.2,"SMA",3,7.53
"pc5","rpi-4cpu",0.2,"SMA",1,8.09
"pc5","rpi-4cpu",0.2,"SMA",2,8.16
"pc5","rpi-4cpu",0.2,"SMA",4,8.32
"pc5","rpi-4cpu",0.2,"SMA",3,7.23
"pc5","rpi-4cpu",0.2,"SMA",1,7.47
"pc5","rpi-4cpu",0.2,"SMA",2,7.65
"pc5","rpi-4cpu",0.2,"SMA",4,7.71
"pc5","rpi-4cpu",0.2,"SMA",3,7.88
"pc5","rpi-4cpu",0.2,"SMA",2,8.07
"pc5","rpi-4cpu",0.2,"SMA",1,8.18
"pc5","rpi-4cpu",0.2,"SMA",4,8.26
"pc5","rpi-4cpu",0.2,"SMA",3,7.18
"pc5","rpi-4cpu",0.2,"SMA",2,7.6
"pc5","rpi-4cpu",0.2,"SMA",1,7.6
"pc5","rpi-4cpu",0.2,"SMA",4,8.07
"pc5","rpi-4cpu",0.2,"SMA",3,7.42
"pc5","rpi-4cpu",0.2,"SMA",1,7.66
"pc5","rpi-4cpu",0.2,"SMA",2,7.71
"pc5","rpi-4cpu",0.2,"SMA",4,8
"pc5","rpi-4cpu",0.2,"SMA",1,8.07
"pc5","rpi-4cpu",0.2,"SMA",2,8.16
"pc5","rpi-4cpu",0.2,"SMA",3,8.46
"pc5","rpi-4cpu",0.2,"SMA",4,8.67
"pc5","rpi-4cpu",0.2,"SMA",1,7.55
"pc5","rpi-4cpu",0.2,"SMA",2,7.73
"pc5","rpi-4cpu",0.2,"SMA",3,8.01
"pc5","rpi-4cpu",0.2,"SMA",4,8.01
"pc5","rpi-4cpu",0.3,"stine",4,4.7
"pc5","rpi-4cpu",0.3,"stine",2,5.01
"pc5","rpi-4cpu",0.3,"stine",1,5.02
"pc5","rpi-4cpu",0.3,"stine",3,5.09
"pc5","rpi-4cpu",0.3,"stine",3,4.47
"pc5","rpi-4cpu",0.3,"stine",1,4.78
"pc5","rpi-4cpu",0.3,"stine",2,4.79
"pc5","rpi-4cpu",0.3,"stine",4,5.78
"pc5","rpi-4cpu",0.3,"stine",4,4.23
"pc5","rpi-4cpu",0.3,"stine",2,4.95
"pc5","rpi-4cpu",0.3,"stine",1,4.95
"pc5","rpi-4cpu",0.3,"stine",3,5.55
"pc5","rpi-4cpu",0.3,"stine",4,3.81
"pc5","rpi-4cpu",0.3,"stine",1,4.33
"pc5","rpi-4cpu",0.3,"stine",2,4.34
"pc5","rpi-4cpu",0.3,"stine",3,5.21
"pc5","rpi-4cpu",0.3,"stine",4,4.25
"pc5","rpi-4cpu",0.3,"stine",1,4.69
"pc5","rpi-4cpu",0.3,"stine",2,4.78
"pc5","rpi-4cpu",0.3,"stine",3,5.56
"pc5","rpi-4cpu",0.3,"stine",2,3.95
"pc5","rpi-4cpu",0.3,"stine",4,4.23
"pc5","rpi-4cpu",0.3,"stine",1,4.57
"pc5","rpi-4cpu",0.3,"stine",3,5.54
"pc5","rpi-4cpu",0.3,"stine",2,3.57
"pc5","rpi-4cpu",0.3,"stine",4,3.77
"pc5","rpi-4cpu",0.3,"stine",1,4.31
"pc5","rpi-4cpu",0.3,"stine",3,5.18
"pc5","rpi-4cpu",0.3,"stine",4,3.96
"pc5","rpi-4cpu",0.3,"stine",1,4.54
"pc5","rpi-4cpu",0.3,"stine",3,5.58
"pc5","rpi-4cpu",0.3,"stine",2,5.62
"pc5","rpi-4cpu",0.3,"stine",4,4.63
"pc5","rpi-4cpu",0.3,"stine",1,5.26
"pc5","rpi-4cpu",0.3,"stine",3,5.97
"pc5","rpi-4cpu",0.3,"stine",2,6.06
"pc5","rpi-4cpu",0.3,"stine",4,4.47
"pc5","rpi-4cpu",0.3,"stine",1,4.9
"pc5","rpi-4cpu",0.3,"stine",3,6.06
"pc5","rpi-4cpu",0.3,"stine",2,6.09
"pc5","rpi-4cpu",0.3,"stine",1,4.06
"pc5","rpi-4cpu",0.3,"stine",4,4.33
"pc5","rpi-4cpu",0.3,"stine",2,5.75
"pc5","rpi-4cpu",0.3,"stine",3,5.85
"pc5","rpi-4cpu",0.3,"stine",1,4.07
"pc5","rpi-4cpu",0.3,"stine",4,4.34
"pc5","rpi-4cpu",0.3,"stine",2,5.84
"pc5","rpi-4cpu",0.3,"stine",3,5.84
"pc5","rpi-4cpu",0.3,"stine",3,4.85
"pc5","rpi-4cpu",0.3,"stine",1,6.4
"pc5","rpi-4cpu",0.3,"stine",2,6.46
"pc5","rpi-4cpu",0.3,"stine",4,6.45
"pc5","rpi-4cpu",0.3,"stine",4,4.54
"pc5","rpi-4cpu",0.3,"stine",1,5.96
"pc5","rpi-4cpu",0.3,"stine",3,5.96
"pc5","rpi-4cpu",0.3,"stine",2,6.04
"pc5","rpi-4cpu",0.3,"stine",4,4.57
"pc5","rpi-4cpu",0.3,"stine",1,6.3
"pc5","rpi-4cpu",0.3,"stine",2,6.39
"pc5","rpi-4cpu",0.3,"stine",3,6.46
"pc5","rpi-4cpu",0.3,"stine",4,4.34
"pc5","rpi-4cpu",0.3,"stine",1,6.08
"pc5","rpi-4cpu",0.3,"stine",3,6.17
"pc5","rpi-4cpu",0.3,"stine",2,6.26
"pc5","rpi-4cpu",0.3,"stine",4,4.28
"pc5","rpi-4cpu",0.3,"stine",3,6
"pc5","rpi-4cpu",0.3,"stine",1,6.09
"pc5","rpi-4cpu",0.3,"stine",2,6.09
"pc5","rpi-4cpu",0.3,"stine",4,4.15
"pc5","rpi-4cpu",0.3,"stine",3,5.38
"pc5","rpi-4cpu",0.3,"stine",1,5.68
"pc5","rpi-4cpu",0.3,"stine",2,5.68
"pc5","rpi-4cpu",0.3,"stine",4,4.75
"pc5","rpi-4cpu",0.3,"stine",3,5.76
"pc5","rpi-4cpu",0.3,"stine",2,5.96
"pc5","rpi-4cpu",0.3,"stine",1,6.07
"pc5","rpi-4cpu",0.3,"stine",4,4.63
"pc5","rpi-4cpu",0.3,"stine",3,5.63
"pc5","rpi-4cpu",0.3,"stine",2,5.88
"pc5","rpi-4cpu",0.3,"stine",1,5.97
"pc5","rpi-4cpu",0.3,"stine",4,4.18
"pc5","rpi-4cpu",0.3,"stine",3,5.37
"pc5","rpi-4cpu",0.3,"stine",2,5.6
"pc5","rpi-4cpu",0.3,"stine",1,5.68
"pc5","rpi-4cpu",0.3,"stine",4,4.69
"pc5","rpi-4cpu",0.3,"stine",3,5.89
"pc5","rpi-4cpu",0.3,"stine",2,6.08
"pc5","rpi-4cpu",0.3,"stine",1,6.1
"pc5","rpi-4cpu",0.3,"stine",4,4.84
"pc5","rpi-4cpu",0.3,"stine",3,5.46
"pc5","rpi-4cpu",0.3,"stine",2,6.06
"pc5","rpi-4cpu",0.3,"stine",1,6.08
"pc5","rpi-4cpu",0.3,"stine",4,4.73
"pc5","rpi-4cpu",0.3,"stine",3,5.75
"pc5","rpi-4cpu",0.3,"stine",2,5.84
"pc5","rpi-4cpu",0.3,"stine",1,5.86
"pc5","rpi-4cpu",0.3,"stine",4,4.46
"pc5","rpi-4cpu",0.3,"stine",3,5.77
"pc5","rpi-4cpu",0.3,"stine",1,5.8
"pc5","rpi-4cpu",0.3,"stine",2,5.87
"pc5","rpi-4cpu",0.3,"stine",4,4.38
"pc5","rpi-4cpu",0.3,"stine",1,5.68
"pc5","rpi-4cpu",0.3,"stine",2,5.68
"pc5","rpi-4cpu",0.3,"stine",3,5.68
"pc5","rpi-4cpu",0.3,"stine",4,4.53
"pc5","rpi-4cpu",0.3,"stine",2,5.78
"pc5","rpi-4cpu",0.3,"stine",3,5.96
"pc5","rpi-4cpu",0.3,"stine",1,6.17
"pc5","rpi-4cpu",0.3,"stine",4,4.22
"pc5","rpi-4cpu",0.3,"stine",1,5.96
"pc5","rpi-4cpu",0.3,"stine",3,5.95
"pc5","rpi-4cpu",0.3,"stine",2,6.04
"pc5","rpi-4cpu",0.3,"stine",3,4.4
"pc5","rpi-4cpu",0.3,"stine",4,4.57
"pc5","rpi-4cpu",0.3,"stine",1,5.92
"pc5","rpi-4cpu",0.3,"stine",2,5.99
"pc5","rpi-4cpu",0.3,"stine",3,4.25
"pc5","rpi-4cpu",0.3,"stine",4,4.37
"pc5","rpi-4cpu",0.3,"stine",2,5.78
"pc5","rpi-4cpu",0.3,"stine",1,5.87
"pc5","rpi-4cpu",0.3,"locf",2,3.88
"pc5","rpi-4cpu",0.3,"locf",4,4.06
"pc5","rpi-4cpu",0.3,"locf",3,5.36
"pc5","rpi-4cpu",0.3,"locf",1,5.39
"pc5","rpi-4cpu",0.3,"locf",3,3.96
"pc5","rpi-4cpu",0.3,"locf",4,4.16
"pc5","rpi-4cpu",0.3,"locf",1,5.77
"pc5","rpi-4cpu",0.3,"locf",2,5.77
"pc5","rpi-4cpu",0.3,"locf",3,3.75
"pc5","rpi-4cpu",0.3,"locf",4,3.96
"pc5","rpi-4cpu",0.3,"locf",1,5.45
"pc5","rpi-4cpu",0.3,"locf",2,5.45
"pc5","rpi-4cpu",0.3,"locf",3,4.05
"pc5","rpi-4cpu",0.3,"locf",4,4.24
"pc5","rpi-4cpu",0.3,"locf",1,6.9
"pc5","rpi-4cpu",0.3,"locf",2,7.76
"pc5","rpi-4cpu",0.3,"locf",1,4.07
"pc5","rpi-4cpu",0.3,"locf",3,4.15
"pc5","rpi-4cpu",0.3,"locf",2,5.56
"pc5","rpi-4cpu",0.3,"locf",4,6.95
"pc5","rpi-4cpu",0.3,"locf",4,3.75
"pc5","rpi-4cpu",0.3,"locf",2,3.77
"pc5","rpi-4cpu",0.3,"locf",3,3.87
"pc5","rpi-4cpu",0.3,"locf",1,5.26
"pc5","rpi-4cpu",0.3,"locf",2,3.98
"pc5","rpi-4cpu",0.3,"locf",3,3.98
"pc5","rpi-4cpu",0.3,"locf",1,5.4
"pc5","rpi-4cpu",0.3,"locf",4,5.56
"pc5","rpi-4cpu",0.3,"locf",4,3.95
"pc5","rpi-4cpu",0.3,"locf",3,3.95
"pc5","rpi-4cpu",0.3,"locf",1,5.56
"pc5","rpi-4cpu",0.3,"locf",2,5.56
"pc5","rpi-4cpu",0.3,"locf",2,4.13
"pc5","rpi-4cpu",0.3,"locf",3,4.19
"pc5","rpi-4cpu",0.3,"locf",1,5.75
"pc5","rpi-4cpu",0.3,"locf",4,5.77
"pc5","rpi-4cpu",0.3,"locf",1,3.99
"pc5","rpi-4cpu",0.3,"locf",2,4.85
"pc5","rpi-4cpu",0.3,"locf",3,4.82
"pc5","rpi-4cpu",0.3,"locf",4,5.36
"pc5","rpi-4cpu",0.3,"locf",1,3.89
"pc5","rpi-4cpu",0.3,"locf",3,3.97
"pc5","rpi-4cpu",0.3,"locf",2,3.97
"pc5","rpi-4cpu",0.3,"locf",4,5.55
"pc5","rpi-4cpu",0.3,"locf",1,3.69
"pc5","rpi-4cpu",0.3,"locf",2,3.85
"pc5","rpi-4cpu",0.3,"locf",3,3.87
"pc5","rpi-4cpu",0.3,"locf",4,5.35
"pc5","rpi-4cpu",0.3,"locf",1,3.95
"pc5","rpi-4cpu",0.3,"locf",3,3.93
"pc5","rpi-4cpu",0.3,"locf",2,3.93
"pc5","rpi-4cpu",0.3,"locf",4,5.37
"pc5","rpi-4cpu",0.3,"locf",2,3.83
"pc5","rpi-4cpu",0.3,"locf",3,3.83
"pc5","rpi-4cpu",0.3,"locf",1,3.88
"pc5","rpi-4cpu",0.3,"locf",4,5.35
"pc5","rpi-4cpu",0.3,"locf",2,3.53
"pc5","rpi-4cpu",0.3,"locf",1,3.53
"pc5","rpi-4cpu",0.3,"locf",3,3.6
"pc5","rpi-4cpu",0.3,"locf",4,5.08
"pc5","rpi-4cpu",0.3,"locf",3,3.75
"pc5","rpi-4cpu",0.3,"locf",1,3.78
"pc5","rpi-4cpu",0.3,"locf",2,3.86
"pc5","rpi-4cpu",0.3,"locf",4,5.16
"pc5","rpi-4cpu",0.3,"locf",1,3.75
"pc5","rpi-4cpu",0.3,"locf",2,3.75
"pc5","rpi-4cpu",0.3,"locf",3,3.77
"pc5","rpi-4cpu",0.3,"locf",4,5.25
"pc5","rpi-4cpu",0.3,"locf",2,4.13
"pc5","rpi-4cpu",0.3,"locf",3,4.13
"pc5","rpi-4cpu",0.3,"locf",1,4.17
"pc5","rpi-4cpu",0.3,"locf",4,5.72
"pc5","rpi-4cpu",0.3,"locf",1,3.75
"pc5","rpi-4cpu",0.3,"locf",2,3.86
"pc5","rpi-4cpu",0.3,"locf",3,3.93
"pc5","rpi-4cpu",0.3,"locf",4,5.53
"pc5","rpi-4cpu",0.3,"locf",3,4.1
"pc5","rpi-4cpu",0.3,"locf",1,4.18
"pc5","rpi-4cpu",0.3,"locf",2,4.19
"pc5","rpi-4cpu",0.3,"locf",4,5.55
"pc5","rpi-4cpu",0.3,"locf",1,4.09
"pc5","rpi-4cpu",0.3,"locf",2,4.06
"pc5","rpi-4cpu",0.3,"locf",3,4.07
"pc5","rpi-4cpu",0.3,"locf",4,5.55
"pc5","rpi-4cpu",0.3,"locf",1,4.08
"pc5","rpi-4cpu",0.3,"locf",2,4.12
"pc5","rpi-4cpu",0.3,"locf",3,4.13
"pc5","rpi-4cpu",0.3,"locf",4,5.45
"pc5","rpi-4cpu",0.3,"locf",1,3.73
"pc5","rpi-4cpu",0.3,"locf",2,3.8
"pc5","rpi-4cpu",0.3,"locf",3,3.8
"pc5","rpi-4cpu",0.3,"locf",4,5.3
"pc5","rpi-4cpu",0.3,"locf",3,3.73
"pc5","rpi-4cpu",0.3,"locf",1,3.79
"pc5","rpi-4cpu",0.3,"locf",2,3.85
"pc5","rpi-4cpu",0.3,"locf",4,5.34
"pc5","rpi-4cpu",0.3,"locf",3,3.55
"pc5","rpi-4cpu",0.3,"locf",2,3.65
"pc5","rpi-4cpu",0.3,"locf",1,3.67
"pc5","rpi-4cpu",0.3,"locf",4,5.34
"pc5","rpi-4cpu",0.3,"locf",3,3.63
"pc5","rpi-4cpu",0.3,"locf",2,3.73
"pc5","rpi-4cpu",0.3,"locf",1,3.75
"pc5","rpi-4cpu",0.3,"locf",4,5.15
"pc5","rpi-4cpu",0.3,"locf",3,3.51
"pc5","rpi-4cpu",0.3,"locf",2,3.55
"pc5","rpi-4cpu",0.3,"locf",1,3.55
"pc5","rpi-4cpu",0.3,"locf",4,4.93
"pc5","rpi-4cpu",0.3,"locf",2,3.84
"pc5","rpi-4cpu",0.3,"locf",1,3.84
"pc5","rpi-4cpu",0.3,"locf",3,3.84
"pc5","rpi-4cpu",0.3,"locf",4,5.43
"pc5","rpi-4cpu",0.3,"locf",1,3.58
"pc5","rpi-4cpu",0.3,"locf",3,3.64
"pc5","rpi-4cpu",0.3,"locf",2,3.67
"pc5","rpi-4cpu",0.3,"locf",4,4.75
"pc5","rpi-4cpu",0.3,"locf",3,3.64
"pc5","rpi-4cpu",0.3,"locf",1,3.67
"pc5","rpi-4cpu",0.3,"locf",2,3.73
"pc5","rpi-4cpu",0.3,"locf",4,5.23
"pc5","rpi-4cpu",0.3,"ssa",3,10.05
"pc5","rpi-4cpu",0.3,"ssa",2,10.73
"pc5","rpi-4cpu",0.3,"ssa",1,10.85
"pc5","rpi-4cpu",0.3,"ssa",4,11.32
"pc5","rpi-4cpu",0.3,"ssa",4,10.55
"pc5","rpi-4cpu",0.3,"ssa",3,10.65
"pc5","rpi-4cpu",0.3,"ssa",2,11.58
"pc5","rpi-4cpu",0.3,"ssa",1,11.77
"pc5","rpi-4cpu",0.3,"ssa",4,10.04
"pc5","rpi-4cpu",0.3,"ssa",2,10.25
"pc5","rpi-4cpu",0.3,"ssa",3,10.76
"pc5","rpi-4cpu",0.3,"ssa",1,11.25
"pc5","rpi-4cpu",0.3,"ssa",2,14.44
"pc5","rpi-4cpu",0.3,"ssa",1,14.46
"pc5","rpi-4cpu",0.3,"ssa",3,14.44
"pc5","rpi-4cpu",0.3,"ssa",4,15.52
"pc5","rpi-4cpu",0.3,"ssa",1,10.75
"pc5","rpi-4cpu",0.3,"ssa",3,10.79
"pc5","rpi-4cpu",0.3,"ssa",4,10.93
"pc5","rpi-4cpu",0.3,"ssa",2,11.84
"pc5","rpi-4cpu",0.3,"ssa",3,10.75
"pc5","rpi-4cpu",0.3,"ssa",1,10.85
"pc5","rpi-4cpu",0.3,"ssa",2,11.84
"pc5","rpi-4cpu",0.3,"ssa",4,12.15
"pc5","rpi-4cpu",0.3,"ssa",4,10.48
"pc5","rpi-4cpu",0.3,"ssa",2,10.54
"pc5","rpi-4cpu",0.3,"ssa",3,11.1
"pc5","rpi-4cpu",0.3,"ssa",1,11.16
"pc5","rpi-4cpu",0.3,"ssa",2,10.73
"pc5","rpi-4cpu",0.3,"ssa",1,10.76
"pc5","rpi-4cpu",0.3,"ssa",4,10.84
"pc5","rpi-4cpu",0.3,"ssa",3,11.13
"pc5","rpi-4cpu",0.3,"ssa",4,10.41
"pc5","rpi-4cpu",0.3,"ssa",3,10.54
"pc5","rpi-4cpu",0.3,"ssa",2,11.04
"pc5","rpi-4cpu",0.3,"ssa",1,11.25
"pc5","rpi-4cpu",0.3,"ssa",3,10.55
"pc5","rpi-4cpu",0.3,"ssa",2,10.56
"pc5","rpi-4cpu",0.3,"ssa",4,10.55
"pc5","rpi-4cpu",0.3,"ssa",1,11.69
"pc5","rpi-4cpu",0.3,"ssa",4,9.52
"pc5","rpi-4cpu",0.3,"ssa",2,9.93
"pc5","rpi-4cpu",0.3,"ssa",1,10.14
"pc5","rpi-4cpu",0.3,"ssa",3,10.52
"pc5","rpi-4cpu",0.3,"ssa",2,10.26
"pc5","rpi-4cpu",0.3,"ssa",1,10.38
"pc5","rpi-4cpu",0.3,"ssa",4,10.84
"pc5","rpi-4cpu",0.3,"ssa",3,11.17
"pc5","rpi-4cpu",0.3,"ssa",3,10.99
"pc5","rpi-4cpu",0.3,"ssa",1,11.33
"pc5","rpi-4cpu",0.3,"ssa",4,11.48
"pc5","rpi-4cpu",0.3,"ssa",2,12.11
"pc5","rpi-4cpu",0.3,"ssa",3,10.04
"pc5","rpi-4cpu",0.3,"ssa",1,10.37
"pc5","rpi-4cpu",0.3,"ssa",2,11.34
"pc5","rpi-4cpu",0.3,"ssa",4,11.82
"pc5","rpi-4cpu",0.3,"ssa",4,10.85
"pc5","rpi-4cpu",0.3,"ssa",2,10.97
"pc5","rpi-4cpu",0.3,"ssa",1,11.08
"pc5","rpi-4cpu",0.3,"ssa",3,11.16
"pc5","rpi-4cpu",0.3,"ssa",4,10.03
"pc5","rpi-4cpu",0.3,"ssa",1,10.11
"pc5","rpi-4cpu",0.3,"ssa",2,10.37
"pc5","rpi-4cpu",0.3,"ssa",3,10.69
"pc5","rpi-4cpu",0.3,"ssa",4,10.49
"pc5","rpi-4cpu",0.3,"ssa",3,10.52
"pc5","rpi-4cpu",0.3,"ssa",2,10.82
"pc5","rpi-4cpu",0.3,"ssa",1,11.32
"pc5","rpi-4cpu",0.3,"ssa",2,10.07
"pc5","rpi-4cpu",0.3,"ssa",3,10.49
"pc5","rpi-4cpu",0.3,"ssa",4,10.54
"pc5","rpi-4cpu",0.3,"ssa",1,12.15
"pc5","rpi-4cpu",0.3,"ssa",2,10.18
"pc5","rpi-4cpu",0.3,"ssa",1,10.3
"pc5","rpi-4cpu",0.3,"ssa",4,10.3
"pc5","rpi-4cpu",0.3,"ssa",3,10.85
"pc5","rpi-4cpu",0.3,"ssa",1,10.39
"pc5","rpi-4cpu",0.3,"ssa",2,10.87
"pc5","rpi-4cpu",0.3,"ssa",3,11.45
"pc5","rpi-4cpu",0.3,"ssa",4,11.86
"pc5","rpi-4cpu",0.3,"ssa",3,10.35
"pc5","rpi-4cpu",0.3,"ssa",1,10.55
"pc5","rpi-4cpu",0.3,"ssa",4,10.82
"pc5","rpi-4cpu",0.3,"ssa",2,11.95
"pc5","rpi-4cpu",0.3,"ssa",3,10.43
"pc5","rpi-4cpu",0.3,"ssa",1,11.36
"pc5","rpi-4cpu",0.3,"ssa",2,11.56
"pc5","rpi-4cpu",0.3,"ssa",4,12.15
"pc5","rpi-4cpu",0.3,"ssa",4,10.74
"pc5","rpi-4cpu",0.3,"ssa",2,11.08
"pc5","rpi-4cpu",0.3,"ssa",3,11.13
"pc5","rpi-4cpu",0.3,"ssa",1,11.13
"pc5","rpi-4cpu",0.3,"ssa",1,10.3
"pc5","rpi-4cpu",0.3,"ssa",4,10.46
"pc5","rpi-4cpu",0.3,"ssa",2,10.79
"pc5","rpi-4cpu",0.3,"ssa",3,11.16
"pc5","rpi-4cpu",0.3,"ssa",4,10.5
"pc5","rpi-4cpu",0.3,"ssa",3,10.74
"pc5","rpi-4cpu",0.3,"ssa",2,10.96
"pc5","rpi-4cpu",0.3,"ssa",1,11.37
"pc5","rpi-4cpu",0.3,"ssa",3,10.36
"pc5","rpi-4cpu",0.3,"ssa",2,10.46
"pc5","rpi-4cpu",0.3,"ssa",4,10.47
"pc5","rpi-4cpu",0.3,"ssa",1,11.97
"pc5","rpi-4cpu",0.3,"ssa",4,10.25
"pc5","rpi-4cpu",0.3,"ssa",2,10.29
"pc5","rpi-4cpu",0.3,"ssa",1,10.48
"pc5","rpi-4cpu",0.3,"ssa",3,11.06
"pc5","rpi-4cpu",0.3,"ssa",1,10.1
"pc5","rpi-4cpu",0.3,"ssa",2,10.17
"pc5","rpi-4cpu",0.3,"ssa",3,11.49
"pc5","rpi-4cpu",0.3,"ssa",4,13.76
"pc5","rpi-4cpu",0.3,"ssa",1,10.06
"pc5","rpi-4cpu",0.3,"ssa",3,10.87
"pc5","rpi-4cpu",0.3,"ssa",4,10.96
"pc5","rpi-4cpu",0.3,"ssa",2,11.76
"pc5","rpi-4cpu",0.3,"ssa",1,10.76
"pc5","rpi-4cpu",0.3,"ssa",3,11.01
"pc5","rpi-4cpu",0.3,"ssa",4,12.32
"pc5","rpi-4cpu",0.3,"ssa",2,12.43
"pc5","rpi-4cpu",0.3,"seadec",2,3.58
"pc5","rpi-4cpu",0.3,"seadec",4,3.66
"pc5","rpi-4cpu",0.3,"seadec",1,3.77
"pc5","rpi-4cpu",0.3,"seadec",3,3.75
"pc5","rpi-4cpu",0.3,"seadec",1,3.63
"pc5","rpi-4cpu",0.3,"seadec",3,3.68
"pc5","rpi-4cpu",0.3,"seadec",2,3.68
"pc5","rpi-4cpu",0.3,"seadec",4,3.68
"pc5","rpi-4cpu",0.3,"seadec",1,5.16
"pc5","rpi-4cpu",0.3,"seadec",3,5.16
"pc5","rpi-4cpu",0.3,"seadec",4,5.23
"pc5","rpi-4cpu",0.3,"seadec",2,5.25
"pc5","rpi-4cpu",0.3,"seadec",3,3.99
"pc5","rpi-4cpu",0.3,"seadec",2,4.01
"pc5","rpi-4cpu",0.3,"seadec",4,4.05
"pc5","rpi-4cpu",0.3,"seadec",1,4.1
"pc5","rpi-4cpu",0.3,"seadec",2,3.97
"pc5","rpi-4cpu",0.3,"seadec",4,4.04
"pc5","rpi-4cpu",0.3,"seadec",1,4.07
"pc5","rpi-4cpu",0.3,"seadec",3,4.06
"pc5","rpi-4cpu",0.3,"seadec",1,3.75
"pc5","rpi-4cpu",0.3,"seadec",4,3.75
"pc5","rpi-4cpu",0.3,"seadec",2,3.78
"pc5","rpi-4cpu",0.3,"seadec",3,3.78
"pc5","rpi-4cpu",0.3,"seadec",1,3.58
"pc5","rpi-4cpu",0.3,"seadec",4,3.75
"pc5","rpi-4cpu",0.3,"seadec",3,3.75
"pc5","rpi-4cpu",0.3,"seadec",2,3.76
"pc5","rpi-4cpu",0.3,"seadec",1,4.16
"pc5","rpi-4cpu",0.3,"seadec",3,4.16
"pc5","rpi-4cpu",0.3,"seadec",2,4.23
"pc5","rpi-4cpu",0.3,"seadec",4,4.23
"pc5","rpi-4cpu",0.3,"seadec",1,3.99
"pc5","rpi-4cpu",0.3,"seadec",4,3.99
"pc5","rpi-4cpu",0.3,"seadec",3,4.04
"pc5","rpi-4cpu",0.3,"seadec",2,4.05
"pc5","rpi-4cpu",0.3,"seadec",1,3.93
"pc5","rpi-4cpu",0.3,"seadec",3,3.99
"pc5","rpi-4cpu",0.3,"seadec",2,4.02
"pc5","rpi-4cpu",0.3,"seadec",4,4.01
"pc5","rpi-4cpu",0.3,"seadec",1,3.66
"pc5","rpi-4cpu",0.3,"seadec",4,3.65
"pc5","rpi-4cpu",0.3,"seadec",3,3.72
"pc5","rpi-4cpu",0.3,"seadec",2,3.74
"pc5","rpi-4cpu",0.3,"seadec",2,3.96
"pc5","rpi-4cpu",0.3,"seadec",1,3.96
"pc5","rpi-4cpu",0.3,"seadec",3,3.96
"pc5","rpi-4cpu",0.3,"seadec",4,4.04
"pc5","rpi-4cpu",0.3,"seadec",2,3.96
"pc5","rpi-4cpu",0.3,"seadec",1,3.99
"pc5","rpi-4cpu",0.3,"seadec",4,3.99
"pc5","rpi-4cpu",0.3,"seadec",3,4.06
"pc5","rpi-4cpu",0.3,"seadec",1,3.91
"pc5","rpi-4cpu",0.3,"seadec",4,3.95
"pc5","rpi-4cpu",0.3,"seadec",2,3.98
"pc5","rpi-4cpu",0.3,"seadec",3,4.17
"pc5","rpi-4cpu",0.3,"seadec",1,3.99
"pc5","rpi-4cpu",0.3,"seadec",4,3.96
"pc5","rpi-4cpu",0.3,"seadec",2,4.04
"pc5","rpi-4cpu",0.3,"seadec",3,4.06
"pc5","rpi-4cpu",0.3,"seadec",1,3.65
"pc5","rpi-4cpu",0.3,"seadec",4,3.73
"pc5","rpi-4cpu",0.3,"seadec",3,3.77
"pc5","rpi-4cpu",0.3,"seadec",2,3.77
"pc5","rpi-4cpu",0.3,"seadec",1,3.65
"pc5","rpi-4cpu",0.3,"seadec",4,3.65
"pc5","rpi-4cpu",0.3,"seadec",3,3.75
"pc5","rpi-4cpu",0.3,"seadec",2,3.76
"pc5","rpi-4cpu",0.3,"seadec",4,5.48
"pc5","rpi-4cpu",0.3,"seadec",2,5.48
"pc5","rpi-4cpu",0.3,"seadec",3,5.5
"pc5","rpi-4cpu",0.3,"seadec",1,5.5
"pc5","rpi-4cpu",0.3,"seadec",4,3.85
"pc5","rpi-4cpu",0.3,"seadec",2,3.85
"pc5","rpi-4cpu",0.3,"seadec",1,3.86
"pc5","rpi-4cpu",0.3,"seadec",3,3.94
"pc5","rpi-4cpu",0.3,"seadec",2,3.98
"pc5","rpi-4cpu",0.3,"seadec",1,4.01
"pc5","rpi-4cpu",0.3,"seadec",4,4.02
"pc5","rpi-4cpu",0.3,"seadec",3,4.15
"pc5","rpi-4cpu",0.3,"seadec",1,3.7
"pc5","rpi-4cpu",0.3,"seadec",4,3.69
"pc5","rpi-4cpu",0.3,"seadec",2,3.72
"pc5","rpi-4cpu",0.3,"seadec",3,3.71
"pc5","rpi-4cpu",0.3,"seadec",4,4.05
"pc5","rpi-4cpu",0.3,"seadec",2,4.07
"pc5","rpi-4cpu",0.3,"seadec",1,4.11
"pc5","rpi-4cpu",0.3,"seadec",3,4.71
"pc5","rpi-4cpu",0.3,"seadec",4,3.8
"pc5","rpi-4cpu",0.3,"seadec",1,3.93
"pc5","rpi-4cpu",0.3,"seadec",2,3.92
"pc5","rpi-4cpu",0.3,"seadec",3,4.35
"pc5","rpi-4cpu",0.3,"seadec",1,3.94
"pc5","rpi-4cpu",0.3,"seadec",2,3.98
"pc5","rpi-4cpu",0.3,"seadec",4,4
"pc5","rpi-4cpu",0.3,"seadec",3,4.38
"pc5","rpi-4cpu",0.3,"seadec",1,3.59
"pc5","rpi-4cpu",0.3,"seadec",4,3.59
"pc5","rpi-4cpu",0.3,"seadec",2,3.66
"pc5","rpi-4cpu",0.3,"seadec",3,3.97
"pc5","rpi-4cpu",0.3,"seadec",2,4.56
"pc5","rpi-4cpu",0.3,"seadec",3,4.55
"pc5","rpi-4cpu",0.3,"seadec",1,4.58
"pc5","rpi-4cpu",0.3,"seadec",4,4.65
"pc5","rpi-4cpu",0.3,"seadec",1,3.74
"pc5","rpi-4cpu",0.3,"seadec",4,3.78
"pc5","rpi-4cpu",0.3,"seadec",2,3.83
"pc5","rpi-4cpu",0.3,"seadec",3,4.29
"pc5","rpi-4cpu",0.3,"seadec",1,3.96
"pc5","rpi-4cpu",0.3,"seadec",4,3.95
"pc5","rpi-4cpu",0.3,"seadec",2,4.04
"pc5","rpi-4cpu",0.3,"seadec",3,4.45
"pc5","rpi-4cpu",0.3,"seadec",1,3.99
"pc5","rpi-4cpu",0.3,"seadec",4,4.05
"pc5","rpi-4cpu",0.3,"seadec",2,4.07
"pc5","rpi-4cpu",0.3,"seadec",3,4.46
"pc5","rpi-4cpu",0.3,"seadec",4,3.74
"pc5","rpi-4cpu",0.3,"seadec",1,3.9
"pc5","rpi-4cpu",0.3,"seadec",2,3.96
"pc5","rpi-4cpu",0.3,"seadec",3,4.24
"pc5","rpi-4cpu",0.3,"SMA",4,7.08
"pc5","rpi-4cpu",0.3,"SMA",1,7.51
"pc5","rpi-4cpu",0.3,"SMA",2,7.5
"pc5","rpi-4cpu",0.3,"SMA",3,7.75
"pc5","rpi-4cpu",0.3,"SMA",1,4.66
"pc5","rpi-4cpu",0.3,"SMA",2,4.74
"pc5","rpi-4cpu",0.3,"SMA",4,4.84
"pc5","rpi-4cpu",0.3,"SMA",3,5.22
"pc5","rpi-4cpu",0.3,"SMA",3,4.3
"pc5","rpi-4cpu",0.3,"SMA",2,4.37
"pc5","rpi-4cpu",0.3,"SMA",4,4.68
"pc5","rpi-4cpu",0.3,"SMA",1,4.79
"pc5","rpi-4cpu",0.3,"SMA",1,4.47
"pc5","rpi-4cpu",0.3,"SMA",4,4.47
"pc5","rpi-4cpu",0.3,"SMA",3,4.85
"pc5","rpi-4cpu",0.3,"SMA",2,4.86
"pc5","rpi-4cpu",0.3,"SMA",4,4.64
"pc5","rpi-4cpu",0.3,"SMA",1,5.09
"pc5","rpi-4cpu",0.3,"SMA",3,5.15
"pc5","rpi-4cpu",0.3,"SMA",2,5.26
"pc5","rpi-4cpu",0.3,"SMA",4,4.49
"pc5","rpi-4cpu",0.3,"SMA",3,4.69
"pc5","rpi-4cpu",0.3,"SMA",2,4.89
"pc5","rpi-4cpu",0.3,"SMA",1,4.89
"pc5","rpi-4cpu",0.3,"SMA",1,4.57
"pc5","rpi-4cpu",0.3,"SMA",2,4.87
"pc5","rpi-4cpu",0.3,"SMA",4,4.93
"pc5","rpi-4cpu",0.3,"SMA",3,5.04
"pc5","rpi-4cpu",0.3,"SMA",4,4.56
"pc5","rpi-4cpu",0.3,"SMA",1,4.79
"pc5","rpi-4cpu",0.3,"SMA",3,4.79
"pc5","rpi-4cpu",0.3,"SMA",2,4.97
"pc5","rpi-4cpu",0.3,"SMA",4,4.84
"pc5","rpi-4cpu",0.3,"SMA",1,5.07
"pc5","rpi-4cpu",0.3,"SMA",2,5.07
"pc5","rpi-4cpu",0.3,"SMA",3,5.07
"pc5","rpi-4cpu",0.3,"SMA",4,4.63
"pc5","rpi-4cpu",0.3,"SMA",1,4.96
"pc5","rpi-4cpu",0.3,"SMA",2,5.05
"pc5","rpi-4cpu",0.3,"SMA",3,5.05
"pc5","rpi-4cpu",0.3,"SMA",4,4.35
"pc5","rpi-4cpu",0.3,"SMA",1,4.76
"pc5","rpi-4cpu",0.3,"SMA",3,4.84
"pc5","rpi-4cpu",0.3,"SMA",2,4.94
"pc5","rpi-4cpu",0.3,"SMA",4,4.57
"pc5","rpi-4cpu",0.3,"SMA",3,4.98
"pc5","rpi-4cpu",0.3,"SMA",1,5.02
"pc5","rpi-4cpu",0.3,"SMA",2,5.1
"pc5","rpi-4cpu",0.3,"SMA",4,4.45
"pc5","rpi-4cpu",0.3,"SMA",1,4.78
"pc5","rpi-4cpu",0.3,"SMA",3,4.77
"pc5","rpi-4cpu",0.3,"SMA",2,4.98
"pc5","rpi-4cpu",0.3,"SMA",4,4.71
"pc5","rpi-4cpu",0.3,"SMA",3,4.92
"pc5","rpi-4cpu",0.3,"SMA",2,5.14
"pc5","rpi-4cpu",0.3,"SMA",1,5.14
"pc5","rpi-4cpu",0.3,"SMA",4,5.89
"pc5","rpi-4cpu",0.3,"SMA",1,5.93
"pc5","rpi-4cpu",0.3,"SMA",3,5.93
"pc5","rpi-4cpu",0.3,"SMA",2,6
"pc5","rpi-4cpu",0.3,"SMA",4,4.23
"pc5","rpi-4cpu",0.3,"SMA",3,4.67
"pc5","rpi-4cpu",0.3,"SMA",2,4.69
"pc5","rpi-4cpu",0.3,"SMA",1,4.71
"pc5","rpi-4cpu",0.3,"SMA",4,4.81
"pc5","rpi-4cpu",0.3,"SMA",2,5.24
"pc5","rpi-4cpu",0.3,"SMA",3,5.25
"pc5","rpi-4cpu",0.3,"SMA",1,5.25
"pc5","rpi-4cpu",0.3,"SMA",4,4.51
"pc5","rpi-4cpu",0.3,"SMA",1,4.87
"pc5","rpi-4cpu",0.3,"SMA",2,4.96
"pc5","rpi-4cpu",0.3,"SMA",3,5.13
"pc5","rpi-4cpu",0.3,"SMA",4,4.35
"pc5","rpi-4cpu",0.3,"SMA",3,4.45
"pc5","rpi-4cpu",0.3,"SMA",2,4.62
"pc5","rpi-4cpu",0.3,"SMA",1,4.67
"pc5","rpi-4cpu",0.3,"SMA",4,5.78
"pc5","rpi-4cpu",0.3,"SMA",3,5.99
"pc5","rpi-4cpu",0.3,"SMA",1,6.1
"pc5","rpi-4cpu",0.3,"SMA",2,6.25
"pc5","rpi-4cpu",0.3,"SMA",4,4.96
"pc5","rpi-4cpu",0.3,"SMA",1,5.22
"pc5","rpi-4cpu",0.3,"SMA",3,5.27
"pc5","rpi-4cpu",0.3,"SMA",2,5.47
"pc5","rpi-4cpu",0.3,"SMA",4,4.64
"pc5","rpi-4cpu",0.3,"SMA",2,4.95
"pc5","rpi-4cpu",0.3,"SMA",1,4.95
"pc5","rpi-4cpu",0.3,"SMA",3,4.95
"pc5","rpi-4cpu",0.3,"SMA",4,4.48
"pc5","rpi-4cpu",0.3,"SMA",2,4.95
"pc5","rpi-4cpu",0.3,"SMA",1,5.01
"pc5","rpi-4cpu",0.3,"SMA",3,5.07
"pc5","rpi-4cpu",0.3,"SMA",4,4.79
"pc5","rpi-4cpu",0.3,"SMA",2,5.1
"pc5","rpi-4cpu",0.3,"SMA",3,5.1
"pc5","rpi-4cpu",0.3,"SMA",1,5.12
"pc5","rpi-4cpu",0.3,"SMA",4,4.93
"pc5","rpi-4cpu",0.3,"SMA",3,5.04
"pc5","rpi-4cpu",0.3,"SMA",2,5.16
"pc5","rpi-4cpu",0.3,"SMA",1,5.26
"pc5","rpi-4cpu",0.3,"SMA",4,4.86
"pc5","rpi-4cpu",0.3,"SMA",3,4.89
"pc5","rpi-4cpu",0.3,"SMA",1,5.09
"pc5","rpi-4cpu",0.3,"SMA",2,5.09
"pc5","rpi-4cpu",0.3,"SMA",4,4.64
"pc5","rpi-4cpu",0.3,"SMA",3,4.86
"pc5","rpi-4cpu",0.3,"SMA",1,5
"pc5","rpi-4cpu",0.3,"SMA",2,5.08
"pc5","rpi-4cpu",0.3,"SMA",4,4.75
"pc5","rpi-4cpu",0.3,"SMA",3,4.86
"pc5","rpi-4cpu",0.3,"SMA",1,5.09
"pc5","rpi-4cpu",0.3,"SMA",2,5.1
"pc5","rpi-4cpu",0.3,"SMA",4,4.59
"pc5","rpi-4cpu",0.3,"SMA",3,4.99
"pc5","rpi-4cpu",0.3,"SMA",1,5.1
"pc5","rpi-4cpu",0.3,"SMA",2,5.11
"pc5","rpi-4cpu",0.3,"SMA",4,4.65
"pc5","rpi-4cpu",0.3,"SMA",3,4.85
"pc5","rpi-4cpu",0.3,"SMA",1,4.97
"pc5","rpi-4cpu",0.3,"SMA",2,5.07
"pc5","rpi-4cpu",0.4,"stine",1,3.37
"pc5","rpi-4cpu",0.4,"stine",2,3.47
"pc5","rpi-4cpu",0.4,"stine",4,3.55
"pc5","rpi-4cpu",0.4,"stine",3,3.86
"pc5","rpi-4cpu",0.4,"stine",3,2.94
"pc5","rpi-4cpu",0.4,"stine",4,3.02
"pc5","rpi-4cpu",0.4,"stine",2,3.26
"pc5","rpi-4cpu",0.4,"stine",1,3.43
"pc5","rpi-4cpu",0.4,"stine",3,2.76
"pc5","rpi-4cpu",0.4,"stine",4,2.83
"pc5","rpi-4cpu",0.4,"stine",2,3.19
"pc5","rpi-4cpu",0.4,"stine",1,3.29
"pc5","rpi-4cpu",0.4,"stine",3,2.76
"pc5","rpi-4cpu",0.4,"stine",4,2.86
"pc5","rpi-4cpu",0.4,"stine",2,3.07
"pc5","rpi-4cpu",0.4,"stine",1,3.26
"pc5","rpi-4cpu",0.4,"stine",4,3.06
"pc5","rpi-4cpu",0.4,"stine",2,3.49
"pc5","rpi-4cpu",0.4,"stine",1,3.57
"pc5","rpi-4cpu",0.4,"stine",3,4.14
"pc5","rpi-4cpu",0.4,"stine",4,3.08
"pc5","rpi-4cpu",0.4,"stine",1,3.5
"pc5","rpi-4cpu",0.4,"stine",2,3.57
"pc5","rpi-4cpu",0.4,"stine",3,4.16
"pc5","rpi-4cpu",0.4,"stine",4,2.85
"pc5","rpi-4cpu",0.4,"stine",1,3.17
"pc5","rpi-4cpu",0.4,"stine",2,3.26
"pc5","rpi-4cpu",0.4,"stine",3,3.87
"pc5","rpi-4cpu",0.4,"stine",4,2.91
"pc5","rpi-4cpu",0.4,"stine",1,3.17
"pc5","rpi-4cpu",0.4,"stine",2,3.19
"pc5","rpi-4cpu",0.4,"stine",3,3.73
"pc5","rpi-4cpu",0.4,"stine",4,2.83
"pc5","rpi-4cpu",0.4,"stine",1,3.27
"pc5","rpi-4cpu",0.4,"stine",2,3.27
"pc5","rpi-4cpu",0.4,"stine",3,3.87
"pc5","rpi-4cpu",0.4,"stine",2,2.76
"pc5","rpi-4cpu",0.4,"stine",3,2.84
"pc5","rpi-4cpu",0.4,"stine",1,3.37
"pc5","rpi-4cpu",0.4,"stine",4,3.95
"pc5","rpi-4cpu",0.4,"stine",2,2.66
"pc5","rpi-4cpu",0.4,"stine",4,2.69
"pc5","rpi-4cpu",0.4,"stine",1,3.03
"pc5","rpi-4cpu",0.4,"stine",3,3.59
"pc5","rpi-4cpu",0.4,"stine",4,2.85
"pc5","rpi-4cpu",0.4,"stine",1,3.39
"pc5","rpi-4cpu",0.4,"stine",3,4.05
"pc5","rpi-4cpu",0.4,"stine",2,4.05
"pc5","rpi-4cpu",0.4,"stine",4,2.84
"pc5","rpi-4cpu",0.4,"stine",1,3.29
"pc5","rpi-4cpu",0.4,"stine",2,3.95
"pc5","rpi-4cpu",0.4,"stine",3,3.96
"pc5","rpi-4cpu",0.4,"stine",4,3.2
"pc5","rpi-4cpu",0.4,"stine",1,3.44
"pc5","rpi-4cpu",0.4,"stine",3,4.19
"pc5","rpi-4cpu",0.4,"stine",2,4.22
"pc5","rpi-4cpu",0.4,"stine",4,3.16
"pc5","rpi-4cpu",0.4,"stine",1,3.32
"pc5","rpi-4cpu",0.4,"stine",2,4
"pc5","rpi-4cpu",0.4,"stine",3,4.06
"pc5","rpi-4cpu",0.4,"stine",1,3.11
"pc5","rpi-4cpu",0.4,"stine",4,3.27
"pc5","rpi-4cpu",0.4,"stine",2,4.36
"pc5","rpi-4cpu",0.4,"stine",3,4.46
"pc5","rpi-4cpu",0.4,"stine",1,2.69
"pc5","rpi-4cpu",0.4,"stine",4,2.88
"pc5","rpi-4cpu",0.4,"stine",2,3.91
"pc5","rpi-4cpu",0.4,"stine",3,4.06
"pc5","rpi-4cpu",0.4,"stine",4,3.07
"pc5","rpi-4cpu",0.4,"stine",2,4.28
"pc5","rpi-4cpu",0.4,"stine",1,4.28
"pc5","rpi-4cpu",0.4,"stine",3,4.27
"pc5","rpi-4cpu",0.4,"stine",4,3.05
"pc5","rpi-4cpu",0.4,"stine",1,4.15
"pc5","rpi-4cpu",0.4,"stine",3,4.15
"pc5","rpi-4cpu",0.4,"stine",2,4.24
"pc5","rpi-4cpu",0.4,"stine",4,3.06
"pc5","rpi-4cpu",0.4,"stine",1,4.2
"pc5","rpi-4cpu",0.4,"stine",3,4.27
"pc5","rpi-4cpu",0.4,"stine",2,4.28
"pc5","rpi-4cpu",0.4,"stine",4,3.07
"pc5","rpi-4cpu",0.4,"stine",3,3.87
"pc5","rpi-4cpu",0.4,"stine",1,4.08
"pc5","rpi-4cpu",0.4,"stine",2,4.08
"pc5","rpi-4cpu",0.4,"stine",4,3.25
"pc5","rpi-4cpu",0.4,"stine",3,3.95
"pc5","rpi-4cpu",0.4,"stine",2,4.17
"pc5","rpi-4cpu",0.4,"stine",1,4.18
"pc5","rpi-4cpu",0.4,"stine",4,2.95
"pc5","rpi-4cpu",0.4,"stine",3,4.04
"pc5","rpi-4cpu",0.4,"stine",1,4.23
"pc5","rpi-4cpu",0.4,"stine",2,4.23
"pc5","rpi-4cpu",0.4,"stine",4,3.05
"pc5","rpi-4cpu",0.4,"stine",3,3.96
"pc5","rpi-4cpu",0.4,"stine",1,4.16
"pc5","rpi-4cpu",0.4,"stine",2,4.16
"pc5","rpi-4cpu",0.4,"stine",4,3.12
"pc5","rpi-4cpu",0.4,"stine",3,3.93
"pc5","rpi-4cpu",0.4,"stine",2,4.04
"pc5","rpi-4cpu",0.4,"stine",1,4.06
"pc5","rpi-4cpu",0.4,"stine",4,3.35
"pc5","rpi-4cpu",0.4,"stine",3,3.86
"pc5","rpi-4cpu",0.4,"stine",2,4.16
"pc5","rpi-4cpu",0.4,"stine",1,4.28
"pc5","rpi-4cpu",0.4,"stine",4,3.06
"pc5","rpi-4cpu",0.4,"stine",2,3.89
"pc5","rpi-4cpu",0.4,"stine",3,3.94
"pc5","rpi-4cpu",0.4,"stine",1,4.16
"pc5","rpi-4cpu",0.4,"stine",4,3.34
"pc5","rpi-4cpu",0.4,"stine",3,3.97
"pc5","rpi-4cpu",0.4,"stine",2,4.04
"pc5","rpi-4cpu",0.4,"stine",1,4.08
"pc5","rpi-4cpu",0.4,"stine",4,3.27
"pc5","rpi-4cpu",0.4,"stine",3,3.94
"pc5","rpi-4cpu",0.4,"stine",2,3.97
"pc5","rpi-4cpu",0.4,"stine",1,4.05
"pc5","rpi-4cpu",0.4,"stine",4,3.17
"pc5","rpi-4cpu",0.4,"stine",2,4.06
"pc5","rpi-4cpu",0.4,"stine",1,4.1
"pc5","rpi-4cpu",0.4,"stine",3,4.1
"pc5","rpi-4cpu",0.4,"locf",2,2.96
"pc5","rpi-4cpu",0.4,"locf",3,3.94
"pc5","rpi-4cpu",0.4,"locf",1,4.03
"pc5","rpi-4cpu",0.4,"locf",4,4.03
"pc5","rpi-4cpu",0.4,"locf",4,2.96
"pc5","rpi-4cpu",0.4,"locf",2,3.79
"pc5","rpi-4cpu",0.4,"locf",3,3.77
"pc5","rpi-4cpu",0.4,"locf",1,3.85
"pc5","rpi-4cpu",0.4,"locf",2,2.79
"pc5","rpi-4cpu",0.4,"locf",4,2.85
"pc5","rpi-4cpu",0.4,"locf",1,3.77
"pc5","rpi-4cpu",0.4,"locf",3,3.77
"pc5","rpi-4cpu",0.4,"locf",4,2.75
"pc5","rpi-4cpu",0.4,"locf",3,2.85
"pc5","rpi-4cpu",0.4,"locf",1,3.99
"pc5","rpi-4cpu",0.4,"locf",2,4.06
"pc5","rpi-4cpu",0.4,"locf",3,2.89
"pc5","rpi-4cpu",0.4,"locf",4,3.06
"pc5","rpi-4cpu",0.4,"locf",1,4.1
"pc5","rpi-4cpu",0.4,"locf",2,4.1
"pc5","rpi-4cpu",0.4,"locf",4,2.75
"pc5","rpi-4cpu",0.4,"locf",3,2.75
"pc5","rpi-4cpu",0.4,"locf",2,3.85
"pc5","rpi-4cpu",0.4,"locf",1,3.88
"pc5","rpi-4cpu",0.4,"locf",3,2.67
"pc5","rpi-4cpu",0.4,"locf",4,2.85
"pc5","rpi-4cpu",0.4,"locf",2,3.65
"pc5","rpi-4cpu",0.4,"locf",1,3.76
"pc5","rpi-4cpu",0.4,"locf",3,2.8
"pc5","rpi-4cpu",0.4,"locf",2,2.86
"pc5","rpi-4cpu",0.4,"locf",4,2.87
"pc5","rpi-4cpu",0.4,"locf",1,3.6
"pc5","rpi-4cpu",0.4,"locf",2,2.46
"pc5","rpi-4cpu",0.4,"locf",3,2.46
"pc5","rpi-4cpu",0.4,"locf",4,2.62
"pc5","rpi-4cpu",0.4,"locf",1,3.47
"pc5","rpi-4cpu",0.4,"locf",4,2.64
"pc5","rpi-4cpu",0.4,"locf",2,2.72
"pc5","rpi-4cpu",0.4,"locf",3,2.81
"pc5","rpi-4cpu",0.4,"locf",1,3.61
"pc5","rpi-4cpu",0.4,"locf",2,2.76
"pc5","rpi-4cpu",0.4,"locf",4,2.76
"pc5","rpi-4cpu",0.4,"locf",3,2.93
"pc5","rpi-4cpu",0.4,"locf",1,3.47
"pc5","rpi-4cpu",0.4,"locf",3,2.72
"pc5","rpi-4cpu",0.4,"locf",2,2.84
"pc5","rpi-4cpu",0.4,"locf",4,2.88
"pc5","rpi-4cpu",0.4,"locf",1,3.66
"pc5","rpi-4cpu",0.4,"locf",3,2.78
"pc5","rpi-4cpu",0.4,"locf",2,2.85
"pc5","rpi-4cpu",0.4,"locf",4,2.89
"pc5","rpi-4cpu",0.4,"locf",1,3.78
"pc5","rpi-4cpu",0.4,"locf",2,2.52
"pc5","rpi-4cpu",0.4,"locf",3,2.59
"pc5","rpi-4cpu",0.4,"locf",4,2.6
"pc5","rpi-4cpu",0.4,"locf",1,4.55
"pc5","rpi-4cpu",0.4,"locf",2,2.74
"pc5","rpi-4cpu",0.4,"locf",3,2.74
"pc5","rpi-4cpu",0.4,"locf",1,2.74
"pc5","rpi-4cpu",0.4,"locf",4,2.82
"pc5","rpi-4cpu",0.4,"locf",1,2.67
"pc5","rpi-4cpu",0.4,"locf",3,2.67
"pc5","rpi-4cpu",0.4,"locf",2,2.67
"pc5","rpi-4cpu",0.4,"locf",4,2.73
"pc5","rpi-4cpu",0.4,"locf",1,2.5
"pc5","rpi-4cpu",0.4,"locf",2,2.5
"pc5","rpi-4cpu",0.4,"locf",3,2.56
"pc5","rpi-4cpu",0.4,"locf",4,2.56
"pc5","rpi-4cpu",0.4,"locf",4,2.55
"pc5","rpi-4cpu",0.4,"locf",1,2.53
"pc5","rpi-4cpu",0.4,"locf",3,2.55
"pc5","rpi-4cpu",0.4,"locf",2,2.55
"pc5","rpi-4cpu",0.4,"locf",2,2.59
"pc5","rpi-4cpu",0.4,"locf",1,2.68
"pc5","rpi-4cpu",0.4,"locf",4,2.64
"pc5","rpi-4cpu",0.4,"locf",3,2.66
"pc5","rpi-4cpu",0.4,"locf",1,2.68
"pc5","rpi-4cpu",0.4,"locf",3,2.69
"pc5","rpi-4cpu",0.4,"locf",2,2.76
"pc5","rpi-4cpu",0.4,"locf",4,3.77
"pc5","rpi-4cpu",0.4,"locf",3,2.5
"pc5","rpi-4cpu",0.4,"locf",1,2.53
"pc5","rpi-4cpu",0.4,"locf",2,2.6
"pc5","rpi-4cpu",0.4,"locf",4,3.69
"pc5","rpi-4cpu",0.4,"locf",2,2.48
"pc5","rpi-4cpu",0.4,"locf",1,2.48
"pc5","rpi-4cpu",0.4,"locf",3,2.43
"pc5","rpi-4cpu",0.4,"locf",4,3.5
"pc5","rpi-4cpu",0.4,"locf",1,2.74
"pc5","rpi-4cpu",0.4,"locf",2,2.74
"pc5","rpi-4cpu",0.4,"locf",3,2.81
"pc5","rpi-4cpu",0.4,"locf",4,3.64
"pc5","rpi-4cpu",0.4,"locf",1,2.66
"pc5","rpi-4cpu",0.4,"locf",3,2.66
"pc5","rpi-4cpu",0.4,"locf",2,2.74
"pc5","rpi-4cpu",0.4,"locf",4,3.82
"pc5","rpi-4cpu",0.4,"locf",3,2.87
"pc5","rpi-4cpu",0.4,"locf",2,2.95
"pc5","rpi-4cpu",0.4,"locf",1,2.97
"pc5","rpi-4cpu",0.4,"locf",4,3.86
"pc5","rpi-4cpu",0.4,"locf",3,2.77
"pc5","rpi-4cpu",0.4,"locf",2,2.78
"pc5","rpi-4cpu",0.4,"locf",1,2.78
"pc5","rpi-4cpu",0.4,"locf",4,3.91
"pc5","rpi-4cpu",0.4,"locf",2,2.39
"pc5","rpi-4cpu",0.4,"locf",1,2.41
"pc5","rpi-4cpu",0.4,"locf",3,2.41
"pc5","rpi-4cpu",0.4,"locf",4,3.66
"pc5","rpi-4cpu",0.4,"locf",4,2.68
"pc5","rpi-4cpu",0.4,"locf",2,2.7
"pc5","rpi-4cpu",0.4,"locf",1,2.7
"pc5","rpi-4cpu",0.4,"locf",3,3.75
"pc5","rpi-4cpu",0.4,"locf",1,2.39
"pc5","rpi-4cpu",0.4,"locf",2,2.39
"pc5","rpi-4cpu",0.4,"locf",3,2.39
"pc5","rpi-4cpu",0.4,"locf",4,3.54
"pc5","rpi-4cpu",0.4,"locf",3,2.76
"pc5","rpi-4cpu",0.4,"locf",1,2.79
"pc5","rpi-4cpu",0.4,"locf",2,2.79
"pc5","rpi-4cpu",0.4,"locf",4,3.87
"pc5","rpi-4cpu",0.4,"ssa",1,7.35
"pc5","rpi-4cpu",0.4,"ssa",2,7.35
"pc5","rpi-4cpu",0.4,"ssa",3,7.55
"pc5","rpi-4cpu",0.4,"ssa",4,8.03
"pc5","rpi-4cpu",0.4,"ssa",2,7.47
"pc5","rpi-4cpu",0.4,"ssa",1,7.5
"pc5","rpi-4cpu",0.4,"ssa",3,8.06
"pc5","rpi-4cpu",0.4,"ssa",4,8.13
"pc5","rpi-4cpu",0.4,"ssa",2,7.21
"pc5","rpi-4cpu",0.4,"ssa",1,7.39
"pc5","rpi-4cpu",0.4,"ssa",3,7.79
"pc5","rpi-4cpu",0.4,"ssa",4,8.27
"pc5","rpi-4cpu",0.4,"ssa",2,7.97
"pc5","rpi-4cpu",0.4,"ssa",1,8.06
"pc5","rpi-4cpu",0.4,"ssa",3,8.24
"pc5","rpi-4cpu",0.4,"ssa",4,8.43
"pc5","rpi-4cpu",0.4,"ssa",3,11.78
"pc5","rpi-4cpu",0.4,"ssa",4,11.78
"pc5","rpi-4cpu",0.4,"ssa",2,11.81
"pc5","rpi-4cpu",0.4,"ssa",1,11.84
"pc5","rpi-4cpu",0.4,"ssa",2,7.65
"pc5","rpi-4cpu",0.4,"ssa",1,7.72
"pc5","rpi-4cpu",0.4,"ssa",3,7.9
"pc5","rpi-4cpu",0.4,"ssa",4,8.29
"pc5","rpi-4cpu",0.4,"ssa",2,7.47
"pc5","rpi-4cpu",0.4,"ssa",1,7.77
"pc5","rpi-4cpu",0.4,"ssa",3,8.08
"pc5","rpi-4cpu",0.4,"ssa",4,8.56
"pc5","rpi-4cpu",0.4,"ssa",2,7.43
"pc5","rpi-4cpu",0.4,"ssa",1,7.48
"pc5","rpi-4cpu",0.4,"ssa",3,7.86
"pc5","rpi-4cpu",0.4,"ssa",4,8.03
"pc5","rpi-4cpu",0.4,"ssa",2,7.47
"pc5","rpi-4cpu",0.4,"ssa",1,7.5
"pc5","rpi-4cpu",0.4,"ssa",3,7.81
"pc5","rpi-4cpu",0.4,"ssa",4,7.82
"pc5","rpi-4cpu",0.4,"ssa",2,7.09
"pc5","rpi-4cpu",0.4,"ssa",1,7.49
"pc5","rpi-4cpu",0.4,"ssa",4,7.77
"pc5","rpi-4cpu",0.4,"ssa",3,7.85
"pc5","rpi-4cpu",0.4,"ssa",2,7.65
"pc5","rpi-4cpu",0.4,"ssa",1,8.14
"pc5","rpi-4cpu",0.4,"ssa",4,8.51
"pc5","rpi-4cpu",0.4,"ssa",3,8.63
"pc5","rpi-4cpu",0.4,"ssa",1,7.33
"pc5","rpi-4cpu",0.4,"ssa",2,7.33
"pc5","rpi-4cpu",0.4,"ssa",3,7.62
"pc5","rpi-4cpu",0.4,"ssa",4,8
"pc5","rpi-4cpu",0.4,"ssa",2,7.35
"pc5","rpi-4cpu",0.4,"ssa",1,7.56
"pc5","rpi-4cpu",0.4,"ssa",3,8.16
"pc5","rpi-4cpu",0.4,"ssa",4,8.16
"pc5","rpi-4cpu",0.4,"ssa",2,7.05
"pc5","rpi-4cpu",0.4,"ssa",1,7.25
"pc5","rpi-4cpu",0.4,"ssa",3,7.61
"pc5","rpi-4cpu",0.4,"ssa",4,7.73
"pc5","rpi-4cpu",0.4,"ssa",2,7.86
"pc5","rpi-4cpu",0.4,"ssa",1,7.88
"pc5","rpi-4cpu",0.4,"ssa",3,8.15
"pc5","rpi-4cpu",0.4,"ssa",4,8.48
"pc5","rpi-4cpu",0.4,"ssa",2,7.31
"pc5","rpi-4cpu",0.4,"ssa",1,7.42
"pc5","rpi-4cpu",0.4,"ssa",4,7.91
"pc5","rpi-4cpu",0.4,"ssa",3,8.5
"pc5","rpi-4cpu",0.4,"ssa",2,7.2
"pc5","rpi-4cpu",0.4,"ssa",1,7.57
"pc5","rpi-4cpu",0.4,"ssa",3,7.76
"pc5","rpi-4cpu",0.4,"ssa",4,8.34
"pc5","rpi-4cpu",0.4,"ssa",4,7.23
"pc5","rpi-4cpu",0.4,"ssa",2,7.26
"pc5","rpi-4cpu",0.4,"ssa",1,7.48
"pc5","rpi-4cpu",0.4,"ssa",3,7.95
"pc5","rpi-4cpu",0.4,"ssa",4,6.75
"pc5","rpi-4cpu",0.4,"ssa",2,6.97
"pc5","rpi-4cpu",0.4,"ssa",1,7.26
"pc5","rpi-4cpu",0.4,"ssa",3,7.73
"pc5","rpi-4cpu",0.4,"ssa",4,7.43
"pc5","rpi-4cpu",0.4,"ssa",2,7.76
"pc5","rpi-4cpu",0.4,"ssa",1,7.97
"pc5","rpi-4cpu",0.4,"ssa",3,8.54
"pc5","rpi-4cpu",0.4,"ssa",4,7.34
"pc5","rpi-4cpu",0.4,"ssa",2,7.45
"pc5","rpi-4cpu",0.4,"ssa",1,7.67
"pc5","rpi-4cpu",0.4,"ssa",3,7.94
"pc5","rpi-4cpu",0.4,"ssa",2,7.05
"pc5","rpi-4cpu",0.4,"ssa",4,7.24
"pc5","rpi-4cpu",0.4,"ssa",1,7.46
"pc5","rpi-4cpu",0.4,"ssa",3,7.94
"pc5","rpi-4cpu",0.4,"ssa",2,6.98
"pc5","rpi-4cpu",0.4,"ssa",4,7.04
"pc5","rpi-4cpu",0.4,"ssa",1,7.38
"pc5","rpi-4cpu",0.4,"ssa",3,7.45
"pc5","rpi-4cpu",0.4,"ssa",4,6.97
"pc5","rpi-4cpu",0.4,"ssa",2,6.97
"pc5","rpi-4cpu",0.4,"ssa",1,7.18
"pc5","rpi-4cpu",0.4,"ssa",3,7.23
"pc5","rpi-4cpu",0.4,"ssa",4,7.28
"pc5","rpi-4cpu",0.4,"ssa",2,7.58
"pc5","rpi-4cpu",0.4,"ssa",1,7.71
"pc5","rpi-4cpu",0.4,"ssa",3,7.77
"pc5","rpi-4cpu",0.4,"ssa",4,7.18
"pc5","rpi-4cpu",0.4,"ssa",2,7.27
"pc5","rpi-4cpu",0.4,"ssa",1,7.62
"pc5","rpi-4cpu",0.4,"ssa",3,7.88
"pc5","rpi-4cpu",0.4,"ssa",4,7.32
"pc5","rpi-4cpu",0.4,"ssa",2,7.47
"pc5","rpi-4cpu",0.4,"ssa",1,7.65
"pc5","rpi-4cpu",0.4,"ssa",3,7.75
"pc5","rpi-4cpu",0.4,"ssa",4,7.1
"pc5","rpi-4cpu",0.4,"ssa",2,7.21
"pc5","rpi-4cpu",0.4,"ssa",1,7.57
"pc5","rpi-4cpu",0.4,"ssa",3,7.99
"pc5","rpi-4cpu",0.4,"ssa",4,7.13
"pc5","rpi-4cpu",0.4,"ssa",1,7.26
"pc5","rpi-4cpu",0.4,"ssa",2,7.25
"pc5","rpi-4cpu",0.4,"ssa",3,7.83
"pc5","rpi-4cpu",0.4,"ssa",4,7.46
"pc5","rpi-4cpu",0.4,"ssa",2,7.66
"pc5","rpi-4cpu",0.4,"ssa",1,7.79
"pc5","rpi-4cpu",0.4,"ssa",3,8.14
"pc5","rpi-4cpu",0.4,"seadec",1,2.51
"pc5","rpi-4cpu",0.4,"seadec",3,2.55
"pc5","rpi-4cpu",0.4,"seadec",4,2.57
"pc5","rpi-4cpu",0.4,"seadec",2,2.67
"pc5","rpi-4cpu",0.4,"seadec",1,2.59
"pc5","rpi-4cpu",0.4,"seadec",2,2.59
"pc5","rpi-4cpu",0.4,"seadec",3,2.67
"pc5","rpi-4cpu",0.4,"seadec",4,2.66
"pc5","rpi-4cpu",0.4,"seadec",3,2.49
"pc5","rpi-4cpu",0.4,"seadec",2,2.5
"pc5","rpi-4cpu",0.4,"seadec",1,2.59
"pc5","rpi-4cpu",0.4,"seadec",4,2.58
"pc5","rpi-4cpu",0.4,"seadec",3,2.68
"pc5","rpi-4cpu",0.4,"seadec",1,2.68
"pc5","rpi-4cpu",0.4,"seadec",2,2.68
"pc5","rpi-4cpu",0.4,"seadec",4,2.74
"pc5","rpi-4cpu",0.4,"seadec",2,2.61
"pc5","rpi-4cpu",0.4,"seadec",1,2.68
"pc5","rpi-4cpu",0.4,"seadec",3,2.66
"pc5","rpi-4cpu",0.4,"seadec",4,2.66
"pc5","rpi-4cpu",0.4,"seadec",3,2.58
"pc5","rpi-4cpu",0.4,"seadec",2,2.58
"pc5","rpi-4cpu",0.4,"seadec",1,2.6
"pc5","rpi-4cpu",0.4,"seadec",4,2.65
"pc5","rpi-4cpu",0.4,"seadec",1,2.61
"pc5","rpi-4cpu",0.4,"seadec",2,2.61
"pc5","rpi-4cpu",0.4,"seadec",3,2.68
"pc5","rpi-4cpu",0.4,"seadec",4,2.69
"pc5","rpi-4cpu",0.4,"seadec",1,2.46
"pc5","rpi-4cpu",0.4,"seadec",2,2.48
"pc5","rpi-4cpu",0.4,"seadec",3,2.48
"pc5","rpi-4cpu",0.4,"seadec",4,2.53
"pc5","rpi-4cpu",0.4,"seadec",2,2.6
"pc5","rpi-4cpu",0.4,"seadec",3,2.6
"pc5","rpi-4cpu",0.4,"seadec",1,2.63
"pc5","rpi-4cpu",0.4,"seadec",4,2.66
"pc5","rpi-4cpu",0.4,"seadec",1,2.6
"pc5","rpi-4cpu",0.4,"seadec",2,2.61
"pc5","rpi-4cpu",0.4,"seadec",4,2.61
"pc5","rpi-4cpu",0.4,"seadec",3,2.61
"pc5","rpi-4cpu",0.4,"seadec",2,2.52
"pc5","rpi-4cpu",0.4,"seadec",1,2.52
"pc5","rpi-4cpu",0.4,"seadec",4,2.52
"pc5","rpi-4cpu",0.4,"seadec",3,2.55
"pc5","rpi-4cpu",0.4,"seadec",2,2.75
"pc5","rpi-4cpu",0.4,"seadec",1,2.75
"pc5","rpi-4cpu",0.4,"seadec",4,2.75
"pc5","rpi-4cpu",0.4,"seadec",3,2.77
"pc5","rpi-4cpu",0.4,"seadec",1,2.61
"pc5","rpi-4cpu",0.4,"seadec",4,2.61
"pc5","rpi-4cpu",0.4,"seadec",2,2.63
"pc5","rpi-4cpu",0.4,"seadec",3,2.63
"pc5","rpi-4cpu",0.4,"seadec",3,2.45
"pc5","rpi-4cpu",0.4,"seadec",2,2.46
"pc5","rpi-4cpu",0.4,"seadec",1,2.47
"pc5","rpi-4cpu",0.4,"seadec",4,2.53
"pc5","rpi-4cpu",0.4,"seadec",2,2.58
"pc5","rpi-4cpu",0.4,"seadec",1,2.58
"pc5","rpi-4cpu",0.4,"seadec",3,2.57
"pc5","rpi-4cpu",0.4,"seadec",4,2.65
"pc5","rpi-4cpu",0.4,"seadec",3,2.45
"pc5","rpi-4cpu",0.4,"seadec",1,2.44
"pc5","rpi-4cpu",0.4,"seadec",2,2.45
"pc5","rpi-4cpu",0.4,"seadec",4,2.44
"pc5","rpi-4cpu",0.4,"seadec",1,2.69
"pc5","rpi-4cpu",0.4,"seadec",2,2.75
"pc5","rpi-4cpu",0.4,"seadec",4,2.75
"pc5","rpi-4cpu",0.4,"seadec",3,2.77
"pc5","rpi-4cpu",0.4,"seadec",1,2.48
"pc5","rpi-4cpu",0.4,"seadec",3,2.48
"pc5","rpi-4cpu",0.4,"seadec",2,2.55
"pc5","rpi-4cpu",0.4,"seadec",4,2.54
"pc5","rpi-4cpu",0.4,"seadec",1,2.4
"pc5","rpi-4cpu",0.4,"seadec",2,2.47
"pc5","rpi-4cpu",0.4,"seadec",4,2.45
"pc5","rpi-4cpu",0.4,"seadec",3,2.48
"pc5","rpi-4cpu",0.4,"seadec",1,2.57
"pc5","rpi-4cpu",0.4,"seadec",3,2.58
"pc5","rpi-4cpu",0.4,"seadec",2,2.66
"pc5","rpi-4cpu",0.4,"seadec",4,2.65
"pc5","rpi-4cpu",0.4,"seadec",4,2.5
"pc5","rpi-4cpu",0.4,"seadec",3,2.5
"pc5","rpi-4cpu",0.4,"seadec",1,2.52
"pc5","rpi-4cpu",0.4,"seadec",2,2.57
"pc5","rpi-4cpu",0.4,"seadec",3,2.52
"pc5","rpi-4cpu",0.4,"seadec",1,2.52
"pc5","rpi-4cpu",0.4,"seadec",4,2.57
"pc5","rpi-4cpu",0.4,"seadec",2,2.59
"pc5","rpi-4cpu",0.4,"seadec",4,2.47
"pc5","rpi-4cpu",0.4,"seadec",1,2.57
"pc5","rpi-4cpu",0.4,"seadec",3,2.56
"pc5","rpi-4cpu",0.4,"seadec",2,2.58
"pc5","rpi-4cpu",0.4,"seadec",2,2.47
"pc5","rpi-4cpu",0.4,"seadec",1,2.48
"pc5","rpi-4cpu",0.4,"seadec",4,2.48
"pc5","rpi-4cpu",0.4,"seadec",3,2.48
"pc5","rpi-4cpu",0.4,"seadec",2,2.41
"pc5","rpi-4cpu",0.4,"seadec",4,2.41
"pc5","rpi-4cpu",0.4,"seadec",1,2.51
"pc5","rpi-4cpu",0.4,"seadec",3,2.49
"pc5","rpi-4cpu",0.4,"seadec",4,2.83
"pc5","rpi-4cpu",0.4,"seadec",1,2.86
"pc5","rpi-4cpu",0.4,"seadec",3,2.86
"pc5","rpi-4cpu",0.4,"seadec",2,2.86
"pc5","rpi-4cpu",0.4,"seadec",3,2.49
"pc5","rpi-4cpu",0.4,"seadec",4,2.49
"pc5","rpi-4cpu",0.4,"seadec",1,2.48
"pc5","rpi-4cpu",0.4,"seadec",2,2.48
"pc5","rpi-4cpu",0.4,"seadec",1,2.66
"pc5","rpi-4cpu",0.4,"seadec",3,2.66
"pc5","rpi-4cpu",0.4,"seadec",4,2.71
"pc5","rpi-4cpu",0.4,"seadec",2,2.73
"pc5","rpi-4cpu",0.4,"seadec",4,2.4
"pc5","rpi-4cpu",0.4,"seadec",2,2.49
"pc5","rpi-4cpu",0.4,"seadec",3,2.49
"pc5","rpi-4cpu",0.4,"seadec",1,2.57
"pc5","rpi-4cpu",0.4,"seadec",4,2.57
"pc5","rpi-4cpu",0.4,"seadec",1,2.61
"pc5","rpi-4cpu",0.4,"seadec",3,2.62
"pc5","rpi-4cpu",0.4,"seadec",2,2.62
"pc5","rpi-4cpu",0.4,"SMA",1,2.97
"pc5","rpi-4cpu",0.4,"SMA",4,3.02
"pc5","rpi-4cpu",0.4,"SMA",3,3.04
"pc5","rpi-4cpu",0.4,"SMA",2,3.05
"pc5","rpi-4cpu",0.4,"SMA",3,2.83
"pc5","rpi-4cpu",0.4,"SMA",4,2.86
"pc5","rpi-4cpu",0.4,"SMA",2,2.86
"pc5","rpi-4cpu",0.4,"SMA",1,2.88
"pc5","rpi-4cpu",0.4,"SMA",1,3.14
"pc5","rpi-4cpu",0.4,"SMA",2,3.13
"pc5","rpi-4cpu",0.4,"SMA",4,3.18
"pc5","rpi-4cpu",0.4,"SMA",3,3.2
"pc5","rpi-4cpu",0.4,"SMA",2,3.09
"pc5","rpi-4cpu",0.4,"SMA",1,3.14
"pc5","rpi-4cpu",0.4,"SMA",3,3.14
"pc5","rpi-4cpu",0.4,"SMA",4,3.14
"pc5","rpi-4cpu",0.4,"SMA",3,3.15
"pc5","rpi-4cpu",0.4,"SMA",2,3.17
"pc5","rpi-4cpu",0.4,"SMA",4,3.17
"pc5","rpi-4cpu",0.4,"SMA",1,3.17
"pc5","rpi-4cpu",0.4,"SMA",4,3.09
"pc5","rpi-4cpu",0.4,"SMA",2,3.19
"pc5","rpi-4cpu",0.4,"SMA",3,3.19
"pc5","rpi-4cpu",0.4,"SMA",1,3.22
"pc5","rpi-4cpu",0.4,"SMA",4,2.82
"pc5","rpi-4cpu",0.4,"SMA",1,2.86
"pc5","rpi-4cpu",0.4,"SMA",2,2.85
"pc5","rpi-4cpu",0.4,"SMA",3,2.86
"pc5","rpi-4cpu",0.4,"SMA",4,2.98
"pc5","rpi-4cpu",0.4,"SMA",1,3.09
"pc5","rpi-4cpu",0.4,"SMA",2,3.09
"pc5","rpi-4cpu",0.4,"SMA",3,3.13
"pc5","rpi-4cpu",0.4,"SMA",3,3.03
"pc5","rpi-4cpu",0.4,"SMA",1,3.03
"pc5","rpi-4cpu",0.4,"SMA",2,3.03
"pc5","rpi-4cpu",0.4,"SMA",4,3.06
"pc5","rpi-4cpu",0.4,"SMA",1,2.89
"pc5","rpi-4cpu",0.4,"SMA",4,2.87
"pc5","rpi-4cpu",0.4,"SMA",2,2.9
"pc5","rpi-4cpu",0.4,"SMA",3,3.26
"pc5","rpi-4cpu",0.4,"SMA",1,2.89
"pc5","rpi-4cpu",0.4,"SMA",2,2.95
"pc5","rpi-4cpu",0.4,"SMA",4,2.96
"pc5","rpi-4cpu",0.4,"SMA",3,3.25
"pc5","rpi-4cpu",0.4,"SMA",1,3.08
"pc5","rpi-4cpu",0.4,"SMA",4,3.08
"pc5","rpi-4cpu",0.4,"SMA",2,3.42
"pc5","rpi-4cpu",0.4,"SMA",3,3.45
"pc5","rpi-4cpu",0.4,"SMA",1,8.2
"pc5","rpi-4cpu",0.4,"SMA",4,8.18
"pc5","rpi-4cpu",0.4,"SMA",2,8.51
"pc5","rpi-4cpu",0.4,"SMA",3,8.56
"pc5","rpi-4cpu",0.4,"SMA",4,2.9
"pc5","rpi-4cpu",0.4,"SMA",1,2.99
"pc5","rpi-4cpu",0.4,"SMA",3,3.29
"pc5","rpi-4cpu",0.4,"SMA",2,3.37
"pc5","rpi-4cpu",0.4,"SMA",4,3.28
"pc5","rpi-4cpu",0.4,"SMA",1,3.31
"pc5","rpi-4cpu",0.4,"SMA",2,3.58
"pc5","rpi-4cpu",0.4,"SMA",3,3.57
"pc5","rpi-4cpu",0.4,"SMA",4,2.97
"pc5","rpi-4cpu",0.4,"SMA",1,3
"pc5","rpi-4cpu",0.4,"SMA",2,3.19
"pc5","rpi-4cpu",0.4,"SMA",3,3.26
"pc5","rpi-4cpu",0.4,"SMA",4,3.18
"pc5","rpi-4cpu",0.4,"SMA",1,3.21
"pc5","rpi-4cpu",0.4,"SMA",3,3.52
"pc5","rpi-4cpu",0.4,"SMA",2,3.52
"pc5","rpi-4cpu",0.4,"SMA",4,3.41
"pc5","rpi-4cpu",0.4,"SMA",1,3.45
"pc5","rpi-4cpu",0.4,"SMA",3,3.72
"pc5","rpi-4cpu",0.4,"SMA",2,3.75
"pc5","rpi-4cpu",0.4,"SMA",1,3.17
"pc5","rpi-4cpu",0.4,"SMA",4,3.22
"pc5","rpi-4cpu",0.4,"SMA",3,3.54
"pc5","rpi-4cpu",0.4,"SMA",2,3.63
"pc5","rpi-4cpu",0.4,"SMA",1,3.28
"pc5","rpi-4cpu",0.4,"SMA",4,3.27
"pc5","rpi-4cpu",0.4,"SMA",3,3.58
"pc5","rpi-4cpu",0.4,"SMA",2,3.58
"pc5","rpi-4cpu",0.4,"SMA",3,3.04
"pc5","rpi-4cpu",0.4,"SMA",1,3.17
"pc5","rpi-4cpu",0.4,"SMA",4,3.39
"pc5","rpi-4cpu",0.4,"SMA",2,3.45
"pc5","rpi-4cpu",0.4,"SMA",4,3.32
"pc5","rpi-4cpu",0.4,"SMA",1,3.64
"pc5","rpi-4cpu",0.4,"SMA",3,3.62
"pc5","rpi-4cpu",0.4,"SMA",2,3.64
"pc5","rpi-4cpu",0.4,"SMA",4,2.85
"pc5","rpi-4cpu",0.4,"SMA",1,3.19
"pc5","rpi-4cpu",0.4,"SMA",3,3.19
"pc5","rpi-4cpu",0.4,"SMA",2,3.19
"pc5","rpi-4cpu",0.4,"SMA",4,3.19
"pc5","rpi-4cpu",0.4,"SMA",3,3.49
"pc5","rpi-4cpu",0.4,"SMA",1,3.53
"pc5","rpi-4cpu",0.4,"SMA",2,3.53
"pc5","rpi-4cpu",0.4,"SMA",4,3.22
"pc5","rpi-4cpu",0.4,"SMA",2,3.47
"pc5","rpi-4cpu",0.4,"SMA",1,3.56
"pc5","rpi-4cpu",0.4,"SMA",3,3.55
"pc5","rpi-4cpu",0.4,"SMA",4,2.86
"pc5","rpi-4cpu",0.4,"SMA",2,3.16
"pc5","rpi-4cpu",0.4,"SMA",3,3.16
"pc5","rpi-4cpu",0.4,"SMA",1,3.18
"pc5","rpi-4cpu",0.4,"SMA",4,3.27
"pc5","rpi-4cpu",0.4,"SMA",2,3.5
"pc5","rpi-4cpu",0.4,"SMA",3,3.49
"pc5","rpi-4cpu",0.4,"SMA",1,3.57
"pc5","rpi-4cpu",0.4,"SMA",4,3.23
"pc5","rpi-4cpu",0.4,"SMA",2,3.34
"pc5","rpi-4cpu",0.4,"SMA",3,3.54
"pc5","rpi-4cpu",0.4,"SMA",1,3.56
"pc5","rpi-4cpu",0.4,"SMA",4,3.25
"pc5","rpi-4cpu",0.4,"SMA",3,3.52
"pc5","rpi-4cpu",0.4,"SMA",2,3.54
"pc5","rpi-4cpu",0.4,"SMA",1,3.63
"pc5","rpi-4cpu",0.4,"SMA",3,3.08
"pc5","rpi-4cpu",0.4,"SMA",4,3.3
"pc5","rpi-4cpu",0.4,"SMA",2,3.38
"pc5","rpi-4cpu",0.4,"SMA",1,3.49
"pc5","rpi-4cpu",0.5,"stine",4,2.6
"pc5","rpi-4cpu",0.5,"stine",1,2.6
"pc5","rpi-4cpu",0.5,"stine",3,2.59
"pc5","rpi-4cpu",0.5,"stine",2,2.65
"pc5","rpi-4cpu",0.5,"stine",4,2.06
"pc5","rpi-4cpu",0.5,"stine",3,2.38
"pc5","rpi-4cpu",0.5,"stine",1,2.4
"pc5","rpi-4cpu",0.5,"stine",2,2.4
"pc5","rpi-4cpu",0.5,"stine",4,2.06
"pc5","rpi-4cpu",0.5,"stine",1,2.38
"pc5","rpi-4cpu",0.5,"stine",2,2.45
"pc5","rpi-4cpu",0.5,"stine",3,2.45
"pc5","rpi-4cpu",0.5,"stine",1,2.38
"pc5","rpi-4cpu",0.5,"stine",2,2.39
"pc5","rpi-4cpu",0.5,"stine",3,2.39
"pc5","rpi-4cpu",0.5,"stine",4,2.99
"pc5","rpi-4cpu",0.5,"stine",1,2.44
"pc5","rpi-4cpu",0.5,"stine",2,2.44
"pc5","rpi-4cpu",0.5,"stine",3,2.79
"pc5","rpi-4cpu",0.5,"stine",4,2.99
"pc5","rpi-4cpu",0.5,"stine",3,2.03
"pc5","rpi-4cpu",0.5,"stine",2,2.35
"pc5","rpi-4cpu",0.5,"stine",1,2.45
"pc5","rpi-4cpu",0.5,"stine",4,2.84
"pc5","rpi-4cpu",0.5,"stine",3,2.05
"pc5","rpi-4cpu",0.5,"stine",2,2.37
"pc5","rpi-4cpu",0.5,"stine",1,2.4
"pc5","rpi-4cpu",0.5,"stine",4,2.84
"pc5","rpi-4cpu",0.5,"stine",3,2.07
"pc5","rpi-4cpu",0.5,"stine",1,2.47
"pc5","rpi-4cpu",0.5,"stine",2,2.48
"pc5","rpi-4cpu",0.5,"stine",4,2.87
"pc5","rpi-4cpu",0.5,"stine",1,2.56
"pc5","rpi-4cpu",0.5,"stine",2,2.55
"pc5","rpi-4cpu",0.5,"stine",3,2.94
"pc5","rpi-4cpu",0.5,"stine",4,2.94
"pc5","rpi-4cpu",0.5,"stine",4,3.13
"pc5","rpi-4cpu",0.5,"stine",2,3.19
"pc5","rpi-4cpu",0.5,"stine",3,3.19
"pc5","rpi-4cpu",0.5,"stine",1,3.43
"pc5","rpi-4cpu",0.5,"stine",1,2.51
"pc5","rpi-4cpu",0.5,"stine",2,2.56
"pc5","rpi-4cpu",0.5,"stine",4,2.96
"pc5","rpi-4cpu",0.5,"stine",3,3.01
"pc5","rpi-4cpu",0.5,"stine",1,2.09
"pc5","rpi-4cpu",0.5,"stine",2,2.47
"pc5","rpi-4cpu",0.5,"stine",3,2.97
"pc5","rpi-4cpu",0.5,"stine",4,2.97
"pc5","rpi-4cpu",0.5,"stine",2,2.04
"pc5","rpi-4cpu",0.5,"stine",1,2.47
"pc5","rpi-4cpu",0.5,"stine",4,2.91
"pc5","rpi-4cpu",0.5,"stine",3,2.93
"pc5","rpi-4cpu",0.5,"stine",1,2.14
"pc5","rpi-4cpu",0.5,"stine",2,2.46
"pc5","rpi-4cpu",0.5,"stine",3,2.91
"pc5","rpi-4cpu",0.5,"stine",4,2.91
"pc5","rpi-4cpu",0.5,"stine",1,2.68
"pc5","rpi-4cpu",0.5,"stine",3,3.18
"pc5","rpi-4cpu",0.5,"stine",2,3.18
"pc5","rpi-4cpu",0.5,"stine",4,3.22
"pc5","rpi-4cpu",0.5,"stine",1,2.59
"pc5","rpi-4cpu",0.5,"stine",4,3.18
"pc5","rpi-4cpu",0.5,"stine",3,3.21
"pc5","rpi-4cpu",0.5,"stine",2,3.27
"pc5","rpi-4cpu",0.5,"stine",1,2.59
"pc5","rpi-4cpu",0.5,"stine",4,3.16
"pc5","rpi-4cpu",0.5,"stine",2,3.18
"pc5","rpi-4cpu",0.5,"stine",3,3.19
"pc5","rpi-4cpu",0.5,"stine",1,2.15
"pc5","rpi-4cpu",0.5,"stine",2,3.06
"pc5","rpi-4cpu",0.5,"stine",4,3.06
"pc5","rpi-4cpu",0.5,"stine",3,3.08
"pc5","rpi-4cpu",0.5,"stine",1,2.06
"pc5","rpi-4cpu",0.5,"stine",4,2.8
"pc5","rpi-4cpu",0.5,"stine",2,2.93
"pc5","rpi-4cpu",0.5,"stine",3,2.93
"pc5","rpi-4cpu",0.5,"stine",1,2.09
"pc5","rpi-4cpu",0.5,"stine",4,2.86
"pc5","rpi-4cpu",0.5,"stine",3,2.94
"pc5","rpi-4cpu",0.5,"stine",2,2.96
"pc5","rpi-4cpu",0.5,"stine",4,3.16
"pc5","rpi-4cpu",0.5,"stine",3,3.45
"pc5","rpi-4cpu",0.5,"stine",2,3.45
"pc5","rpi-4cpu",0.5,"stine",1,3.51
"pc5","rpi-4cpu",0.5,"stine",4,3.11
"pc5","rpi-4cpu",0.5,"stine",2,3.22
"pc5","rpi-4cpu",0.5,"stine",1,3.24
"pc5","rpi-4cpu",0.5,"stine",3,3.32
"pc5","rpi-4cpu",0.5,"stine",4,3.09
"pc5","rpi-4cpu",0.5,"stine",3,3.16
"pc5","rpi-4cpu",0.5,"stine",1,3.18
"pc5","rpi-4cpu",0.5,"stine",2,3.18
"pc5","rpi-4cpu",0.5,"stine",4,3.09
"pc5","rpi-4cpu",0.5,"stine",2,3.07
"pc5","rpi-4cpu",0.5,"stine",3,3.07
"pc5","rpi-4cpu",0.5,"stine",1,3.07
"pc5","rpi-4cpu",0.5,"stine",3,3
"pc5","rpi-4cpu",0.5,"stine",4,3
"pc5","rpi-4cpu",0.5,"stine",2,3.06
"pc5","rpi-4cpu",0.5,"stine",1,3.06
"pc5","rpi-4cpu",0.5,"stine",3,3.05
"pc5","rpi-4cpu",0.5,"stine",2,3.06
"pc5","rpi-4cpu",0.5,"stine",4,3.05
"pc5","rpi-4cpu",0.5,"stine",1,3.14
"pc5","rpi-4cpu",0.5,"stine",3,3.16
"pc5","rpi-4cpu",0.5,"stine",4,3.16
"pc5","rpi-4cpu",0.5,"stine",2,3.19
"pc5","rpi-4cpu",0.5,"stine",1,3.3
"pc5","rpi-4cpu",0.5,"stine",4,3.04
"pc5","rpi-4cpu",0.5,"stine",1,3.08
"pc5","rpi-4cpu",0.5,"stine",3,3.09
"pc5","rpi-4cpu",0.5,"stine",2,3.09
"pc5","rpi-4cpu",0.5,"stine",1,3.02
"pc5","rpi-4cpu",0.5,"stine",4,3.1
"pc5","rpi-4cpu",0.5,"stine",3,3.12
"pc5","rpi-4cpu",0.5,"stine",2,3.22
"pc5","rpi-4cpu",0.5,"stine",1,3.01
"pc5","rpi-4cpu",0.5,"stine",2,3.19
"pc5","rpi-4cpu",0.5,"stine",4,3.18
"pc5","rpi-4cpu",0.5,"stine",3,3.18
"pc5","rpi-4cpu",0.5,"locf",4,2.21
"pc5","rpi-4cpu",0.5,"locf",1,2.86
"pc5","rpi-4cpu",0.5,"locf",3,2.93
"pc5","rpi-4cpu",0.5,"locf",2,2.93
"pc5","rpi-4cpu",0.5,"locf",4,2.18
"pc5","rpi-4cpu",0.5,"locf",1,2.88
"pc5","rpi-4cpu",0.5,"locf",2,2.99
"pc5","rpi-4cpu",0.5,"locf",3,2.99
"pc5","rpi-4cpu",0.5,"locf",4,2.23
"pc5","rpi-4cpu",0.5,"locf",1,2.88
"pc5","rpi-4cpu",0.5,"locf",2,2.92
"pc5","rpi-4cpu",0.5,"locf",3,3.02
"pc5","rpi-4cpu",0.5,"locf",4,2.21
"pc5","rpi-4cpu",0.5,"locf",1,2.93
"pc5","rpi-4cpu",0.5,"locf",3,2.93
"pc5","rpi-4cpu",0.5,"locf",2,3.02
"pc5","rpi-4cpu",0.5,"locf",4,2.09
"pc5","rpi-4cpu",0.5,"locf",1,3.02
"pc5","rpi-4cpu",0.5,"locf",2,3.08
"pc5","rpi-4cpu",0.5,"locf",3,3.61
"pc5","rpi-4cpu",0.5,"locf",4,1.94
"pc5","rpi-4cpu",0.5,"locf",3,2.02
"pc5","rpi-4cpu",0.5,"locf",1,2.85
"pc5","rpi-4cpu",0.5,"locf",2,2.87
"pc5","rpi-4cpu",0.5,"locf",3,2.09
"pc5","rpi-4cpu",0.5,"locf",4,2.14
"pc5","rpi-4cpu",0.5,"locf",1,2.91
"pc5","rpi-4cpu",0.5,"locf",2,2.89
"pc5","rpi-4cpu",0.5,"locf",3,2.07
"pc5","rpi-4cpu",0.5,"locf",4,2.07
"pc5","rpi-4cpu",0.5,"locf",2,2.79
"pc5","rpi-4cpu",0.5,"locf",1,2.85
"pc5","rpi-4cpu",0.5,"locf",3,1.99
"pc5","rpi-4cpu",0.5,"locf",4,1.99
"pc5","rpi-4cpu",0.5,"locf",2,2.81
"pc5","rpi-4cpu",0.5,"locf",1,2.89
"pc5","rpi-4cpu",0.5,"locf",4,2.7
"pc5","rpi-4cpu",0.5,"locf",3,2.7
"pc5","rpi-4cpu",0.5,"locf",1,3.41
"pc5","rpi-4cpu",0.5,"locf",2,3.5
"pc5","rpi-4cpu",0.5,"locf",1,1.96
"pc5","rpi-4cpu",0.5,"locf",3,1.95
"pc5","rpi-4cpu",0.5,"locf",4,1.97
"pc5","rpi-4cpu",0.5,"locf",2,2.66
"pc5","rpi-4cpu",0.5,"locf",3,1.98
"pc5","rpi-4cpu",0.5,"locf",2,1.96
"pc5","rpi-4cpu",0.5,"locf",4,1.96
"pc5","rpi-4cpu",0.5,"locf",1,2.59
"pc5","rpi-4cpu",0.5,"locf",2,1.97
"pc5","rpi-4cpu",0.5,"locf",4,2.02
"pc5","rpi-4cpu",0.5,"locf",3,2.03
"pc5","rpi-4cpu",0.5,"locf",1,2.66
"pc5","rpi-4cpu",0.5,"locf",2,1.95
"pc5","rpi-4cpu",0.5,"locf",3,1.95
"pc5","rpi-4cpu",0.5,"locf",4,1.98
"pc5","rpi-4cpu",0.5,"locf",1,2.73
"pc5","rpi-4cpu",0.5,"locf",3,1.84
"pc5","rpi-4cpu",0.5,"locf",4,1.92
"pc5","rpi-4cpu",0.5,"locf",2,1.92
"pc5","rpi-4cpu",0.5,"locf",1,2.53
"pc5","rpi-4cpu",0.5,"locf",1,1.89
"pc5","rpi-4cpu",0.5,"locf",2,1.91
"pc5","rpi-4cpu",0.5,"locf",3,1.89
"pc5","rpi-4cpu",0.5,"locf",4,1.88
"pc5","rpi-4cpu",0.5,"locf",1,1.91
"pc5","rpi-4cpu",0.5,"locf",2,1.96
"pc5","rpi-4cpu",0.5,"locf",4,1.95
"pc5","rpi-4cpu",0.5,"locf",3,1.96
"pc5","rpi-4cpu",0.5,"locf",1,2
"pc5","rpi-4cpu",0.5,"locf",2,2
"pc5","rpi-4cpu",0.5,"locf",4,2
"pc5","rpi-4cpu",0.5,"locf",3,2
"pc5","rpi-4cpu",0.5,"locf",1,1.89
"pc5","rpi-4cpu",0.5,"locf",2,1.89
"pc5","rpi-4cpu",0.5,"locf",4,1.89
"pc5","rpi-4cpu",0.5,"locf",3,1.89
"pc5","rpi-4cpu",0.5,"locf",2,1.87
"pc5","rpi-4cpu",0.5,"locf",1,1.88
"pc5","rpi-4cpu",0.5,"locf",3,1.93
"pc5","rpi-4cpu",0.5,"locf",4,1.93
"pc5","rpi-4cpu",0.5,"locf",1,1.85
"pc5","rpi-4cpu",0.5,"locf",3,1.85
"pc5","rpi-4cpu",0.5,"locf",2,1.88
"pc5","rpi-4cpu",0.5,"locf",4,1.85
"pc5","rpi-4cpu",0.5,"locf",2,1.94
"pc5","rpi-4cpu",0.5,"locf",3,1.94
"pc5","rpi-4cpu",0.5,"locf",1,1.94
"pc5","rpi-4cpu",0.5,"locf",4,1.94
"pc5","rpi-4cpu",0.5,"locf",2,1.82
"pc5","rpi-4cpu",0.5,"locf",3,1.82
"pc5","rpi-4cpu",0.5,"locf",1,1.82
"pc5","rpi-4cpu",0.5,"locf",4,1.82
"pc5","rpi-4cpu",0.5,"locf",1,1.84
"pc5","rpi-4cpu",0.5,"locf",4,1.86
"pc5","rpi-4cpu",0.5,"locf",3,1.87
"pc5","rpi-4cpu",0.5,"locf",2,1.88
"pc5","rpi-4cpu",0.5,"locf",2,1.88
"pc5","rpi-4cpu",0.5,"locf",1,1.88
"pc5","rpi-4cpu",0.5,"locf",3,1.88
"pc5","rpi-4cpu",0.5,"locf",4,1.88
"pc5","rpi-4cpu",0.5,"locf",1,1.87
"pc5","rpi-4cpu",0.5,"locf",4,1.83
"pc5","rpi-4cpu",0.5,"locf",3,1.86
"pc5","rpi-4cpu",0.5,"locf",2,1.86
"pc5","rpi-4cpu",0.5,"locf",3,1.83
"pc5","rpi-4cpu",0.5,"locf",2,1.85
"pc5","rpi-4cpu",0.5,"locf",1,1.85
"pc5","rpi-4cpu",0.5,"locf",4,1.9
"pc5","rpi-4cpu",0.5,"locf",2,1.83
"pc5","rpi-4cpu",0.5,"locf",3,1.83
"pc5","rpi-4cpu",0.5,"locf",4,1.82
"pc5","rpi-4cpu",0.5,"locf",1,1.89
"pc5","rpi-4cpu",0.5,"locf",1,1.8
"pc5","rpi-4cpu",0.5,"locf",3,1.79
"pc5","rpi-4cpu",0.5,"locf",2,1.83
"pc5","rpi-4cpu",0.5,"locf",4,1.85
"pc5","rpi-4cpu",0.5,"locf",2,1.8
"pc5","rpi-4cpu",0.5,"locf",1,1.8
"pc5","rpi-4cpu",0.5,"locf",4,1.8
"pc5","rpi-4cpu",0.5,"locf",3,1.83
"pc5","rpi-4cpu",0.5,"ssa",2,5.01
"pc5","rpi-4cpu",0.5,"ssa",4,5.01
"pc5","rpi-4cpu",0.5,"ssa",1,5.12
"pc5","rpi-4cpu",0.5,"ssa",3,5.11
"pc5","rpi-4cpu",0.5,"ssa",1,4.98
"pc5","rpi-4cpu",0.5,"ssa",4,4.99
"pc5","rpi-4cpu",0.5,"ssa",2,5.07
"pc5","rpi-4cpu",0.5,"ssa",3,5.15
"pc5","rpi-4cpu",0.5,"ssa",2,5
"pc5","rpi-4cpu",0.5,"ssa",4,5.08
"pc5","rpi-4cpu",0.5,"ssa",1,5.21
"pc5","rpi-4cpu",0.5,"ssa",3,5.27
"pc5","rpi-4cpu",0.5,"ssa",1,4.91
"pc5","rpi-4cpu",0.5,"ssa",2,4.92
"pc5","rpi-4cpu",0.5,"ssa",4,5.06
"pc5","rpi-4cpu",0.5,"ssa",3,5.18
"pc5","rpi-4cpu",0.5,"ssa",2,4.97
"pc5","rpi-4cpu",0.5,"ssa",1,5.11
"pc5","rpi-4cpu",0.5,"ssa",3,5.15
"pc5","rpi-4cpu",0.5,"ssa",4,5.17
"pc5","rpi-4cpu",0.5,"ssa",2,4.96
"pc5","rpi-4cpu",0.5,"ssa",4,4.97
"pc5","rpi-4cpu",0.5,"ssa",3,5.16
"pc5","rpi-4cpu",0.5,"ssa",1,5.18
"pc5","rpi-4cpu",0.5,"ssa",1,5.15
"pc5","rpi-4cpu",0.5,"ssa",2,5.18
"pc5","rpi-4cpu",0.5,"ssa",4,5.29
"pc5","rpi-4cpu",0.5,"ssa",3,5.31
"pc5","rpi-4cpu",0.5,"ssa",2,5.04
"pc5","rpi-4cpu",0.5,"ssa",4,5.11
"pc5","rpi-4cpu",0.5,"ssa",3,5.16
"pc5","rpi-4cpu",0.5,"ssa",1,5.24
"pc5","rpi-4cpu",0.5,"ssa",3,5.09
"pc5","rpi-4cpu",0.5,"ssa",2,5.1
"pc5","rpi-4cpu",0.5,"ssa",4,5.1
"pc5","rpi-4cpu",0.5,"ssa",1,5.2
"pc5","rpi-4cpu",0.5,"ssa",2,4.98
"pc5","rpi-4cpu",0.5,"ssa",4,4.97
"pc5","rpi-4cpu",0.5,"ssa",1,5.1
"pc5","rpi-4cpu",0.5,"ssa",3,5.09
"pc5","rpi-4cpu",0.5,"ssa",2,4.98
"pc5","rpi-4cpu",0.5,"ssa",4,5.01
"pc5","rpi-4cpu",0.5,"ssa",1,5.05
"pc5","rpi-4cpu",0.5,"ssa",3,5.13
"pc5","rpi-4cpu",0.5,"ssa",2,5
"pc5","rpi-4cpu",0.5,"ssa",1,5.13
"pc5","rpi-4cpu",0.5,"ssa",4,5.16
"pc5","rpi-4cpu",0.5,"ssa",3,5.2
"pc5","rpi-4cpu",0.5,"ssa",2,4.97
"pc5","rpi-4cpu",0.5,"ssa",4,5.02
"pc5","rpi-4cpu",0.5,"ssa",1,5.07
"pc5","rpi-4cpu",0.5,"ssa",3,5.17
"pc5","rpi-4cpu",0.5,"ssa",1,4.89
"pc5","rpi-4cpu",0.5,"ssa",4,4.96
"pc5","rpi-4cpu",0.5,"ssa",2,4.99
"pc5","rpi-4cpu",0.5,"ssa",3,5.15
"pc5","rpi-4cpu",0.5,"ssa",4,4.91
"pc5","rpi-4cpu",0.5,"ssa",1,5.06
"pc5","rpi-4cpu",0.5,"ssa",2,5.04
"pc5","rpi-4cpu",0.5,"ssa",3,5.15
"pc5","rpi-4cpu",0.5,"ssa",4,4.91
"pc5","rpi-4cpu",0.5,"ssa",1,5.03
"pc5","rpi-4cpu",0.5,"ssa",2,5.04
"pc5","rpi-4cpu",0.5,"ssa",3,5.09
"pc5","rpi-4cpu",0.5,"ssa",2,5.08
"pc5","rpi-4cpu",0.5,"ssa",4,5.22
"pc5","rpi-4cpu",0.5,"ssa",3,5.27
"pc5","rpi-4cpu",0.5,"ssa",1,5.31
"pc5","rpi-4cpu",0.5,"ssa",1,4.95
"pc5","rpi-4cpu",0.5,"ssa",4,4.95
"pc5","rpi-4cpu",0.5,"ssa",3,5.1
"pc5","rpi-4cpu",0.5,"ssa",2,5.15
"pc5","rpi-4cpu",0.5,"ssa",4,4.89
"pc5","rpi-4cpu",0.5,"ssa",2,4.98
"pc5","rpi-4cpu",0.5,"ssa",1,5.03
"pc5","rpi-4cpu",0.5,"ssa",3,5.08
"pc5","rpi-4cpu",0.5,"ssa",1,4.81
"pc5","rpi-4cpu",0.5,"ssa",2,4.97
"pc5","rpi-4cpu",0.5,"ssa",4,4.97
"pc5","rpi-4cpu",0.5,"ssa",3,4.99
"pc5","rpi-4cpu",0.5,"ssa",2,4.94
"pc5","rpi-4cpu",0.5,"ssa",4,5
"pc5","rpi-4cpu",0.5,"ssa",3,5.09
"pc5","rpi-4cpu",0.5,"ssa",1,5.13
"pc5","rpi-4cpu",0.5,"ssa",2,5.01
"pc5","rpi-4cpu",0.5,"ssa",3,5.08
"pc5","rpi-4cpu",0.5,"ssa",4,5.08
"pc5","rpi-4cpu",0.5,"ssa",1,5.2
"pc5","rpi-4cpu",0.5,"ssa",1,4.97
"pc5","rpi-4cpu",0.5,"ssa",4,5.06
"pc5","rpi-4cpu",0.5,"ssa",2,5.16
"pc5","rpi-4cpu",0.5,"ssa",3,5.16
"pc5","rpi-4cpu",0.5,"ssa",1,5.11
"pc5","rpi-4cpu",0.5,"ssa",4,5.14
"pc5","rpi-4cpu",0.5,"ssa",2,5.16
"pc5","rpi-4cpu",0.5,"ssa",3,5.15
"pc5","rpi-4cpu",0.5,"ssa",4,5.01
"pc5","rpi-4cpu",0.5,"ssa",1,5.07
"pc5","rpi-4cpu",0.5,"ssa",2,5.08
"pc5","rpi-4cpu",0.5,"ssa",3,5.14
"pc5","rpi-4cpu",0.5,"ssa",1,5.02
"pc5","rpi-4cpu",0.5,"ssa",4,5.02
"pc5","rpi-4cpu",0.5,"ssa",2,5.11
"pc5","rpi-4cpu",0.5,"ssa",3,5.11
"pc5","rpi-4cpu",0.5,"ssa",4,4.98
"pc5","rpi-4cpu",0.5,"ssa",1,5.07
"pc5","rpi-4cpu",0.5,"ssa",2,5.07
"pc5","rpi-4cpu",0.5,"ssa",3,5.07
"pc5","rpi-4cpu",0.5,"ssa",2,4.96
"pc5","rpi-4cpu",0.5,"ssa",1,5.08
"pc5","rpi-4cpu",0.5,"ssa",3,5.08
"pc5","rpi-4cpu",0.5,"ssa",4,5.26
"pc5","rpi-4cpu",0.5,"ssa",1,4.97
"pc5","rpi-4cpu",0.5,"ssa",4,4.99
"pc5","rpi-4cpu",0.5,"ssa",2,5.05
"pc5","rpi-4cpu",0.5,"ssa",3,5.12
"pc5","rpi-4cpu",0.5,"ssa",1,4.91
"pc5","rpi-4cpu",0.5,"ssa",2,4.97
"pc5","rpi-4cpu",0.5,"ssa",4,5.05
"pc5","rpi-4cpu",0.5,"ssa",3,5.16
"pc5","rpi-4cpu",0.5,"seadec",1,1.84
"pc5","rpi-4cpu",0.5,"seadec",3,1.84
"pc5","rpi-4cpu",0.5,"seadec",4,1.84
"pc5","rpi-4cpu",0.5,"seadec",2,1.86
"pc5","rpi-4cpu",0.5,"seadec",1,1.83
"pc5","rpi-4cpu",0.5,"seadec",3,1.83
"pc5","rpi-4cpu",0.5,"seadec",2,1.84
"pc5","rpi-4cpu",0.5,"seadec",4,1.84
"pc5","rpi-4cpu",0.5,"seadec",1,1.8
"pc5","rpi-4cpu",0.5,"seadec",3,1.81
"pc5","rpi-4cpu",0.5,"seadec",2,1.81
"pc5","rpi-4cpu",0.5,"seadec",4,1.85
"pc5","rpi-4cpu",0.5,"seadec",1,1.79
"pc5","rpi-4cpu",0.5,"seadec",4,1.79
"pc5","rpi-4cpu",0.5,"seadec",2,1.79
"pc5","rpi-4cpu",0.5,"seadec",3,1.81
"pc5","rpi-4cpu",0.5,"seadec",3,1.83
"pc5","rpi-4cpu",0.5,"seadec",1,1.83
"pc5","rpi-4cpu",0.5,"seadec",4,1.82
"pc5","rpi-4cpu",0.5,"seadec",2,1.82
"pc5","rpi-4cpu",0.5,"seadec",1,1.84
"pc5","rpi-4cpu",0.5,"seadec",4,1.83
"pc5","rpi-4cpu",0.5,"seadec",2,1.83
"pc5","rpi-4cpu",0.5,"seadec",3,1.83
"pc5","rpi-4cpu",0.5,"seadec",1,1.84
"pc5","rpi-4cpu",0.5,"seadec",2,1.82
"pc5","rpi-4cpu",0.5,"seadec",3,1.82
"pc5","rpi-4cpu",0.5,"seadec",4,1.83
"pc5","rpi-4cpu",0.5,"seadec",3,1.85
"pc5","rpi-4cpu",0.5,"seadec",2,1.85
"pc5","rpi-4cpu",0.5,"seadec",1,1.85
"pc5","rpi-4cpu",0.5,"seadec",4,1.84
"pc5","rpi-4cpu",0.5,"seadec",1,1.79
"pc5","rpi-4cpu",0.5,"seadec",2,1.79
"pc5","rpi-4cpu",0.5,"seadec",3,1.84
"pc5","rpi-4cpu",0.5,"seadec",4,1.86
"pc5","rpi-4cpu",0.5,"seadec",1,1.96
"pc5","rpi-4cpu",0.5,"seadec",3,1.97
"pc5","rpi-4cpu",0.5,"seadec",2,1.97
"pc5","rpi-4cpu",0.5,"seadec",4,1.97
"pc5","rpi-4cpu",0.5,"seadec",3,1.84
"pc5","rpi-4cpu",0.5,"seadec",1,1.83
"pc5","rpi-4cpu",0.5,"seadec",2,1.83
"pc5","rpi-4cpu",0.5,"seadec",4,1.84
"pc5","rpi-4cpu",0.5,"seadec",1,1.81
"pc5","rpi-4cpu",0.5,"seadec",3,1.8
"pc5","rpi-4cpu",0.5,"seadec",2,1.81
"pc5","rpi-4cpu",0.5,"seadec",4,1.81
"pc5","rpi-4cpu",0.5,"seadec",3,1.78
"pc5","rpi-4cpu",0.5,"seadec",4,1.78
"pc5","rpi-4cpu",0.5,"seadec",1,1.85
"pc5","rpi-4cpu",0.5,"seadec",2,1.85
"pc5","rpi-4cpu",0.5,"seadec",3,1.84
"pc5","rpi-4cpu",0.5,"seadec",2,1.84
"pc5","rpi-4cpu",0.5,"seadec",1,1.87
"pc5","rpi-4cpu",0.5,"seadec",4,1.84
"pc5","rpi-4cpu",0.5,"seadec",1,1.86
"pc5","rpi-4cpu",0.5,"seadec",3,1.89
"pc5","rpi-4cpu",0.5,"seadec",4,1.89
"pc5","rpi-4cpu",0.5,"seadec",2,1.91
"pc5","rpi-4cpu",0.5,"seadec",1,1.79
"pc5","rpi-4cpu",0.5,"seadec",3,1.79
"pc5","rpi-4cpu",0.5,"seadec",2,1.8
"pc5","rpi-4cpu",0.5,"seadec",4,1.8
"pc5","rpi-4cpu",0.5,"seadec",2,1.8
"pc5","rpi-4cpu",0.5,"seadec",4,1.8
"pc5","rpi-4cpu",0.5,"seadec",1,1.8
"pc5","rpi-4cpu",0.5,"seadec",3,1.88
"pc5","rpi-4cpu",0.5,"seadec",1,8.72
"pc5","rpi-4cpu",0.5,"seadec",4,8.75
"pc5","rpi-4cpu",0.5,"seadec",3,8.76
"pc5","rpi-4cpu",0.5,"seadec",2,8.77
"pc5","rpi-4cpu",0.5,"seadec",1,1.79
"pc5","rpi-4cpu",0.5,"seadec",4,1.8
"pc5","rpi-4cpu",0.5,"seadec",3,1.8
"pc5","rpi-4cpu",0.5,"seadec",2,1.88
"pc5","rpi-4cpu",0.5,"seadec",1,1.82
"pc5","rpi-4cpu",0.5,"seadec",3,1.88
"pc5","rpi-4cpu",0.5,"seadec",2,1.88
"pc5","rpi-4cpu",0.5,"seadec",4,1.89
"pc5","rpi-4cpu",0.5,"seadec",1,1.86
"pc5","rpi-4cpu",0.5,"seadec",3,1.85
"pc5","rpi-4cpu",0.5,"seadec",2,1.85
"pc5","rpi-4cpu",0.5,"seadec",4,1.85
"pc5","rpi-4cpu",0.5,"seadec",1,1.84
"pc5","rpi-4cpu",0.5,"seadec",4,1.84
"pc5","rpi-4cpu",0.5,"seadec",2,1.84
"pc5","rpi-4cpu",0.5,"seadec",3,1.84
"pc5","rpi-4cpu",0.5,"seadec",2,1.9
"pc5","rpi-4cpu",0.5,"seadec",1,1.94
"pc5","rpi-4cpu",0.5,"seadec",3,1.95
"pc5","rpi-4cpu",0.5,"seadec",4,1.95
"pc5","rpi-4cpu",0.5,"seadec",1,1.89
"pc5","rpi-4cpu",0.5,"seadec",2,1.88
"pc5","rpi-4cpu",0.5,"seadec",3,1.91
"pc5","rpi-4cpu",0.5,"seadec",4,1.91
"pc5","rpi-4cpu",0.5,"seadec",2,1.83
"pc5","rpi-4cpu",0.5,"seadec",3,1.81
"pc5","rpi-4cpu",0.5,"seadec",1,1.83
"pc5","rpi-4cpu",0.5,"seadec",4,1.81
"pc5","rpi-4cpu",0.5,"seadec",2,1.81
"pc5","rpi-4cpu",0.5,"seadec",1,1.86
"pc5","rpi-4cpu",0.5,"seadec",4,1.85
"pc5","rpi-4cpu",0.5,"seadec",3,1.86
"pc5","rpi-4cpu",0.5,"seadec",1,1.8
"pc5","rpi-4cpu",0.5,"seadec",2,1.8
"pc5","rpi-4cpu",0.5,"seadec",3,1.86
"pc5","rpi-4cpu",0.5,"seadec",4,1.86
"pc5","rpi-4cpu",0.5,"seadec",1,1.92
"pc5","rpi-4cpu",0.5,"seadec",3,1.92
"pc5","rpi-4cpu",0.5,"seadec",4,1.92
"pc5","rpi-4cpu",0.5,"seadec",2,1.92
"pc5","rpi-4cpu",0.5,"seadec",2,1.81
"pc5","rpi-4cpu",0.5,"seadec",4,1.83
"pc5","rpi-4cpu",0.5,"seadec",1,1.83
"pc5","rpi-4cpu",0.5,"seadec",3,1.83
"pc5","rpi-4cpu",0.5,"seadec",4,1.8
"pc5","rpi-4cpu",0.5,"seadec",2,1.83
"pc5","rpi-4cpu",0.5,"seadec",1,1.83
"pc5","rpi-4cpu",0.5,"seadec",3,1.82
"pc5","rpi-4cpu",0.5,"SMA",2,2.09
"pc5","rpi-4cpu",0.5,"SMA",1,2.17
"pc5","rpi-4cpu",0.5,"SMA",4,2.17
"pc5","rpi-4cpu",0.5,"SMA",3,2.17
"pc5","rpi-4cpu",0.5,"SMA",2,2.25
"pc5","rpi-4cpu",0.5,"SMA",4,2.25
"pc5","rpi-4cpu",0.5,"SMA",3,2.25
"pc5","rpi-4cpu",0.5,"SMA",1,2.25
"pc5","rpi-4cpu",0.5,"SMA",4,2.41
"pc5","rpi-4cpu",0.5,"SMA",2,4.94
"pc5","rpi-4cpu",0.5,"SMA",1,4.94
"pc5","rpi-4cpu",0.5,"SMA",3,5.03
"pc5","rpi-4cpu",0.5,"SMA",2,2.24
"pc5","rpi-4cpu",0.5,"SMA",1,2.27
"pc5","rpi-4cpu",0.5,"SMA",4,2.25
"pc5","rpi-4cpu",0.5,"SMA",3,2.25
"pc5","rpi-4cpu",0.5,"SMA",3,2.12
"pc5","rpi-4cpu",0.5,"SMA",1,2.16
"pc5","rpi-4cpu",0.5,"SMA",2,2.19
"pc5","rpi-4cpu",0.5,"SMA",4,2.19
"pc5","rpi-4cpu",0.5,"SMA",1,2.11
"pc5","rpi-4cpu",0.5,"SMA",3,2.11
"pc5","rpi-4cpu",0.5,"SMA",2,2.16
"pc5","rpi-4cpu",0.5,"SMA",4,2.14
"pc5","rpi-4cpu",0.5,"SMA",3,2.17
"pc5","rpi-4cpu",0.5,"SMA",1,2.17
"pc5","rpi-4cpu",0.5,"SMA",4,2.15
"pc5","rpi-4cpu",0.5,"SMA",2,2.15
"pc5","rpi-4cpu",0.5,"SMA",1,2.16
"pc5","rpi-4cpu",0.5,"SMA",2,2.17
"pc5","rpi-4cpu",0.5,"SMA",3,2.16
"pc5","rpi-4cpu",0.5,"SMA",4,2.17
"pc5","rpi-4cpu",0.5,"SMA",1,2.09
"pc5","rpi-4cpu",0.5,"SMA",2,2.15
"pc5","rpi-4cpu",0.5,"SMA",4,2.16
"pc5","rpi-4cpu",0.5,"SMA",3,2.17
"pc5","rpi-4cpu",0.5,"SMA",1,2.14
"pc5","rpi-4cpu",0.5,"SMA",2,2.13
"pc5","rpi-4cpu",0.5,"SMA",3,2.13
"pc5","rpi-4cpu",0.5,"SMA",4,2.13
"pc5","rpi-4cpu",0.5,"SMA",4,2.15
"pc5","rpi-4cpu",0.5,"SMA",1,2.15
"pc5","rpi-4cpu",0.5,"SMA",3,2.15
"pc5","rpi-4cpu",0.5,"SMA",2,2.15
"pc5","rpi-4cpu",0.5,"SMA",3,2.13
"pc5","rpi-4cpu",0.5,"SMA",2,2.15
"pc5","rpi-4cpu",0.5,"SMA",1,2.17
"pc5","rpi-4cpu",0.5,"SMA",4,2.2
"pc5","rpi-4cpu",0.5,"SMA",1,2.1
"pc5","rpi-4cpu",0.5,"SMA",2,2.1
"pc5","rpi-4cpu",0.5,"SMA",4,2.1
"pc5","rpi-4cpu",0.5,"SMA",3,2.17
"pc5","rpi-4cpu",0.5,"SMA",2,2.12
"pc5","rpi-4cpu",0.5,"SMA",1,2.12
"pc5","rpi-4cpu",0.5,"SMA",3,2.18
"pc5","rpi-4cpu",0.5,"SMA",4,2.19
"pc5","rpi-4cpu",0.5,"SMA",1,2.15
"pc5","rpi-4cpu",0.5,"SMA",3,2.23
"pc5","rpi-4cpu",0.5,"SMA",2,2.24
"pc5","rpi-4cpu",0.5,"SMA",4,2.24
"pc5","rpi-4cpu",0.5,"SMA",1,2.16
"pc5","rpi-4cpu",0.5,"SMA",3,2.16
"pc5","rpi-4cpu",0.5,"SMA",2,2.17
"pc5","rpi-4cpu",0.5,"SMA",4,2.17
"pc5","rpi-4cpu",0.5,"SMA",1,2.2
"pc5","rpi-4cpu",0.5,"SMA",2,2.23
"pc5","rpi-4cpu",0.5,"SMA",3,2.23
"pc5","rpi-4cpu",0.5,"SMA",4,2.35
"pc5","rpi-4cpu",0.5,"SMA",1,2.32
"pc5","rpi-4cpu",0.5,"SMA",2,2.32
"pc5","rpi-4cpu",0.5,"SMA",3,2.34
"pc5","rpi-4cpu",0.5,"SMA",4,2.5
"pc5","rpi-4cpu",0.5,"SMA",3,2.17
"pc5","rpi-4cpu",0.5,"SMA",2,2.2
"pc5","rpi-4cpu",0.5,"SMA",1,2.2
"pc5","rpi-4cpu",0.5,"SMA",4,2.38
"pc5","rpi-4cpu",0.5,"SMA",1,2.22
"pc5","rpi-4cpu",0.5,"SMA",2,2.23
"pc5","rpi-4cpu",0.5,"SMA",3,2.42
"pc5","rpi-4cpu",0.5,"SMA",4,2.41
"pc5","rpi-4cpu",0.5,"SMA",1,2.14
"pc5","rpi-4cpu",0.5,"SMA",2,2.14
"pc5","rpi-4cpu",0.5,"SMA",3,2.34
"pc5","rpi-4cpu",0.5,"SMA",4,2.35
"pc5","rpi-4cpu",0.5,"SMA",1,2.34
"pc5","rpi-4cpu",0.5,"SMA",2,2.34
"pc5","rpi-4cpu",0.5,"SMA",4,2.45
"pc5","rpi-4cpu",0.5,"SMA",3,2.53
"pc5","rpi-4cpu",0.5,"SMA",1,2.2
"pc5","rpi-4cpu",0.5,"SMA",2,2.27
"pc5","rpi-4cpu",0.5,"SMA",3,2.38
"pc5","rpi-4cpu",0.5,"SMA",4,2.38
"pc5","rpi-4cpu",0.5,"SMA",1,2.14
"pc5","rpi-4cpu",0.5,"SMA",2,2.12
"pc5","rpi-4cpu",0.5,"SMA",4,2.38
"pc5","rpi-4cpu",0.5,"SMA",3,2.38
"pc5","rpi-4cpu",0.5,"SMA",1,2.21
"pc5","rpi-4cpu",0.5,"SMA",2,2.21
"pc5","rpi-4cpu",0.5,"SMA",4,2.45
"pc5","rpi-4cpu",0.5,"SMA",3,2.45
"pc5","rpi-4cpu",0.5,"SMA",1,2.35
"pc5","rpi-4cpu",0.5,"SMA",2,2.35
"pc5","rpi-4cpu",0.5,"SMA",3,2.45
"pc5","rpi-4cpu",0.5,"SMA",4,2.45
"pc5","rpi-4cpu",0.5,"SMA",1,2.11
"pc5","rpi-4cpu",0.5,"SMA",2,2.37
"pc5","rpi-4cpu",0.5,"SMA",4,2.44
"pc5","rpi-4cpu",0.5,"SMA",3,2.44
"pc5","rpi-4cpu",0.5,"SMA",1,2.2
"pc5","rpi-4cpu",0.5,"SMA",4,2.4
"pc5","rpi-4cpu",0.5,"SMA",3,2.4
"pc5","rpi-4cpu",0.5,"SMA",2,2.4
"pc5","rpi-4cpu",0.5,"SMA",1,2.24
"pc5","rpi-4cpu",0.5,"SMA",3,2.43
"pc5","rpi-4cpu",0.5,"SMA",2,2.43
"pc5","rpi-4cpu",0.5,"SMA",4,2.43
"pc5","rpi-4cpu",0.5,"SMA",3,3.11
"pc5","rpi-4cpu",0.5,"SMA",1,3.11
"pc5","rpi-4cpu",0.5,"SMA",2,3.14
"pc5","rpi-4cpu",0.5,"SMA",4,3.2
"pc5","rpi-4cpu",0.6,"stine",3,2.11
"pc5","rpi-4cpu",0.6,"stine",4,2.11
"pc5","rpi-4cpu",0.6,"stine",2,2.17
"pc5","rpi-4cpu",0.6,"stine",1,2.24
"pc5","rpi-4cpu",0.6,"stine",4,1.7
"pc5","rpi-4cpu",0.6,"stine",1,1.97
"pc5","rpi-4cpu",0.6,"stine",2,1.97
"pc5","rpi-4cpu",0.6,"stine",3,1.99
"pc5","rpi-4cpu",0.6,"stine",4,2.18
"pc5","rpi-4cpu",0.6,"stine",2,2.18
"pc5","rpi-4cpu",0.6,"stine",3,2.21
"pc5","rpi-4cpu",0.6,"stine",1,2.48
"pc5","rpi-4cpu",0.6,"stine",2,2.05
"pc5","rpi-4cpu",0.6,"stine",1,2.05
"pc5","rpi-4cpu",0.6,"stine",3,2.05
"pc5","rpi-4cpu",0.6,"stine",4,2.34
"pc5","rpi-4cpu",0.6,"stine",2,2.01
"pc5","rpi-4cpu",0.6,"stine",3,2.03
"pc5","rpi-4cpu",0.6,"stine",1,2.03
"pc5","rpi-4cpu",0.6,"stine",4,2.34
"pc5","rpi-4cpu",0.6,"stine",2,1.95
"pc5","rpi-4cpu",0.6,"stine",1,1.95
"pc5","rpi-4cpu",0.6,"stine",3,2
"pc5","rpi-4cpu",0.6,"stine",4,2.34
"pc5","rpi-4cpu",0.6,"stine",3,1.68
"pc5","rpi-4cpu",0.6,"stine",2,1.98
"pc5","rpi-4cpu",0.6,"stine",1,1.98
"pc5","rpi-4cpu",0.6,"stine",4,2.29
"pc5","rpi-4cpu",0.6,"stine",3,1.67
"pc5","rpi-4cpu",0.6,"stine",2,1.94
"pc5","rpi-4cpu",0.6,"stine",1,1.98
"pc5","rpi-4cpu",0.6,"stine",4,2.29
"pc5","rpi-4cpu",0.6,"stine",2,2.17
"pc5","rpi-4cpu",0.6,"stine",1,2.19
"pc5","rpi-4cpu",0.6,"stine",3,2.87
"pc5","rpi-4cpu",0.6,"stine",4,2.87
"pc5","rpi-4cpu",0.6,"stine",1,2.07
"pc5","rpi-4cpu",0.6,"stine",2,2.15
"pc5","rpi-4cpu",0.6,"stine",4,2.48
"pc5","rpi-4cpu",0.6,"stine",3,2.5
"pc5","rpi-4cpu",0.6,"stine",1,2.09
"pc5","rpi-4cpu",0.6,"stine",2,2.12
"pc5","rpi-4cpu",0.6,"stine",3,2.47
"pc5","rpi-4cpu",0.6,"stine",4,2.49
"pc5","rpi-4cpu",0.6,"stine",1,2.15
"pc5","rpi-4cpu",0.6,"stine",2,2.16
"pc5","rpi-4cpu",0.6,"stine",3,2.55
"pc5","rpi-4cpu",0.6,"stine",4,2.55
"pc5","rpi-4cpu",0.6,"stine",2,1.65
"pc5","rpi-4cpu",0.6,"stine",1,2.07
"pc5","rpi-4cpu",0.6,"stine",4,2.39
"pc5","rpi-4cpu",0.6,"stine",3,2.41
"pc5","rpi-4cpu",0.6,"stine",2,1.69
"pc5","rpi-4cpu",0.6,"stine",1,2.1
"pc5","rpi-4cpu",0.6,"stine",3,2.46
"pc5","rpi-4cpu",0.6,"stine",4,2.46
"pc5","rpi-4cpu",0.6,"stine",2,1.74
"pc5","rpi-4cpu",0.6,"stine",1,2.06
"pc5","rpi-4cpu",0.6,"stine",4,2.42
"pc5","rpi-4cpu",0.6,"stine",3,2.42
"pc5","rpi-4cpu",0.6,"stine",1,2.17
"pc5","rpi-4cpu",0.6,"stine",4,2.63
"pc5","rpi-4cpu",0.6,"stine",2,2.66
"pc5","rpi-4cpu",0.6,"stine",3,2.66
"pc5","rpi-4cpu",0.6,"stine",1,2.17
"pc5","rpi-4cpu",0.6,"stine",4,2.63
"pc5","rpi-4cpu",0.6,"stine",2,2.63
"pc5","rpi-4cpu",0.6,"stine",3,2.63
"pc5","rpi-4cpu",0.6,"stine",1,2.58
"pc5","rpi-4cpu",0.6,"stine",4,2.62
"pc5","rpi-4cpu",0.6,"stine",2,2.66
"pc5","rpi-4cpu",0.6,"stine",3,2.7
"pc5","rpi-4cpu",0.6,"stine",1,1.7
"pc5","rpi-4cpu",0.6,"stine",4,2.37
"pc5","rpi-4cpu",0.6,"stine",3,2.4
"pc5","rpi-4cpu",0.6,"stine",2,2.47
"pc5","rpi-4cpu",0.6,"stine",1,1.69
"pc5","rpi-4cpu",0.6,"stine",4,2.33
"pc5","rpi-4cpu",0.6,"stine",3,2.37
"pc5","rpi-4cpu",0.6,"stine",2,2.41
"pc5","rpi-4cpu",0.6,"stine",1,1.71
"pc5","rpi-4cpu",0.6,"stine",4,2.29
"pc5","rpi-4cpu",0.6,"stine",3,2.39
"pc5","rpi-4cpu",0.6,"stine",2,2.41
"pc5","rpi-4cpu",0.6,"stine",4,2.53
"pc5","rpi-4cpu",0.6,"stine",1,2.66
"pc5","rpi-4cpu",0.6,"stine",3,2.67
"pc5","rpi-4cpu",0.6,"stine",2,2.68
"pc5","rpi-4cpu",0.6,"stine",1,2.63
"pc5","rpi-4cpu",0.6,"stine",2,2.65
"pc5","rpi-4cpu",0.6,"stine",4,2.68
"pc5","rpi-4cpu",0.6,"stine",3,2.68
"pc5","rpi-4cpu",0.6,"stine",4,2.5
"pc5","rpi-4cpu",0.6,"stine",1,2.64
"pc5","rpi-4cpu",0.6,"stine",3,2.68
"pc5","rpi-4cpu",0.6,"stine",2,2.7
"pc5","rpi-4cpu",0.6,"stine",2,2.51
"pc5","rpi-4cpu",0.6,"stine",3,2.57
"pc5","rpi-4cpu",0.6,"stine",4,2.56
"pc5","rpi-4cpu",0.6,"stine",1,2.59
"pc5","rpi-4cpu",0.6,"stine",2,2.53
"pc5","rpi-4cpu",0.6,"stine",4,2.54
"pc5","rpi-4cpu",0.6,"stine",1,2.58
"pc5","rpi-4cpu",0.6,"stine",3,2.58
"pc5","rpi-4cpu",0.6,"stine",2,2.54
"pc5","rpi-4cpu",0.6,"stine",4,2.54
"pc5","rpi-4cpu",0.6,"stine",3,2.54
"pc5","rpi-4cpu",0.6,"stine",1,2.6
"pc5","rpi-4cpu",0.6,"stine",2,2.53
"pc5","rpi-4cpu",0.6,"stine",3,2.54
"pc5","rpi-4cpu",0.6,"stine",4,2.54
"pc5","rpi-4cpu",0.6,"stine",1,2.58
"pc5","rpi-4cpu",0.6,"stine",3,2.46
"pc5","rpi-4cpu",0.6,"stine",4,2.46
"pc5","rpi-4cpu",0.6,"stine",2,2.55
"pc5","rpi-4cpu",0.6,"stine",1,2.58
"pc5","rpi-4cpu",0.6,"stine",4,2.51
"pc5","rpi-4cpu",0.6,"stine",2,2.51
"pc5","rpi-4cpu",0.6,"stine",3,2.55
"pc5","rpi-4cpu",0.6,"stine",1,2.62
"pc5","rpi-4cpu",0.6,"locf",4,2.35
"pc5","rpi-4cpu",0.6,"locf",1,2.46
"pc5","rpi-4cpu",0.6,"locf",2,2.51
"pc5","rpi-4cpu",0.6,"locf",3,2.57
"pc5","rpi-4cpu",0.6,"locf",4,1.79
"pc5","rpi-4cpu",0.6,"locf",3,2.37
"pc5","rpi-4cpu",0.6,"locf",1,2.38
"pc5","rpi-4cpu",0.6,"locf",2,2.46
"pc5","rpi-4cpu",0.6,"locf",4,1.71
"pc5","rpi-4cpu",0.6,"locf",1,2.32
"pc5","rpi-4cpu",0.6,"locf",3,2.38
"pc5","rpi-4cpu",0.6,"locf",2,2.49
"pc5","rpi-4cpu",0.6,"locf",4,1.74
"pc5","rpi-4cpu",0.6,"locf",1,2.38
"pc5","rpi-4cpu",0.6,"locf",3,2.41
"pc5","rpi-4cpu",0.6,"locf",2,2.45
"pc5","rpi-4cpu",0.6,"locf",4,1.76
"pc5","rpi-4cpu",0.6,"locf",1,2.36
"pc5","rpi-4cpu",0.6,"locf",2,2.37
"pc5","rpi-4cpu",0.6,"locf",3,2.97
"pc5","rpi-4cpu",0.6,"locf",3,1.7
"pc5","rpi-4cpu",0.6,"locf",4,1.7
"pc5","rpi-4cpu",0.6,"locf",2,2.19
"pc5","rpi-4cpu",0.6,"locf",1,2.24
"pc5","rpi-4cpu",0.6,"locf",4,1.68
"pc5","rpi-4cpu",0.6,"locf",3,1.73
"pc5","rpi-4cpu",0.6,"locf",1,2.27
"pc5","rpi-4cpu",0.6,"locf",2,2.27
"pc5","rpi-4cpu",0.6,"locf",4,1.63
"pc5","rpi-4cpu",0.6,"locf",3,1.63
"pc5","rpi-4cpu",0.6,"locf",1,2.28
"pc5","rpi-4cpu",0.6,"locf",2,2.28
"pc5","rpi-4cpu",0.6,"locf",4,1.68
"pc5","rpi-4cpu",0.6,"locf",3,1.72
"pc5","rpi-4cpu",0.6,"locf",1,2.34
"pc5","rpi-4cpu",0.6,"locf",2,2.34
"pc5","rpi-4cpu",0.6,"locf",4,1.65
"pc5","rpi-4cpu",0.6,"locf",3,1.67
"pc5","rpi-4cpu",0.6,"locf",2,2.27
"pc5","rpi-4cpu",0.6,"locf",1,2.35
"pc5","rpi-4cpu",0.6,"locf",4,1.69
"pc5","rpi-4cpu",0.6,"locf",3,1.69
"pc5","rpi-4cpu",0.6,"locf",1,2.33
"pc5","rpi-4cpu",0.6,"locf",2,2.37
"pc5","rpi-4cpu",0.6,"locf",3,1.61
"pc5","rpi-4cpu",0.6,"locf",4,1.66
"pc5","rpi-4cpu",0.6,"locf",1,2.23
"pc5","rpi-4cpu",0.6,"locf",2,2.3
"pc5","rpi-4cpu",0.6,"locf",2,1.57
"pc5","rpi-4cpu",0.6,"locf",3,1.58
"pc5","rpi-4cpu",0.6,"locf",4,1.58
"pc5","rpi-4cpu",0.6,"locf",1,2.11
"pc5","rpi-4cpu",0.6,"locf",2,1.55
"pc5","rpi-4cpu",0.6,"locf",3,1.6
"pc5","rpi-4cpu",0.6,"locf",4,1.61
"pc5","rpi-4cpu",0.6,"locf",1,2.12
"pc5","rpi-4cpu",0.6,"locf",3,1.55
"pc5","rpi-4cpu",0.6,"locf",2,1.57
"pc5","rpi-4cpu",0.6,"locf",4,1.63
"pc5","rpi-4cpu",0.6,"locf",1,2.08
"pc5","rpi-4cpu",0.6,"locf",2,1.6
"pc5","rpi-4cpu",0.6,"locf",3,1.59
"pc5","rpi-4cpu",0.6,"locf",4,1.59
"pc5","rpi-4cpu",0.6,"locf",1,2.13
"pc5","rpi-4cpu",0.6,"locf",2,1.56
"pc5","rpi-4cpu",0.6,"locf",4,1.56
"pc5","rpi-4cpu",0.6,"locf",3,1.54
"pc5","rpi-4cpu",0.6,"locf",1,1.56
"pc5","rpi-4cpu",0.6,"locf",2,1.51
"pc5","rpi-4cpu",0.6,"locf",1,1.51
"pc5","rpi-4cpu",0.6,"locf",3,1.51
"pc5","rpi-4cpu",0.6,"locf",4,1.57
"pc5","rpi-4cpu",0.6,"locf",2,1.51
"pc5","rpi-4cpu",0.6,"locf",1,1.52
"pc5","rpi-4cpu",0.6,"locf",3,1.56
"pc5","rpi-4cpu",0.6,"locf",4,1.57
"pc5","rpi-4cpu",0.6,"locf",1,1.57
"pc5","rpi-4cpu",0.6,"locf",2,1.57
"pc5","rpi-4cpu",0.6,"locf",4,1.57
"pc5","rpi-4cpu",0.6,"locf",3,1.56
"pc5","rpi-4cpu",0.6,"locf",4,1.52
"pc5","rpi-4cpu",0.6,"locf",2,1.54
"pc5","rpi-4cpu",0.6,"locf",1,1.56
"pc5","rpi-4cpu",0.6,"locf",3,1.55
"pc5","rpi-4cpu",0.6,"locf",2,1.57
"pc5","rpi-4cpu",0.6,"locf",4,1.56
"pc5","rpi-4cpu",0.6,"locf",1,1.59
"pc5","rpi-4cpu",0.6,"locf",3,1.58
"pc5","rpi-4cpu",0.6,"locf",4,1.57
"pc5","rpi-4cpu",0.6,"locf",1,1.57
"pc5","rpi-4cpu",0.6,"locf",3,1.56
"pc5","rpi-4cpu",0.6,"locf",2,1.57
"pc5","rpi-4cpu",0.6,"locf",4,1.52
"pc5","rpi-4cpu",0.6,"locf",1,1.54
"pc5","rpi-4cpu",0.6,"locf",3,1.56
"pc5","rpi-4cpu",0.6,"locf",2,1.56
"pc5","rpi-4cpu",0.6,"locf",1,1.72
"pc5","rpi-4cpu",0.6,"locf",3,1.69
"pc5","rpi-4cpu",0.6,"locf",4,1.69
"pc5","rpi-4cpu",0.6,"locf",2,1.69
"pc5","rpi-4cpu",0.6,"locf",4,1.55
"pc5","rpi-4cpu",0.6,"locf",3,1.55
"pc5","rpi-4cpu",0.6,"locf",1,1.55
"pc5","rpi-4cpu",0.6,"locf",2,1.55
"pc5","rpi-4cpu",0.6,"locf",2,1.55
"pc5","rpi-4cpu",0.6,"locf",4,1.58
"pc5","rpi-4cpu",0.6,"locf",1,1.58
"pc5","rpi-4cpu",0.6,"locf",3,1.58
"pc5","rpi-4cpu",0.6,"locf",3,1.57
"pc5","rpi-4cpu",0.6,"locf",1,1.57
"pc5","rpi-4cpu",0.6,"locf",2,1.55
"pc5","rpi-4cpu",0.6,"locf",4,1.55
"pc5","rpi-4cpu",0.6,"locf",1,1.54
"pc5","rpi-4cpu",0.6,"locf",4,1.52
"pc5","rpi-4cpu",0.6,"locf",2,1.54
"pc5","rpi-4cpu",0.6,"locf",3,1.56
"pc5","rpi-4cpu",0.6,"locf",4,1.53
"pc5","rpi-4cpu",0.6,"locf",3,1.54
"pc5","rpi-4cpu",0.6,"locf",2,1.55
"pc5","rpi-4cpu",0.6,"locf",1,1.56
"pc5","rpi-4cpu",0.6,"ssa",3,4.25
"pc5","rpi-4cpu",0.6,"ssa",4,4.25
"pc5","rpi-4cpu",0.6,"ssa",2,4.37
"pc5","rpi-4cpu",0.6,"ssa",1,4.49
"pc5","rpi-4cpu",0.6,"ssa",4,4.33
"pc5","rpi-4cpu",0.6,"ssa",1,4.42
"pc5","rpi-4cpu",0.6,"ssa",3,4.51
"pc5","rpi-4cpu",0.6,"ssa",2,4.61
"pc5","rpi-4cpu",0.6,"ssa",2,4.16
"pc5","rpi-4cpu",0.6,"ssa",3,4.19
"pc5","rpi-4cpu",0.6,"ssa",4,4.38
"pc5","rpi-4cpu",0.6,"ssa",1,4.5
"pc5","rpi-4cpu",0.6,"ssa",4,4.28
"pc5","rpi-4cpu",0.6,"ssa",1,4.37
"pc5","rpi-4cpu",0.6,"ssa",3,4.56
"pc5","rpi-4cpu",0.6,"ssa",2,4.56
"pc5","rpi-4cpu",0.6,"ssa",2,4.15
"pc5","rpi-4cpu",0.6,"ssa",3,4.23
"pc5","rpi-4cpu",0.6,"ssa",4,4.25
"pc5","rpi-4cpu",0.6,"ssa",1,4.57
"pc5","rpi-4cpu",0.6,"ssa",4,4.31
"pc5","rpi-4cpu",0.6,"ssa",1,4.43
"pc5","rpi-4cpu",0.6,"ssa",3,4.45
"pc5","rpi-4cpu",0.6,"ssa",2,4.53
"pc5","rpi-4cpu",0.6,"ssa",2,4.01
"pc5","rpi-4cpu",0.6,"ssa",3,4.05
"pc5","rpi-4cpu",0.6,"ssa",4,4.43
"pc5","rpi-4cpu",0.6,"ssa",1,4.5
"pc5","rpi-4cpu",0.6,"ssa",4,4.32
"pc5","rpi-4cpu",0.6,"ssa",1,4.38
"pc5","rpi-4cpu",0.6,"ssa",3,4.48
"pc5","rpi-4cpu",0.6,"ssa",2,4.52
"pc5","rpi-4cpu",0.6,"ssa",2,4.12
"pc5","rpi-4cpu",0.6,"ssa",4,4.18
"pc5","rpi-4cpu",0.6,"ssa",3,4.27
"pc5","rpi-4cpu",0.6,"ssa",1,4.53
"pc5","rpi-4cpu",0.6,"ssa",4,4.29
"pc5","rpi-4cpu",0.6,"ssa",1,4.34
"pc5","rpi-4cpu",0.6,"ssa",2,4.61
"pc5","rpi-4cpu",0.6,"ssa",3,4.62
"pc5","rpi-4cpu",0.6,"ssa",2,4.14
"pc5","rpi-4cpu",0.6,"ssa",3,4.22
"pc5","rpi-4cpu",0.6,"ssa",4,4.37
"pc5","rpi-4cpu",0.6,"ssa",1,4.67
"pc5","rpi-4cpu",0.6,"ssa",4,4.24
"pc5","rpi-4cpu",0.6,"ssa",1,4.4
"pc5","rpi-4cpu",0.6,"ssa",2,4.54
"pc5","rpi-4cpu",0.6,"ssa",3,4.56
"pc5","rpi-4cpu",0.6,"ssa",2,4.13
"pc5","rpi-4cpu",0.6,"ssa",3,4.22
"pc5","rpi-4cpu",0.6,"ssa",4,4.33
"pc5","rpi-4cpu",0.6,"ssa",1,4.54
"pc5","rpi-4cpu",0.6,"ssa",4,4.27
"pc5","rpi-4cpu",0.6,"ssa",1,4.36
"pc5","rpi-4cpu",0.6,"ssa",3,4.54
"pc5","rpi-4cpu",0.6,"ssa",2,4.54
"pc5","rpi-4cpu",0.6,"ssa",3,4.16
"pc5","rpi-4cpu",0.6,"ssa",2,4.19
"pc5","rpi-4cpu",0.6,"ssa",4,4.25
"pc5","rpi-4cpu",0.6,"ssa",1,4.5
"pc5","rpi-4cpu",0.6,"ssa",4,4.15
"pc5","rpi-4cpu",0.6,"ssa",1,4.28
"pc5","rpi-4cpu",0.6,"ssa",2,4.45
"pc5","rpi-4cpu",0.6,"ssa",3,4.52
"pc5","rpi-4cpu",0.6,"ssa",2,4.09
"pc5","rpi-4cpu",0.6,"ssa",4,4.19
"pc5","rpi-4cpu",0.6,"ssa",3,4.28
"pc5","rpi-4cpu",0.6,"ssa",1,4.51
"pc5","rpi-4cpu",0.6,"ssa",4,4.22
"pc5","rpi-4cpu",0.6,"ssa",1,4.43
"pc5","rpi-4cpu",0.6,"ssa",2,4.51
"pc5","rpi-4cpu",0.6,"ssa",3,4.51
"pc5","rpi-4cpu",0.6,"ssa",2,4.09
"pc5","rpi-4cpu",0.6,"ssa",3,4.16
"pc5","rpi-4cpu",0.6,"ssa",4,4.19
"pc5","rpi-4cpu",0.6,"ssa",1,4.48
"pc5","rpi-4cpu",0.6,"ssa",4,4.24
"pc5","rpi-4cpu",0.6,"ssa",1,4.31
"pc5","rpi-4cpu",0.6,"ssa",3,4.35
"pc5","rpi-4cpu",0.6,"ssa",2,4.48
"pc5","rpi-4cpu",0.6,"ssa",2,4.1
"pc5","rpi-4cpu",0.6,"ssa",3,4.22
"pc5","rpi-4cpu",0.6,"ssa",4,4.32
"pc5","rpi-4cpu",0.6,"ssa",1,4.53
"pc5","rpi-4cpu",0.6,"ssa",4,4.15
"pc5","rpi-4cpu",0.6,"ssa",1,4.29
"pc5","rpi-4cpu",0.6,"ssa",2,4.47
"pc5","rpi-4cpu",0.6,"ssa",3,4.55
"pc5","rpi-4cpu",0.6,"ssa",2,4.06
"pc5","rpi-4cpu",0.6,"ssa",4,4.17
"pc5","rpi-4cpu",0.6,"ssa",3,4.26
"pc5","rpi-4cpu",0.6,"ssa",1,4.57
"pc5","rpi-4cpu",0.6,"ssa",4,4.32
"pc5","rpi-4cpu",0.6,"ssa",1,4.36
"pc5","rpi-4cpu",0.6,"ssa",2,4.43
"pc5","rpi-4cpu",0.6,"ssa",3,4.53
"pc5","rpi-4cpu",0.6,"ssa",2,4.14
"pc5","rpi-4cpu",0.6,"ssa",3,4.16
"pc5","rpi-4cpu",0.6,"ssa",1,4.39
"pc5","rpi-4cpu",0.6,"ssa",4,4.39
"pc5","rpi-4cpu",0.6,"ssa",4,4.2
"pc5","rpi-4cpu",0.6,"ssa",1,4.3
"pc5","rpi-4cpu",0.6,"ssa",3,4.41
"pc5","rpi-4cpu",0.6,"ssa",2,4.6
"pc5","rpi-4cpu",0.6,"ssa",2,4.08
"pc5","rpi-4cpu",0.6,"ssa",3,4.19
"pc5","rpi-4cpu",0.6,"ssa",4,4.35
"pc5","rpi-4cpu",0.6,"ssa",1,4.47
"pc5","rpi-4cpu",0.6,"ssa",4,4.26
"pc5","rpi-4cpu",0.6,"ssa",1,4.33
"pc5","rpi-4cpu",0.6,"ssa",3,4.47
"pc5","rpi-4cpu",0.6,"ssa",2,4.57
"pc5","rpi-4cpu",0.6,"ssa",2,4.09
"pc5","rpi-4cpu",0.6,"ssa",3,4.19
"pc5","rpi-4cpu",0.6,"ssa",4,4.37
"pc5","rpi-4cpu",0.6,"ssa",1,4.53
"pc5","rpi-4cpu",0.6,"ssa",4,4.29
"pc5","rpi-4cpu",0.6,"ssa",1,4.34
"pc5","rpi-4cpu",0.6,"ssa",3,4.53
"pc5","rpi-4cpu",0.6,"ssa",2,4.62
"pc5","rpi-4cpu",0.6,"seadec",1,1.49
"pc5","rpi-4cpu",0.6,"seadec",2,1.5
"pc5","rpi-4cpu",0.6,"seadec",3,1.52
"pc5","rpi-4cpu",0.6,"seadec",4,1.55
"pc5","rpi-4cpu",0.6,"seadec",1,1.5
"pc5","rpi-4cpu",0.6,"seadec",4,1.5
"pc5","rpi-4cpu",0.6,"seadec",2,1.5
"pc5","rpi-4cpu",0.6,"seadec",3,1.51
"pc5","rpi-4cpu",0.6,"seadec",2,1.55
"pc5","rpi-4cpu",0.6,"seadec",3,1.56
"pc5","rpi-4cpu",0.6,"seadec",4,1.56
"pc5","rpi-4cpu",0.6,"seadec",1,1.56
"pc5","rpi-4cpu",0.6,"seadec",1,1.5
"pc5","rpi-4cpu",0.6,"seadec",4,1.55
"pc5","rpi-4cpu",0.6,"seadec",2,1.57
"pc5","rpi-4cpu",0.6,"seadec",3,1.57
"pc5","rpi-4cpu",0.6,"seadec",1,1.52
"pc5","rpi-4cpu",0.6,"seadec",2,1.52
"pc5","rpi-4cpu",0.6,"seadec",4,1.52
"pc5","rpi-4cpu",0.6,"seadec",3,1.54
"pc5","rpi-4cpu",0.6,"seadec",1,1.55
"pc5","rpi-4cpu",0.6,"seadec",4,1.56
"pc5","rpi-4cpu",0.6,"seadec",3,1.56
"pc5","rpi-4cpu",0.6,"seadec",2,1.56
"pc5","rpi-4cpu",0.6,"seadec",1,1.52
"pc5","rpi-4cpu",0.6,"seadec",2,1.51
"pc5","rpi-4cpu",0.6,"seadec",3,1.51
"pc5","rpi-4cpu",0.6,"seadec",4,1.57
"pc5","rpi-4cpu",0.6,"seadec",1,1.5
"pc5","rpi-4cpu",0.6,"seadec",2,1.51
"pc5","rpi-4cpu",0.6,"seadec",3,1.51
"pc5","rpi-4cpu",0.6,"seadec",4,1.57
"pc5","rpi-4cpu",0.6,"seadec",1,1.5
"pc5","rpi-4cpu",0.6,"seadec",3,1.55
"pc5","rpi-4cpu",0.6,"seadec",2,1.56
"pc5","rpi-4cpu",0.6,"seadec",4,1.57
"pc5","rpi-4cpu",0.6,"seadec",3,1.56
"pc5","rpi-4cpu",0.6,"seadec",2,1.56
"pc5","rpi-4cpu",0.6,"seadec",1,1.56
"pc5","rpi-4cpu",0.6,"seadec",4,1.56
"pc5","rpi-4cpu",0.6,"seadec",1,1.51
"pc5","rpi-4cpu",0.6,"seadec",2,1.55
"pc5","rpi-4cpu",0.6,"seadec",3,1.55
"pc5","rpi-4cpu",0.6,"seadec",4,1.55
"pc5","rpi-4cpu",0.6,"seadec",1,1.53
"pc5","rpi-4cpu",0.6,"seadec",3,1.58
"pc5","rpi-4cpu",0.6,"seadec",2,1.58
"pc5","rpi-4cpu",0.6,"seadec",4,1.57
"pc5","rpi-4cpu",0.6,"seadec",1,1.5
"pc5","rpi-4cpu",0.6,"seadec",2,1.51
"pc5","rpi-4cpu",0.6,"seadec",4,1.54
"pc5","rpi-4cpu",0.6,"seadec",3,1.56
"pc5","rpi-4cpu",0.6,"seadec",1,1.52
"pc5","rpi-4cpu",0.6,"seadec",2,1.52
"pc5","rpi-4cpu",0.6,"seadec",4,1.55
"pc5","rpi-4cpu",0.6,"seadec",3,1.56
"pc5","rpi-4cpu",0.6,"seadec",1,1.5
"pc5","rpi-4cpu",0.6,"seadec",3,1.52
"pc5","rpi-4cpu",0.6,"seadec",2,1.52
"pc5","rpi-4cpu",0.6,"seadec",4,1.51
"pc5","rpi-4cpu",0.6,"seadec",1,1.55
"pc5","rpi-4cpu",0.6,"seadec",3,1.55
"pc5","rpi-4cpu",0.6,"seadec",2,1.55
"pc5","rpi-4cpu",0.6,"seadec",4,1.56
"pc5","rpi-4cpu",0.6,"seadec",1,1.53
"pc5","rpi-4cpu",0.6,"seadec",3,1.53
"pc5","rpi-4cpu",0.6,"seadec",2,1.53
"pc5","rpi-4cpu",0.6,"seadec",4,1.52
"pc5","rpi-4cpu",0.6,"seadec",1,1.68
"pc5","rpi-4cpu",0.6,"seadec",3,1.68
"pc5","rpi-4cpu",0.6,"seadec",4,1.68
"pc5","rpi-4cpu",0.6,"seadec",2,1.7
"pc5","rpi-4cpu",0.6,"seadec",2,1.54
"pc5","rpi-4cpu",0.6,"seadec",1,1.54
"pc5","rpi-4cpu",0.6,"seadec",4,1.54
"pc5","rpi-4cpu",0.6,"seadec",3,1.54
"pc5","rpi-4cpu",0.6,"seadec",1,1.54
"pc5","rpi-4cpu",0.6,"seadec",2,1.53
"pc5","rpi-4cpu",0.6,"seadec",3,1.53
"pc5","rpi-4cpu",0.6,"seadec",4,1.54
"pc5","rpi-4cpu",0.6,"seadec",4,1.65
"pc5","rpi-4cpu",0.6,"seadec",2,1.65
"pc5","rpi-4cpu",0.6,"seadec",3,1.65
"pc5","rpi-4cpu",0.6,"seadec",1,1.67
"pc5","rpi-4cpu",0.6,"seadec",1,1.54
"pc5","rpi-4cpu",0.6,"seadec",2,1.54
"pc5","rpi-4cpu",0.6,"seadec",3,1.54
"pc5","rpi-4cpu",0.6,"seadec",4,1.56
"pc5","rpi-4cpu",0.6,"seadec",3,1.52
"pc5","rpi-4cpu",0.6,"seadec",2,1.52
"pc5","rpi-4cpu",0.6,"seadec",1,1.52
"pc5","rpi-4cpu",0.6,"seadec",4,1.55
"pc5","rpi-4cpu",0.6,"seadec",1,1.54
"pc5","rpi-4cpu",0.6,"seadec",3,1.56
"pc5","rpi-4cpu",0.6,"seadec",4,1.54
"pc5","rpi-4cpu",0.6,"seadec",2,1.56
"pc5","rpi-4cpu",0.6,"seadec",1,1.51
"pc5","rpi-4cpu",0.6,"seadec",4,1.51
"pc5","rpi-4cpu",0.6,"seadec",2,1.57
"pc5","rpi-4cpu",0.6,"seadec",3,1.57
"pc5","rpi-4cpu",0.6,"seadec",1,1.52
"pc5","rpi-4cpu",0.6,"seadec",4,1.55
"pc5","rpi-4cpu",0.6,"seadec",3,1.57
"pc5","rpi-4cpu",0.6,"seadec",2,1.57
"pc5","rpi-4cpu",0.6,"seadec",1,1.5
"pc5","rpi-4cpu",0.6,"seadec",3,1.5
"pc5","rpi-4cpu",0.6,"seadec",2,1.56
"pc5","rpi-4cpu",0.6,"seadec",4,1.55
"pc5","rpi-4cpu",0.6,"seadec",4,1.53
"pc5","rpi-4cpu",0.6,"seadec",1,1.55
"pc5","rpi-4cpu",0.6,"seadec",3,1.55
"pc5","rpi-4cpu",0.6,"seadec",2,1.58
"pc5","rpi-4cpu",0.6,"seadec",4,1.55
"pc5","rpi-4cpu",0.6,"seadec",3,1.57
"pc5","rpi-4cpu",0.6,"seadec",1,1.57
"pc5","rpi-4cpu",0.6,"seadec",2,1.57
"pc5","rpi-4cpu",0.6,"seadec",3,1.52
"pc5","rpi-4cpu",0.6,"seadec",1,1.55
"pc5","rpi-4cpu",0.6,"seadec",4,1.52
"pc5","rpi-4cpu",0.6,"seadec",2,1.55
"pc5","rpi-4cpu",0.6,"SMA",1,1.75
"pc5","rpi-4cpu",0.6,"SMA",3,1.75
"pc5","rpi-4cpu",0.6,"SMA",2,1.81
"pc5","rpi-4cpu",0.6,"SMA",4,1.8
"pc5","rpi-4cpu",0.6,"SMA",1,1.77
"pc5","rpi-4cpu",0.6,"SMA",2,1.77
"pc5","rpi-4cpu",0.6,"SMA",3,1.79
"pc5","rpi-4cpu",0.6,"SMA",4,1.81
"pc5","rpi-4cpu",0.6,"SMA",4,2.84
"pc5","rpi-4cpu",0.6,"SMA",2,2.83
"pc5","rpi-4cpu",0.6,"SMA",1,2.83
"pc5","rpi-4cpu",0.6,"SMA",3,2.83
"pc5","rpi-4cpu",0.6,"SMA",3,1.77
"pc5","rpi-4cpu",0.6,"SMA",1,1.83
"pc5","rpi-4cpu",0.6,"SMA",2,1.84
"pc5","rpi-4cpu",0.6,"SMA",4,1.83
"pc5","rpi-4cpu",0.6,"SMA",1,1.77
"pc5","rpi-4cpu",0.6,"SMA",2,1.78
"pc5","rpi-4cpu",0.6,"SMA",3,1.81
"pc5","rpi-4cpu",0.6,"SMA",4,1.8
"pc5","rpi-4cpu",0.6,"SMA",2,1.74
"pc5","rpi-4cpu",0.6,"SMA",4,1.74
"pc5","rpi-4cpu",0.6,"SMA",1,1.77
"pc5","rpi-4cpu",0.6,"SMA",3,1.8
"pc5","rpi-4cpu",0.6,"SMA",2,1.81
"pc5","rpi-4cpu",0.6,"SMA",1,1.81
"pc5","rpi-4cpu",0.6,"SMA",3,1.78
"pc5","rpi-4cpu",0.6,"SMA",4,1.78
"pc5","rpi-4cpu",0.6,"SMA",1,1.78
"pc5","rpi-4cpu",0.6,"SMA",2,1.78
"pc5","rpi-4cpu",0.6,"SMA",3,1.78
"pc5","rpi-4cpu",0.6,"SMA",4,1.81
"pc5","rpi-4cpu",0.6,"SMA",4,1.81
"pc5","rpi-4cpu",0.6,"SMA",2,1.81
"pc5","rpi-4cpu",0.6,"SMA",1,1.81
"pc5","rpi-4cpu",0.6,"SMA",3,1.81
"pc5","rpi-4cpu",0.6,"SMA",4,1.78
"pc5","rpi-4cpu",0.6,"SMA",1,1.78
"pc5","rpi-4cpu",0.6,"SMA",2,1.78
"pc5","rpi-4cpu",0.6,"SMA",3,1.82
"pc5","rpi-4cpu",0.6,"SMA",1,1.77
"pc5","rpi-4cpu",0.6,"SMA",2,1.77
"pc5","rpi-4cpu",0.6,"SMA",3,1.82
"pc5","rpi-4cpu",0.6,"SMA",4,1.82
"pc5","rpi-4cpu",0.6,"SMA",2,1.77
"pc5","rpi-4cpu",0.6,"SMA",4,1.78
"pc5","rpi-4cpu",0.6,"SMA",1,1.78
"pc5","rpi-4cpu",0.6,"SMA",3,1.78
"pc5","rpi-4cpu",0.6,"SMA",2,1.76
"pc5","rpi-4cpu",0.6,"SMA",1,1.75
"pc5","rpi-4cpu",0.6,"SMA",4,1.75
"pc5","rpi-4cpu",0.6,"SMA",3,1.82
"pc5","rpi-4cpu",0.6,"SMA",3,2.5
"pc5","rpi-4cpu",0.6,"SMA",1,2.5
"pc5","rpi-4cpu",0.6,"SMA",4,2.5
"pc5","rpi-4cpu",0.6,"SMA",2,2.5
"pc5","rpi-4cpu",0.6,"SMA",1,1.81
"pc5","rpi-4cpu",0.6,"SMA",4,1.79
"pc5","rpi-4cpu",0.6,"SMA",2,1.82
"pc5","rpi-4cpu",0.6,"SMA",3,1.81
"pc5","rpi-4cpu",0.6,"SMA",2,1.77
"pc5","rpi-4cpu",0.6,"SMA",1,1.77
"pc5","rpi-4cpu",0.6,"SMA",4,1.78
"pc5","rpi-4cpu",0.6,"SMA",3,1.78
"pc5","rpi-4cpu",0.6,"SMA",1,1.78
"pc5","rpi-4cpu",0.6,"SMA",2,1.81
"pc5","rpi-4cpu",0.6,"SMA",3,1.81
"pc5","rpi-4cpu",0.6,"SMA",4,1.93
"pc5","rpi-4cpu",0.6,"SMA",2,1.77
"pc5","rpi-4cpu",0.6,"SMA",1,1.8
"pc5","rpi-4cpu",0.6,"SMA",3,1.84
"pc5","rpi-4cpu",0.6,"SMA",4,1.95
"pc5","rpi-4cpu",0.6,"SMA",1,1.81
"pc5","rpi-4cpu",0.6,"SMA",2,1.81
"pc5","rpi-4cpu",0.6,"SMA",3,1.84
"pc5","rpi-4cpu",0.6,"SMA",4,1.96
"pc5","rpi-4cpu",0.6,"SMA",2,1.81
"pc5","rpi-4cpu",0.6,"SMA",1,1.86
"pc5","rpi-4cpu",0.6,"SMA",3,1.86
"pc5","rpi-4cpu",0.6,"SMA",4,1.95
"pc5","rpi-4cpu",0.6,"SMA",1,1.85
"pc5","rpi-4cpu",0.6,"SMA",2,1.84
"pc5","rpi-4cpu",0.6,"SMA",4,1.96
"pc5","rpi-4cpu",0.6,"SMA",3,2.02
"pc5","rpi-4cpu",0.6,"SMA",2,4.03
"pc5","rpi-4cpu",0.6,"SMA",1,4.09
"pc5","rpi-4cpu",0.6,"SMA",3,4.15
"pc5","rpi-4cpu",0.6,"SMA",4,4.15
"pc5","rpi-4cpu",0.6,"SMA",2,1.82
"pc5","rpi-4cpu",0.6,"SMA",1,1.84
"pc5","rpi-4cpu",0.6,"SMA",4,2.03
"pc5","rpi-4cpu",0.6,"SMA",3,2.03
"pc5","rpi-4cpu",0.6,"SMA",1,1.85
"pc5","rpi-4cpu",0.6,"SMA",2,1.85
"pc5","rpi-4cpu",0.6,"SMA",3,1.97
"pc5","rpi-4cpu",0.6,"SMA",4,2.03
"pc5","rpi-4cpu",0.6,"SMA",1,1.81
"pc5","rpi-4cpu",0.6,"SMA",2,2.01
"pc5","rpi-4cpu",0.6,"SMA",4,2.01
"pc5","rpi-4cpu",0.6,"SMA",3,2.01
"pc5","rpi-4cpu",0.6,"SMA",1,1.82
"pc5","rpi-4cpu",0.6,"SMA",2,2.01
"pc5","rpi-4cpu",0.6,"SMA",3,2.06
"pc5","rpi-4cpu",0.6,"SMA",4,2.06
"pc5","rpi-4cpu",0.6,"SMA",1,1.84
"pc5","rpi-4cpu",0.6,"SMA",2,1.98
"pc5","rpi-4cpu",0.6,"SMA",3,2.03
"pc5","rpi-4cpu",0.6,"SMA",4,2.06
"pc5","rpi-4cpu",0.6,"SMA",1,1.75
"pc5","rpi-4cpu",0.6,"SMA",2,2.1
"pc5","rpi-4cpu",0.6,"SMA",3,2.11
"pc5","rpi-4cpu",0.6,"SMA",4,2.1
"pc5","rpi-4cpu",0.6,"SMA",4,2.02
"pc5","rpi-4cpu",0.6,"SMA",1,2.06
"pc5","rpi-4cpu",0.6,"SMA",3,2.06
"pc5","rpi-4cpu",0.6,"SMA",2,2.08
"pc5","rpi-4cpu",0.6,"SMA",2,2.05
"pc5","rpi-4cpu",0.6,"SMA",4,2.05
"pc5","rpi-4cpu",0.6,"SMA",1,2.08
"pc5","rpi-4cpu",0.6,"SMA",3,2.09
"pc5","rpi-4cpu",0.7,"stine",3,1.87
"pc5","rpi-4cpu",0.7,"stine",2,1.87
"pc5","rpi-4cpu",0.7,"stine",4,1.87
"pc5","rpi-4cpu",0.7,"stine",1,1.94
"pc5","rpi-4cpu",0.7,"stine",3,1.72
"pc5","rpi-4cpu",0.7,"stine",4,1.72
"pc5","rpi-4cpu",0.7,"stine",2,1.72
"pc5","rpi-4cpu",0.7,"stine",1,1.78
"pc5","rpi-4cpu",0.7,"stine",4,1.5
"pc5","rpi-4cpu",0.7,"stine",3,1.63
"pc5","rpi-4cpu",0.7,"stine",2,1.7
"pc5","rpi-4cpu",0.7,"stine",1,1.73
"pc5","rpi-4cpu",0.7,"stine",4,1.46
"pc5","rpi-4cpu",0.7,"stine",3,1.64
"pc5","rpi-4cpu",0.7,"stine",1,1.73
"pc5","rpi-4cpu",0.7,"stine",2,1.73
"pc5","rpi-4cpu",0.7,"stine",4,1.45
"pc5","rpi-4cpu",0.7,"stine",1,1.68
"pc5","rpi-4cpu",0.7,"stine",2,1.67
"pc5","rpi-4cpu",0.7,"stine",3,1.68
"pc5","rpi-4cpu",0.7,"stine",1,1.75
"pc5","rpi-4cpu",0.7,"stine",2,1.75
"pc5","rpi-4cpu",0.7,"stine",3,1.76
"pc5","rpi-4cpu",0.7,"stine",4,2.05
"pc5","rpi-4cpu",0.7,"stine",2,1.72
"pc5","rpi-4cpu",0.7,"stine",1,1.72
"pc5","rpi-4cpu",0.7,"stine",3,1.72
"pc5","rpi-4cpu",0.7,"stine",4,2.05
"pc5","rpi-4cpu",0.7,"stine",1,1.71
"pc5","rpi-4cpu",0.7,"stine",2,1.72
"pc5","rpi-4cpu",0.7,"stine",3,2.04
"pc5","rpi-4cpu",0.7,"stine",4,2.1
"pc5","rpi-4cpu",0.7,"stine",3,1.48
"pc5","rpi-4cpu",0.7,"stine",2,1.67
"pc5","rpi-4cpu",0.7,"stine",1,1.69
"pc5","rpi-4cpu",0.7,"stine",4,1.99
"pc5","rpi-4cpu",0.7,"stine",3,1.43
"pc5","rpi-4cpu",0.7,"stine",2,1.65
"pc5","rpi-4cpu",0.7,"stine",1,1.76
"pc5","rpi-4cpu",0.7,"stine",4,1.99
"pc5","rpi-4cpu",0.7,"stine",3,1.45
"pc5","rpi-4cpu",0.7,"stine",1,1.75
"pc5","rpi-4cpu",0.7,"stine",2,1.74
"pc5","rpi-4cpu",0.7,"stine",4,1.95
"pc5","rpi-4cpu",0.7,"stine",1,1.83
"pc5","rpi-4cpu",0.7,"stine",2,1.83
"pc5","rpi-4cpu",0.7,"stine",3,2.13
"pc5","rpi-4cpu",0.7,"stine",4,2.14
"pc5","rpi-4cpu",0.7,"stine",1,1.81
"pc5","rpi-4cpu",0.7,"stine",3,1.82
"pc5","rpi-4cpu",0.7,"stine",2,2.19
"pc5","rpi-4cpu",0.7,"stine",4,2.2
"pc5","rpi-4cpu",0.7,"stine",1,1.81
"pc5","rpi-4cpu",0.7,"stine",2,1.85
"pc5","rpi-4cpu",0.7,"stine",3,2.17
"pc5","rpi-4cpu",0.7,"stine",4,2.17
"pc5","rpi-4cpu",0.7,"stine",2,1.86
"pc5","rpi-4cpu",0.7,"stine",1,1.86
"pc5","rpi-4cpu",0.7,"stine",3,2.13
"pc5","rpi-4cpu",0.7,"stine",4,2.15
"pc5","rpi-4cpu",0.7,"stine",2,1.49
"pc5","rpi-4cpu",0.7,"stine",1,1.83
"pc5","rpi-4cpu",0.7,"stine",3,2.08
"pc5","rpi-4cpu",0.7,"stine",4,2.11
"pc5","rpi-4cpu",0.7,"stine",2,1.54
"pc5","rpi-4cpu",0.7,"stine",1,1.8
"pc5","rpi-4cpu",0.7,"stine",3,2.1
"pc5","rpi-4cpu",0.7,"stine",4,2.1
"pc5","rpi-4cpu",0.7,"stine",4,2.58
"pc5","rpi-4cpu",0.7,"stine",2,2.6
"pc5","rpi-4cpu",0.7,"stine",1,2.65
"pc5","rpi-4cpu",0.7,"stine",3,3.14
"pc5","rpi-4cpu",0.7,"stine",1,1.9
"pc5","rpi-4cpu",0.7,"stine",2,2.27
"pc5","rpi-4cpu",0.7,"stine",3,2.3
"pc5","rpi-4cpu",0.7,"stine",4,2.28
"pc5","rpi-4cpu",0.7,"stine",1,1.83
"pc5","rpi-4cpu",0.7,"stine",4,2.27
"pc5","rpi-4cpu",0.7,"stine",3,2.28
"pc5","rpi-4cpu",0.7,"stine",2,2.28
"pc5","rpi-4cpu",0.7,"stine",2,1.47
"pc5","rpi-4cpu",0.7,"stine",4,2.06
"pc5","rpi-4cpu",0.7,"stine",1,2.12
"pc5","rpi-4cpu",0.7,"stine",3,2.16
"pc5","rpi-4cpu",0.7,"stine",1,1.51
"pc5","rpi-4cpu",0.7,"stine",4,2.03
"pc5","rpi-4cpu",0.7,"stine",2,2.13
"pc5","rpi-4cpu",0.7,"stine",3,2.14
"pc5","rpi-4cpu",0.7,"stine",4,2.22
"pc5","rpi-4cpu",0.7,"stine",2,2.27
"pc5","rpi-4cpu",0.7,"stine",3,2.29
"pc5","rpi-4cpu",0.7,"stine",1,2.33
"pc5","rpi-4cpu",0.7,"stine",4,2.18
"pc5","rpi-4cpu",0.7,"stine",1,2.28
"pc5","rpi-4cpu",0.7,"stine",3,2.29
"pc5","rpi-4cpu",0.7,"stine",2,2.29
"pc5","rpi-4cpu",0.7,"stine",4,2.15
"pc5","rpi-4cpu",0.7,"stine",3,2.25
"pc5","rpi-4cpu",0.7,"stine",2,2.31
"pc5","rpi-4cpu",0.7,"stine",1,2.33
"pc5","rpi-4cpu",0.7,"stine",4,2.2
"pc5","rpi-4cpu",0.7,"stine",1,2.26
"pc5","rpi-4cpu",0.7,"stine",3,2.27
"pc5","rpi-4cpu",0.7,"stine",2,2.29
"pc5","rpi-4cpu",0.7,"stine",3,2.19
"pc5","rpi-4cpu",0.7,"stine",1,2.19
"pc5","rpi-4cpu",0.7,"stine",4,2.16
"pc5","rpi-4cpu",0.7,"stine",2,2.19
"pc5","rpi-4cpu",0.7,"stine",3,2.2
"pc5","rpi-4cpu",0.7,"stine",4,2.2
"pc5","rpi-4cpu",0.7,"stine",1,2.26
"pc5","rpi-4cpu",0.7,"stine",2,2.26
"pc5","rpi-4cpu",0.7,"stine",4,2.18
"pc5","rpi-4cpu",0.7,"stine",1,2.21
"pc5","rpi-4cpu",0.7,"stine",3,2.21
"pc5","rpi-4cpu",0.7,"stine",2,2.24
"pc5","rpi-4cpu",0.7,"stine",3,2.17
"pc5","rpi-4cpu",0.7,"stine",4,2.19
"pc5","rpi-4cpu",0.7,"stine",2,2.23
"pc5","rpi-4cpu",0.7,"stine",1,2.23
"pc5","rpi-4cpu",0.7,"locf",4,2.11
"pc5","rpi-4cpu",0.7,"locf",1,2.32
"pc5","rpi-4cpu",0.7,"locf",2,2.36
"pc5","rpi-4cpu",0.7,"locf",3,2.37
"pc5","rpi-4cpu",0.7,"locf",4,2.17
"pc5","rpi-4cpu",0.7,"locf",3,2.17
"pc5","rpi-4cpu",0.7,"locf",2,2.17
"pc5","rpi-4cpu",0.7,"locf",1,2.17
"pc5","rpi-4cpu",0.7,"locf",4,1.52
"pc5","rpi-4cpu",0.7,"locf",1,2.04
"pc5","rpi-4cpu",0.7,"locf",3,2.05
"pc5","rpi-4cpu",0.7,"locf",2,2.07
"pc5","rpi-4cpu",0.7,"locf",4,1.53
"pc5","rpi-4cpu",0.7,"locf",1,2.04
"pc5","rpi-4cpu",0.7,"locf",3,2.05
"pc5","rpi-4cpu",0.7,"locf",2,2.12
"pc5","rpi-4cpu",0.7,"locf",4,1.58
"pc5","rpi-4cpu",0.7,"locf",1,2.01
"pc5","rpi-4cpu",0.7,"locf",3,2.07
"pc5","rpi-4cpu",0.7,"locf",2,2.1
"pc5","rpi-4cpu",0.7,"locf",4,1.53
"pc5","rpi-4cpu",0.7,"locf",1,2.06
"pc5","rpi-4cpu",0.7,"locf",3,2.06
"pc5","rpi-4cpu",0.7,"locf",2,2.13
"pc5","rpi-4cpu",0.7,"locf",4,1.56
"pc5","rpi-4cpu",0.7,"locf",1,2.09
"pc5","rpi-4cpu",0.7,"locf",2,2.1
"pc5","rpi-4cpu",0.7,"locf",3,2.11
"pc5","rpi-4cpu",0.7,"locf",4,1.56
"pc5","rpi-4cpu",0.7,"locf",1,2.18
"pc5","rpi-4cpu",0.7,"locf",3,2.18
"pc5","rpi-4cpu",0.7,"locf",2,2.18
"pc5","rpi-4cpu",0.7,"locf",3,1.42
"pc5","rpi-4cpu",0.7,"locf",4,1.45
"pc5","rpi-4cpu",0.7,"locf",2,1.98
"pc5","rpi-4cpu",0.7,"locf",1,2.04
"pc5","rpi-4cpu",0.7,"locf",3,1.45
"pc5","rpi-4cpu",0.7,"locf",4,1.47
"pc5","rpi-4cpu",0.7,"locf",2,2.1
"pc5","rpi-4cpu",0.7,"locf",1,2.1
"pc5","rpi-4cpu",0.7,"locf",3,1.45
"pc5","rpi-4cpu",0.7,"locf",4,1.44
"pc5","rpi-4cpu",0.7,"locf",1,1.98
"pc5","rpi-4cpu",0.7,"locf",2,1.99
"pc5","rpi-4cpu",0.7,"locf",3,1.47
"pc5","rpi-4cpu",0.7,"locf",4,1.47
"pc5","rpi-4cpu",0.7,"locf",2,2.01
"pc5","rpi-4cpu",0.7,"locf",1,2.02
"pc5","rpi-4cpu",0.7,"locf",3,1.42
"pc5","rpi-4cpu",0.7,"locf",4,1.45
"pc5","rpi-4cpu",0.7,"locf",1,2
"pc5","rpi-4cpu",0.7,"locf",2,1.99
"pc5","rpi-4cpu",0.7,"locf",3,1.39
"pc5","rpi-4cpu",0.7,"locf",4,1.39
"pc5","rpi-4cpu",0.7,"locf",2,1.99
"pc5","rpi-4cpu",0.7,"locf",1,2.01
"pc5","rpi-4cpu",0.7,"locf",3,1.42
"pc5","rpi-4cpu",0.7,"locf",2,1.42
"pc5","rpi-4cpu",0.7,"locf",4,1.39
"pc5","rpi-4cpu",0.7,"locf",1,1.83
"pc5","rpi-4cpu",0.7,"locf",3,1.42
"pc5","rpi-4cpu",0.7,"locf",2,1.4
"pc5","rpi-4cpu",0.7,"locf",4,1.4
"pc5","rpi-4cpu",0.7,"locf",1,1.83
"pc5","rpi-4cpu",0.7,"locf",3,1.4
"pc5","rpi-4cpu",0.7,"locf",2,1.44
"pc5","rpi-4cpu",0.7,"locf",4,1.43
"pc5","rpi-4cpu",0.7,"locf",1,1.89
"pc5","rpi-4cpu",0.7,"locf",3,2.14
"pc5","rpi-4cpu",0.7,"locf",4,2.15
"pc5","rpi-4cpu",0.7,"locf",2,2.15
"pc5","rpi-4cpu",0.7,"locf",1,2.52
"pc5","rpi-4cpu",0.7,"locf",4,1.38
"pc5","rpi-4cpu",0.7,"locf",2,1.41
"pc5","rpi-4cpu",0.7,"locf",3,1.41
"pc5","rpi-4cpu",0.7,"locf",1,1.81
"pc5","rpi-4cpu",0.7,"locf",1,1.35
"pc5","rpi-4cpu",0.7,"locf",2,1.35
"pc5","rpi-4cpu",0.7,"locf",3,1.35
"pc5","rpi-4cpu",0.7,"locf",4,1.41
"pc5","rpi-4cpu",0.7,"locf",4,1.36
"pc5","rpi-4cpu",0.7,"locf",3,1.36
"pc5","rpi-4cpu",0.7,"locf",1,1.36
"pc5","rpi-4cpu",0.7,"locf",2,1.35
"pc5","rpi-4cpu",0.7,"locf",2,1.36
"pc5","rpi-4cpu",0.7,"locf",3,1.36
"pc5","rpi-4cpu",0.7,"locf",1,1.36
"pc5","rpi-4cpu",0.7,"locf",4,1.35
"pc5","rpi-4cpu",0.7,"locf",1,1.34
"pc5","rpi-4cpu",0.7,"locf",2,1.34
"pc5","rpi-4cpu",0.7,"locf",4,1.35
"pc5","rpi-4cpu",0.7,"locf",3,1.37
"pc5","rpi-4cpu",0.7,"locf",2,1.34
"pc5","rpi-4cpu",0.7,"locf",1,1.34
"pc5","rpi-4cpu",0.7,"locf",3,1.32
"pc5","rpi-4cpu",0.7,"locf",4,1.33
"pc5","rpi-4cpu",0.7,"locf",2,1.32
"pc5","rpi-4cpu",0.7,"locf",1,1.36
"pc5","rpi-4cpu",0.7,"locf",4,1.34
"pc5","rpi-4cpu",0.7,"locf",3,1.36
"pc5","rpi-4cpu",0.7,"locf",1,1.3
"pc5","rpi-4cpu",0.7,"locf",4,1.3
"pc5","rpi-4cpu",0.7,"locf",2,1.36
"pc5","rpi-4cpu",0.7,"locf",3,1.36
"pc5","rpi-4cpu",0.7,"locf",4,1.31
"pc5","rpi-4cpu",0.7,"locf",2,1.35
"pc5","rpi-4cpu",0.7,"locf",1,1.37
"pc5","rpi-4cpu",0.7,"locf",3,1.37
"pc5","rpi-4cpu",0.7,"locf",2,1.28
"pc5","rpi-4cpu",0.7,"locf",4,1.57
"pc5","rpi-4cpu",0.7,"locf",1,1.61
"pc5","rpi-4cpu",0.7,"locf",3,1.61
"pc5","rpi-4cpu",0.7,"locf",1,1.34
"pc5","rpi-4cpu",0.7,"locf",4,1.34
"pc5","rpi-4cpu",0.7,"locf",3,1.35
"pc5","rpi-4cpu",0.7,"locf",2,1.35
"pc5","rpi-4cpu",0.7,"locf",1,1.34
"pc5","rpi-4cpu",0.7,"locf",3,1.35
"pc5","rpi-4cpu",0.7,"locf",4,1.34
"pc5","rpi-4cpu",0.7,"locf",2,1.34
"pc5","rpi-4cpu",0.7,"ssa",4,3.66
"pc5","rpi-4cpu",0.7,"ssa",1,3.66
"pc5","rpi-4cpu",0.7,"ssa",3,3.69
"pc5","rpi-4cpu",0.7,"ssa",2,4.12
"pc5","rpi-4cpu",0.7,"ssa",3,3.52
"pc5","rpi-4cpu",0.7,"ssa",2,3.56
"pc5","rpi-4cpu",0.7,"ssa",1,3.64
"pc5","rpi-4cpu",0.7,"ssa",4,3.75
"pc5","rpi-4cpu",0.7,"ssa",3,3.62
"pc5","rpi-4cpu",0.7,"ssa",4,3.66
"pc5","rpi-4cpu",0.7,"ssa",1,3.66
"pc5","rpi-4cpu",0.7,"ssa",2,4.05
"pc5","rpi-4cpu",0.7,"ssa",3,3.59
"pc5","rpi-4cpu",0.7,"ssa",2,3.59
"pc5","rpi-4cpu",0.7,"ssa",1,3.69
"pc5","rpi-4cpu",0.7,"ssa",4,3.65
"pc5","rpi-4cpu",0.7,"ssa",1,3.56
"pc5","rpi-4cpu",0.7,"ssa",3,3.56
"pc5","rpi-4cpu",0.7,"ssa",4,3.56
"pc5","rpi-4cpu",0.7,"ssa",2,4.01
"pc5","rpi-4cpu",0.7,"ssa",2,3.59
"pc5","rpi-4cpu",0.7,"ssa",3,3.58
"pc5","rpi-4cpu",0.7,"ssa",1,3.68
"pc5","rpi-4cpu",0.7,"ssa",4,3.66
"pc5","rpi-4cpu",0.7,"ssa",1,3.57
"pc5","rpi-4cpu",0.7,"ssa",3,3.59
"pc5","rpi-4cpu",0.7,"ssa",4,3.72
"pc5","rpi-4cpu",0.7,"ssa",2,3.99
"pc5","rpi-4cpu",0.7,"ssa",3,3.64
"pc5","rpi-4cpu",0.7,"ssa",1,3.8
"pc5","rpi-4cpu",0.7,"ssa",2,3.8
"pc5","rpi-4cpu",0.7,"ssa",4,3.81
"pc5","rpi-4cpu",0.7,"ssa",1,3.55
"pc5","rpi-4cpu",0.7,"ssa",3,3.56
"pc5","rpi-4cpu",0.7,"ssa",4,3.58
"pc5","rpi-4cpu",0.7,"ssa",2,3.95
"pc5","rpi-4cpu",0.7,"ssa",3,3.55
"pc5","rpi-4cpu",0.7,"ssa",2,3.58
"pc5","rpi-4cpu",0.7,"ssa",4,3.58
"pc5","rpi-4cpu",0.7,"ssa",1,3.71
"pc5","rpi-4cpu",0.7,"ssa",4,3.54
"pc5","rpi-4cpu",0.7,"ssa",3,3.57
"pc5","rpi-4cpu",0.7,"ssa",1,3.69
"pc5","rpi-4cpu",0.7,"ssa",2,3.99
"pc5","rpi-4cpu",0.7,"ssa",2,3.51
"pc5","rpi-4cpu",0.7,"ssa",3,3.54
"pc5","rpi-4cpu",0.7,"ssa",1,3.72
"pc5","rpi-4cpu",0.7,"ssa",4,3.7
"pc5","rpi-4cpu",0.7,"ssa",4,3.55
"pc5","rpi-4cpu",0.7,"ssa",1,3.61
"pc5","rpi-4cpu",0.7,"ssa",3,3.61
"pc5","rpi-4cpu",0.7,"ssa",2,3.97
"pc5","rpi-4cpu",0.7,"ssa",3,3.47
"pc5","rpi-4cpu",0.7,"ssa",1,3.62
"pc5","rpi-4cpu",0.7,"ssa",2,3.62
"pc5","rpi-4cpu",0.7,"ssa",4,3.63
"pc5","rpi-4cpu",0.7,"ssa",3,3.59
"pc5","rpi-4cpu",0.7,"ssa",1,3.61
"pc5","rpi-4cpu",0.7,"ssa",4,3.62
"pc5","rpi-4cpu",0.7,"ssa",2,3.91
"pc5","rpi-4cpu",0.7,"ssa",2,3.54
"pc5","rpi-4cpu",0.7,"ssa",3,3.54
"pc5","rpi-4cpu",0.7,"ssa",1,3.66
"pc5","rpi-4cpu",0.7,"ssa",4,3.66
"pc5","rpi-4cpu",0.7,"ssa",4,3.6
"pc5","rpi-4cpu",0.7,"ssa",1,3.69
"pc5","rpi-4cpu",0.7,"ssa",3,3.7
"pc5","rpi-4cpu",0.7,"ssa",2,4.03
"pc5","rpi-4cpu",0.7,"ssa",3,3.53
"pc5","rpi-4cpu",0.7,"ssa",1,3.62
"pc5","rpi-4cpu",0.7,"ssa",4,3.72
"pc5","rpi-4cpu",0.7,"ssa",2,3.79
"pc5","rpi-4cpu",0.7,"ssa",4,3.58
"pc5","rpi-4cpu",0.7,"ssa",1,3.62
"pc5","rpi-4cpu",0.7,"ssa",3,3.68
"pc5","rpi-4cpu",0.7,"ssa",2,4
"pc5","rpi-4cpu",0.7,"ssa",3,3.53
"pc5","rpi-4cpu",0.7,"ssa",2,3.54
"pc5","rpi-4cpu",0.7,"ssa",4,3.66
"pc5","rpi-4cpu",0.7,"ssa",1,3.7
"pc5","rpi-4cpu",0.7,"ssa",1,3.62
"pc5","rpi-4cpu",0.7,"ssa",4,3.59
"pc5","rpi-4cpu",0.7,"ssa",3,3.76
"pc5","rpi-4cpu",0.7,"ssa",2,4
"pc5","rpi-4cpu",0.7,"ssa",3,3.44
"pc5","rpi-4cpu",0.7,"ssa",1,3.58
"pc5","rpi-4cpu",0.7,"ssa",2,3.72
"pc5","rpi-4cpu",0.7,"ssa",4,3.76
"pc5","rpi-4cpu",0.7,"ssa",3,3.57
"pc5","rpi-4cpu",0.7,"ssa",4,3.6
"pc5","rpi-4cpu",0.7,"ssa",1,3.68
"pc5","rpi-4cpu",0.7,"ssa",2,4.02
"pc5","rpi-4cpu",0.7,"ssa",3,3.47
"pc5","rpi-4cpu",0.7,"ssa",2,3.52
"pc5","rpi-4cpu",0.7,"ssa",1,3.69
"pc5","rpi-4cpu",0.7,"ssa",4,3.77
"pc5","rpi-4cpu",0.7,"ssa",3,3.65
"pc5","rpi-4cpu",0.7,"ssa",4,3.7
"pc5","rpi-4cpu",0.7,"ssa",1,3.77
"pc5","rpi-4cpu",0.7,"ssa",2,4.07
"pc5","rpi-4cpu",0.7,"ssa",3,3.46
"pc5","rpi-4cpu",0.7,"ssa",1,3.61
"pc5","rpi-4cpu",0.7,"ssa",2,3.58
"pc5","rpi-4cpu",0.7,"ssa",4,3.63
"pc5","rpi-4cpu",0.7,"ssa",4,3.69
"pc5","rpi-4cpu",0.7,"ssa",1,3.72
"pc5","rpi-4cpu",0.7,"ssa",3,3.72
"pc5","rpi-4cpu",0.7,"ssa",2,3.98
"pc5","rpi-4cpu",0.7,"ssa",3,3.46
"pc5","rpi-4cpu",0.7,"ssa",2,3.56
"pc5","rpi-4cpu",0.7,"ssa",1,3.67
"pc5","rpi-4cpu",0.7,"ssa",4,3.64
"pc5","rpi-4cpu",0.7,"ssa",4,3.55
"pc5","rpi-4cpu",0.7,"ssa",3,3.62
"pc5","rpi-4cpu",0.7,"ssa",1,3.67
"pc5","rpi-4cpu",0.7,"ssa",2,4.05
"pc5","rpi-4cpu",0.7,"ssa",3,3.51
"pc5","rpi-4cpu",0.7,"ssa",1,3.66
"pc5","rpi-4cpu",0.7,"ssa",2,3.73
"pc5","rpi-4cpu",0.7,"ssa",4,3.78
"pc5","rpi-4cpu",0.7,"seadec",2,1.33
"pc5","rpi-4cpu",0.7,"seadec",1,1.33
"pc5","rpi-4cpu",0.7,"seadec",3,1.35
"pc5","rpi-4cpu",0.7,"seadec",4,1.35
"pc5","rpi-4cpu",0.7,"seadec",4,1.31
"pc5","rpi-4cpu",0.7,"seadec",1,1.31
"pc5","rpi-4cpu",0.7,"seadec",3,1.34
"pc5","rpi-4cpu",0.7,"seadec",2,1.34
"pc5","rpi-4cpu",0.7,"seadec",3,1.31
"pc5","rpi-4cpu",0.7,"seadec",1,1.35
"pc5","rpi-4cpu",0.7,"seadec",2,1.35
"pc5","rpi-4cpu",0.7,"seadec",4,1.35
"pc5","rpi-4cpu",0.7,"seadec",1,1.31
"pc5","rpi-4cpu",0.7,"seadec",2,1.32
"pc5","rpi-4cpu",0.7,"seadec",3,1.32
"pc5","rpi-4cpu",0.7,"seadec",4,1.36
"pc5","rpi-4cpu",0.7,"seadec",1,1.36
"pc5","rpi-4cpu",0.7,"seadec",3,1.33
"pc5","rpi-4cpu",0.7,"seadec",4,1.32
"pc5","rpi-4cpu",0.7,"seadec",2,1.36
"pc5","rpi-4cpu",0.7,"seadec",1,1.36
"pc5","rpi-4cpu",0.7,"seadec",2,1.36
"pc5","rpi-4cpu",0.7,"seadec",4,1.36
"pc5","rpi-4cpu",0.7,"seadec",3,1.38
"pc5","rpi-4cpu",0.7,"seadec",1,1.34
"pc5","rpi-4cpu",0.7,"seadec",2,1.34
"pc5","rpi-4cpu",0.7,"seadec",3,1.34
"pc5","rpi-4cpu",0.7,"seadec",4,1.33
"pc5","rpi-4cpu",0.7,"seadec",3,1.3
"pc5","rpi-4cpu",0.7,"seadec",2,1.32
"pc5","rpi-4cpu",0.7,"seadec",1,1.32
"pc5","rpi-4cpu",0.7,"seadec",4,1.36
"pc5","rpi-4cpu",0.7,"seadec",1,1.34
"pc5","rpi-4cpu",0.7,"seadec",2,1.32
"pc5","rpi-4cpu",0.7,"seadec",4,1.35
"pc5","rpi-4cpu",0.7,"seadec",3,1.39
"pc5","rpi-4cpu",0.7,"seadec",4,1.49
"pc5","rpi-4cpu",0.7,"seadec",2,1.49
"pc5","rpi-4cpu",0.7,"seadec",1,1.49
"pc5","rpi-4cpu",0.7,"seadec",3,1.52
"pc5","rpi-4cpu",0.7,"seadec",1,1.35
"pc5","rpi-4cpu",0.7,"seadec",2,1.34
"pc5","rpi-4cpu",0.7,"seadec",3,1.34
"pc5","rpi-4cpu",0.7,"seadec",4,1.34
"pc5","rpi-4cpu",0.7,"seadec",1,1.32
"pc5","rpi-4cpu",0.7,"seadec",2,1.31
"pc5","rpi-4cpu",0.7,"seadec",4,1.36
"pc5","rpi-4cpu",0.7,"seadec",3,1.37
"pc5","rpi-4cpu",0.7,"seadec",3,1.67
"pc5","rpi-4cpu",0.7,"seadec",1,1.64
"pc5","rpi-4cpu",0.7,"seadec",4,1.64
"pc5","rpi-4cpu",0.7,"seadec",2,1.67
"pc5","rpi-4cpu",0.7,"seadec",3,1.33
"pc5","rpi-4cpu",0.7,"seadec",1,1.33
"pc5","rpi-4cpu",0.7,"seadec",2,1.33
"pc5","rpi-4cpu",0.7,"seadec",4,1.33
"pc5","rpi-4cpu",0.7,"seadec",1,1.35
"pc5","rpi-4cpu",0.7,"seadec",3,1.34
"pc5","rpi-4cpu",0.7,"seadec",4,1.36
"pc5","rpi-4cpu",0.7,"seadec",2,1.36
"pc5","rpi-4cpu",0.7,"seadec",1,1.33
"pc5","rpi-4cpu",0.7,"seadec",3,1.33
"pc5","rpi-4cpu",0.7,"seadec",4,1.32
"pc5","rpi-4cpu",0.7,"seadec",2,1.32
"pc5","rpi-4cpu",0.7,"seadec",1,1.51
"pc5","rpi-4cpu",0.7,"seadec",2,1.51
"pc5","rpi-4cpu",0.7,"seadec",3,1.51
"pc5","rpi-4cpu",0.7,"seadec",4,1.51
"pc5","rpi-4cpu",0.7,"seadec",1,1.36
"pc5","rpi-4cpu",0.7,"seadec",4,1.34
"pc5","rpi-4cpu",0.7,"seadec",3,1.34
"pc5","rpi-4cpu",0.7,"seadec",2,1.34
"pc5","rpi-4cpu",0.7,"seadec",2,1.33
"pc5","rpi-4cpu",0.7,"seadec",4,1.32
"pc5","rpi-4cpu",0.7,"seadec",1,1.36
"pc5","rpi-4cpu",0.7,"seadec",3,1.36
"pc5","rpi-4cpu",0.7,"seadec",4,1.61
"pc5","rpi-4cpu",0.7,"seadec",2,1.61
"pc5","rpi-4cpu",0.7,"seadec",3,1.61
"pc5","rpi-4cpu",0.7,"seadec",1,1.63
"pc5","rpi-4cpu",0.7,"seadec",1,1.3
"pc5","rpi-4cpu",0.7,"seadec",4,1.33
"pc5","rpi-4cpu",0.7,"seadec",2,1.36
"pc5","rpi-4cpu",0.7,"seadec",3,1.35
"pc5","rpi-4cpu",0.7,"seadec",1,1.32
"pc5","rpi-4cpu",0.7,"seadec",4,1.33
"pc5","rpi-4cpu",0.7,"seadec",2,1.34
"pc5","rpi-4cpu",0.7,"seadec",3,1.35
"pc5","rpi-4cpu",0.7,"seadec",1,1.32
"pc5","rpi-4cpu",0.7,"seadec",3,1.32
"pc5","rpi-4cpu",0.7,"seadec",2,1.38
"pc5","rpi-4cpu",0.7,"seadec",4,1.36
"pc5","rpi-4cpu",0.7,"seadec",4,1.34
"pc5","rpi-4cpu",0.7,"seadec",3,1.35
"pc5","rpi-4cpu",0.7,"seadec",2,1.36
"pc5","rpi-4cpu",0.7,"seadec",1,1.36
"pc5","rpi-4cpu",0.7,"seadec",3,1.36
"pc5","rpi-4cpu",0.7,"seadec",1,1.34
"pc5","rpi-4cpu",0.7,"seadec",4,1.34
"pc5","rpi-4cpu",0.7,"seadec",2,1.37
"pc5","rpi-4cpu",0.7,"seadec",2,1.36
"pc5","rpi-4cpu",0.7,"seadec",1,1.36
"pc5","rpi-4cpu",0.7,"seadec",4,1.36
"pc5","rpi-4cpu",0.7,"seadec",3,1.36
"pc5","rpi-4cpu",0.7,"seadec",2,1.35
"pc5","rpi-4cpu",0.7,"seadec",1,1.36
"pc5","rpi-4cpu",0.7,"seadec",3,1.37
"pc5","rpi-4cpu",0.7,"seadec",4,1.37
"pc5","rpi-4cpu",0.7,"seadec",2,1.35
"pc5","rpi-4cpu",0.7,"seadec",1,1.35
"pc5","rpi-4cpu",0.7,"seadec",4,1.35
"pc5","rpi-4cpu",0.7,"seadec",3,1.35
"pc5","rpi-4cpu",0.7,"seadec",1,1.37
"pc5","rpi-4cpu",0.7,"seadec",2,1.37
"pc5","rpi-4cpu",0.7,"seadec",3,1.38
"pc5","rpi-4cpu",0.7,"seadec",4,1.38
"pc5","rpi-4cpu",0.7,"seadec",2,1.35
"pc5","rpi-4cpu",0.7,"seadec",1,1.35
"pc5","rpi-4cpu",0.7,"seadec",3,1.33
"pc5","rpi-4cpu",0.7,"seadec",4,1.35
"pc5","rpi-4cpu",0.7,"SMA",2,1.56
"pc5","rpi-4cpu",0.7,"SMA",3,1.56
"pc5","rpi-4cpu",0.7,"SMA",4,1.56
"pc5","rpi-4cpu",0.7,"SMA",1,1.62
"pc5","rpi-4cpu",0.7,"SMA",3,1.54
"pc5","rpi-4cpu",0.7,"SMA",4,1.56
"pc5","rpi-4cpu",0.7,"SMA",1,1.59
"pc5","rpi-4cpu",0.7,"SMA",2,1.59
"pc5","rpi-4cpu",0.7,"SMA",3,1.6
"pc5","rpi-4cpu",0.7,"SMA",1,1.6
"pc5","rpi-4cpu",0.7,"SMA",2,1.6
"pc5","rpi-4cpu",0.7,"SMA",4,1.59
"pc5","rpi-4cpu",0.7,"SMA",1,1.58
"pc5","rpi-4cpu",0.7,"SMA",2,1.59
"pc5","rpi-4cpu",0.7,"SMA",3,1.59
"pc5","rpi-4cpu",0.7,"SMA",4,1.59
"pc5","rpi-4cpu",0.7,"SMA",3,1.55
"pc5","rpi-4cpu",0.7,"SMA",1,1.55
"pc5","rpi-4cpu",0.7,"SMA",2,1.57
"pc5","rpi-4cpu",0.7,"SMA",4,1.61
"pc5","rpi-4cpu",0.7,"SMA",1,1.6
"pc5","rpi-4cpu",0.7,"SMA",4,1.59
"pc5","rpi-4cpu",0.7,"SMA",3,1.59
"pc5","rpi-4cpu",0.7,"SMA",2,1.61
"pc5","rpi-4cpu",0.7,"SMA",1,1.6
"pc5","rpi-4cpu",0.7,"SMA",4,1.59
"pc5","rpi-4cpu",0.7,"SMA",2,1.62
"pc5","rpi-4cpu",0.7,"SMA",3,1.62
"pc5","rpi-4cpu",0.7,"SMA",2,1.57
"pc5","rpi-4cpu",0.7,"SMA",1,1.59
"pc5","rpi-4cpu",0.7,"SMA",3,1.59
"pc5","rpi-4cpu",0.7,"SMA",4,1.61
"pc5","rpi-4cpu",0.7,"SMA",4,1.56
"pc5","rpi-4cpu",0.7,"SMA",1,1.58
"pc5","rpi-4cpu",0.7,"SMA",3,1.57
"pc5","rpi-4cpu",0.7,"SMA",2,1.58
"pc5","rpi-4cpu",0.7,"SMA",3,1.71
"pc5","rpi-4cpu",0.7,"SMA",1,1.73
"pc5","rpi-4cpu",0.7,"SMA",4,1.73
"pc5","rpi-4cpu",0.7,"SMA",2,1.73
"pc5","rpi-4cpu",0.7,"SMA",1,1.59
"pc5","rpi-4cpu",0.7,"SMA",2,1.59
"pc5","rpi-4cpu",0.7,"SMA",4,1.59
"pc5","rpi-4cpu",0.7,"SMA",3,1.61
"pc5","rpi-4cpu",0.7,"SMA",1,1.59
"pc5","rpi-4cpu",0.7,"SMA",2,1.61
"pc5","rpi-4cpu",0.7,"SMA",4,1.61
"pc5","rpi-4cpu",0.7,"SMA",3,1.61
"pc5","rpi-4cpu",0.7,"SMA",2,1.62
"pc5","rpi-4cpu",0.7,"SMA",4,1.62
"pc5","rpi-4cpu",0.7,"SMA",1,1.62
"pc5","rpi-4cpu",0.7,"SMA",3,1.62
"pc5","rpi-4cpu",0.7,"SMA",1,1.62
"pc5","rpi-4cpu",0.7,"SMA",2,1.62
"pc5","rpi-4cpu",0.7,"SMA",4,1.62
"pc5","rpi-4cpu",0.7,"SMA",3,1.62
"pc5","rpi-4cpu",0.7,"SMA",1,1.58
"pc5","rpi-4cpu",0.7,"SMA",4,1.64
"pc5","rpi-4cpu",0.7,"SMA",2,1.64
"pc5","rpi-4cpu",0.7,"SMA",3,1.63
"pc5","rpi-4cpu",0.7,"SMA",1,1.6
"pc5","rpi-4cpu",0.7,"SMA",3,1.6
"pc5","rpi-4cpu",0.7,"SMA",4,1.61
"pc5","rpi-4cpu",0.7,"SMA",2,1.61
"pc5","rpi-4cpu",0.7,"SMA",1,1.61
"pc5","rpi-4cpu",0.7,"SMA",2,1.61
"pc5","rpi-4cpu",0.7,"SMA",3,1.61
"pc5","rpi-4cpu",0.7,"SMA",4,1.61
"pc5","rpi-4cpu",0.7,"SMA",2,1.63
"pc5","rpi-4cpu",0.7,"SMA",1,1.63
"pc5","rpi-4cpu",0.7,"SMA",3,1.63
"pc5","rpi-4cpu",0.7,"SMA",4,1.74
"pc5","rpi-4cpu",0.7,"SMA",2,1.6
"pc5","rpi-4cpu",0.7,"SMA",1,1.6
"pc5","rpi-4cpu",0.7,"SMA",3,1.62
"pc5","rpi-4cpu",0.7,"SMA",4,1.74
"pc5","rpi-4cpu",0.7,"SMA",3,1.62
"pc5","rpi-4cpu",0.7,"SMA",1,1.66
"pc5","rpi-4cpu",0.7,"SMA",2,1.66
"pc5","rpi-4cpu",0.7,"SMA",4,1.73
"pc5","rpi-4cpu",0.7,"SMA",2,1.61
"pc5","rpi-4cpu",0.7,"SMA",1,1.61
"pc5","rpi-4cpu",0.7,"SMA",3,1.61
"pc5","rpi-4cpu",0.7,"SMA",4,1.74
"pc5","rpi-4cpu",0.7,"SMA",1,1.61
"pc5","rpi-4cpu",0.7,"SMA",2,1.61
"pc5","rpi-4cpu",0.7,"SMA",3,1.75
"pc5","rpi-4cpu",0.7,"SMA",4,1.74
"pc5","rpi-4cpu",0.7,"SMA",1,1.62
"pc5","rpi-4cpu",0.7,"SMA",2,1.67
"pc5","rpi-4cpu",0.7,"SMA",3,1.75
"pc5","rpi-4cpu",0.7,"SMA",4,1.75
"pc5","rpi-4cpu",0.7,"SMA",2,1.64
"pc5","rpi-4cpu",0.7,"SMA",1,1.64
"pc5","rpi-4cpu",0.7,"SMA",3,1.74
"pc5","rpi-4cpu",0.7,"SMA",4,1.74
"pc5","rpi-4cpu",0.7,"SMA",1,1.64
"pc5","rpi-4cpu",0.7,"SMA",2,1.66
"pc5","rpi-4cpu",0.7,"SMA",3,1.74
"pc5","rpi-4cpu",0.7,"SMA",4,1.8
"pc5","rpi-4cpu",0.7,"SMA",1,1.61
"pc5","rpi-4cpu",0.7,"SMA",2,1.65
"pc5","rpi-4cpu",0.7,"SMA",3,1.77
"pc5","rpi-4cpu",0.7,"SMA",4,1.77
"pc5","rpi-4cpu",0.7,"SMA",1,1.63
"pc5","rpi-4cpu",0.7,"SMA",2,1.64
"pc5","rpi-4cpu",0.7,"SMA",3,1.74
"pc5","rpi-4cpu",0.7,"SMA",4,1.75
"pc5","rpi-4cpu",0.7,"SMA",1,1.61
"pc5","rpi-4cpu",0.7,"SMA",2,1.76
"pc5","rpi-4cpu",0.7,"SMA",4,1.86
"pc5","rpi-4cpu",0.7,"SMA",3,1.86
"pc5","rpi-4cpu",0.7,"SMA",1,1.62
"pc5","rpi-4cpu",0.7,"SMA",2,1.62
"pc5","rpi-4cpu",0.7,"SMA",4,1.75
"pc5","rpi-4cpu",0.7,"SMA",3,1.77
"pc5","rpi-4cpu",0.7,"SMA",2,1.63
"pc5","rpi-4cpu",0.7,"SMA",1,1.74
"pc5","rpi-4cpu",0.7,"SMA",3,1.78
"pc5","rpi-4cpu",0.7,"SMA",4,1.8
"pc5","rpi-4cpu",0.8,"stine",1,1.66
"pc5","rpi-4cpu",0.8,"stine",3,1.66
"pc5","rpi-4cpu",0.8,"stine",4,1.68
"pc5","rpi-4cpu",0.8,"stine",2,1.68
"pc5","rpi-4cpu",0.8,"stine",3,1.52
"pc5","rpi-4cpu",0.8,"stine",1,1.53
"pc5","rpi-4cpu",0.8,"stine",4,1.53
"pc5","rpi-4cpu",0.8,"stine",2,1.54
"pc5","rpi-4cpu",0.8,"stine",4,1.45
"pc5","rpi-4cpu",0.8,"stine",3,1.51
"pc5","rpi-4cpu",0.8,"stine",2,1.53
"pc5","rpi-4cpu",0.8,"stine",1,1.55
"pc5","rpi-4cpu",0.8,"stine",4,1.4
"pc5","rpi-4cpu",0.8,"stine",3,1.56
"pc5","rpi-4cpu",0.8,"stine",1,1.61
"pc5","rpi-4cpu",0.8,"stine",2,1.63
"pc5","rpi-4cpu",0.8,"stine",4,1.29
"pc5","rpi-4cpu",0.8,"stine",3,1.43
"pc5","rpi-4cpu",0.8,"stine",1,1.46
"pc5","rpi-4cpu",0.8,"stine",2,1.5
"pc5","rpi-4cpu",0.8,"stine",4,1.29
"pc5","rpi-4cpu",0.8,"stine",2,1.49
"pc5","rpi-4cpu",0.8,"stine",1,1.51
"pc5","rpi-4cpu",0.8,"stine",3,1.51
"pc5","rpi-4cpu",0.8,"stine",1,1.55
"pc5","rpi-4cpu",0.8,"stine",2,1.55
"pc5","rpi-4cpu",0.8,"stine",3,1.59
"pc5","rpi-4cpu",0.8,"stine",4,1.85
"pc5","rpi-4cpu",0.8,"stine",2,1.57
"pc5","rpi-4cpu",0.8,"stine",1,1.57
"pc5","rpi-4cpu",0.8,"stine",3,1.57
"pc5","rpi-4cpu",0.8,"stine",4,1.82
"pc5","rpi-4cpu",0.8,"stine",1,1.54
"pc5","rpi-4cpu",0.8,"stine",2,1.54
"pc5","rpi-4cpu",0.8,"stine",3,1.57
"pc5","rpi-4cpu",0.8,"stine",4,1.78
"pc5","rpi-4cpu",0.8,"stine",2,1.55
"pc5","rpi-4cpu",0.8,"stine",1,1.56
"pc5","rpi-4cpu",0.8,"stine",3,1.56
"pc5","rpi-4cpu",0.8,"stine",4,1.8
"pc5","rpi-4cpu",0.8,"stine",3,1.29
"pc5","rpi-4cpu",0.8,"stine",2,1.51
"pc5","rpi-4cpu",0.8,"stine",1,1.56
"pc5","rpi-4cpu",0.8,"stine",4,1.76
"pc5","rpi-4cpu",0.8,"stine",3,1.29
"pc5","rpi-4cpu",0.8,"stine",2,1.48
"pc5","rpi-4cpu",0.8,"stine",1,1.53
"pc5","rpi-4cpu",0.8,"stine",4,1.77
"pc5","rpi-4cpu",0.8,"stine",3,1.3
"pc5","rpi-4cpu",0.8,"stine",1,1.56
"pc5","rpi-4cpu",0.8,"stine",2,1.56
"pc5","rpi-4cpu",0.8,"stine",4,1.74
"pc5","rpi-4cpu",0.8,"stine",1,1.7
"pc5","rpi-4cpu",0.8,"stine",2,1.71
"pc5","rpi-4cpu",0.8,"stine",4,1.89
"pc5","rpi-4cpu",0.8,"stine",3,1.9
"pc5","rpi-4cpu",0.8,"stine",1,1.56
"pc5","rpi-4cpu",0.8,"stine",2,1.61
"pc5","rpi-4cpu",0.8,"stine",3,2.05
"pc5","rpi-4cpu",0.8,"stine",4,2.05
"pc5","rpi-4cpu",0.8,"stine",1,1.64
"pc5","rpi-4cpu",0.8,"stine",2,1.62
"pc5","rpi-4cpu",0.8,"stine",3,1.88
"pc5","rpi-4cpu",0.8,"stine",4,1.88
"pc5","rpi-4cpu",0.8,"stine",2,1.34
"pc5","rpi-4cpu",0.8,"stine",1,1.58
"pc5","rpi-4cpu",0.8,"stine",4,1.85
"pc5","rpi-4cpu",0.8,"stine",3,1.89
"pc5","rpi-4cpu",0.8,"stine",2,1.33
"pc5","rpi-4cpu",0.8,"stine",1,1.59
"pc5","rpi-4cpu",0.8,"stine",3,1.86
"pc5","rpi-4cpu",0.8,"stine",4,1.86
"pc5","rpi-4cpu",0.8,"stine",1,1.67
"pc5","rpi-4cpu",0.8,"stine",2,1.98
"pc5","rpi-4cpu",0.8,"stine",4,2
"pc5","rpi-4cpu",0.8,"stine",3,2
"pc5","rpi-4cpu",0.8,"stine",1,1.66
"pc5","rpi-4cpu",0.8,"stine",2,1.99
"pc5","rpi-4cpu",0.8,"stine",4,1.99
"pc5","rpi-4cpu",0.8,"stine",3,2.06
"pc5","rpi-4cpu",0.8,"stine",1,1.69
"pc5","rpi-4cpu",0.8,"stine",2,2.02
"pc5","rpi-4cpu",0.8,"stine",4,2.01
"pc5","rpi-4cpu",0.8,"stine",3,2.06
"pc5","rpi-4cpu",0.8,"stine",2,1.64
"pc5","rpi-4cpu",0.8,"stine",4,1.87
"pc5","rpi-4cpu",0.8,"stine",1,1.94
"pc5","rpi-4cpu",0.8,"stine",3,1.96
"pc5","rpi-4cpu",0.8,"stine",1,1.64
"pc5","rpi-4cpu",0.8,"stine",4,1.83
"pc5","rpi-4cpu",0.8,"stine",2,1.92
"pc5","rpi-4cpu",0.8,"stine",3,1.94
"pc5","rpi-4cpu",0.8,"stine",1,1.35
"pc5","rpi-4cpu",0.8,"stine",4,1.76
"pc5","rpi-4cpu",0.8,"stine",2,1.85
"pc5","rpi-4cpu",0.8,"stine",3,1.87
"pc5","rpi-4cpu",0.8,"stine",1,1.35
"pc5","rpi-4cpu",0.8,"stine",4,1.78
"pc5","rpi-4cpu",0.8,"stine",3,1.84
"pc5","rpi-4cpu",0.8,"stine",2,1.86
"pc5","rpi-4cpu",0.8,"stine",1,1.38
"pc5","rpi-4cpu",0.8,"stine",4,1.79
"pc5","rpi-4cpu",0.8,"stine",2,1.87
"pc5","rpi-4cpu",0.8,"stine",3,1.89
"pc5","rpi-4cpu",0.8,"stine",4,1.93
"pc5","rpi-4cpu",0.8,"stine",3,2
"pc5","rpi-4cpu",0.8,"stine",1,2.05
"pc5","rpi-4cpu",0.8,"stine",2,2.05
"pc5","rpi-4cpu",0.8,"stine",4,1.9
"pc5","rpi-4cpu",0.8,"stine",3,1.98
"pc5","rpi-4cpu",0.8,"stine",2,2.04
"pc5","rpi-4cpu",0.8,"stine",1,2.06
"pc5","rpi-4cpu",0.8,"stine",3,1.96
"pc5","rpi-4cpu",0.8,"stine",2,1.96
"pc5","rpi-4cpu",0.8,"stine",4,1.95
"pc5","rpi-4cpu",0.8,"stine",1,2.02
"pc5","rpi-4cpu",0.8,"stine",1,1.98
"pc5","rpi-4cpu",0.8,"stine",3,1.98
"pc5","rpi-4cpu",0.8,"stine",4,2.02
"pc5","rpi-4cpu",0.8,"stine",2,2.05
"pc5","rpi-4cpu",0.8,"locf",3,1.91
"pc5","rpi-4cpu",0.8,"locf",4,1.92
"pc5","rpi-4cpu",0.8,"locf",1,1.96
"pc5","rpi-4cpu",0.8,"locf",2,1.96
"pc5","rpi-4cpu",0.8,"locf",3,1.93
"pc5","rpi-4cpu",0.8,"locf",2,1.93
"pc5","rpi-4cpu",0.8,"locf",4,1.93
"pc5","rpi-4cpu",0.8,"locf",1,1.99
"pc5","rpi-4cpu",0.8,"locf",3,1.88
"pc5","rpi-4cpu",0.8,"locf",1,1.93
"pc5","rpi-4cpu",0.8,"locf",2,1.89
"pc5","rpi-4cpu",0.8,"locf",4,1.92
"pc5","rpi-4cpu",0.8,"locf",4,1.38
"pc5","rpi-4cpu",0.8,"locf",1,1.76
"pc5","rpi-4cpu",0.8,"locf",3,1.8
"pc5","rpi-4cpu",0.8,"locf",2,1.83
"pc5","rpi-4cpu",0.8,"locf",4,1.33
"pc5","rpi-4cpu",0.8,"locf",1,1.8
"pc5","rpi-4cpu",0.8,"locf",2,1.8
"pc5","rpi-4cpu",0.8,"locf",3,1.83
"pc5","rpi-4cpu",0.8,"locf",4,1.32
"pc5","rpi-4cpu",0.8,"locf",1,1.85
"pc5","rpi-4cpu",0.8,"locf",2,1.85
"pc5","rpi-4cpu",0.8,"locf",3,1.85
"pc5","rpi-4cpu",0.8,"locf",4,1.39
"pc5","rpi-4cpu",0.8,"locf",1,1.83
"pc5","rpi-4cpu",0.8,"locf",2,1.83
"pc5","rpi-4cpu",0.8,"locf",3,1.88
"pc5","rpi-4cpu",0.8,"locf",4,1.41
"pc5","rpi-4cpu",0.8,"locf",1,1.8
"pc5","rpi-4cpu",0.8,"locf",3,1.85
"pc5","rpi-4cpu",0.8,"locf",2,1.86
"pc5","rpi-4cpu",0.8,"locf",4,1.38
"pc5","rpi-4cpu",0.8,"locf",1,1.81
"pc5","rpi-4cpu",0.8,"locf",2,1.81
"pc5","rpi-4cpu",0.8,"locf",3,1.81
"pc5","rpi-4cpu",0.8,"locf",4,1.37
"pc5","rpi-4cpu",0.8,"locf",1,1.86
"pc5","rpi-4cpu",0.8,"locf",2,1.86
"pc5","rpi-4cpu",0.8,"locf",3,2.22
"pc5","rpi-4cpu",0.8,"locf",3,1.28
"pc5","rpi-4cpu",0.8,"locf",4,1.29
"pc5","rpi-4cpu",0.8,"locf",2,1.73
"pc5","rpi-4cpu",0.8,"locf",1,1.8
"pc5","rpi-4cpu",0.8,"locf",3,1.28
"pc5","rpi-4cpu",0.8,"locf",4,1.28
"pc5","rpi-4cpu",0.8,"locf",1,1.74
"pc5","rpi-4cpu",0.8,"locf",2,1.76
"pc5","rpi-4cpu",0.8,"locf",4,1.27
"pc5","rpi-4cpu",0.8,"locf",3,1.34
"pc5","rpi-4cpu",0.8,"locf",1,1.75
"pc5","rpi-4cpu",0.8,"locf",2,1.77
"pc5","rpi-4cpu",0.8,"locf",3,1.25
"pc5","rpi-4cpu",0.8,"locf",4,1.28
"pc5","rpi-4cpu",0.8,"locf",1,1.74
"pc5","rpi-4cpu",0.8,"locf",2,1.74
"pc5","rpi-4cpu",0.8,"locf",3,1.26
"pc5","rpi-4cpu",0.8,"locf",4,1.26
"pc5","rpi-4cpu",0.8,"locf",1,1.75
"pc5","rpi-4cpu",0.8,"locf",2,1.75
"pc5","rpi-4cpu",0.8,"locf",4,1.24
"pc5","rpi-4cpu",0.8,"locf",3,1.25
"pc5","rpi-4cpu",0.8,"locf",2,1.28
"pc5","rpi-4cpu",0.8,"locf",1,1.62
"pc5","rpi-4cpu",0.8,"locf",2,1.21
"pc5","rpi-4cpu",0.8,"locf",3,1.2
"pc5","rpi-4cpu",0.8,"locf",4,1.23
"pc5","rpi-4cpu",0.8,"locf",1,1.6
"pc5","rpi-4cpu",0.8,"locf",2,1.23
"pc5","rpi-4cpu",0.8,"locf",3,1.21
"pc5","rpi-4cpu",0.8,"locf",4,1.22
"pc5","rpi-4cpu",0.8,"locf",1,1.64
"pc5","rpi-4cpu",0.8,"locf",2,1.49
"pc5","rpi-4cpu",0.8,"locf",3,1.48
"pc5","rpi-4cpu",0.8,"locf",4,1.5
"pc5","rpi-4cpu",0.8,"locf",1,1.65
"pc5","rpi-4cpu",0.8,"locf",2,1.2
"pc5","rpi-4cpu",0.8,"locf",3,1.23
"pc5","rpi-4cpu",0.8,"locf",4,1.22
"pc5","rpi-4cpu",0.8,"locf",1,1.6
"pc5","rpi-4cpu",0.8,"locf",2,1.25
"pc5","rpi-4cpu",0.8,"locf",3,1.24
"pc5","rpi-4cpu",0.8,"locf",4,1.24
"pc5","rpi-4cpu",0.8,"locf",1,1.66
"pc5","rpi-4cpu",0.8,"locf",2,1.23
"pc5","rpi-4cpu",0.8,"locf",3,1.23
"pc5","rpi-4cpu",0.8,"locf",4,1.25
"pc5","rpi-4cpu",0.8,"locf",1,1.62
"pc5","rpi-4cpu",0.8,"locf",4,1.2
"pc5","rpi-4cpu",0.8,"locf",2,1.23
"pc5","rpi-4cpu",0.8,"locf",3,1.23
"pc5","rpi-4cpu",0.8,"locf",1,1.55
"pc5","rpi-4cpu",0.8,"locf",2,1.2
"pc5","rpi-4cpu",0.8,"locf",1,1.2
"pc5","rpi-4cpu",0.8,"locf",4,1.16
"pc5","rpi-4cpu",0.8,"locf",3,1.19
"pc5","rpi-4cpu",0.8,"locf",2,1.18
"pc5","rpi-4cpu",0.8,"locf",1,1.18
"pc5","rpi-4cpu",0.8,"locf",4,1.17
"pc5","rpi-4cpu",0.8,"locf",3,1.22
"pc5","rpi-4cpu",0.8,"locf",2,1.18
"pc5","rpi-4cpu",0.8,"locf",1,1.18
"pc5","rpi-4cpu",0.8,"locf",3,1.18
"pc5","rpi-4cpu",0.8,"locf",4,1.18
"pc5","rpi-4cpu",0.8,"locf",4,1.2
"pc5","rpi-4cpu",0.8,"locf",2,1.2
"pc5","rpi-4cpu",0.8,"locf",1,1.2
"pc5","rpi-4cpu",0.8,"locf",3,1.18
"pc5","rpi-4cpu",0.8,"locf",1,1.18
"pc5","rpi-4cpu",0.8,"locf",3,1.18
"pc5","rpi-4cpu",0.8,"locf",4,1.2
"pc5","rpi-4cpu",0.8,"locf",2,1.2
"pc5","rpi-4cpu",0.8,"locf",3,1.17
"pc5","rpi-4cpu",0.8,"locf",4,1.19
"pc5","rpi-4cpu",0.8,"locf",2,1.23
"pc5","rpi-4cpu",0.8,"locf",1,1.23
"pc5","rpi-4cpu",0.8,"locf",1,1.16
"pc5","rpi-4cpu",0.8,"locf",3,1.16
"pc5","rpi-4cpu",0.8,"locf",4,1.21
"pc5","rpi-4cpu",0.8,"locf",2,1.21
"pc5","rpi-4cpu",0.8,"ssa",2,3.23
"pc5","rpi-4cpu",0.8,"ssa",1,3.33
"pc5","rpi-4cpu",0.8,"ssa",4,3.33
"pc5","rpi-4cpu",0.8,"ssa",3,3.52
"pc5","rpi-4cpu",0.8,"ssa",2,3.27
"pc5","rpi-4cpu",0.8,"ssa",4,3.35
"pc5","rpi-4cpu",0.8,"ssa",1,3.45
"pc5","rpi-4cpu",0.8,"ssa",3,3.54
"pc5","rpi-4cpu",0.8,"ssa",2,3.2
"pc5","rpi-4cpu",0.8,"ssa",4,3.41
"pc5","rpi-4cpu",0.8,"ssa",1,3.54
"pc5","rpi-4cpu",0.8,"ssa",3,3.53
"pc5","rpi-4cpu",0.8,"ssa",2,3.19
"pc5","rpi-4cpu",0.8,"ssa",4,3.21
"pc5","rpi-4cpu",0.8,"ssa",1,3.38
"pc5","rpi-4cpu",0.8,"ssa",3,3.54
"pc5","rpi-4cpu",0.8,"ssa",2,3.2
"pc5","rpi-4cpu",0.8,"ssa",1,3.44
"pc5","rpi-4cpu",0.8,"ssa",4,3.43
"pc5","rpi-4cpu",0.8,"ssa",3,3.54
"pc5","rpi-4cpu",0.8,"ssa",4,3.36
"pc5","rpi-4cpu",0.8,"ssa",2,3.42
"pc5","rpi-4cpu",0.8,"ssa",1,3.5
"pc5","rpi-4cpu",0.8,"ssa",3,3.66
"pc5","rpi-4cpu",0.8,"ssa",2,3.3
"pc5","rpi-4cpu",0.8,"ssa",4,3.35
"pc5","rpi-4cpu",0.8,"ssa",1,3.44
"pc5","rpi-4cpu",0.8,"ssa",3,3.62
"pc5","rpi-4cpu",0.8,"ssa",2,3.34
"pc5","rpi-4cpu",0.8,"ssa",4,3.33
"pc5","rpi-4cpu",0.8,"ssa",1,3.48
"pc5","rpi-4cpu",0.8,"ssa",3,3.57
"pc5","rpi-4cpu",0.8,"ssa",2,3.33
"pc5","rpi-4cpu",0.8,"ssa",1,3.39
"pc5","rpi-4cpu",0.8,"ssa",4,3.39
"pc5","rpi-4cpu",0.8,"ssa",3,3.65
"pc5","rpi-4cpu",0.8,"ssa",2,3.24
"pc5","rpi-4cpu",0.8,"ssa",1,3.48
"pc5","rpi-4cpu",0.8,"ssa",4,3.53
"pc5","rpi-4cpu",0.8,"ssa",3,3.6
"pc5","rpi-4cpu",0.8,"ssa",2,3.31
"pc5","rpi-4cpu",0.8,"ssa",4,3.54
"pc5","rpi-4cpu",0.8,"ssa",1,3.54
"pc5","rpi-4cpu",0.8,"ssa",3,3.65
"pc5","rpi-4cpu",0.8,"ssa",2,3.3
"pc5","rpi-4cpu",0.8,"ssa",1,3.5
"pc5","rpi-4cpu",0.8,"ssa",4,3.49
"pc5","rpi-4cpu",0.8,"ssa",3,3.69
"pc5","rpi-4cpu",0.8,"ssa",2,3.33
"pc5","rpi-4cpu",0.8,"ssa",1,3.45
"pc5","rpi-4cpu",0.8,"ssa",4,3.48
"pc5","rpi-4cpu",0.8,"ssa",3,3.63
"pc5","rpi-4cpu",0.8,"ssa",2,3.29
"pc5","rpi-4cpu",0.8,"ssa",4,3.5
"pc5","rpi-4cpu",0.8,"ssa",1,3.5
"pc5","rpi-4cpu",0.8,"ssa",3,3.58
"pc5","rpi-4cpu",0.8,"ssa",2,3.34
"pc5","rpi-4cpu",0.8,"ssa",4,3.51
"pc5","rpi-4cpu",0.8,"ssa",1,3.56
"pc5","rpi-4cpu",0.8,"ssa",3,3.85
"pc5","rpi-4cpu",0.8,"ssa",2,3.38
"pc5","rpi-4cpu",0.8,"ssa",1,3.53
"pc5","rpi-4cpu",0.8,"ssa",4,3.53
"pc5","rpi-4cpu",0.8,"ssa",3,3.71
"pc5","rpi-4cpu",0.8,"ssa",2,3.26
"pc5","rpi-4cpu",0.8,"ssa",1,3.5
"pc5","rpi-4cpu",0.8,"ssa",4,3.47
"pc5","rpi-4cpu",0.8,"ssa",3,3.67
"pc5","rpi-4cpu",0.8,"ssa",2,3.33
"pc5","rpi-4cpu",0.8,"ssa",4,3.34
"pc5","rpi-4cpu",0.8,"ssa",1,3.52
"pc5","rpi-4cpu",0.8,"ssa",3,3.65
"pc5","rpi-4cpu",0.8,"ssa",1,3.46
"pc5","rpi-4cpu",0.8,"ssa",2,3.46
"pc5","rpi-4cpu",0.8,"ssa",4,3.51
"pc5","rpi-4cpu",0.8,"ssa",3,3.69
"pc5","rpi-4cpu",0.8,"ssa",2,3.31
"pc5","rpi-4cpu",0.8,"ssa",1,3.52
"pc5","rpi-4cpu",0.8,"ssa",4,3.54
"pc5","rpi-4cpu",0.8,"ssa",3,3.77
"pc5","rpi-4cpu",0.8,"ssa",2,3.33
"pc5","rpi-4cpu",0.8,"ssa",1,3.45
"pc5","rpi-4cpu",0.8,"ssa",4,3.45
"pc5","rpi-4cpu",0.8,"ssa",3,3.61
"pc5","rpi-4cpu",0.8,"ssa",2,3.36
"pc5","rpi-4cpu",0.8,"ssa",4,3.46
"pc5","rpi-4cpu",0.8,"ssa",1,3.53
"pc5","rpi-4cpu",0.8,"ssa",3,5.31
"pc5","rpi-4cpu",0.8,"ssa",2,3.11
"pc5","rpi-4cpu",0.8,"ssa",1,3.27
"pc5","rpi-4cpu",0.8,"ssa",4,3.23
"pc5","rpi-4cpu",0.8,"ssa",3,3.5
"pc5","rpi-4cpu",0.8,"ssa",2,3.24
"pc5","rpi-4cpu",0.8,"ssa",1,3.36
"pc5","rpi-4cpu",0.8,"ssa",4,3.36
"pc5","rpi-4cpu",0.8,"ssa",3,3.45
"pc5","rpi-4cpu",0.8,"ssa",2,3.3
"pc5","rpi-4cpu",0.8,"ssa",1,3.48
"pc5","rpi-4cpu",0.8,"ssa",4,3.43
"pc5","rpi-4cpu",0.8,"ssa",3,3.66
"pc5","rpi-4cpu",0.8,"ssa",2,3.27
"pc5","rpi-4cpu",0.8,"ssa",4,3.49
"pc5","rpi-4cpu",0.8,"ssa",1,3.49
"pc5","rpi-4cpu",0.8,"ssa",3,3.61
"pc5","rpi-4cpu",0.8,"ssa",2,3.22
"pc5","rpi-4cpu",0.8,"ssa",4,3.35
"pc5","rpi-4cpu",0.8,"ssa",1,3.52
"pc5","rpi-4cpu",0.8,"ssa",3,3.68
"pc5","rpi-4cpu",0.8,"ssa",2,3.31
"pc5","rpi-4cpu",0.8,"ssa",4,3.46
"pc5","rpi-4cpu",0.8,"ssa",1,3.53
"pc5","rpi-4cpu",0.8,"ssa",3,3.63
"pc5","rpi-4cpu",0.8,"ssa",2,3.4
"pc5","rpi-4cpu",0.8,"ssa",1,3.48
"pc5","rpi-4cpu",0.8,"ssa",4,3.48
"pc5","rpi-4cpu",0.8,"ssa",3,3.85
"pc5","rpi-4cpu",0.8,"ssa",2,3.24
"pc5","rpi-4cpu",0.8,"ssa",1,3.4
"pc5","rpi-4cpu",0.8,"ssa",4,3.46
"pc5","rpi-4cpu",0.8,"ssa",3,3.71
"pc5","rpi-4cpu",0.8,"seadec",1,1.2
"pc5","rpi-4cpu",0.8,"seadec",2,1.21
"pc5","rpi-4cpu",0.8,"seadec",3,1.23
"pc5","rpi-4cpu",0.8,"seadec",4,1.25
"pc5","rpi-4cpu",0.8,"seadec",1,1.21
"pc5","rpi-4cpu",0.8,"seadec",2,1.22
"pc5","rpi-4cpu",0.8,"seadec",3,1.23
"pc5","rpi-4cpu",0.8,"seadec",4,1.23
"pc5","rpi-4cpu",0.8,"seadec",2,1.23
"pc5","rpi-4cpu",0.8,"seadec",1,1.23
"pc5","rpi-4cpu",0.8,"seadec",4,1.21
"pc5","rpi-4cpu",0.8,"seadec",3,1.24
"pc5","rpi-4cpu",0.8,"seadec",2,1.23
"pc5","rpi-4cpu",0.8,"seadec",4,1.21
"pc5","rpi-4cpu",0.8,"seadec",1,1.26
"pc5","rpi-4cpu",0.8,"seadec",3,1.23
"pc5","rpi-4cpu",0.8,"seadec",2,1.26
"pc5","rpi-4cpu",0.8,"seadec",1,1.27
"pc5","rpi-4cpu",0.8,"seadec",3,1.27
"pc5","rpi-4cpu",0.8,"seadec",4,1.28
"pc5","rpi-4cpu",0.8,"seadec",2,1.24
"pc5","rpi-4cpu",0.8,"seadec",3,1.24
"pc5","rpi-4cpu",0.8,"seadec",1,1.24
"pc5","rpi-4cpu",0.8,"seadec",4,1.25
"pc5","rpi-4cpu",0.8,"seadec",2,1.24
"pc5","rpi-4cpu",0.8,"seadec",1,1.25
"pc5","rpi-4cpu",0.8,"seadec",3,1.25
"pc5","rpi-4cpu",0.8,"seadec",4,1.24
"pc5","rpi-4cpu",0.8,"seadec",1,1.27
"pc5","rpi-4cpu",0.8,"seadec",3,1.27
"pc5","rpi-4cpu",0.8,"seadec",2,1.3
"pc5","rpi-4cpu",0.8,"seadec",4,1.3
"pc5","rpi-4cpu",0.8,"seadec",4,1.25
"pc5","rpi-4cpu",0.8,"seadec",2,1.27
"pc5","rpi-4cpu",0.8,"seadec",3,1.27
"pc5","rpi-4cpu",0.8,"seadec",1,1.27
"pc5","rpi-4cpu",0.8,"seadec",1,1.25
"pc5","rpi-4cpu",0.8,"seadec",2,1.23
"pc5","rpi-4cpu",0.8,"seadec",3,1.23
"pc5","rpi-4cpu",0.8,"seadec",4,1.24
"pc5","rpi-4cpu",0.8,"seadec",1,1.23
"pc5","rpi-4cpu",0.8,"seadec",2,1.23
"pc5","rpi-4cpu",0.8,"seadec",3,1.25
"pc5","rpi-4cpu",0.8,"seadec",4,1.25
"pc5","rpi-4cpu",0.8,"seadec",2,1.25
"pc5","rpi-4cpu",0.8,"seadec",3,1.25
"pc5","rpi-4cpu",0.8,"seadec",4,1.25
"pc5","rpi-4cpu",0.8,"seadec",1,1.32
"pc5","rpi-4cpu",0.8,"seadec",1,1.26
"pc5","rpi-4cpu",0.8,"seadec",2,1.23
"pc5","rpi-4cpu",0.8,"seadec",3,1.27
"pc5","rpi-4cpu",0.8,"seadec",4,1.28
"pc5","rpi-4cpu",0.8,"seadec",1,1.21
"pc5","rpi-4cpu",0.8,"seadec",2,1.24
"pc5","rpi-4cpu",0.8,"seadec",3,1.24
"pc5","rpi-4cpu",0.8,"seadec",4,1.25
"pc5","rpi-4cpu",0.8,"seadec",1,1.24
"pc5","rpi-4cpu",0.8,"seadec",2,1.24
"pc5","rpi-4cpu",0.8,"seadec",3,1.25
"pc5","rpi-4cpu",0.8,"seadec",4,1.25
"pc5","rpi-4cpu",0.8,"seadec",1,1.23
"pc5","rpi-4cpu",0.8,"seadec",2,1.23
"pc5","rpi-4cpu",0.8,"seadec",3,1.21
"pc5","rpi-4cpu",0.8,"seadec",4,1.35
"pc5","rpi-4cpu",0.8,"seadec",1,1.22
"pc5","rpi-4cpu",0.8,"seadec",2,1.23
"pc5","rpi-4cpu",0.8,"seadec",3,1.24
"pc5","rpi-4cpu",0.8,"seadec",4,1.24
"pc5","rpi-4cpu",0.8,"seadec",1,1.24
"pc5","rpi-4cpu",0.8,"seadec",2,1.24
"pc5","rpi-4cpu",0.8,"seadec",3,1.24
"pc5","rpi-4cpu",0.8,"seadec",4,1.27
"pc5","rpi-4cpu",0.8,"seadec",1,1.21
"pc5","rpi-4cpu",0.8,"seadec",3,1.21
"pc5","rpi-4cpu",0.8,"seadec",2,1.27
"pc5","rpi-4cpu",0.8,"seadec",4,1.26
"pc5","rpi-4cpu",0.8,"seadec",1,1.25
"pc5","rpi-4cpu",0.8,"seadec",3,1.26
"pc5","rpi-4cpu",0.8,"seadec",4,1.26
"pc5","rpi-4cpu",0.8,"seadec",2,1.29
"pc5","rpi-4cpu",0.8,"seadec",1,1.23
"pc5","rpi-4cpu",0.8,"seadec",2,1.23
"pc5","rpi-4cpu",0.8,"seadec",3,1.27
"pc5","rpi-4cpu",0.8,"seadec",4,1.27
"pc5","rpi-4cpu",0.8,"seadec",1,1.21
"pc5","rpi-4cpu",0.8,"seadec",4,1.23
"pc5","rpi-4cpu",0.8,"seadec",2,1.23
"pc5","rpi-4cpu",0.8,"seadec",3,1.23
"pc5","rpi-4cpu",0.8,"seadec",1,1.25
"pc5","rpi-4cpu",0.8,"seadec",3,1.25
"pc5","rpi-4cpu",0.8,"seadec",2,1.31
"pc5","rpi-4cpu",0.8,"seadec",4,1.31
"pc5","rpi-4cpu",0.8,"seadec",1,1.31
"pc5","rpi-4cpu",0.8,"seadec",4,1.3
"pc5","rpi-4cpu",0.8,"seadec",2,1.3
"pc5","rpi-4cpu",0.8,"seadec",3,1.35
"pc5","rpi-4cpu",0.8,"seadec",3,1.25
"pc5","rpi-4cpu",0.8,"seadec",1,1.27
"pc5","rpi-4cpu",0.8,"seadec",2,1.25
"pc5","rpi-4cpu",0.8,"seadec",4,1.25
"pc5","rpi-4cpu",0.8,"seadec",1,1.28
"pc5","rpi-4cpu",0.8,"seadec",3,1.27
"pc5","rpi-4cpu",0.8,"seadec",4,1.28
"pc5","rpi-4cpu",0.8,"seadec",2,1.28
"pc5","rpi-4cpu",0.8,"seadec",1,1.24
"pc5","rpi-4cpu",0.8,"seadec",3,1.24
"pc5","rpi-4cpu",0.8,"seadec",2,1.29
"pc5","rpi-4cpu",0.8,"seadec",4,1.34
"pc5","rpi-4cpu",0.8,"seadec",2,1.65
"pc5","rpi-4cpu",0.8,"seadec",1,1.66
"pc5","rpi-4cpu",0.8,"seadec",3,2.49
"pc5","rpi-4cpu",0.8,"seadec",4,2.65
"pc5","rpi-4cpu",0.8,"seadec",2,1.15
"pc5","rpi-4cpu",0.8,"seadec",1,1.19
"pc5","rpi-4cpu",0.8,"seadec",3,1.18
"pc5","rpi-4cpu",0.8,"seadec",4,1.19
"pc5","rpi-4cpu",0.8,"seadec",1,1.18
"pc5","rpi-4cpu",0.8,"seadec",2,1.18
"pc5","rpi-4cpu",0.8,"seadec",3,1.2
"pc5","rpi-4cpu",0.8,"seadec",4,1.2
"pc5","rpi-4cpu",0.8,"SMA",2,1.38
"pc5","rpi-4cpu",0.8,"SMA",4,1.38
"pc5","rpi-4cpu",0.8,"SMA",3,1.43
"pc5","rpi-4cpu",0.8,"SMA",1,1.43
"pc5","rpi-4cpu",0.8,"SMA",1,1.44
"pc5","rpi-4cpu",0.8,"SMA",2,1.41
"pc5","rpi-4cpu",0.8,"SMA",3,1.43
"pc5","rpi-4cpu",0.8,"SMA",4,1.43
"pc5","rpi-4cpu",0.8,"SMA",1,1.41
"pc5","rpi-4cpu",0.8,"SMA",2,1.41
"pc5","rpi-4cpu",0.8,"SMA",4,1.41
"pc5","rpi-4cpu",0.8,"SMA",3,1.47
"pc5","rpi-4cpu",0.8,"SMA",1,1.43
"pc5","rpi-4cpu",0.8,"SMA",2,1.43
"pc5","rpi-4cpu",0.8,"SMA",4,1.44
"pc5","rpi-4cpu",0.8,"SMA",3,1.46
"pc5","rpi-4cpu",0.8,"SMA",1,1.48
"pc5","rpi-4cpu",0.8,"SMA",3,1.49
"pc5","rpi-4cpu",0.8,"SMA",4,1.49
"pc5","rpi-4cpu",0.8,"SMA",2,1.52
"pc5","rpi-4cpu",0.8,"SMA",1,1.47
"pc5","rpi-4cpu",0.8,"SMA",2,1.47
"pc5","rpi-4cpu",0.8,"SMA",3,1.49
"pc5","rpi-4cpu",0.8,"SMA",4,1.49
"pc5","rpi-4cpu",0.8,"SMA",2,1.47
"pc5","rpi-4cpu",0.8,"SMA",1,1.47
"pc5","rpi-4cpu",0.8,"SMA",3,1.47
"pc5","rpi-4cpu",0.8,"SMA",4,1.53
"pc5","rpi-4cpu",0.8,"SMA",1,1.46
"pc5","rpi-4cpu",0.8,"SMA",2,1.47
"pc5","rpi-4cpu",0.8,"SMA",4,1.47
"pc5","rpi-4cpu",0.8,"SMA",3,1.49
"pc5","rpi-4cpu",0.8,"SMA",3,1.44
"pc5","rpi-4cpu",0.8,"SMA",1,1.47
"pc5","rpi-4cpu",0.8,"SMA",2,1.47
"pc5","rpi-4cpu",0.8,"SMA",4,1.47
"pc5","rpi-4cpu",0.8,"SMA",1,1.48
"pc5","rpi-4cpu",0.8,"SMA",2,1.48
"pc5","rpi-4cpu",0.8,"SMA",3,1.48
"pc5","rpi-4cpu",0.8,"SMA",4,1.48
"pc5","rpi-4cpu",0.8,"SMA",2,1.48
"pc5","rpi-4cpu",0.8,"SMA",1,1.49
"pc5","rpi-4cpu",0.8,"SMA",3,1.49
"pc5","rpi-4cpu",0.8,"SMA",4,1.49
"pc5","rpi-4cpu",0.8,"SMA",1,1.51
"pc5","rpi-4cpu",0.8,"SMA",2,1.52
"pc5","rpi-4cpu",0.8,"SMA",3,1.52
"pc5","rpi-4cpu",0.8,"SMA",4,1.52
"pc5","rpi-4cpu",0.8,"SMA",2,1.49
"pc5","rpi-4cpu",0.8,"SMA",3,1.51
"pc5","rpi-4cpu",0.8,"SMA",1,1.51
"pc5","rpi-4cpu",0.8,"SMA",4,1.53
"pc5","rpi-4cpu",0.8,"SMA",1,1.48
"pc5","rpi-4cpu",0.8,"SMA",2,1.48
"pc5","rpi-4cpu",0.8,"SMA",3,1.49
"pc5","rpi-4cpu",0.8,"SMA",4,1.52
"pc5","rpi-4cpu",0.8,"SMA",2,1.48
"pc5","rpi-4cpu",0.8,"SMA",3,1.48
"pc5","rpi-4cpu",0.8,"SMA",1,1.48
"pc5","rpi-4cpu",0.8,"SMA",4,1.48
"pc5","rpi-4cpu",0.8,"SMA",1,1.49
"pc5","rpi-4cpu",0.8,"SMA",4,1.53
"pc5","rpi-4cpu",0.8,"SMA",3,1.53
"pc5","rpi-4cpu",0.8,"SMA",2,1.53
"pc5","rpi-4cpu",0.8,"SMA",2,1.46
"pc5","rpi-4cpu",0.8,"SMA",1,1.49
"pc5","rpi-4cpu",0.8,"SMA",3,1.47
"pc5","rpi-4cpu",0.8,"SMA",4,1.61
"pc5","rpi-4cpu",0.8,"SMA",1,1.47
"pc5","rpi-4cpu",0.8,"SMA",2,1.47
"pc5","rpi-4cpu",0.8,"SMA",3,1.47
"pc5","rpi-4cpu",0.8,"SMA",4,1.58
"pc5","rpi-4cpu",0.8,"SMA",1,1.47
"pc5","rpi-4cpu",0.8,"SMA",2,1.49
"pc5","rpi-4cpu",0.8,"SMA",3,1.53
"pc5","rpi-4cpu",0.8,"SMA",4,1.62
"pc5","rpi-4cpu",0.8,"SMA",1,1.48
"pc5","rpi-4cpu",0.8,"SMA",2,1.52
"pc5","rpi-4cpu",0.8,"SMA",3,1.52
"pc5","rpi-4cpu",0.8,"SMA",4,1.6
"pc5","rpi-4cpu",0.8,"SMA",3,1.56
"pc5","rpi-4cpu",0.8,"SMA",1,1.56
"pc5","rpi-4cpu",0.8,"SMA",2,1.6
"pc5","rpi-4cpu",0.8,"SMA",4,1.75
"pc5","rpi-4cpu",0.8,"SMA",1,1.47
"pc5","rpi-4cpu",0.8,"SMA",2,1.46
"pc5","rpi-4cpu",0.8,"SMA",3,1.46
"pc5","rpi-4cpu",0.8,"SMA",4,1.61
"pc5","rpi-4cpu",0.8,"SMA",2,1.46
"pc5","rpi-4cpu",0.8,"SMA",3,1.48
"pc5","rpi-4cpu",0.8,"SMA",1,1.51
"pc5","rpi-4cpu",0.8,"SMA",4,1.58
"pc5","rpi-4cpu",0.8,"SMA",2,1.51
"pc5","rpi-4cpu",0.8,"SMA",1,1.51
"pc5","rpi-4cpu",0.8,"SMA",3,1.51
"pc5","rpi-4cpu",0.8,"SMA",4,1.67
"pc5","rpi-4cpu",0.8,"SMA",1,1.46
"pc5","rpi-4cpu",0.8,"SMA",2,1.46
"pc5","rpi-4cpu",0.8,"SMA",3,1.46
"pc5","rpi-4cpu",0.8,"SMA",4,1.62
"pc5","rpi-4cpu",0.8,"SMA",1,1.57
"pc5","rpi-4cpu",0.8,"SMA",3,1.57
"pc5","rpi-4cpu",0.8,"SMA",2,1.61
"pc5","rpi-4cpu",0.8,"SMA",4,1.64
"pc5","rpi-4cpu",0.8,"SMA",1,1.49
"pc5","rpi-4cpu",0.8,"SMA",3,1.63
"pc5","rpi-4cpu",0.8,"SMA",2,1.65
"pc5","rpi-4cpu",0.8,"SMA",4,1.66
"pc5","rpi-4cpu",0.8,"SMA",1,1.55
"pc5","rpi-4cpu",0.8,"SMA",3,1.65
"pc5","rpi-4cpu",0.8,"SMA",2,1.65
"pc5","rpi-4cpu",0.8,"SMA",4,1.65
"pc5","rpi-4cpu",0.8,"SMA",1,1.54
"pc5","rpi-4cpu",0.8,"SMA",3,1.63
"pc5","rpi-4cpu",0.8,"SMA",2,1.68
"pc5","rpi-4cpu",0.8,"SMA",4,1.68
"pc5","rpi-4cpu",0.8,"SMA",1,1.56
"pc5","rpi-4cpu",0.8,"SMA",3,1.65
"pc5","rpi-4cpu",0.8,"SMA",2,1.7
"pc5","rpi-4cpu",0.8,"SMA",4,1.7
"pc5","rpi-4cpu",0.9,"stine",2,1.5
"pc5","rpi-4cpu",0.9,"stine",1,1.5
"pc5","rpi-4cpu",0.9,"stine",4,1.5
"pc5","rpi-4cpu",0.9,"stine",3,1.55
"pc5","rpi-4cpu",0.9,"stine",2,1.37
"pc5","rpi-4cpu",0.9,"stine",3,1.42
"pc5","rpi-4cpu",0.9,"stine",4,1.42
"pc5","rpi-4cpu",0.9,"stine",1,1.42
"pc5","rpi-4cpu",0.9,"stine",3,1.35
"pc5","rpi-4cpu",0.9,"stine",4,1.35
"pc5","rpi-4cpu",0.9,"stine",2,1.37
"pc5","rpi-4cpu",0.9,"stine",1,1.43
"pc5","rpi-4cpu",0.9,"stine",2,1.36
"pc5","rpi-4cpu",0.9,"stine",1,1.37
"pc5","rpi-4cpu",0.9,"stine",3,1.36
"pc5","rpi-4cpu",0.9,"stine",4,1.36
"pc5","rpi-4cpu",0.9,"stine",2,1.35
"pc5","rpi-4cpu",0.9,"stine",1,1.42
"pc5","rpi-4cpu",0.9,"stine",3,1.39
"pc5","rpi-4cpu",0.9,"stine",4,1.39
"pc5","rpi-4cpu",0.9,"stine",1,1.36
"pc5","rpi-4cpu",0.9,"stine",2,1.36
"pc5","rpi-4cpu",0.9,"stine",3,1.36
"pc5","rpi-4cpu",0.9,"stine",4,1.52
"pc5","rpi-4cpu",0.9,"stine",4,1.14
"pc5","rpi-4cpu",0.9,"stine",3,1.32
"pc5","rpi-4cpu",0.9,"stine",2,1.36
"pc5","rpi-4cpu",0.9,"stine",1,1.4
"pc5","rpi-4cpu",0.9,"stine",4,1.16
"pc5","rpi-4cpu",0.9,"stine",2,1.35
"pc5","rpi-4cpu",0.9,"stine",3,1.35
"pc5","rpi-4cpu",0.9,"stine",1,1.42
"pc5","rpi-4cpu",0.9,"stine",4,1.15
"pc5","rpi-4cpu",0.9,"stine",1,1.34
"pc5","rpi-4cpu",0.9,"stine",2,1.34
"pc5","rpi-4cpu",0.9,"stine",3,1.34
"pc5","rpi-4cpu",0.9,"stine",1,1.39
"pc5","rpi-4cpu",0.9,"stine",2,1.38
"pc5","rpi-4cpu",0.9,"stine",3,1.38
"pc5","rpi-4cpu",0.9,"stine",4,1.59
"pc5","rpi-4cpu",0.9,"stine",1,1.41
"pc5","rpi-4cpu",0.9,"stine",3,1.41
"pc5","rpi-4cpu",0.9,"stine",2,1.45
"pc5","rpi-4cpu",0.9,"stine",4,1.62
"pc5","rpi-4cpu",0.9,"stine",1,1.41
"pc5","rpi-4cpu",0.9,"stine",2,1.41
"pc5","rpi-4cpu",0.9,"stine",3,1.41
"pc5","rpi-4cpu",0.9,"stine",4,1.6
"pc5","rpi-4cpu",0.9,"stine",3,1.14
"pc5","rpi-4cpu",0.9,"stine",2,1.34
"pc5","rpi-4cpu",0.9,"stine",1,1.39
"pc5","rpi-4cpu",0.9,"stine",4,1.58
"pc5","rpi-4cpu",0.9,"stine",3,1.12
"pc5","rpi-4cpu",0.9,"stine",1,1.41
"pc5","rpi-4cpu",0.9,"stine",2,1.39
"pc5","rpi-4cpu",0.9,"stine",4,1.58
"pc5","rpi-4cpu",0.9,"stine",3,1.15
"pc5","rpi-4cpu",0.9,"stine",1,1.4
"pc5","rpi-4cpu",0.9,"stine",2,1.4
"pc5","rpi-4cpu",0.9,"stine",4,1.56
"pc5","rpi-4cpu",0.9,"stine",2,1.46
"pc5","rpi-4cpu",0.9,"stine",1,1.5
"pc5","rpi-4cpu",0.9,"stine",4,1.69
"pc5","rpi-4cpu",0.9,"stine",3,1.72
"pc5","rpi-4cpu",0.9,"stine",2,1.47
"pc5","rpi-4cpu",0.9,"stine",1,1.53
"pc5","rpi-4cpu",0.9,"stine",4,1.68
"pc5","rpi-4cpu",0.9,"stine",3,1.73
"pc5","rpi-4cpu",0.9,"stine",1,1.48
"pc5","rpi-4cpu",0.9,"stine",2,1.48
"pc5","rpi-4cpu",0.9,"stine",4,1.69
"pc5","rpi-4cpu",0.9,"stine",3,1.73
"pc5","rpi-4cpu",0.9,"stine",2,1.21
"pc5","rpi-4cpu",0.9,"stine",1,1.44
"pc5","rpi-4cpu",0.9,"stine",4,1.66
"pc5","rpi-4cpu",0.9,"stine",3,1.66
"pc5","rpi-4cpu",0.9,"stine",2,1.25
"pc5","rpi-4cpu",0.9,"stine",1,1.46
"pc5","rpi-4cpu",0.9,"stine",4,1.66
"pc5","rpi-4cpu",0.9,"stine",3,1.71
"pc5","rpi-4cpu",0.9,"stine",2,1.23
"pc5","rpi-4cpu",0.9,"stine",1,1.43
"pc5","rpi-4cpu",0.9,"stine",3,1.66
"pc5","rpi-4cpu",0.9,"stine",4,1.66
"pc5","rpi-4cpu",0.9,"stine",1,1.51
"pc5","rpi-4cpu",0.9,"stine",3,1.8
"pc5","rpi-4cpu",0.9,"stine",4,1.8
"pc5","rpi-4cpu",0.9,"stine",2,1.83
"pc5","rpi-4cpu",0.9,"stine",1,1.5
"pc5","rpi-4cpu",0.9,"stine",4,1.76
"pc5","rpi-4cpu",0.9,"stine",3,1.81
"pc5","rpi-4cpu",0.9,"stine",2,1.85
"pc5","rpi-4cpu",0.9,"stine",1,1.47
"pc5","rpi-4cpu",0.9,"stine",4,1.78
"pc5","rpi-4cpu",0.9,"stine",3,1.81
"pc5","rpi-4cpu",0.9,"stine",2,1.81
"pc5","rpi-4cpu",0.9,"stine",1,1.19
"pc5","rpi-4cpu",0.9,"stine",4,1.61
"pc5","rpi-4cpu",0.9,"stine",2,1.68
"pc5","rpi-4cpu",0.9,"stine",3,1.7
"pc5","rpi-4cpu",0.9,"stine",1,1.18
"pc5","rpi-4cpu",0.9,"stine",4,1.64
"pc5","rpi-4cpu",0.9,"stine",2,1.67
"pc5","rpi-4cpu",0.9,"stine",3,1.68
"pc5","rpi-4cpu",0.9,"stine",4,1.77
"pc5","rpi-4cpu",0.9,"stine",3,1.82
"pc5","rpi-4cpu",0.9,"stine",2,1.82
"pc5","rpi-4cpu",0.9,"stine",1,1.82
"pc5","rpi-4cpu",0.9,"stine",4,1.7
"pc5","rpi-4cpu",0.9,"stine",2,1.82
"pc5","rpi-4cpu",0.9,"stine",3,1.83
"pc5","rpi-4cpu",0.9,"stine",1,1.86
"pc5","rpi-4cpu",0.9,"stine",4,1.7
"pc5","rpi-4cpu",0.9,"stine",3,1.8
"pc5","rpi-4cpu",0.9,"stine",1,1.84
"pc5","rpi-4cpu",0.9,"stine",2,1.84
"pc5","rpi-4cpu",0.9,"stine",4,1.75
"pc5","rpi-4cpu",0.9,"stine",3,1.77
"pc5","rpi-4cpu",0.9,"stine",2,1.81
"pc5","rpi-4cpu",0.9,"stine",1,1.86
"pc5","rpi-4cpu",0.9,"locf",4,1.72
"pc5","rpi-4cpu",0.9,"locf",2,1.74
"pc5","rpi-4cpu",0.9,"locf",1,1.76
"pc5","rpi-4cpu",0.9,"locf",3,1.76
"pc5","rpi-4cpu",0.9,"locf",1,1.73
"pc5","rpi-4cpu",0.9,"locf",2,1.73
"pc5","rpi-4cpu",0.9,"locf",4,1.73
"pc5","rpi-4cpu",0.9,"locf",3,1.74
"pc5","rpi-4cpu",0.9,"locf",1,2.54
"pc5","rpi-4cpu",0.9,"locf",3,2.54
"pc5","rpi-4cpu",0.9,"locf",2,2.57
"pc5","rpi-4cpu",0.9,"locf",4,2.57
"pc5","rpi-4cpu",0.9,"locf",4,1.71
"pc5","rpi-4cpu",0.9,"locf",2,1.74
"pc5","rpi-4cpu",0.9,"locf",1,1.77
"pc5","rpi-4cpu",0.9,"locf",3,1.79
"pc5","rpi-4cpu",0.9,"locf",1,1.71
"pc5","rpi-4cpu",0.9,"locf",4,1.71
"pc5","rpi-4cpu",0.9,"locf",2,1.75
"pc5","rpi-4cpu",0.9,"locf",3,1.75
"pc5","rpi-4cpu",0.9,"locf",1,1.8
"pc5","rpi-4cpu",0.9,"locf",4,1.79
"pc5","rpi-4cpu",0.9,"locf",3,2.11
"pc5","rpi-4cpu",0.9,"locf",2,2.15
"pc5","rpi-4cpu",0.9,"locf",4,1.2
"pc5","rpi-4cpu",0.9,"locf",1,1.64
"pc5","rpi-4cpu",0.9,"locf",2,1.68
"pc5","rpi-4cpu",0.9,"locf",3,1.67
"pc5","rpi-4cpu",0.9,"locf",4,1.2
"pc5","rpi-4cpu",0.9,"locf",1,1.64
"pc5","rpi-4cpu",0.9,"locf",3,1.65
"pc5","rpi-4cpu",0.9,"locf",2,1.71
"pc5","rpi-4cpu",0.9,"locf",4,1.2
"pc5","rpi-4cpu",0.9,"locf",1,1.63
"pc5","rpi-4cpu",0.9,"locf",2,1.64
"pc5","rpi-4cpu",0.9,"locf",3,1.66
"pc5","rpi-4cpu",0.9,"locf",4,1.23
"pc5","rpi-4cpu",0.9,"locf",1,1.65
"pc5","rpi-4cpu",0.9,"locf",3,1.64
"pc5","rpi-4cpu",0.9,"locf",2,1.69
"pc5","rpi-4cpu",0.9,"locf",4,1.22
"pc5","rpi-4cpu",0.9,"locf",1,1.74
"pc5","rpi-4cpu",0.9,"locf",3,1.75
"pc5","rpi-4cpu",0.9,"locf",2,1.75
"pc5","rpi-4cpu",0.9,"locf",4,1.2
"pc5","rpi-4cpu",0.9,"locf",3,1.71
"pc5","rpi-4cpu",0.9,"locf",1,1.71
"pc5","rpi-4cpu",0.9,"locf",2,1.71
"pc5","rpi-4cpu",0.9,"locf",3,1.14
"pc5","rpi-4cpu",0.9,"locf",4,1.14
"pc5","rpi-4cpu",0.9,"locf",2,1.57
"pc5","rpi-4cpu",0.9,"locf",1,1.6
"pc5","rpi-4cpu",0.9,"locf",4,1.47
"pc5","rpi-4cpu",0.9,"locf",3,1.47
"pc5","rpi-4cpu",0.9,"locf",1,1.72
"pc5","rpi-4cpu",0.9,"locf",2,1.72
"pc5","rpi-4cpu",0.9,"locf",3,1.15
"pc5","rpi-4cpu",0.9,"locf",4,1.19
"pc5","rpi-4cpu",0.9,"locf",1,1.59
"pc5","rpi-4cpu",0.9,"locf",2,1.62
"pc5","rpi-4cpu",0.9,"locf",3,1.16
"pc5","rpi-4cpu",0.9,"locf",4,1.16
"pc5","rpi-4cpu",0.9,"locf",1,1.61
"pc5","rpi-4cpu",0.9,"locf",2,1.61
"pc5","rpi-4cpu",0.9,"locf",4,1.18
"pc5","rpi-4cpu",0.9,"locf",3,1.2
"pc5","rpi-4cpu",0.9,"locf",2,1.59
"pc5","rpi-4cpu",0.9,"locf",1,1.66
"pc5","rpi-4cpu",0.9,"locf",3,1.09
"pc5","rpi-4cpu",0.9,"locf",2,1.09
"pc5","rpi-4cpu",0.9,"locf",4,1.1
"pc5","rpi-4cpu",0.9,"locf",1,1.45
"pc5","rpi-4cpu",0.9,"locf",2,1.1
"pc5","rpi-4cpu",0.9,"locf",4,1.11
"pc5","rpi-4cpu",0.9,"locf",3,1.12
"pc5","rpi-4cpu",0.9,"locf",1,1.44
"pc5","rpi-4cpu",0.9,"locf",4,1.1
"pc5","rpi-4cpu",0.9,"locf",2,1.13
"pc5","rpi-4cpu",0.9,"locf",3,1.14
"pc5","rpi-4cpu",0.9,"locf",1,1.47
"pc5","rpi-4cpu",0.9,"locf",3,1.11
"pc5","rpi-4cpu",0.9,"locf",4,1.11
"pc5","rpi-4cpu",0.9,"locf",2,1.21
"pc5","rpi-4cpu",0.9,"locf",1,1.55
"pc5","rpi-4cpu",0.9,"locf",4,1.06
"pc5","rpi-4cpu",0.9,"locf",3,1.06
"pc5","rpi-4cpu",0.9,"locf",1,1.06
"pc5","rpi-4cpu",0.9,"locf",2,1.09
"pc5","rpi-4cpu",0.9,"locf",1,1.1
"pc5","rpi-4cpu",0.9,"locf",3,1.06
"pc5","rpi-4cpu",0.9,"locf",4,1.1
"pc5","rpi-4cpu",0.9,"locf",2,1.1
"pc5","rpi-4cpu",0.9,"locf",2,1.09
"pc5","rpi-4cpu",0.9,"locf",1,1.09
"pc5","rpi-4cpu",0.9,"locf",4,1.07
"pc5","rpi-4cpu",0.9,"locf",3,1.07
"pc5","rpi-4cpu",0.9,"locf",3,1.07
"pc5","rpi-4cpu",0.9,"locf",2,1.07
"pc5","rpi-4cpu",0.9,"locf",1,1.09
"pc5","rpi-4cpu",0.9,"locf",4,1.07
"pc5","rpi-4cpu",0.9,"locf",2,1.07
"pc5","rpi-4cpu",0.9,"locf",1,1.08
"pc5","rpi-4cpu",0.9,"locf",3,1.08
"pc5","rpi-4cpu",0.9,"locf",4,1.1
"pc5","rpi-4cpu",0.9,"locf",3,1.07
"pc5","rpi-4cpu",0.9,"locf",1,1.1
"pc5","rpi-4cpu",0.9,"locf",2,1.09
"pc5","rpi-4cpu",0.9,"locf",4,1.08
"pc5","rpi-4cpu",0.9,"locf",1,1.08
"pc5","rpi-4cpu",0.9,"locf",2,1.1
"pc5","rpi-4cpu",0.9,"locf",4,1.11
"pc5","rpi-4cpu",0.9,"locf",3,1.11
"pc5","rpi-4cpu",0.9,"locf",4,1.11
"pc5","rpi-4cpu",0.9,"locf",2,1.13
"pc5","rpi-4cpu",0.9,"locf",1,1.13
"pc5","rpi-4cpu",0.9,"locf",3,1.15
"pc5","rpi-4cpu",0.9,"locf",2,1.1
"pc5","rpi-4cpu",0.9,"locf",1,1.12
"pc5","rpi-4cpu",0.9,"locf",3,1.1
"pc5","rpi-4cpu",0.9,"locf",4,1.1
"pc5","rpi-4cpu",0.9,"ssa",3,3.66
"pc5","rpi-4cpu",0.9,"ssa",1,3.66
"pc5","rpi-4cpu",0.9,"ssa",2,3.66
"pc5","rpi-4cpu",0.9,"ssa",4,3.66
"pc5","rpi-4cpu",0.9,"ssa",1,3.03
"pc5","rpi-4cpu",0.9,"ssa",2,3.05
"pc5","rpi-4cpu",0.9,"ssa",4,3.12
"pc5","rpi-4cpu",0.9,"ssa",3,3.31
"pc5","rpi-4cpu",0.9,"ssa",1,3.03
"pc5","rpi-4cpu",0.9,"ssa",3,3.1
"pc5","rpi-4cpu",0.9,"ssa",4,3.18
"pc5","rpi-4cpu",0.9,"ssa",2,3.29
"pc5","rpi-4cpu",0.9,"ssa",1,3.06
"pc5","rpi-4cpu",0.9,"ssa",2,3.1
"pc5","rpi-4cpu",0.9,"ssa",3,3.15
"pc5","rpi-4cpu",0.9,"ssa",4,3.14
"pc5","rpi-4cpu",0.9,"ssa",1,3.16
"pc5","rpi-4cpu",0.9,"ssa",3,3.18
"pc5","rpi-4cpu",0.9,"ssa",4,3.3
"pc5","rpi-4cpu",0.9,"ssa",2,3.38
"pc5","rpi-4cpu",0.9,"ssa",1,3.21
"pc5","rpi-4cpu",0.9,"ssa",4,3.22
"pc5","rpi-4cpu",0.9,"ssa",2,3.24
"pc5","rpi-4cpu",0.9,"ssa",3,3.3
"pc5","rpi-4cpu",0.9,"ssa",1,3.14
"pc5","rpi-4cpu",0.9,"ssa",4,3.27
"pc5","rpi-4cpu",0.9,"ssa",3,3.3
"pc5","rpi-4cpu",0.9,"ssa",2,3.51
"pc5","rpi-4cpu",0.9,"ssa",1,3.05
"pc5","rpi-4cpu",0.9,"ssa",2,3.12
"pc5","rpi-4cpu",0.9,"ssa",4,3.13
"pc5","rpi-4cpu",0.9,"ssa",3,3.21
"pc5","rpi-4cpu",0.9,"ssa",1,3.19
"pc5","rpi-4cpu",0.9,"ssa",4,3.18
"pc5","rpi-4cpu",0.9,"ssa",3,3.26
"pc5","rpi-4cpu",0.9,"ssa",2,3.52
"pc5","rpi-4cpu",0.9,"ssa",1,3.11
"pc5","rpi-4cpu",0.9,"ssa",4,3.13
"pc5","rpi-4cpu",0.9,"ssa",2,3.16
"pc5","rpi-4cpu",0.9,"ssa",3,3.36
"pc5","rpi-4cpu",0.9,"ssa",1,3.17
"pc5","rpi-4cpu",0.9,"ssa",4,3.41
"pc5","rpi-4cpu",0.9,"ssa",3,3.41
"pc5","rpi-4cpu",0.9,"ssa",2,3.52
"pc5","rpi-4cpu",0.9,"ssa",1,3.16
"pc5","rpi-4cpu",0.9,"ssa",2,3.24
"pc5","rpi-4cpu",0.9,"ssa",4,3.29
"pc5","rpi-4cpu",0.9,"ssa",3,3.29
"pc5","rpi-4cpu",0.9,"ssa",1,3.1
"pc5","rpi-4cpu",0.9,"ssa",3,3.26
"pc5","rpi-4cpu",0.9,"ssa",4,3.26
"pc5","rpi-4cpu",0.9,"ssa",2,3.56
"pc5","rpi-4cpu",0.9,"ssa",1,3.17
"pc5","rpi-4cpu",0.9,"ssa",4,3.14
"pc5","rpi-4cpu",0.9,"ssa",2,3.18
"pc5","rpi-4cpu",0.9,"ssa",3,3.36
"pc5","rpi-4cpu",0.9,"ssa",3,3.21
"pc5","rpi-4cpu",0.9,"ssa",1,3.27
"pc5","rpi-4cpu",0.9,"ssa",4,3.23
"pc5","rpi-4cpu",0.9,"ssa",2,3.49
"pc5","rpi-4cpu",0.9,"ssa",1,3.12
"pc5","rpi-4cpu",0.9,"ssa",4,3.15
"pc5","rpi-4cpu",0.9,"ssa",2,3.29
"pc5","rpi-4cpu",0.9,"ssa",3,3.41
"pc5","rpi-4cpu",0.9,"ssa",1,3.33
"pc5","rpi-4cpu",0.9,"ssa",4,3.3
"pc5","rpi-4cpu",0.9,"ssa",3,3.32
"pc5","rpi-4cpu",0.9,"ssa",2,3.52
"pc5","rpi-4cpu",0.9,"ssa",1,3.23
"pc5","rpi-4cpu",0.9,"ssa",4,3.21
"pc5","rpi-4cpu",0.9,"ssa",2,3.25
"pc5","rpi-4cpu",0.9,"ssa",3,3.48
"pc5","rpi-4cpu",0.9,"ssa",1,3.22
"pc5","rpi-4cpu",0.9,"ssa",4,3.24
"pc5","rpi-4cpu",0.9,"ssa",3,3.33
"pc5","rpi-4cpu",0.9,"ssa",2,3.48
"pc5","rpi-4cpu",0.9,"ssa",1,3.22
"pc5","rpi-4cpu",0.9,"ssa",4,3.3
"pc5","rpi-4cpu",0.9,"ssa",2,3.33
"pc5","rpi-4cpu",0.9,"ssa",3,3.5
"pc5","rpi-4cpu",0.9,"ssa",1,3.23
"pc5","rpi-4cpu",0.9,"ssa",4,3.2
"pc5","rpi-4cpu",0.9,"ssa",3,3.29
"pc5","rpi-4cpu",0.9,"ssa",2,3.62
"pc5","rpi-4cpu",0.9,"ssa",4,3.16
"pc5","rpi-4cpu",0.9,"ssa",1,3.28
"pc5","rpi-4cpu",0.9,"ssa",2,3.31
"pc5","rpi-4cpu",0.9,"ssa",3,3.45
"pc5","rpi-4cpu",0.9,"ssa",1,3.2
"pc5","rpi-4cpu",0.9,"ssa",4,3.38
"pc5","rpi-4cpu",0.9,"ssa",3,3.38
"pc5","rpi-4cpu",0.9,"ssa",2,3.58
"pc5","rpi-4cpu",0.9,"ssa",4,3.23
"pc5","rpi-4cpu",0.9,"ssa",1,3.23
"pc5","rpi-4cpu",0.9,"ssa",2,3.3
"pc5","rpi-4cpu",0.9,"ssa",3,3.36
"pc5","rpi-4cpu",0.9,"ssa",1,3.23
"pc5","rpi-4cpu",0.9,"ssa",3,3.33
"pc5","rpi-4cpu",0.9,"ssa",4,3.47
"pc5","rpi-4cpu",0.9,"ssa",2,3.7
"pc5","rpi-4cpu",0.9,"ssa",1,3.27
"pc5","rpi-4cpu",0.9,"ssa",3,3.31
"pc5","rpi-4cpu",0.9,"ssa",2,3.33
"pc5","rpi-4cpu",0.9,"ssa",4,3.38
"pc5","rpi-4cpu",0.9,"ssa",1,3.26
"pc5","rpi-4cpu",0.9,"ssa",4,3.23
"pc5","rpi-4cpu",0.9,"ssa",3,3.37
"pc5","rpi-4cpu",0.9,"ssa",2,3.55
"pc5","rpi-4cpu",0.9,"ssa",1,3.16
"pc5","rpi-4cpu",0.9,"ssa",2,3.25
"pc5","rpi-4cpu",0.9,"ssa",4,3.25
"pc5","rpi-4cpu",0.9,"ssa",3,3.28
"pc5","rpi-4cpu",0.9,"ssa",1,3.3
"pc5","rpi-4cpu",0.9,"ssa",4,3.43
"pc5","rpi-4cpu",0.9,"ssa",3,3.46
"pc5","rpi-4cpu",0.9,"ssa",2,3.65
"pc5","rpi-4cpu",0.9,"ssa",1,3.22
"pc5","rpi-4cpu",0.9,"ssa",4,3.24
"pc5","rpi-4cpu",0.9,"ssa",2,3.36
"pc5","rpi-4cpu",0.9,"ssa",3,3.56
"pc5","rpi-4cpu",0.9,"seadec",3,1.18
"pc5","rpi-4cpu",0.9,"seadec",4,1.19
"pc5","rpi-4cpu",0.9,"seadec",1,1.24
"pc5","rpi-4cpu",0.9,"seadec",2,1.24
"pc5","rpi-4cpu",0.9,"seadec",1,1.18
"pc5","rpi-4cpu",0.9,"seadec",3,1.16
"pc5","rpi-4cpu",0.9,"seadec",2,1.17
"pc5","rpi-4cpu",0.9,"seadec",4,1.17
"pc5","rpi-4cpu",0.9,"seadec",1,1.21
"pc5","rpi-4cpu",0.9,"seadec",2,1.22
"pc5","rpi-4cpu",0.9,"seadec",4,1.24
"pc5","rpi-4cpu",0.9,"seadec",3,1.24
"pc5","rpi-4cpu",0.9,"seadec",1,1.2
"pc5","rpi-4cpu",0.9,"seadec",2,1.21
"pc5","rpi-4cpu",0.9,"seadec",4,1.21
"pc5","rpi-4cpu",0.9,"seadec",3,1.22
"pc5","rpi-4cpu",0.9,"seadec",1,1.2
"pc5","rpi-4cpu",0.9,"seadec",2,1.19
"pc5","rpi-4cpu",0.9,"seadec",4,1.19
"pc5","rpi-4cpu",0.9,"seadec",3,1.22
"pc5","rpi-4cpu",0.9,"seadec",2,1.17
"pc5","rpi-4cpu",0.9,"seadec",4,1.17
"pc5","rpi-4cpu",0.9,"seadec",3,1.19
"pc5","rpi-4cpu",0.9,"seadec",1,1.21
"pc5","rpi-4cpu",0.9,"seadec",4,1.19
"pc5","rpi-4cpu",0.9,"seadec",1,1.22
"pc5","rpi-4cpu",0.9,"seadec",3,1.21
"pc5","rpi-4cpu",0.9,"seadec",2,1.24
"pc5","rpi-4cpu",0.9,"seadec",1,1.2
"pc5","rpi-4cpu",0.9,"seadec",3,1.22
"pc5","rpi-4cpu",0.9,"seadec",2,1.24
"pc5","rpi-4cpu",0.9,"seadec",4,1.24
"pc5","rpi-4cpu",0.9,"seadec",1,1.22
"pc5","rpi-4cpu",0.9,"seadec",2,1.21
"pc5","rpi-4cpu",0.9,"seadec",3,1.21
"pc5","rpi-4cpu",0.9,"seadec",4,1.21
"pc5","rpi-4cpu",0.9,"seadec",2,1.22
"pc5","rpi-4cpu",0.9,"seadec",1,1.22
"pc5","rpi-4cpu",0.9,"seadec",3,1.2
"pc5","rpi-4cpu",0.9,"seadec",4,1.22
"pc5","rpi-4cpu",0.9,"seadec",1,1.22
"pc5","rpi-4cpu",0.9,"seadec",2,1.21
"pc5","rpi-4cpu",0.9,"seadec",3,1.23
"pc5","rpi-4cpu",0.9,"seadec",4,1.24
"pc5","rpi-4cpu",0.9,"seadec",4,1.2
"pc5","rpi-4cpu",0.9,"seadec",2,1.23
"pc5","rpi-4cpu",0.9,"seadec",1,1.23
"pc5","rpi-4cpu",0.9,"seadec",3,1.23
"pc5","rpi-4cpu",0.9,"seadec",4,1.16
"pc5","rpi-4cpu",0.9,"seadec",1,1.2
"pc5","rpi-4cpu",0.9,"seadec",2,1.2
"pc5","rpi-4cpu",0.9,"seadec",3,1.18
"pc5","rpi-4cpu",0.9,"seadec",2,1.21
"pc5","rpi-4cpu",0.9,"seadec",1,1.2
"pc5","rpi-4cpu",0.9,"seadec",4,1.2
"pc5","rpi-4cpu",0.9,"seadec",3,1.22
"pc5","rpi-4cpu",0.9,"seadec",2,1.18
"pc5","rpi-4cpu",0.9,"seadec",4,1.19
"pc5","rpi-4cpu",0.9,"seadec",1,1.19
"pc5","rpi-4cpu",0.9,"seadec",3,1.19
"pc5","rpi-4cpu",0.9,"seadec",3,1.19
"pc5","rpi-4cpu",0.9,"seadec",1,1.23
"pc5","rpi-4cpu",0.9,"seadec",2,1.23
"pc5","rpi-4cpu",0.9,"seadec",4,1.23
"pc5","rpi-4cpu",0.9,"seadec",3,1.2
"pc5","rpi-4cpu",0.9,"seadec",4,1.2
"pc5","rpi-4cpu",0.9,"seadec",1,1.23
"pc5","rpi-4cpu",0.9,"seadec",2,1.23
"pc5","rpi-4cpu",0.9,"seadec",3,1.18
"pc5","rpi-4cpu",0.9,"seadec",2,1.19
"pc5","rpi-4cpu",0.9,"seadec",4,1.22
"pc5","rpi-4cpu",0.9,"seadec",1,1.25
"pc5","rpi-4cpu",0.9,"seadec",2,1.2
"pc5","rpi-4cpu",0.9,"seadec",1,1.22
"pc5","rpi-4cpu",0.9,"seadec",4,1.25
"pc5","rpi-4cpu",0.9,"seadec",3,1.25
"pc5","rpi-4cpu",0.9,"seadec",1,1.19
"pc5","rpi-4cpu",0.9,"seadec",3,1.19
"pc5","rpi-4cpu",0.9,"seadec",2,1.21
"pc5","rpi-4cpu",0.9,"seadec",4,1.2
"pc5","rpi-4cpu",0.9,"seadec",1,1.19
"pc5","rpi-4cpu",0.9,"seadec",4,1.19
"pc5","rpi-4cpu",0.9,"seadec",3,1.19
"pc5","rpi-4cpu",0.9,"seadec",2,1.23
"pc5","rpi-4cpu",0.9,"seadec",1,1.21
"pc5","rpi-4cpu",0.9,"seadec",2,1.21
"pc5","rpi-4cpu",0.9,"seadec",4,1.25
"pc5","rpi-4cpu",0.9,"seadec",3,1.25
"pc5","rpi-4cpu",0.9,"seadec",4,1.22
"pc5","rpi-4cpu",0.9,"seadec",3,1.22
"pc5","rpi-4cpu",0.9,"seadec",1,1.22
"pc5","rpi-4cpu",0.9,"seadec",2,1.22
"pc5","rpi-4cpu",0.9,"seadec",1,1.19
"pc5","rpi-4cpu",0.9,"seadec",3,1.19
"pc5","rpi-4cpu",0.9,"seadec",4,1.22
"pc5","rpi-4cpu",0.9,"seadec",2,1.22
"pc5","rpi-4cpu",0.9,"seadec",3,1.2
"pc5","rpi-4cpu",0.9,"seadec",1,1.2
"pc5","rpi-4cpu",0.9,"seadec",4,1.19
"pc5","rpi-4cpu",0.9,"seadec",2,1.22
"pc5","rpi-4cpu",0.9,"seadec",2,1.22
"pc5","rpi-4cpu",0.9,"seadec",1,1.26
"pc5","rpi-4cpu",0.9,"seadec",4,1.27
"pc5","rpi-4cpu",0.9,"seadec",3,1.3
"pc5","rpi-4cpu",0.9,"seadec",3,1.26
"pc5","rpi-4cpu",0.9,"seadec",4,1.23
"pc5","rpi-4cpu",0.9,"seadec",1,1.27
"pc5","rpi-4cpu",0.9,"seadec",2,1.27
"pc5","rpi-4cpu",0.9,"seadec",4,1.22
"pc5","rpi-4cpu",0.9,"seadec",1,1.25
"pc5","rpi-4cpu",0.9,"seadec",2,1.25
"pc5","rpi-4cpu",0.9,"seadec",3,1.22
"pc5","rpi-4cpu",0.9,"seadec",2,1.23
"pc5","rpi-4cpu",0.9,"seadec",1,1.23
"pc5","rpi-4cpu",0.9,"seadec",4,1.23
"pc5","rpi-4cpu",0.9,"seadec",3,1.23
"pc5","rpi-4cpu",0.9,"seadec",1,1.21
"pc5","rpi-4cpu",0.9,"seadec",2,1.2
"pc5","rpi-4cpu",0.9,"seadec",4,1.2
"pc5","rpi-4cpu",0.9,"seadec",3,1.2
"pc5","rpi-4cpu",0.9,"SMA",2,1.41
"pc5","rpi-4cpu",0.9,"SMA",1,1.4
"pc5","rpi-4cpu",0.9,"SMA",3,1.4
"pc5","rpi-4cpu",0.9,"SMA",4,1.41
"pc5","rpi-4cpu",0.9,"SMA",2,1.42
"pc5","rpi-4cpu",0.9,"SMA",1,1.41
"pc5","rpi-4cpu",0.9,"SMA",4,1.41
"pc5","rpi-4cpu",0.9,"SMA",3,1.41
"pc5","rpi-4cpu",0.9,"SMA",2,1.41
"pc5","rpi-4cpu",0.9,"SMA",1,1.44
"pc5","rpi-4cpu",0.9,"SMA",3,1.43
"pc5","rpi-4cpu",0.9,"SMA",4,1.42
"pc5","rpi-4cpu",0.9,"SMA",1,1.41
"pc5","rpi-4cpu",0.9,"SMA",2,1.42
"pc5","rpi-4cpu",0.9,"SMA",3,1.43
"pc5","rpi-4cpu",0.9,"SMA",4,1.43
"pc5","rpi-4cpu",0.9,"SMA",2,1.33
"pc5","rpi-4cpu",0.9,"SMA",3,1.87
"pc5","rpi-4cpu",0.9,"SMA",1,1.93
"pc5","rpi-4cpu",0.9,"SMA",4,2.14
"pc5","rpi-4cpu",0.9,"SMA",2,1.33
"pc5","rpi-4cpu",0.9,"SMA",1,1.35
"pc5","rpi-4cpu",0.9,"SMA",3,1.34
"pc5","rpi-4cpu",0.9,"SMA",4,1.38
"pc5","rpi-4cpu",0.9,"SMA",4,1.38
"pc5","rpi-4cpu",0.9,"SMA",3,1.42
"pc5","rpi-4cpu",0.9,"SMA",1,1.4
"pc5","rpi-4cpu",0.9,"SMA",2,1.4
"pc5","rpi-4cpu",0.9,"SMA",1,1.39
"pc5","rpi-4cpu",0.9,"SMA",2,1.4
"pc5","rpi-4cpu",0.9,"SMA",4,1.4
"pc5","rpi-4cpu",0.9,"SMA",3,1.41
"pc5","rpi-4cpu",0.9,"SMA",1,1.38
"pc5","rpi-4cpu",0.9,"SMA",3,1.4
"pc5","rpi-4cpu",0.9,"SMA",2,1.4
"pc5","rpi-4cpu",0.9,"SMA",4,1.4
"pc5","rpi-4cpu",0.9,"SMA",4,1.43
"pc5","rpi-4cpu",0.9,"SMA",1,1.48
"pc5","rpi-4cpu",0.9,"SMA",2,1.53
"pc5","rpi-4cpu",0.9,"SMA",3,1.53
"pc5","rpi-4cpu",0.9,"SMA",2,1.43
"pc5","rpi-4cpu",0.9,"SMA",4,1.42
"pc5","rpi-4cpu",0.9,"SMA",1,1.43
"pc5","rpi-4cpu",0.9,"SMA",3,1.44
"pc5","rpi-4cpu",0.9,"SMA",2,1.41
"pc5","rpi-4cpu",0.9,"SMA",1,1.46
"pc5","rpi-4cpu",0.9,"SMA",3,1.45
"pc5","rpi-4cpu",0.9,"SMA",4,1.45
"pc5","rpi-4cpu",0.9,"SMA",1,1.4
"pc5","rpi-4cpu",0.9,"SMA",3,1.44
"pc5","rpi-4cpu",0.9,"SMA",2,1.44
"pc5","rpi-4cpu",0.9,"SMA",4,1.44
"pc5","rpi-4cpu",0.9,"SMA",1,1.42
"pc5","rpi-4cpu",0.9,"SMA",4,1.45
"pc5","rpi-4cpu",0.9,"SMA",2,1.45
"pc5","rpi-4cpu",0.9,"SMA",3,1.45
"pc5","rpi-4cpu",0.9,"SMA",3,1.41
"pc5","rpi-4cpu",0.9,"SMA",2,1.43
"pc5","rpi-4cpu",0.9,"SMA",4,1.43
"pc5","rpi-4cpu",0.9,"SMA",1,1.47
"pc5","rpi-4cpu",0.9,"SMA",3,1.43
"pc5","rpi-4cpu",0.9,"SMA",1,1.43
"pc5","rpi-4cpu",0.9,"SMA",2,1.47
"pc5","rpi-4cpu",0.9,"SMA",4,1.47
"pc5","rpi-4cpu",0.9,"SMA",2,1.42
"pc5","rpi-4cpu",0.9,"SMA",4,1.42
"pc5","rpi-4cpu",0.9,"SMA",3,1.42
"pc5","rpi-4cpu",0.9,"SMA",1,1.46
"pc5","rpi-4cpu",0.9,"SMA",3,1.44
"pc5","rpi-4cpu",0.9,"SMA",1,1.48
"pc5","rpi-4cpu",0.9,"SMA",2,1.46
"pc5","rpi-4cpu",0.9,"SMA",4,1.45
"pc5","rpi-4cpu",0.9,"SMA",4,1.41
"pc5","rpi-4cpu",0.9,"SMA",1,1.45
"pc5","rpi-4cpu",0.9,"SMA",2,1.45
"pc5","rpi-4cpu",0.9,"SMA",3,1.46
"pc5","rpi-4cpu",0.9,"SMA",1,1.44
"pc5","rpi-4cpu",0.9,"SMA",2,1.46
"pc5","rpi-4cpu",0.9,"SMA",3,1.46
"pc5","rpi-4cpu",0.9,"SMA",4,1.46
"pc5","rpi-4cpu",0.9,"SMA",2,1.42
"pc5","rpi-4cpu",0.9,"SMA",3,1.44
"pc5","rpi-4cpu",0.9,"SMA",4,1.44
"pc5","rpi-4cpu",0.9,"SMA",1,1.44
"pc5","rpi-4cpu",0.9,"SMA",2,1.49
"pc5","rpi-4cpu",0.9,"SMA",3,1.5
"pc5","rpi-4cpu",0.9,"SMA",1,1.56
"pc5","rpi-4cpu",0.9,"SMA",4,1.56
"pc5","rpi-4cpu",0.9,"SMA",1,1.45
"pc5","rpi-4cpu",0.9,"SMA",3,1.44
"pc5","rpi-4cpu",0.9,"SMA",2,1.48
"pc5","rpi-4cpu",0.9,"SMA",4,1.58
"pc5","rpi-4cpu",0.9,"SMA",2,1.65
"pc5","rpi-4cpu",0.9,"SMA",3,1.65
"pc5","rpi-4cpu",0.9,"SMA",1,1.65
"pc5","rpi-4cpu",0.9,"SMA",4,1.74
"pc5","rpi-4cpu",0.9,"SMA",1,1.39
"pc5","rpi-4cpu",0.9,"SMA",2,1.39
"pc5","rpi-4cpu",0.9,"SMA",3,1.37
"pc5","rpi-4cpu",0.9,"SMA",4,1.49
"pc5","rpi-4cpu",0.9,"SMA",3,1.43
"pc5","rpi-4cpu",0.9,"SMA",2,1.46
"pc5","rpi-4cpu",0.9,"SMA",1,1.46
"pc5","rpi-4cpu",0.9,"SMA",4,1.5
"pc5","rpi-4cpu",0.9,"SMA",1,1.41
"pc5","rpi-4cpu",0.9,"SMA",2,1.41
"pc5","rpi-4cpu",0.9,"SMA",3,1.46
"pc5","rpi-4cpu",0.9,"SMA",4,1.52
"pc5","rpi-4cpu",0.9,"SMA",1,1.44
"pc5","rpi-4cpu",0.9,"SMA",2,1.44
"pc5","rpi-4cpu",0.9,"SMA",3,1.43
"pc5","rpi-4cpu",0.9,"SMA",4,1.56
"pc5","rpi-4cpu",0.9,"SMA",3,1.41
"pc5","rpi-4cpu",0.9,"SMA",2,1.47
"pc5","rpi-4cpu",0.9,"SMA",1,1.47
"pc5","rpi-4cpu",0.9,"SMA",4,1.52
"pc5","rpi-4cpu",0.9,"SMA",2,1.41
"pc5","rpi-4cpu",0.9,"SMA",1,1.46
"pc5","rpi-4cpu",0.9,"SMA",3,1.58
"pc5","rpi-4cpu",0.9,"SMA",4,1.58
"pc5","rpi-4cpu",1,"stine",4,1.36
"pc5","rpi-4cpu",1,"stine",2,1.44
"pc5","rpi-4cpu",1,"stine",1,1.44
"pc5","rpi-4cpu",1,"stine",3,1.44
"pc5","rpi-4cpu",1,"stine",1,1.29
"pc5","rpi-4cpu",1,"stine",2,1.31
"pc5","rpi-4cpu",1,"stine",4,1.3
"pc5","rpi-4cpu",1,"stine",3,1.47
"pc5","rpi-4cpu",1,"stine",2,1.26
"pc5","rpi-4cpu",1,"stine",1,1.27
"pc5","rpi-4cpu",1,"stine",3,1.27
"pc5","rpi-4cpu",1,"stine",4,1.31
"pc5","rpi-4cpu",1,"stine",1,1.31
"pc5","rpi-4cpu",1,"stine",4,1.31
"pc5","rpi-4cpu",1,"stine",3,1.39
"pc5","rpi-4cpu",1,"stine",2,1.39
"pc5","rpi-4cpu",1,"stine",3,1.25
"pc5","rpi-4cpu",1,"stine",2,1.25
"pc5","rpi-4cpu",1,"stine",1,1.3
"pc5","rpi-4cpu",1,"stine",4,1.3
"pc5","rpi-4cpu",1,"stine",2,1.24
"pc5","rpi-4cpu",1,"stine",3,1.24
"pc5","rpi-4cpu",1,"stine",1,1.32
"pc5","rpi-4cpu",1,"stine",4,1.44
"pc5","rpi-4cpu",1,"stine",3,1.15
"pc5","rpi-4cpu",1,"stine",1,1.32
"pc5","rpi-4cpu",1,"stine",4,1.24
"pc5","rpi-4cpu",1,"stine",2,1.33
"pc5","rpi-4cpu",1,"stine",4,1.11
"pc5","rpi-4cpu",1,"stine",3,1.22
"pc5","rpi-4cpu",1,"stine",1,1.27
"pc5","rpi-4cpu",1,"stine",2,1.28
"pc5","rpi-4cpu",1,"stine",4,1.23
"pc5","rpi-4cpu",1,"stine",1,1.23
"pc5","rpi-4cpu",1,"stine",3,1.23
"pc5","rpi-4cpu",1,"stine",2,1.26
"pc5","rpi-4cpu",1,"stine",1,1.24
"pc5","rpi-4cpu",1,"stine",2,1.29
"pc5","rpi-4cpu",1,"stine",3,1.3
"pc5","rpi-4cpu",1,"stine",4,1.54
"pc5","rpi-4cpu",1,"stine",1,1.28
"pc5","rpi-4cpu",1,"stine",2,1.28
"pc5","rpi-4cpu",1,"stine",3,1.31
"pc5","rpi-4cpu",1,"stine",4,1.54
"pc5","rpi-4cpu",1,"stine",1,1.26
"pc5","rpi-4cpu",1,"stine",3,1.25
"pc5","rpi-4cpu",1,"stine",2,1.3
"pc5","rpi-4cpu",1,"stine",4,1.49
"pc5","rpi-4cpu",1,"stine",1,1.32
"pc5","rpi-4cpu",1,"stine",3,1.31
"pc5","rpi-4cpu",1,"stine",2,1.34
"pc5","rpi-4cpu",1,"stine",4,1.48
"pc5","rpi-4cpu",1,"stine",3,1.05
"pc5","rpi-4cpu",1,"stine",1,1.28
"pc5","rpi-4cpu",1,"stine",2,1.31
"pc5","rpi-4cpu",1,"stine",4,1.47
"pc5","rpi-4cpu",1,"stine",3,1.11
"pc5","rpi-4cpu",1,"stine",2,1.3
"pc5","rpi-4cpu",1,"stine",1,1.35
"pc5","rpi-4cpu",1,"stine",4,1.43
"pc5","rpi-4cpu",1,"stine",2,1.33
"pc5","rpi-4cpu",1,"stine",1,1.37
"pc5","rpi-4cpu",1,"stine",4,1.54
"pc5","rpi-4cpu",1,"stine",3,1.6
"pc5","rpi-4cpu",1,"stine",2,1.36
"pc5","rpi-4cpu",1,"stine",1,1.38
"pc5","rpi-4cpu",1,"stine",3,1.62
"pc5","rpi-4cpu",1,"stine",4,1.62
"pc5","rpi-4cpu",1,"stine",2,1.36
"pc5","rpi-4cpu",1,"stine",1,1.38
"pc5","rpi-4cpu",1,"stine",4,1.56
"pc5","rpi-4cpu",1,"stine",3,1.59
"pc5","rpi-4cpu",1,"stine",2,1.24
"pc5","rpi-4cpu",1,"stine",1,1.33
"pc5","rpi-4cpu",1,"stine",3,1.56
"pc5","rpi-4cpu",1,"stine",4,1.57
"pc5","rpi-4cpu",1,"stine",2,1.15
"pc5","rpi-4cpu",1,"stine",1,1.35
"pc5","rpi-4cpu",1,"stine",3,1.59
"pc5","rpi-4cpu",1,"stine",4,1.6
"pc5","rpi-4cpu",1,"stine",2,1.1
"pc5","rpi-4cpu",1,"stine",1,1.36
"pc5","rpi-4cpu",1,"stine",3,1.53
"pc5","rpi-4cpu",1,"stine",4,1.55
"pc5","rpi-4cpu",1,"stine",1,1.35
"pc5","rpi-4cpu",1,"stine",3,1.68
"pc5","rpi-4cpu",1,"stine",4,1.68
"pc5","rpi-4cpu",1,"stine",2,1.72
"pc5","rpi-4cpu",1,"stine",1,1.35
"pc5","rpi-4cpu",1,"stine",4,1.71
"pc5","rpi-4cpu",1,"stine",3,1.7
"pc5","rpi-4cpu",1,"stine",2,1.71
"pc5","rpi-4cpu",1,"stine",1,1.12
"pc5","rpi-4cpu",1,"stine",2,1.64
"pc5","rpi-4cpu",1,"stine",3,1.63
"pc5","rpi-4cpu",1,"stine",4,1.63
"pc5","rpi-4cpu",1,"stine",1,1.14
"pc5","rpi-4cpu",1,"stine",2,1.63
"pc5","rpi-4cpu",1,"stine",4,1.64
"pc5","rpi-4cpu",1,"stine",3,1.64
"pc5","rpi-4cpu",1,"stine",1,1.15
"pc5","rpi-4cpu",1,"stine",4,1.52
"pc5","rpi-4cpu",1,"stine",3,1.57
"pc5","rpi-4cpu",1,"stine",2,1.6
"pc5","rpi-4cpu",1,"stine",4,1.66
"pc5","rpi-4cpu",1,"stine",2,1.7
"pc5","rpi-4cpu",1,"stine",1,1.71
"pc5","rpi-4cpu",1,"stine",3,1.77
"pc5","rpi-4cpu",1,"stine",1,2.7
"pc5","rpi-4cpu",1,"stine",3,3.1
"pc5","rpi-4cpu",1,"stine",2,3.14
"pc5","rpi-4cpu",1,"stine",4,3.13
"pc5","rpi-4cpu",1,"stine",4,1.65
"pc5","rpi-4cpu",1,"stine",3,1.68
"pc5","rpi-4cpu",1,"stine",2,1.72
"pc5","rpi-4cpu",1,"stine",1,1.75
"pc5","rpi-4cpu",1,"stine",3,1.58
"pc5","rpi-4cpu",1,"stine",1,1.83
"pc5","rpi-4cpu",1,"stine",4,2.11
"pc5","rpi-4cpu",1,"stine",2,2.16
"pc5","rpi-4cpu",1,"locf",1,1.59
"pc5","rpi-4cpu",1,"locf",3,1.65
"pc5","rpi-4cpu",1,"locf",2,1.65
"pc5","rpi-4cpu",1,"locf",4,1.65
"pc5","rpi-4cpu",1,"locf",4,1.57
"pc5","rpi-4cpu",1,"locf",3,1.59
"pc5","rpi-4cpu",1,"locf",2,1.63
"pc5","rpi-4cpu",1,"locf",1,1.65
"pc5","rpi-4cpu",1,"locf",4,1.63
"pc5","rpi-4cpu",1,"locf",2,1.63
"pc5","rpi-4cpu",1,"locf",1,1.65
"pc5","rpi-4cpu",1,"locf",3,1.65
"pc5","rpi-4cpu",1,"locf",1,1.58
"pc5","rpi-4cpu",1,"locf",3,1.58
"pc5","rpi-4cpu",1,"locf",4,1.59
"pc5","rpi-4cpu",1,"locf",2,1.61
"pc5","rpi-4cpu",1,"locf",4,2.25
"pc5","rpi-4cpu",1,"locf",2,2.24
"pc5","rpi-4cpu",1,"locf",3,2.24
"pc5","rpi-4cpu",1,"locf",1,2.24
"pc5","rpi-4cpu",1,"locf",4,1.64
"pc5","rpi-4cpu",1,"locf",1,1.63
"pc5","rpi-4cpu",1,"locf",3,1.63
"pc5","rpi-4cpu",1,"locf",2,1.66
"pc5","rpi-4cpu",1,"locf",1,1.56
"pc5","rpi-4cpu",1,"locf",4,1.61
"pc5","rpi-4cpu",1,"locf",2,1.61
"pc5","rpi-4cpu",1,"locf",3,1.61
"pc5","rpi-4cpu",1,"locf",1,1.51
"pc5","rpi-4cpu",1,"locf",2,1.51
"pc5","rpi-4cpu",1,"locf",4,1.53
"pc5","rpi-4cpu",1,"locf",3,1.83
"pc5","rpi-4cpu",1,"locf",4,1.18
"pc5","rpi-4cpu",1,"locf",1,1.55
"pc5","rpi-4cpu",1,"locf",2,1.63
"pc5","rpi-4cpu",1,"locf",3,1.61
"pc5","rpi-4cpu",1,"locf",4,1.15
"pc5","rpi-4cpu",1,"locf",1,1.54
"pc5","rpi-4cpu",1,"locf",3,1.57
"pc5","rpi-4cpu",1,"locf",2,1.57
"pc5","rpi-4cpu",1,"locf",4,1.36
"pc5","rpi-4cpu",1,"locf",2,1.6
"pc5","rpi-4cpu",1,"locf",1,1.6
"pc5","rpi-4cpu",1,"locf",3,1.72
"pc5","rpi-4cpu",1,"locf",4,1.19
"pc5","rpi-4cpu",1,"locf",2,1.62
"pc5","rpi-4cpu",1,"locf",1,1.65
"pc5","rpi-4cpu",1,"locf",3,1.98
"pc5","rpi-4cpu",1,"locf",3,1.12
"pc5","rpi-4cpu",1,"locf",4,1.14
"pc5","rpi-4cpu",1,"locf",2,1.56
"pc5","rpi-4cpu",1,"locf",1,1.56
"pc5","rpi-4cpu",1,"locf",4,1.06
"pc5","rpi-4cpu",1,"locf",3,1.1
"pc5","rpi-4cpu",1,"locf",2,1.48
"pc5","rpi-4cpu",1,"locf",1,1.5
"pc5","rpi-4cpu",1,"locf",4,1.07
"pc5","rpi-4cpu",1,"locf",3,1.11
"pc5","rpi-4cpu",1,"locf",1,1.49
"pc5","rpi-4cpu",1,"locf",2,1.49
"pc5","rpi-4cpu",1,"locf",4,1.08
"pc5","rpi-4cpu",1,"locf",3,1.08
"pc5","rpi-4cpu",1,"locf",1,1.47
"pc5","rpi-4cpu",1,"locf",2,1.46
"pc5","rpi-4cpu",1,"locf",4,1.11
"pc5","rpi-4cpu",1,"locf",3,1.11
"pc5","rpi-4cpu",1,"locf",1,1.48
"pc5","rpi-4cpu",1,"locf",2,1.57
"pc5","rpi-4cpu",1,"locf",4,1.39
"pc5","rpi-4cpu",1,"locf",3,1.39
"pc5","rpi-4cpu",1,"locf",1,1.81
"pc5","rpi-4cpu",1,"locf",2,2.08
"pc5","rpi-4cpu",1,"locf",2,1.06
"pc5","rpi-4cpu",1,"locf",4,1.06
"pc5","rpi-4cpu",1,"locf",3,1.09
"pc5","rpi-4cpu",1,"locf",1,1.37
"pc5","rpi-4cpu",1,"locf",3,1.36
"pc5","rpi-4cpu",1,"locf",4,1.42
"pc5","rpi-4cpu",1,"locf",2,1.42
"pc5","rpi-4cpu",1,"locf",1,1.42
"pc5","rpi-4cpu",1,"locf",2,1.06
"pc5","rpi-4cpu",1,"locf",3,1.09
"pc5","rpi-4cpu",1,"locf",4,1.09
"pc5","rpi-4cpu",1,"locf",1,1.39
"pc5","rpi-4cpu",1,"locf",4,1.1
"pc5","rpi-4cpu",1,"locf",2,1.18
"pc5","rpi-4cpu",1,"locf",3,1.18
"pc5","rpi-4cpu",1,"locf",1,1.33
"pc5","rpi-4cpu",1,"locf",1,0.99
"pc5","rpi-4cpu",1,"locf",2,1.03
"pc5","rpi-4cpu",1,"locf",4,1.04
"pc5","rpi-4cpu",1,"locf",3,1.04
"pc5","rpi-4cpu",1,"locf",2,1.78
"pc5","rpi-4cpu",1,"locf",3,1.78
"pc5","rpi-4cpu",1,"locf",4,1.78
"pc5","rpi-4cpu",1,"locf",1,1.82
"pc5","rpi-4cpu",1,"locf",3,0.99
"pc5","rpi-4cpu",1,"locf",2,0.98
"pc5","rpi-4cpu",1,"locf",1,0.99
"pc5","rpi-4cpu",1,"locf",4,0.98
"pc5","rpi-4cpu",1,"locf",4,0.98
"pc5","rpi-4cpu",1,"locf",1,1.03
"pc5","rpi-4cpu",1,"locf",2,1.04
"pc5","rpi-4cpu",1,"locf",3,1.04
"pc5","rpi-4cpu",1,"locf",2,0.99
"pc5","rpi-4cpu",1,"locf",4,0.98
"pc5","rpi-4cpu",1,"locf",1,1.01
"pc5","rpi-4cpu",1,"locf",3,1.01
"pc5","rpi-4cpu",1,"locf",1,1
"pc5","rpi-4cpu",1,"locf",2,1
"pc5","rpi-4cpu",1,"locf",4,1
"pc5","rpi-4cpu",1,"locf",3,1.05
"pc5","rpi-4cpu",1,"locf",2,1.04
"pc5","rpi-4cpu",1,"locf",3,1.07
"pc5","rpi-4cpu",1,"locf",1,1.07
"pc5","rpi-4cpu",1,"locf",4,1.07
"pc5","rpi-4cpu",1,"locf",1,1.01
"pc5","rpi-4cpu",1,"locf",4,1.01
"pc5","rpi-4cpu",1,"locf",3,1.03
"pc5","rpi-4cpu",1,"locf",2,1.07
"pc5","rpi-4cpu",1,"ssa",2,2.86
"pc5","rpi-4cpu",1,"ssa",3,3.11
"pc5","rpi-4cpu",1,"ssa",1,3.25
"pc5","rpi-4cpu",1,"ssa",4,3.3
"pc5","rpi-4cpu",1,"ssa",3,2.88
"pc5","rpi-4cpu",1,"ssa",2,2.92
"pc5","rpi-4cpu",1,"ssa",1,3.15
"pc5","rpi-4cpu",1,"ssa",4,3.15
"pc5","rpi-4cpu",1,"ssa",2,2.98
"pc5","rpi-4cpu",1,"ssa",3,3.02
"pc5","rpi-4cpu",1,"ssa",1,3.19
"pc5","rpi-4cpu",1,"ssa",4,3.34
"pc5","rpi-4cpu",1,"ssa",2,2.91
"pc5","rpi-4cpu",1,"ssa",3,2.94
"pc5","rpi-4cpu",1,"ssa",1,3.24
"pc5","rpi-4cpu",1,"ssa",4,3.33
"pc5","rpi-4cpu",1,"ssa",2,2.91
"pc5","rpi-4cpu",1,"ssa",3,2.91
"pc5","rpi-4cpu",1,"ssa",1,3.11
"pc5","rpi-4cpu",1,"ssa",4,3.26
"pc5","rpi-4cpu",1,"ssa",2,2.96
"pc5","rpi-4cpu",1,"ssa",3,3.11
"pc5","rpi-4cpu",1,"ssa",1,3.19
"pc5","rpi-4cpu",1,"ssa",4,3.29
"pc5","rpi-4cpu",1,"ssa",3,2.98
"pc5","rpi-4cpu",1,"ssa",2,3.12
"pc5","rpi-4cpu",1,"ssa",1,3.27
"pc5","rpi-4cpu",1,"ssa",4,3.4
"pc5","rpi-4cpu",1,"ssa",2,2.87
"pc5","rpi-4cpu",1,"ssa",3,2.93
"pc5","rpi-4cpu",1,"ssa",1,3.09
"pc5","rpi-4cpu",1,"ssa",4,3.29
"pc5","rpi-4cpu",1,"ssa",2,2.99
"pc5","rpi-4cpu",1,"ssa",3,3.01
"pc5","rpi-4cpu",1,"ssa",1,3.38
"pc5","rpi-4cpu",1,"ssa",4,3.4
"pc5","rpi-4cpu",1,"ssa",2,2.93
"pc5","rpi-4cpu",1,"ssa",3,3.11
"pc5","rpi-4cpu",1,"ssa",1,3.27
"pc5","rpi-4cpu",1,"ssa",4,3.39
"pc5","rpi-4cpu",1,"ssa",2,2.88
"pc5","rpi-4cpu",1,"ssa",3,2.97
"pc5","rpi-4cpu",1,"ssa",1,3.23
"pc5","rpi-4cpu",1,"ssa",4,3.28
"pc5","rpi-4cpu",1,"ssa",2,3.25
"pc5","rpi-4cpu",1,"ssa",3,3.28
"pc5","rpi-4cpu",1,"ssa",1,3.53
"pc5","rpi-4cpu",1,"ssa",4,3.58
"pc5","rpi-4cpu",1,"ssa",2,2.93
"pc5","rpi-4cpu",1,"ssa",3,2.99
"pc5","rpi-4cpu",1,"ssa",1,3.35
"pc5","rpi-4cpu",1,"ssa",4,3.36
"pc5","rpi-4cpu",1,"ssa",3,2.95
"pc5","rpi-4cpu",1,"ssa",2,2.99
"pc5","rpi-4cpu",1,"ssa",1,3.23
"pc5","rpi-4cpu",1,"ssa",4,3.44
"pc5","rpi-4cpu",1,"ssa",2,3.02
"pc5","rpi-4cpu",1,"ssa",3,3.02
"pc5","rpi-4cpu",1,"ssa",1,3.32
"pc5","rpi-4cpu",1,"ssa",4,3.42
"pc5","rpi-4cpu",1,"ssa",2,2.97
"pc5","rpi-4cpu",1,"ssa",3,2.97
"pc5","rpi-4cpu",1,"ssa",1,3.32
"pc5","rpi-4cpu",1,"ssa",4,3.45
"pc5","rpi-4cpu",1,"ssa",2,2.87
"pc5","rpi-4cpu",1,"ssa",3,3.12
"pc5","rpi-4cpu",1,"ssa",1,3.27
"pc5","rpi-4cpu",1,"ssa",4,4.49
"pc5","rpi-4cpu",1,"ssa",2,2.66
"pc5","rpi-4cpu",1,"ssa",3,2.76
"pc5","rpi-4cpu",1,"ssa",1,2.94
"pc5","rpi-4cpu",1,"ssa",4,3.07
"pc5","rpi-4cpu",1,"ssa",2,2.9
"pc5","rpi-4cpu",1,"ssa",3,2.95
"pc5","rpi-4cpu",1,"ssa",1,3.16
"pc5","rpi-4cpu",1,"ssa",4,3.26
"pc5","rpi-4cpu",1,"ssa",3,2.97
"pc5","rpi-4cpu",1,"ssa",2,3.02
"pc5","rpi-4cpu",1,"ssa",1,3.35
"pc5","rpi-4cpu",1,"ssa",4,3.52
"pc5","rpi-4cpu",1,"ssa",2,2.86
"pc5","rpi-4cpu",1,"ssa",3,2.99
"pc5","rpi-4cpu",1,"ssa",1,3.16
"pc5","rpi-4cpu",1,"ssa",4,3.43
"pc5","rpi-4cpu",1,"ssa",2,2.93
"pc5","rpi-4cpu",1,"ssa",3,2.98
"pc5","rpi-4cpu",1,"ssa",1,3.25
"pc5","rpi-4cpu",1,"ssa",4,3.36
"pc5","rpi-4cpu",1,"ssa",2,2.99
"pc5","rpi-4cpu",1,"ssa",3,3
"pc5","rpi-4cpu",1,"ssa",1,3.21
"pc5","rpi-4cpu",1,"ssa",4,3.47
"pc5","rpi-4cpu",1,"ssa",3,2.93
"pc5","rpi-4cpu",1,"ssa",2,3.02
"pc5","rpi-4cpu",1,"ssa",1,3.24
"pc5","rpi-4cpu",1,"ssa",4,3.49
"pc5","rpi-4cpu",1,"ssa",2,2.96
"pc5","rpi-4cpu",1,"ssa",3,3.07
"pc5","rpi-4cpu",1,"ssa",1,3.26
"pc5","rpi-4cpu",1,"ssa",4,3.38
"pc5","rpi-4cpu",1,"ssa",3,3.05
"pc5","rpi-4cpu",1,"ssa",2,3.13
"pc5","rpi-4cpu",1,"ssa",1,3.47
"pc5","rpi-4cpu",1,"ssa",4,3.61
"pc5","rpi-4cpu",1,"ssa",3,3.05
"pc5","rpi-4cpu",1,"ssa",2,3.09
"pc5","rpi-4cpu",1,"ssa",1,3.58
"pc5","rpi-4cpu",1,"ssa",4,3.65
"pc5","rpi-4cpu",1,"ssa",2,2.99
"pc5","rpi-4cpu",1,"ssa",3,3.16
"pc5","rpi-4cpu",1,"ssa",1,3.35
"pc5","rpi-4cpu",1,"ssa",4,3.44
"pc5","rpi-4cpu",1,"ssa",2,3.08
"pc5","rpi-4cpu",1,"ssa",3,3.09
"pc5","rpi-4cpu",1,"ssa",1,3.44
"pc5","rpi-4cpu",1,"ssa",4,3.54
"pc5","rpi-4cpu",1,"ssa",3,3.33
"pc5","rpi-4cpu",1,"ssa",2,3.33
"pc5","rpi-4cpu",1,"ssa",1,3.36
"pc5","rpi-4cpu",1,"ssa",4,3.49
"pc5","rpi-4cpu",1,"seadec",1,1.23
"pc5","rpi-4cpu",1,"seadec",2,1.17
"pc5","rpi-4cpu",1,"seadec",4,1.19
"pc5","rpi-4cpu",1,"seadec",3,1.19
"pc5","rpi-4cpu",1,"seadec",1,1.12
"pc5","rpi-4cpu",1,"seadec",2,1.12
"pc5","rpi-4cpu",1,"seadec",3,1.15
"pc5","rpi-4cpu",1,"seadec",4,1.15
"pc5","rpi-4cpu",1,"seadec",3,1.17
"pc5","rpi-4cpu",1,"seadec",2,1.17
"pc5","rpi-4cpu",1,"seadec",1,1.2
"pc5","rpi-4cpu",1,"seadec",4,1.18
"pc5","rpi-4cpu",1,"seadec",3,1.18
"pc5","rpi-4cpu",1,"seadec",1,1.23
"pc5","rpi-4cpu",1,"seadec",4,1.23
"pc5","rpi-4cpu",1,"seadec",2,1.24
"pc5","rpi-4cpu",1,"seadec",2,1.13
"pc5","rpi-4cpu",1,"seadec",1,1.16
"pc5","rpi-4cpu",1,"seadec",4,1.16
"pc5","rpi-4cpu",1,"seadec",3,1.21
"pc5","rpi-4cpu",1,"seadec",1,1.15
"pc5","rpi-4cpu",1,"seadec",2,1.16
"pc5","rpi-4cpu",1,"seadec",4,1.16
"pc5","rpi-4cpu",1,"seadec",3,1.17
"pc5","rpi-4cpu",1,"seadec",2,1.15
"pc5","rpi-4cpu",1,"seadec",1,1.17
"pc5","rpi-4cpu",1,"seadec",3,1.16
"pc5","rpi-4cpu",1,"seadec",4,1.17
"pc5","rpi-4cpu",1,"seadec",2,1.2
"pc5","rpi-4cpu",1,"seadec",3,1.2
"pc5","rpi-4cpu",1,"seadec",1,1.2
"pc5","rpi-4cpu",1,"seadec",4,1.2
"pc5","rpi-4cpu",1,"seadec",1,1.17
"pc5","rpi-4cpu",1,"seadec",3,1.13
"pc5","rpi-4cpu",1,"seadec",2,1.13
"pc5","rpi-4cpu",1,"seadec",4,1.13
"pc5","rpi-4cpu",1,"seadec",1,1.17
"pc5","rpi-4cpu",1,"seadec",3,1.18
"pc5","rpi-4cpu",1,"seadec",2,1.19
"pc5","rpi-4cpu",1,"seadec",4,1.19
"pc5","rpi-4cpu",1,"seadec",1,1.2
"pc5","rpi-4cpu",1,"seadec",3,1.2
"pc5","rpi-4cpu",1,"seadec",2,1.2
"pc5","rpi-4cpu",1,"seadec",4,1.2
"pc5","rpi-4cpu",1,"seadec",2,1.21
"pc5","rpi-4cpu",1,"seadec",3,1.21
"pc5","rpi-4cpu",1,"seadec",1,1.21
"pc5","rpi-4cpu",1,"seadec",4,1.22
"pc5","rpi-4cpu",1,"seadec",1,1.16
"pc5","rpi-4cpu",1,"seadec",2,1.15
"pc5","rpi-4cpu",1,"seadec",3,1.15
"pc5","rpi-4cpu",1,"seadec",4,1.16
"pc5","rpi-4cpu",1,"seadec",2,1.15
"pc5","rpi-4cpu",1,"seadec",4,1.15
"pc5","rpi-4cpu",1,"seadec",1,1.15
"pc5","rpi-4cpu",1,"seadec",3,1.25
"pc5","rpi-4cpu",1,"seadec",1,1.21
"pc5","rpi-4cpu",1,"seadec",2,1.21
"pc5","rpi-4cpu",1,"seadec",3,1.21
"pc5","rpi-4cpu",1,"seadec",4,1.21
"pc5","rpi-4cpu",1,"seadec",3,1.58
"pc5","rpi-4cpu",1,"seadec",1,1.6
"pc5","rpi-4cpu",1,"seadec",4,1.58
"pc5","rpi-4cpu",1,"seadec",2,1.6
"pc5","rpi-4cpu",1,"seadec",1,1.15
"pc5","rpi-4cpu",1,"seadec",2,1.22
"pc5","rpi-4cpu",1,"seadec",4,1.21
"pc5","rpi-4cpu",1,"seadec",3,1.21
"pc5","rpi-4cpu",1,"seadec",1,1.12
"pc5","rpi-4cpu",1,"seadec",3,1.13
"pc5","rpi-4cpu",1,"seadec",2,1.15
"pc5","rpi-4cpu",1,"seadec",4,1.16
"pc5","rpi-4cpu",1,"seadec",1,1.15
"pc5","rpi-4cpu",1,"seadec",2,1.17
"pc5","rpi-4cpu",1,"seadec",3,1.17
"pc5","rpi-4cpu",1,"seadec",4,1.36
"pc5","rpi-4cpu",1,"seadec",4,1.23
"pc5","rpi-4cpu",1,"seadec",1,1.37
"pc5","rpi-4cpu",1,"seadec",2,1.35
"pc5","rpi-4cpu",1,"seadec",3,1.32
"pc5","rpi-4cpu",1,"seadec",3,1.13
"pc5","rpi-4cpu",1,"seadec",4,1.16
"pc5","rpi-4cpu",1,"seadec",2,1.16
"pc5","rpi-4cpu",1,"seadec",1,1.16
"pc5","rpi-4cpu",1,"seadec",3,1.14
"pc5","rpi-4cpu",1,"seadec",2,1.14
"pc5","rpi-4cpu",1,"seadec",1,1.2
"pc5","rpi-4cpu",1,"seadec",4,1.14
"pc5","rpi-4cpu",1,"seadec",1,1.14
"pc5","rpi-4cpu",1,"seadec",2,1.15
"pc5","rpi-4cpu",1,"seadec",4,1.17
"pc5","rpi-4cpu",1,"seadec",3,1.17
"pc5","rpi-4cpu",1,"seadec",1,1.17
"pc5","rpi-4cpu",1,"seadec",4,1.15
"pc5","rpi-4cpu",1,"seadec",2,1.17
"pc5","rpi-4cpu",1,"seadec",3,1.18
"pc5","rpi-4cpu",1,"seadec",1,1.15
"pc5","rpi-4cpu",1,"seadec",3,1.14
"pc5","rpi-4cpu",1,"seadec",2,1.14
"pc5","rpi-4cpu",1,"seadec",4,1.15
"pc5","rpi-4cpu",1,"seadec",1,1.16
"pc5","rpi-4cpu",1,"seadec",3,1.2
"pc5","rpi-4cpu",1,"seadec",4,1.21
"pc5","rpi-4cpu",1,"seadec",2,1.25
"pc5","rpi-4cpu",1,"seadec",3,1.13
"pc5","rpi-4cpu",1,"seadec",1,1.15
"pc5","rpi-4cpu",1,"seadec",2,1.15
"pc5","rpi-4cpu",1,"seadec",4,1.14
"pc5","rpi-4cpu",1,"seadec",3,1.16
"pc5","rpi-4cpu",1,"seadec",1,1.17
"pc5","rpi-4cpu",1,"seadec",2,1.22
"pc5","rpi-4cpu",1,"seadec",4,1.23
"pc5","rpi-4cpu",1,"seadec",1,1.15
"pc5","rpi-4cpu",1,"seadec",3,1.15
"pc5","rpi-4cpu",1,"seadec",2,1.15
"pc5","rpi-4cpu",1,"seadec",4,1.16
"pc5","rpi-4cpu",1,"seadec",3,1.13
"pc5","rpi-4cpu",1,"seadec",2,1.15
"pc5","rpi-4cpu",1,"seadec",4,1.18
"pc5","rpi-4cpu",1,"seadec",1,1.24
"pc5","rpi-4cpu",1,"SMA",2,1.32
"pc5","rpi-4cpu",1,"SMA",1,1.34
"pc5","rpi-4cpu",1,"SMA",4,1.33
"pc5","rpi-4cpu",1,"SMA",3,1.37
"pc5","rpi-4cpu",1,"SMA",4,1.32
"pc5","rpi-4cpu",1,"SMA",1,1.37
"pc5","rpi-4cpu",1,"SMA",2,1.4
"pc5","rpi-4cpu",1,"SMA",3,1.43
"pc5","rpi-4cpu",1,"SMA",1,1.32
"pc5","rpi-4cpu",1,"SMA",2,1.34
"pc5","rpi-4cpu",1,"SMA",4,1.34
"pc5","rpi-4cpu",1,"SMA",3,1.37
"pc5","rpi-4cpu",1,"SMA",1,1.37
"pc5","rpi-4cpu",1,"SMA",2,1.42
"pc5","rpi-4cpu",1,"SMA",4,1.42
"pc5","rpi-4cpu",1,"SMA",3,1.48
"pc5","rpi-4cpu",1,"SMA",1,1.35
"pc5","rpi-4cpu",1,"SMA",2,1.35
"pc5","rpi-4cpu",1,"SMA",4,1.35
"pc5","rpi-4cpu",1,"SMA",3,1.38
"pc5","rpi-4cpu",1,"SMA",3,1.39
"pc5","rpi-4cpu",1,"SMA",1,1.39
"pc5","rpi-4cpu",1,"SMA",2,1.39
"pc5","rpi-4cpu",1,"SMA",4,1.39
"pc5","rpi-4cpu",1,"SMA",1,1.43
"pc5","rpi-4cpu",1,"SMA",4,1.4
"pc5","rpi-4cpu",1,"SMA",3,1.42
"pc5","rpi-4cpu",1,"SMA",2,1.44
"pc5","rpi-4cpu",1,"SMA",4,1.33
"pc5","rpi-4cpu",1,"SMA",1,1.35
"pc5","rpi-4cpu",1,"SMA",3,1.37
"pc5","rpi-4cpu",1,"SMA",2,1.39
"pc5","rpi-4cpu",1,"SMA",2,1.35
"pc5","rpi-4cpu",1,"SMA",3,1.46
"pc5","rpi-4cpu",1,"SMA",1,1.52
"pc5","rpi-4cpu",1,"SMA",4,1.49
"pc5","rpi-4cpu",1,"SMA",1,1.36
"pc5","rpi-4cpu",1,"SMA",2,1.36
"pc5","rpi-4cpu",1,"SMA",3,1.36
"pc5","rpi-4cpu",1,"SMA",4,1.36
"pc5","rpi-4cpu",1,"SMA",1,1.39
"pc5","rpi-4cpu",1,"SMA",4,1.41
"pc5","rpi-4cpu",1,"SMA",3,1.41
"pc5","rpi-4cpu",1,"SMA",2,1.41
"pc5","rpi-4cpu",1,"SMA",2,1.37
"pc5","rpi-4cpu",1,"SMA",1,1.4
"pc5","rpi-4cpu",1,"SMA",3,1.42
"pc5","rpi-4cpu",1,"SMA",4,1.41
"pc5","rpi-4cpu",1,"SMA",3,1.38
"pc5","rpi-4cpu",1,"SMA",2,1.38
"pc5","rpi-4cpu",1,"SMA",1,1.38
"pc5","rpi-4cpu",1,"SMA",4,1.42
"pc5","rpi-4cpu",1,"SMA",3,1.37
"pc5","rpi-4cpu",1,"SMA",1,1.41
"pc5","rpi-4cpu",1,"SMA",4,1.38
"pc5","rpi-4cpu",1,"SMA",2,1.43
"pc5","rpi-4cpu",1,"SMA",1,1.38
"pc5","rpi-4cpu",1,"SMA",2,1.38
"pc5","rpi-4cpu",1,"SMA",4,1.38
"pc5","rpi-4cpu",1,"SMA",3,1.38
"pc5","rpi-4cpu",1,"SMA",2,2.51
"pc5","rpi-4cpu",1,"SMA",4,2.51
"pc5","rpi-4cpu",1,"SMA",3,2.51
"pc5","rpi-4cpu",1,"SMA",1,2.65
"pc5","rpi-4cpu",1,"SMA",1,1.24
"pc5","rpi-4cpu",1,"SMA",2,1.28
"pc5","rpi-4cpu",1,"SMA",4,1.27
"pc5","rpi-4cpu",1,"SMA",3,1.31
"pc5","rpi-4cpu",1,"SMA",2,1.3
"pc5","rpi-4cpu",1,"SMA",4,1.29
"pc5","rpi-4cpu",1,"SMA",3,1.32
"pc5","rpi-4cpu",1,"SMA",1,1.32
"pc5","rpi-4cpu",1,"SMA",4,1.29
"pc5","rpi-4cpu",1,"SMA",2,1.32
"pc5","rpi-4cpu",1,"SMA",1,1.32
"pc5","rpi-4cpu",1,"SMA",3,1.32
"pc5","rpi-4cpu",1,"SMA",4,1.38
"pc5","rpi-4cpu",1,"SMA",1,1.42
"pc5","rpi-4cpu",1,"SMA",2,1.43
"pc5","rpi-4cpu",1,"SMA",3,1.43
"pc5","rpi-4cpu",1,"SMA",1,1.38
"pc5","rpi-4cpu",1,"SMA",4,1.38
"pc5","rpi-4cpu",1,"SMA",3,1.38
"pc5","rpi-4cpu",1,"SMA",2,1.38
"pc5","rpi-4cpu",1,"SMA",4,1.41
"pc5","rpi-4cpu",1,"SMA",2,1.41
"pc5","rpi-4cpu",1,"SMA",3,1.4
"pc5","rpi-4cpu",1,"SMA",1,1.43
"pc5","rpi-4cpu",1,"SMA",2,1.43
"pc5","rpi-4cpu",1,"SMA",1,1.49
"pc5","rpi-4cpu",1,"SMA",3,1.54
"pc5","rpi-4cpu",1,"SMA",4,1.56
"pc5","rpi-4cpu",1,"SMA",2,1.34
"pc5","rpi-4cpu",1,"SMA",1,1.38
"pc5","rpi-4cpu",1,"SMA",3,1.37
"pc5","rpi-4cpu",1,"SMA",4,1.46
"pc5","rpi-4cpu",1,"SMA",2,1.31
"pc5","rpi-4cpu",1,"SMA",1,1.34
"pc5","rpi-4cpu",1,"SMA",4,1.34
"pc5","rpi-4cpu",1,"SMA",3,1.46
"pc5","rpi-4cpu",1,"SMA",2,1.33
"pc5","rpi-4cpu",1,"SMA",1,1.34
"pc5","rpi-4cpu",1,"SMA",3,1.48
"pc5","rpi-4cpu",1,"SMA",4,1.51
"pc5","rpi-4cpu",1,"SMA",1,1.38
"pc5","rpi-4cpu",1,"SMA",2,1.38
"pc5","rpi-4cpu",1,"SMA",3,1.51
"pc5","rpi-4cpu",1,"SMA",4,1.57
"pc5","rpi-4cpu",1,"SMA",2,1.34
"pc5","rpi-4cpu",1,"SMA",1,1.36
"pc5","rpi-4cpu",1,"SMA",3,1.5
"pc5","rpi-4cpu",1,"SMA",4,1.56
"pc5","rpi-4cpu",1,"SMA",1,1.34
"pc5","rpi-4cpu",1,"SMA",2,1.44
"pc5","rpi-4cpu",1,"SMA",3,1.45
"pc5","rpi-4cpu",1,"SMA",4,2.5
"pc5","rpi-4cpu",1,"SMA",1,1.39
"pc5","rpi-4cpu",1,"SMA",4,1.36
"pc5","rpi-4cpu",1,"SMA",2,1.42
"pc5","rpi-4cpu",1,"SMA",3,1.44
"pc5","rpi-4cpu",0.15,"stine",4,8.72
"pc5","rpi-4cpu",0.15,"stine",4,8.63
"pc5","rpi-4cpu",0.15,"stine",3,8.92
"pc5","rpi-4cpu",0.15,"stine",4,9.92
"pc5","rpi-4cpu",0.15,"stine",3,9.44
"pc5","rpi-4cpu",0.15,"stine",4,10.63
"pc5","rpi-4cpu",0.15,"stine",3,9.12
"pc5","rpi-4cpu",0.15,"stine",2,10.33
"pc5","rpi-4cpu",0.15,"stine",4,10.89
"pc5","rpi-4cpu",0.15,"stine",2,9.08
"pc5","rpi-4cpu",0.15,"stine",3,9.27
"pc5","rpi-4cpu",0.15,"stine",4,10.82
"pc5","rpi-4cpu",0.15,"stine",1,10.63
"pc5","rpi-4cpu",0.15,"stine",3,10.92
"pc5","rpi-4cpu",0.15,"stine",2,11.02
"pc5","rpi-4cpu",0.15,"stine",4,11.31
"pc5","rpi-4cpu",0.15,"stine",1,9.46
"pc5","rpi-4cpu",0.15,"stine",3,11.64
"pc5","rpi-4cpu",0.15,"stine",2,11.64
"pc5","rpi-4cpu",0.15,"stine",4,11.62
"pc5","rpi-4cpu",0.15,"stine",2,10.94
"pc5","rpi-4cpu",0.15,"stine",3,11.17
"pc5","rpi-4cpu",0.15,"stine",4,11.17
"pc5","rpi-4cpu",0.15,"stine",1,11.17
"pc5","rpi-4cpu",0.15,"stine",2,11.24
"pc5","rpi-4cpu",0.15,"stine",1,11.44
"pc5","rpi-4cpu",0.15,"stine",4,11.48
"pc5","rpi-4cpu",0.15,"stine",3,11.51
"pc5","rpi-4cpu",0.15,"stine",1,10.97
"pc5","rpi-4cpu",0.15,"stine",2,11.06
"pc5","rpi-4cpu",0.15,"stine",3,11.06
"pc5","rpi-4cpu",0.15,"stine",4,11.16
"pc5","rpi-4cpu",0.15,"stine",3,11.53
"pc5","rpi-4cpu",0.15,"stine",4,11.53
"pc5","rpi-4cpu",0.15,"stine",2,11.55
"pc5","rpi-4cpu",0.15,"stine",1,11.85
"pc5","rpi-4cpu",0.15,"stine",4,11.04
"pc5","rpi-4cpu",0.15,"stine",1,11.18
"pc5","rpi-4cpu",0.15,"stine",3,11.36
"pc5","rpi-4cpu",0.15,"stine",2,11.36
"pc5","rpi-4cpu",0.15,"stine",4,11.75
"pc5","rpi-4cpu",0.15,"stine",1,11.85
"pc5","rpi-4cpu",0.15,"stine",2,11.85
"pc5","rpi-4cpu",0.15,"stine",3,11.95
"pc5","rpi-4cpu",0.15,"stine",2,10.83
"pc5","rpi-4cpu",0.15,"stine",1,10.96
"pc5","rpi-4cpu",0.15,"stine",3,11
"pc5","rpi-4cpu",0.15,"stine",4,11
"pc5","rpi-4cpu",0.15,"stine",3,10.48
"pc5","rpi-4cpu",0.15,"stine",1,10.47
"pc5","rpi-4cpu",0.15,"stine",2,10.47
"pc5","rpi-4cpu",0.15,"stine",4,10.54
"pc5","rpi-4cpu",0.15,"stine",3,11.17
"pc5","rpi-4cpu",0.15,"stine",4,11.26
"pc5","rpi-4cpu",0.15,"stine",2,11.28
"pc5","rpi-4cpu",0.15,"stine",1,11.38
"pc5","rpi-4cpu",0.15,"stine",2,10.51
"pc5","rpi-4cpu",0.15,"stine",3,10.62
"pc5","rpi-4cpu",0.15,"stine",4,10.81
"pc5","rpi-4cpu",0.15,"stine",1,10.81
"pc5","rpi-4cpu",0.15,"stine",4,10.37
"pc5","rpi-4cpu",0.15,"stine",2,10.68
"pc5","rpi-4cpu",0.15,"stine",3,10.77
"pc5","rpi-4cpu",0.15,"stine",1,10.91
"pc5","rpi-4cpu",0.15,"stine",4,10.33
"pc5","rpi-4cpu",0.15,"stine",3,10.55
"pc5","rpi-4cpu",0.15,"stine",2,10.65
"pc5","rpi-4cpu",0.15,"stine",1,10.67
"pc5","rpi-4cpu",0.15,"stine",4,10.64
"pc5","rpi-4cpu",0.15,"stine",3,11.15
"pc5","rpi-4cpu",0.15,"stine",1,11.16
"pc5","rpi-4cpu",0.15,"stine",2,11.16
"pc5","rpi-4cpu",0.15,"stine",1,10.38
"pc5","rpi-4cpu",0.15,"stine",2,10.97
"pc5","rpi-4cpu",0.15,"stine",4,10.97
"pc5","rpi-4cpu",0.15,"stine",3,11.06
"pc5","rpi-4cpu",0.15,"stine",1,10.98
"pc5","rpi-4cpu",0.15,"stine",2,11.08
"pc5","rpi-4cpu",0.15,"stine",4,11.14
"pc5","rpi-4cpu",0.15,"stine",3,11.25
"pc5","rpi-4cpu",0.15,"stine",1,10.89
"pc5","rpi-4cpu",0.15,"stine",2,11.06
"pc5","rpi-4cpu",0.15,"stine",3,11.25
"pc5","rpi-4cpu",0.15,"stine",4,11.44
"pc5","rpi-4cpu",0.15,"stine",2,10.97
"pc5","rpi-4cpu",0.15,"stine",1,11.07
"pc5","rpi-4cpu",0.15,"stine",4,11.16
"pc5","rpi-4cpu",0.15,"stine",3,11.16
"pc5","rpi-4cpu",0.15,"stine",2,10.93
"pc5","rpi-4cpu",0.15,"stine",4,10.93
"pc5","rpi-4cpu",0.15,"stine",3,11.04
"pc5","rpi-4cpu",0.15,"stine",1,11.04
"pc5","rpi-4cpu",0.15,"stine",1,11.27
"pc5","rpi-4cpu",0.15,"stine",4,11.31
"pc5","rpi-4cpu",0.15,"stine",3,11.33
"pc5","rpi-4cpu",0.15,"stine",2,11.43
"pc5","rpi-4cpu",0.15,"stine",2,11.69
"pc5","rpi-4cpu",0.15,"stine",1,11.8
"pc5","rpi-4cpu",0.15,"stine",4,11.79
"pc5","rpi-4cpu",0.15,"stine",3,11.88
"pc5","rpi-4cpu",0.15,"stine",4,11.12
"pc5","rpi-4cpu",0.15,"stine",2,11.25
"pc5","rpi-4cpu",0.15,"stine",1,11.25
"pc5","rpi-4cpu",0.15,"stine",3,11.53
"pc5","rpi-4cpu",0.15,"stine",4,11.46
"pc5","rpi-4cpu",0.15,"stine",2,11.46
"pc5","rpi-4cpu",0.15,"stine",3,11.56
"pc5","rpi-4cpu",0.15,"stine",1,11.78
"pc5","rpi-4cpu",0.25,"stine",4,6.03
"pc5","rpi-4cpu",0.25,"stine",3,6.34
"pc5","rpi-4cpu",0.25,"stine",2,5.94
"pc5","rpi-4cpu",0.25,"stine",4,6.03
"pc5","rpi-4cpu",0.25,"stine",3,6.12
"pc5","rpi-4cpu",0.25,"stine",2,5.03
"pc5","rpi-4cpu",0.25,"stine",3,5.46
"pc5","rpi-4cpu",0.25,"stine",4,5.65
"pc5","rpi-4cpu",0.25,"stine",2,4.46
"pc5","rpi-4cpu",0.25,"stine",3,5.47
"pc5","rpi-4cpu",0.25,"stine",4,5.64
"pc5","rpi-4cpu",0.25,"stine",2,4.77
"pc5","rpi-4cpu",0.25,"stine",4,5.74
"pc5","rpi-4cpu",0.25,"stine",1,5.77
"pc5","rpi-4cpu",0.25,"stine",3,5.84
"pc5","rpi-4cpu",0.25,"stine",1,5.66
"pc5","rpi-4cpu",0.25,"stine",3,6.23
"pc5","rpi-4cpu",0.25,"stine",2,6.31
"pc5","rpi-4cpu",0.25,"stine",4,6.31
"pc5","rpi-4cpu",0.25,"stine",1,5.16
"pc5","rpi-4cpu",0.25,"stine",3,5.84
"pc5","rpi-4cpu",0.25,"stine",2,5.84
"pc5","rpi-4cpu",0.25,"stine",4,5.92
"pc5","rpi-4cpu",0.25,"stine",1,5.06
"pc5","rpi-4cpu",0.25,"stine",2,5.95
"pc5","rpi-4cpu",0.25,"stine",3,6.05
"pc5","rpi-4cpu",0.25,"stine",4,6.05
"pc5","rpi-4cpu",0.25,"stine",1,7.7
"pc5","rpi-4cpu",0.25,"stine",2,7.81
"pc5","rpi-4cpu",0.25,"stine",4,7.82
"pc5","rpi-4cpu",0.25,"stine",3,7.82
"pc5","rpi-4cpu",0.25,"stine",2,5.76
"pc5","rpi-4cpu",0.25,"stine",3,5.87
"pc5","rpi-4cpu",0.25,"stine",1,5.87
"pc5","rpi-4cpu",0.25,"stine",4,5.87
"pc5","rpi-4cpu",0.25,"stine",1,6.27
"pc5","rpi-4cpu",0.25,"stine",2,6.27
"pc5","rpi-4cpu",0.25,"stine",4,6.26
"pc5","rpi-4cpu",0.25,"stine",3,6.36
"pc5","rpi-4cpu",0.25,"stine",4,6.18
"pc5","rpi-4cpu",0.25,"stine",1,6.18
"pc5","rpi-4cpu",0.25,"stine",2,6.23
"pc5","rpi-4cpu",0.25,"stine",3,6.23
"pc5","rpi-4cpu",0.25,"stine",4,6.05
"pc5","rpi-4cpu",0.25,"stine",2,6.05
"pc5","rpi-4cpu",0.25,"stine",1,6.13
"pc5","rpi-4cpu",0.25,"stine",3,6.13
"pc5","rpi-4cpu",0.25,"stine",4,6.01
"pc5","rpi-4cpu",0.25,"stine",2,6.15
"pc5","rpi-4cpu",0.25,"stine",3,6.22
"pc5","rpi-4cpu",0.25,"stine",1,6.36
"pc5","rpi-4cpu",0.25,"stine",4,5.79
"pc5","rpi-4cpu",0.25,"stine",2,6.05
"pc5","rpi-4cpu",0.25,"stine",1,6.2
"pc5","rpi-4cpu",0.25,"stine",3,6.2
"pc5","rpi-4cpu",0.25,"stine",2,5.59
"pc5","rpi-4cpu",0.25,"stine",1,5.67
"pc5","rpi-4cpu",0.25,"stine",4,5.84
"pc5","rpi-4cpu",0.25,"stine",3,5.87
"pc5","rpi-4cpu",0.25,"stine",2,5.66
"pc5","rpi-4cpu",0.25,"stine",1,5.76
"pc5","rpi-4cpu",0.25,"stine",4,5.75
"pc5","rpi-4cpu",0.25,"stine",3,5.94
"pc5","rpi-4cpu",0.25,"stine",2,6.15
"pc5","rpi-4cpu",0.25,"stine",4,6.15
"pc5","rpi-4cpu",0.25,"stine",3,6.16
"pc5","rpi-4cpu",0.25,"stine",1,6.29
"pc5","rpi-4cpu",0.25,"stine",3,5.67
"pc5","rpi-4cpu",0.25,"stine",2,5.68
"pc5","rpi-4cpu",0.25,"stine",4,5.86
"pc5","rpi-4cpu",0.25,"stine",1,5.98
"pc5","rpi-4cpu",0.25,"stine",3,5.37
"pc5","rpi-4cpu",0.25,"stine",4,5.53
"pc5","rpi-4cpu",0.25,"stine",2,5.65
"pc5","rpi-4cpu",0.25,"stine",1,5.86
"pc5","rpi-4cpu",0.25,"stine",1,5.77
"pc5","rpi-4cpu",0.25,"stine",2,5.97
"pc5","rpi-4cpu",0.25,"stine",3,6.03
"pc5","rpi-4cpu",0.25,"stine",4,6.13
"pc5","rpi-4cpu",0.25,"stine",1,5.88
"pc5","rpi-4cpu",0.25,"stine",3,6.14
"pc5","rpi-4cpu",0.25,"stine",2,6.14
"pc5","rpi-4cpu",0.25,"stine",4,6.12
"pc5","rpi-4cpu",0.25,"stine",1,5.96
"pc5","rpi-4cpu",0.25,"stine",2,5.97
"pc5","rpi-4cpu",0.25,"stine",3,6.04
"pc5","rpi-4cpu",0.25,"stine",4,6.13
"pc5","rpi-4cpu",0.25,"stine",1,5.79
"pc5","rpi-4cpu",0.25,"stine",2,5.95
"pc5","rpi-4cpu",0.25,"stine",4,6.05
"pc5","rpi-4cpu",0.25,"stine",3,6.05
"pc5","rpi-4cpu",0.25,"stine",4,4.93
"pc5","rpi-4cpu",0.25,"stine",3,6.14
"pc5","rpi-4cpu",0.25,"stine",1,6.16
"pc5","rpi-4cpu",0.25,"stine",2,6.16
"pc5","rpi-4cpu",0.25,"stine",4,5.06
"pc5","rpi-4cpu",0.25,"stine",2,6.08
"pc5","rpi-4cpu",0.25,"stine",1,6.08
"pc5","rpi-4cpu",0.25,"stine",3,6.15
"pc5","rpi-4cpu",0.25,"stine",4,5.05
"pc5","rpi-4cpu",0.25,"stine",2,5.85
"pc5","rpi-4cpu",0.25,"stine",1,5.87
"pc5","rpi-4cpu",0.25,"stine",3,5.95
"pc5","rpi-4cpu",0.25,"stine",3,5.35
"pc5","rpi-4cpu",0.25,"stine",1,5.89
"pc5","rpi-4cpu",0.25,"stine",2,5.96
"pc5","rpi-4cpu",0.25,"stine",4,7.14
"pc5","rpi-4cpu",0.25,"stine",3,4.69
"pc5","rpi-4cpu",0.25,"stine",2,5.93
"pc5","rpi-4cpu",0.25,"stine",1,6.12
"pc5","rpi-4cpu",0.25,"stine",4,6.97
"pc5","rpi-4cpu",0.25,"stine",2,6.19
"pc5","rpi-4cpu",0.25,"stine",1,6.19
"pc5","rpi-4cpu",0.25,"stine",4,7.4
"pc5","rpi-4cpu",0.25,"stine",3,7.48
"pc5","rpi-4cpu",0.35,"stine",2,4.1
"pc5","rpi-4cpu",0.35,"stine",3,4.31
"pc5","rpi-4cpu",0.35,"stine",4,4.49
"pc5","rpi-4cpu",0.35,"stine",2,3.76
"pc5","rpi-4cpu",0.35,"stine",4,4.32
"pc5","rpi-4cpu",0.35,"stine",3,4.34
"pc5","rpi-4cpu",0.35,"stine",2,3.74
"pc5","rpi-4cpu",0.35,"stine",3,4.05
"pc5","rpi-4cpu",0.35,"stine",4,4.12
"pc5","rpi-4cpu",0.35,"stine",2,2.96
"pc5","rpi-4cpu",0.35,"stine",3,3.54
"pc5","rpi-4cpu",0.35,"stine",4,3.55
"pc5","rpi-4cpu",0.35,"stine",2,3.27
"pc5","rpi-4cpu",0.35,"stine",3,3.85
"pc5","rpi-4cpu",0.35,"stine",4,3.84
"pc5","rpi-4cpu",0.35,"stine",2,3.64
"pc5","rpi-4cpu",0.35,"stine",3,3.73
"pc5","rpi-4cpu",0.35,"stine",4,3.73
"pc5","rpi-4cpu",0.35,"stine",1,3.57
"pc5","rpi-4cpu",0.35,"stine",3,3.6
"pc5","rpi-4cpu",0.35,"stine",2,3.6
"pc5","rpi-4cpu",0.35,"stine",4,6.95
"pc5","rpi-4cpu",0.35,"stine",2,3.46
"pc5","rpi-4cpu",0.35,"stine",1,3.46
"pc5","rpi-4cpu",0.35,"stine",3,3.54
"pc5","rpi-4cpu",0.35,"stine",4,7.21
"pc5","rpi-4cpu",0.35,"stine",1,4.18
"pc5","rpi-4cpu",0.35,"stine",4,4.28
"pc5","rpi-4cpu",0.35,"stine",3,4.28
"pc5","rpi-4cpu",0.35,"stine",1,3.76
"pc5","rpi-4cpu",0.35,"stine",4,3.74
"pc5","rpi-4cpu",0.35,"stine",3,3.94
"pc5","rpi-4cpu",0.35,"stine",1,3.85
"pc5","rpi-4cpu",0.35,"stine",4,3.93
"pc5","rpi-4cpu",0.35,"stine",3,3.93
"pc5","rpi-4cpu",0.35,"stine",3,4.04
"pc5","rpi-4cpu",0.35,"stine",4,4.03
"pc5","rpi-4cpu",0.35,"stine",1,4.15
"pc5","rpi-4cpu",0.35,"stine",1,4.28
"pc5","rpi-4cpu",0.35,"stine",3,4.27
"pc5","rpi-4cpu",0.35,"stine",4,4.27
"pc5","rpi-4cpu",0.35,"stine",4,3.93
"pc5","rpi-4cpu",0.35,"stine",3,3.96
"pc5","rpi-4cpu",0.35,"stine",1,3.96
"pc5","rpi-4cpu",0.35,"stine",3,3.58
"pc5","rpi-4cpu",0.35,"stine",1,3.77
"pc5","rpi-4cpu",0.35,"stine",4,3.76
"pc5","rpi-4cpu",0.35,"stine",4,3.43
"pc5","rpi-4cpu",0.35,"stine",3,3.51
"pc5","rpi-4cpu",0.35,"stine",1,4.08
"pc5","rpi-4cpu",0.35,"stine",2,4.25
"pc5","rpi-4cpu",0.35,"stine",1,3.37
"pc5","rpi-4cpu",0.35,"stine",2,3.57
"pc5","rpi-4cpu",0.35,"stine",4,3.89
"pc5","rpi-4cpu",0.35,"stine",3,3.89
"pc5","rpi-4cpu",0.35,"stine",1,3.33
"pc5","rpi-4cpu",0.35,"stine",2,3.5
"pc5","rpi-4cpu",0.35,"stine",4,3.9
"pc5","rpi-4cpu",0.35,"stine",3,3.93
"pc5","rpi-4cpu",0.35,"stine",1,3.47
"pc5","rpi-4cpu",0.35,"stine",2,3.75
"pc5","rpi-4cpu",0.35,"stine",4,4.04
"pc5","rpi-4cpu",0.35,"stine",3,4.12
"pc5","rpi-4cpu",0.35,"stine",2,3.26
"pc5","rpi-4cpu",0.35,"stine",3,3.94
"pc5","rpi-4cpu",0.35,"stine",4,3.95
"pc5","rpi-4cpu",0.35,"stine",1,4.57
"pc5","rpi-4cpu",0.35,"stine",2,3.01
"pc5","rpi-4cpu",0.35,"stine",3,4.08
"pc5","rpi-4cpu",0.35,"stine",4,4.08
"pc5","rpi-4cpu",0.35,"stine",1,4.63
"pc5","rpi-4cpu",0.35,"stine",3,3.93
"pc5","rpi-4cpu",0.35,"stine",2,4.07
"pc5","rpi-4cpu",0.35,"stine",4,4.07
"pc5","rpi-4cpu",0.35,"stine",1,4.65
"pc5","rpi-4cpu",0.35,"stine",4,4.08
"pc5","rpi-4cpu",0.35,"stine",3,4.11
"pc5","rpi-4cpu",0.35,"stine",2,4.17
"pc5","rpi-4cpu",0.35,"stine",1,4.79
"pc5","rpi-4cpu",0.35,"stine",4,3.57
"pc5","rpi-4cpu",0.35,"stine",3,4.07
"pc5","rpi-4cpu",0.35,"stine",2,4.13
"pc5","rpi-4cpu",0.35,"stine",1,4.94
"pc5","rpi-4cpu",0.35,"stine",4,3.39
"pc5","rpi-4cpu",0.35,"stine",3,3.9
"pc5","rpi-4cpu",0.35,"stine",2,3.94
"pc5","rpi-4cpu",0.35,"stine",1,4.73
"pc5","rpi-4cpu",0.35,"stine",3,4.25
"pc5","rpi-4cpu",0.35,"stine",2,4.34
"pc5","rpi-4cpu",0.35,"stine",1,5.05
"pc5","rpi-4cpu",0.35,"stine",4,5.05
"pc5","rpi-4cpu",0.35,"stine",3,4.22
"pc5","rpi-4cpu",0.35,"stine",2,4.45
"pc5","rpi-4cpu",0.35,"stine",4,5.01
"pc5","rpi-4cpu",0.35,"stine",1,5.06
"pc5","rpi-4cpu",0.35,"stine",3,4.22
"pc5","rpi-4cpu",0.35,"stine",2,4.24
"pc5","rpi-4cpu",0.35,"stine",1,5.15
"pc5","rpi-4cpu",0.35,"stine",4,5.13
"pc5","rpi-4cpu",0.35,"stine",3,3.56
"pc5","rpi-4cpu",0.35,"stine",2,4.36
"pc5","rpi-4cpu",0.35,"stine",1,5.07
"pc5","rpi-4cpu",0.35,"stine",4,5.13
"pc5","rpi-4cpu",0.35,"stine",3,3.55
"pc5","rpi-4cpu",0.35,"stine",2,4.47
"pc5","rpi-4cpu",0.35,"stine",4,5.16
"pc5","rpi-4cpu",0.35,"stine",1,5.16
"pc5","rpi-4cpu",0.45,"stine",2,2.63
"pc5","rpi-4cpu",0.45,"stine",3,2.82
"pc5","rpi-4cpu",0.45,"stine",4,2.82
"pc5","rpi-4cpu",0.45,"stine",2,2.35
"pc5","rpi-4cpu",0.45,"stine",4,2.8
"pc5","rpi-4cpu",0.45,"stine",3,2.81
"pc5","rpi-4cpu",0.45,"stine",1,2.7
"pc5","rpi-4cpu",0.45,"stine",3,2.78
"pc5","rpi-4cpu",0.45,"stine",4,2.78
"pc5","rpi-4cpu",0.45,"stine",2,2.85
"pc5","rpi-4cpu",0.45,"stine",1,2.48
"pc5","rpi-4cpu",0.45,"stine",3,2.78
"pc5","rpi-4cpu",0.45,"stine",4,2.78
"pc5","rpi-4cpu",0.45,"stine",2,2.78
"pc5","rpi-4cpu",0.45,"stine",1,2.58
"pc5","rpi-4cpu",0.45,"stine",2,2.78
"pc5","rpi-4cpu",0.45,"stine",3,2.85
"pc5","rpi-4cpu",0.45,"stine",4,2.85
"pc5","rpi-4cpu",0.45,"stine",1,2.46
"pc5","rpi-4cpu",0.45,"stine",3,2.93
"pc5","rpi-4cpu",0.45,"stine",2,2.95
"pc5","rpi-4cpu",0.45,"stine",4,3.03
"pc5","rpi-4cpu",0.45,"stine",1,2.39
"pc5","rpi-4cpu",0.45,"stine",2,2.81
"pc5","rpi-4cpu",0.45,"stine",4,2.84
"pc5","rpi-4cpu",0.45,"stine",3,2.87
"pc5","rpi-4cpu",0.45,"stine",4,2.88
"pc5","rpi-4cpu",0.45,"stine",2,2.88
"pc5","rpi-4cpu",0.45,"stine",1,2.87
"pc5","rpi-4cpu",0.45,"stine",3,2.87
"pc5","rpi-4cpu",0.45,"stine",3,2.86
"pc5","rpi-4cpu",0.45,"stine",2,2.88
"pc5","rpi-4cpu",0.45,"stine",1,2.94
"pc5","rpi-4cpu",0.45,"stine",4,2.94
"pc5","rpi-4cpu",0.45,"stine",4,2.74
"pc5","rpi-4cpu",0.45,"stine",3,2.77
"pc5","rpi-4cpu",0.45,"stine",1,2.87
"pc5","rpi-4cpu",0.45,"stine",2,2.88
"pc5","rpi-4cpu",0.45,"stine",4,2.72
"pc5","rpi-4cpu",0.45,"stine",3,2.74
"pc5","rpi-4cpu",0.45,"stine",2,2.77
"pc5","rpi-4cpu",0.45,"stine",1,2.86
"pc5","rpi-4cpu",0.45,"stine",3,2.75
"pc5","rpi-4cpu",0.45,"stine",4,2.75
"pc5","rpi-4cpu",0.45,"stine",1,2.78
"pc5","rpi-4cpu",0.45,"stine",2,2.79
"pc5","rpi-4cpu",0.45,"stine",4,2.71
"pc5","rpi-4cpu",0.45,"stine",3,2.8
"pc5","rpi-4cpu",0.45,"stine",1,2.83
"pc5","rpi-4cpu",0.45,"stine",2,2.83
"pc5","rpi-4cpu",0.45,"stine",1,2.72
"pc5","rpi-4cpu",0.45,"stine",2,2.76
"pc5","rpi-4cpu",0.45,"stine",4,2.76
"pc5","rpi-4cpu",0.45,"stine",3,2.76
"pc5","rpi-4cpu",0.45,"stine",2,2.66
"pc5","rpi-4cpu",0.45,"stine",3,2.76
"pc5","rpi-4cpu",0.45,"stine",1,2.76
"pc5","rpi-4cpu",0.45,"stine",4,2.73
"pc5","rpi-4cpu",0.45,"stine",3,2.61
"pc5","rpi-4cpu",0.45,"stine",2,2.61
"pc5","rpi-4cpu",0.45,"stine",4,2.61
"pc5","rpi-4cpu",0.45,"stine",1,2.74
"pc5","rpi-4cpu",0.45,"stine",3,2.65
"pc5","rpi-4cpu",0.45,"stine",4,2.75
"pc5","rpi-4cpu",0.45,"stine",2,2.75
"pc5","rpi-4cpu",0.45,"stine",1,2.75
"pc5","rpi-4cpu",0.45,"stine",1,2.72
"pc5","rpi-4cpu",0.45,"stine",2,2.8
"pc5","rpi-4cpu",0.45,"stine",3,2.86
"pc5","rpi-4cpu",0.45,"stine",4,2.85
"pc5","rpi-4cpu",0.45,"stine",1,2.58
"pc5","rpi-4cpu",0.45,"stine",3,2.67
"pc5","rpi-4cpu",0.45,"stine",2,2.69
"pc5","rpi-4cpu",0.45,"stine",4,2.69
"pc5","rpi-4cpu",0.45,"stine",1,2.73
"pc5","rpi-4cpu",0.45,"stine",2,2.73
"pc5","rpi-4cpu",0.45,"stine",3,2.73
"pc5","rpi-4cpu",0.45,"stine",4,2.78
"pc5","rpi-4cpu",0.45,"stine",4,2.36
"pc5","rpi-4cpu",0.45,"stine",2,2.66
"pc5","rpi-4cpu",0.45,"stine",3,2.68
"pc5","rpi-4cpu",0.45,"stine",1,2.78
"pc5","rpi-4cpu",0.45,"stine",4,2.43
"pc5","rpi-4cpu",0.45,"stine",2,2.69
"pc5","rpi-4cpu",0.45,"stine",1,2.69
"pc5","rpi-4cpu",0.45,"stine",3,2.74
"pc5","rpi-4cpu",0.45,"stine",4,2.28
"pc5","rpi-4cpu",0.45,"stine",2,2.72
"pc5","rpi-4cpu",0.45,"stine",3,2.77
"pc5","rpi-4cpu",0.45,"stine",1,2.79
"pc5","rpi-4cpu",0.45,"stine",1,2.87
"pc5","rpi-4cpu",0.45,"stine",2,2.88
"pc5","rpi-4cpu",0.45,"stine",3,3.27
"pc5","rpi-4cpu",0.45,"stine",4,3.27
"pc5","rpi-4cpu",0.45,"stine",3,2.29
"pc5","rpi-4cpu",0.45,"stine",1,2.77
"pc5","rpi-4cpu",0.45,"stine",2,2.77
"pc5","rpi-4cpu",0.45,"stine",4,3.26
"pc5","rpi-4cpu",0.45,"stine",3,3.08
"pc5","rpi-4cpu",0.45,"stine",1,3.57
"pc5","rpi-4cpu",0.45,"stine",2,3.65
"pc5","rpi-4cpu",0.45,"stine",4,4.05
"pc5","rpi-4cpu",0.45,"stine",2,2.89
"pc5","rpi-4cpu",0.45,"stine",1,2.89
"pc5","rpi-4cpu",0.45,"stine",3,3.42
"pc5","rpi-4cpu",0.45,"stine",4,3.43
"pc5","rpi-4cpu",0.45,"stine",2,2.85
"pc5","rpi-4cpu",0.45,"stine",1,2.87
"pc5","rpi-4cpu",0.45,"stine",3,3.47
"pc5","rpi-4cpu",0.45,"stine",4,3.47
"pc5","rpi-4cpu",0.45,"stine",1,2.82
"pc5","rpi-4cpu",0.45,"stine",2,2.83
"pc5","rpi-4cpu",0.45,"stine",3,3.33
"pc5","rpi-4cpu",0.45,"stine",4,3.4
"pc5","rpi-4cpu",0.45,"stine",2,2.3
"pc5","rpi-4cpu",0.45,"stine",1,2.77
"pc5","rpi-4cpu",0.45,"stine",3,3.34
"pc5","rpi-4cpu",0.45,"stine",4,3.36
"pc5","rpi-4cpu",0.55,"stine",2,1.91
"pc5","rpi-4cpu",0.55,"stine",3,2.18
"pc5","rpi-4cpu",0.55,"stine",4,2.2
"pc5","rpi-4cpu",0.55,"stine",2,2.09
"pc5","rpi-4cpu",0.55,"stine",3,2.11
"pc5","rpi-4cpu",0.55,"stine",4,2.14
"pc5","rpi-4cpu",0.55,"stine",2,2.09
"pc5","rpi-4cpu",0.55,"stine",4,2.1
"pc5","rpi-4cpu",0.55,"stine",3,2.17
"pc5","rpi-4cpu",0.55,"stine",2,2.07
"pc5","rpi-4cpu",0.55,"stine",3,2.06
"pc5","rpi-4cpu",0.55,"stine",4,2.14
"pc5","rpi-4cpu",0.55,"stine",2,2.17
"pc5","rpi-4cpu",0.55,"stine",4,2.18
"pc5","rpi-4cpu",0.55,"stine",3,3.39
"pc5","rpi-4cpu",0.55,"stine",3,2.12
"pc5","rpi-4cpu",0.55,"stine",2,2.17
"pc5","rpi-4cpu",0.55,"stine",1,2.23
"pc5","rpi-4cpu",0.55,"stine",4,4.12
"pc5","rpi-4cpu",0.55,"stine",1,2.79
"pc5","rpi-4cpu",0.55,"stine",2,2.8
"pc5","rpi-4cpu",0.55,"stine",3,3.2
"pc5","rpi-4cpu",0.55,"stine",4,4.84
"pc5","rpi-4cpu",0.55,"stine",1,2.19
"pc5","rpi-4cpu",0.55,"stine",3,2.19
"pc5","rpi-4cpu",0.55,"stine",2,2.21
"pc5","rpi-4cpu",0.55,"stine",4,4.06
"pc5","rpi-4cpu",0.55,"stine",4,2.07
"pc5","rpi-4cpu",0.55,"stine",3,2.15
"pc5","rpi-4cpu",0.55,"stine",2,2.19
"pc5","rpi-4cpu",0.55,"stine",2,2.11
"pc5","rpi-4cpu",0.55,"stine",4,2.16
"pc5","rpi-4cpu",0.55,"stine",3,2.19
"pc5","rpi-4cpu",0.55,"stine",3,2.05
"pc5","rpi-4cpu",0.55,"stine",2,2.09
"pc5","rpi-4cpu",0.55,"stine",4,2.09
"pc5","rpi-4cpu",0.55,"stine",2,2.09
"pc5","rpi-4cpu",0.55,"stine",3,2.1
"pc5","rpi-4cpu",0.55,"stine",4,2.1
"pc5","rpi-4cpu",0.55,"stine",4,2.06
"pc5","rpi-4cpu",0.55,"stine",2,2.11
"pc5","rpi-4cpu",0.55,"stine",3,2.12
"pc5","rpi-4cpu",0.55,"stine",2,2.13
"pc5","rpi-4cpu",0.55,"stine",3,2.16
"pc5","rpi-4cpu",0.55,"stine",4,2.17
"pc5","rpi-4cpu",0.55,"stine",4,1.7
"pc5","rpi-4cpu",0.55,"stine",2,2.03
"pc5","rpi-4cpu",0.55,"stine",3,2.09
"pc5","rpi-4cpu",0.55,"stine",4,1.79
"pc5","rpi-4cpu",0.55,"stine",1,2.02
"pc5","rpi-4cpu",0.55,"stine",2,2.09
"pc5","rpi-4cpu",0.55,"stine",3,2.09
"pc5","rpi-4cpu",0.55,"stine",1,1.85
"pc5","rpi-4cpu",0.55,"stine",4,1.85
"pc5","rpi-4cpu",0.55,"stine",2,2.11
"pc5","rpi-4cpu",0.55,"stine",3,2.11
"pc5","rpi-4cpu",0.55,"stine",1,1.94
"pc5","rpi-4cpu",0.55,"stine",3,2.18
"pc5","rpi-4cpu",0.55,"stine",2,2.18
"pc5","rpi-4cpu",0.55,"stine",4,2.51
"pc5","rpi-4cpu",0.55,"stine",1,1.79
"pc5","rpi-4cpu",0.55,"stine",2,2.19
"pc5","rpi-4cpu",0.55,"stine",3,2.22
"pc5","rpi-4cpu",0.55,"stine",4,2.51
"pc5","rpi-4cpu",0.55,"stine",1,1.82
"pc5","rpi-4cpu",0.55,"stine",2,2.15
"pc5","rpi-4cpu",0.55,"stine",3,2.15
"pc5","rpi-4cpu",0.55,"stine",4,2.45
"pc5","rpi-4cpu",0.55,"stine",2,2.25
"pc5","rpi-4cpu",0.55,"stine",3,2.27
"pc5","rpi-4cpu",0.55,"stine",1,2.33
"pc5","rpi-4cpu",0.55,"stine",4,2.64
"pc5","rpi-4cpu",0.55,"stine",3,1.83
"pc5","rpi-4cpu",0.55,"stine",1,2.2
"pc5","rpi-4cpu",0.55,"stine",2,2.23
"pc5","rpi-4cpu",0.55,"stine",4,2.52
"pc5","rpi-4cpu",0.55,"stine",3,1.84
"pc5","rpi-4cpu",0.55,"stine",2,2.25
"pc5","rpi-4cpu",0.55,"stine",1,2.27
"pc5","rpi-4cpu",0.55,"stine",4,2.54
"pc5","rpi-4cpu",0.55,"stine",2,2.33
"pc5","rpi-4cpu",0.55,"stine",1,2.38
"pc5","rpi-4cpu",0.55,"stine",4,2.71
"pc5","rpi-4cpu",0.55,"stine",3,2.73
"pc5","rpi-4cpu",0.55,"stine",2,2.34
"pc5","rpi-4cpu",0.55,"stine",1,2.4
"pc5","rpi-4cpu",0.55,"stine",3,2.76
"pc5","rpi-4cpu",0.55,"stine",4,2.76
"pc5","rpi-4cpu",0.55,"stine",2,2.02
"pc5","rpi-4cpu",0.55,"stine",1,2.32
"pc5","rpi-4cpu",0.55,"stine",4,2.61
"pc5","rpi-4cpu",0.55,"stine",3,2.74
"pc5","rpi-4cpu",0.55,"stine",2,1.9
"pc5","rpi-4cpu",0.55,"stine",1,2.34
"pc5","rpi-4cpu",0.55,"stine",4,2.68
"pc5","rpi-4cpu",0.55,"stine",3,2.71
"pc5","rpi-4cpu",0.55,"stine",1,2.58
"pc5","rpi-4cpu",0.55,"stine",2,2.98
"pc5","rpi-4cpu",0.55,"stine",3,2.98
"pc5","rpi-4cpu",0.55,"stine",4,3.04
"pc5","rpi-4cpu",0.55,"stine",2,2.48
"pc5","rpi-4cpu",0.55,"stine",4,3.12
"pc5","rpi-4cpu",0.55,"stine",1,3.12
"pc5","rpi-4cpu",0.55,"stine",3,3.12
"pc5","rpi-4cpu",0.55,"stine",1,2.49
"pc5","rpi-4cpu",0.55,"stine",3,2.95
"pc5","rpi-4cpu",0.55,"stine",2,2.96
"pc5","rpi-4cpu",0.55,"stine",4,2.96
"pc5","rpi-4cpu",0.65,"stine",2,1.67
"pc5","rpi-4cpu",0.65,"stine",3,1.87
"pc5","rpi-4cpu",0.65,"stine",4,1.87
"pc5","rpi-4cpu",0.65,"stine",2,1.78
"pc5","rpi-4cpu",0.65,"stine",3,1.77
"pc5","rpi-4cpu",0.65,"stine",4,1.77
"pc5","rpi-4cpu",0.65,"stine",1,1.83
"pc5","rpi-4cpu",0.65,"stine",2,1.83
"pc5","rpi-4cpu",0.65,"stine",3,1.84
"pc5","rpi-4cpu",0.65,"stine",3,1.86
"pc5","rpi-4cpu",0.65,"stine",2,1.91
"pc5","rpi-4cpu",0.65,"stine",4,1.91
"pc5","rpi-4cpu",0.65,"stine",1,2.05
"pc5","rpi-4cpu",0.65,"stine",1,1.68
"pc5","rpi-4cpu",0.65,"stine",4,1.86
"pc5","rpi-4cpu",0.65,"stine",2,1.92
"pc5","rpi-4cpu",0.65,"stine",3,1.92
"pc5","rpi-4cpu",0.65,"stine",1,1.71
"pc5","rpi-4cpu",0.65,"stine",4,1.91
"pc5","rpi-4cpu",0.65,"stine",2,1.91
"pc5","rpi-4cpu",0.65,"stine",3,1.91
"pc5","rpi-4cpu",0.65,"stine",1,1.58
"pc5","rpi-4cpu",0.65,"stine",2,1.85
"pc5","rpi-4cpu",0.65,"stine",4,1.85
"pc5","rpi-4cpu",0.65,"stine",3,1.92
"pc5","rpi-4cpu",0.65,"stine",1,1.58
"pc5","rpi-4cpu",0.65,"stine",2,1.88
"pc5","rpi-4cpu",0.65,"stine",4,1.88
"pc5","rpi-4cpu",0.65,"stine",3,1.94
"pc5","rpi-4cpu",0.65,"stine",1,1.58
"pc5","rpi-4cpu",0.65,"stine",4,1.76
"pc5","rpi-4cpu",0.65,"stine",2,1.82
"pc5","rpi-4cpu",0.65,"stine",3,1.82
"pc5","rpi-4cpu",0.65,"stine",3,1.8
"pc5","rpi-4cpu",0.65,"stine",4,1.81
"pc5","rpi-4cpu",0.65,"stine",1,1.9
"pc5","rpi-4cpu",0.65,"stine",2,1.9
"pc5","rpi-4cpu",0.65,"stine",4,1.83
"pc5","rpi-4cpu",0.65,"stine",3,1.86
"pc5","rpi-4cpu",0.65,"stine",2,1.89
"pc5","rpi-4cpu",0.65,"stine",1,1.96
"pc5","rpi-4cpu",0.65,"stine",4,1.84
"pc5","rpi-4cpu",0.65,"stine",2,1.87
"pc5","rpi-4cpu",0.65,"stine",3,1.87
"pc5","rpi-4cpu",0.65,"stine",1,1.91
"pc5","rpi-4cpu",0.65,"stine",2,4.54
"pc5","rpi-4cpu",0.65,"stine",1,4.54
"pc5","rpi-4cpu",0.65,"stine",3,4.53
"pc5","rpi-4cpu",0.65,"stine",4,4.52
"pc5","rpi-4cpu",0.65,"stine",2,1.78
"pc5","rpi-4cpu",0.65,"stine",3,1.78
"pc5","rpi-4cpu",0.65,"stine",4,1.8
"pc5","rpi-4cpu",0.65,"stine",1,1.88
"pc5","rpi-4cpu",0.65,"stine",4,1.84
"pc5","rpi-4cpu",0.65,"stine",2,1.84
"pc5","rpi-4cpu",0.65,"stine",3,1.84
"pc5","rpi-4cpu",0.65,"stine",1,1.86
"pc5","rpi-4cpu",0.65,"stine",1,1.79
"pc5","rpi-4cpu",0.65,"stine",2,1.88
"pc5","rpi-4cpu",0.65,"stine",3,1.88
"pc5","rpi-4cpu",0.65,"stine",4,1.93
"pc5","rpi-4cpu",0.65,"stine",2,1.96
"pc5","rpi-4cpu",0.65,"stine",4,1.94
"pc5","rpi-4cpu",0.65,"stine",3,1.96
"pc5","rpi-4cpu",0.65,"stine",1,2.09
"pc5","rpi-4cpu",0.65,"stine",1,1.8
"pc5","rpi-4cpu",0.65,"stine",2,1.88
"pc5","rpi-4cpu",0.65,"stine",3,1.89
"pc5","rpi-4cpu",0.65,"stine",4,1.89
"pc5","rpi-4cpu",0.65,"stine",1,1.8
"pc5","rpi-4cpu",0.65,"stine",2,1.89
"pc5","rpi-4cpu",0.65,"stine",3,1.89
"pc5","rpi-4cpu",0.65,"stine",4,1.89
"pc5","rpi-4cpu",0.65,"stine",1,1.85
"pc5","rpi-4cpu",0.65,"stine",3,1.85
"pc5","rpi-4cpu",0.65,"stine",4,1.87
"pc5","rpi-4cpu",0.65,"stine",2,1.87
"pc5","rpi-4cpu",0.65,"stine",4,1.55
"pc5","rpi-4cpu",0.65,"stine",2,1.76
"pc5","rpi-4cpu",0.65,"stine",3,1.76
"pc5","rpi-4cpu",0.65,"stine",1,1.79
"pc5","rpi-4cpu",0.65,"stine",4,1.54
"pc5","rpi-4cpu",0.65,"stine",2,1.76
"pc5","rpi-4cpu",0.65,"stine",1,1.76
"pc5","rpi-4cpu",0.65,"stine",3,1.75
"pc5","rpi-4cpu",0.65,"stine",4,1.54
"pc5","rpi-4cpu",0.65,"stine",1,1.75
"pc5","rpi-4cpu",0.65,"stine",2,1.75
"pc5","rpi-4cpu",0.65,"stine",3,1.81
"pc5","rpi-4cpu",0.65,"stine",2,1.9
"pc5","rpi-4cpu",0.65,"stine",1,1.9
"pc5","rpi-4cpu",0.65,"stine",3,1.94
"pc5","rpi-4cpu",0.65,"stine",4,2.17
"pc5","rpi-4cpu",0.65,"stine",3,1.5
"pc5","rpi-4cpu",0.65,"stine",1,1.85
"pc5","rpi-4cpu",0.65,"stine",2,1.84
"pc5","rpi-4cpu",0.65,"stine",4,2.11
"pc5","rpi-4cpu",0.65,"stine",3,1.53
"pc5","rpi-4cpu",0.65,"stine",1,1.86
"pc5","rpi-4cpu",0.65,"stine",2,1.86
"pc5","rpi-4cpu",0.65,"stine",4,2.12
"pc5","rpi-4cpu",0.65,"stine",1,1.87
"pc5","rpi-4cpu",0.65,"stine",2,1.89
"pc5","rpi-4cpu",0.65,"stine",4,2.25
"pc5","rpi-4cpu",0.65,"stine",3,2.25
"pc5","rpi-4cpu",0.65,"stine",2,1.61
"pc5","rpi-4cpu",0.65,"stine",1,1.89
"pc5","rpi-4cpu",0.65,"stine",3,2.26
"pc5","rpi-4cpu",0.65,"stine",4,2.27
"pc5","rpi-4cpu",0.65,"stine",2,1.58
"pc5","rpi-4cpu",0.65,"stine",1,1.83
"pc5","rpi-4cpu",0.65,"stine",3,4.66
"pc5","rpi-4cpu",0.65,"stine",4,4.7
"pc5","rpi-4cpu",0.65,"stine",1,2.03
"pc5","rpi-4cpu",0.65,"stine",3,2.44
"pc5","rpi-4cpu",0.65,"stine",2,2.45
"pc5","rpi-4cpu",0.65,"stine",4,2.45
"pc5","rpi-4cpu",0.75,"stine",2,1.56
"pc5","rpi-4cpu",0.75,"stine",1,1.56
"pc5","rpi-4cpu",0.75,"stine",3,1.69
"pc5","rpi-4cpu",0.75,"stine",4,1.69
"pc5","rpi-4cpu",0.75,"stine",1,1.46
"pc5","rpi-4cpu",0.75,"stine",3,1.65
"pc5","rpi-4cpu",0.75,"stine",2,1.65
"pc5","rpi-4cpu",0.75,"stine",4,1.71
"pc5","rpi-4cpu",0.75,"stine",1,1.49
"pc5","rpi-4cpu",0.75,"stine",3,1.66
"pc5","rpi-4cpu",0.75,"stine",2,1.66
"pc5","rpi-4cpu",0.75,"stine",4,1.67
"pc5","rpi-4cpu",0.75,"stine",1,1.4
"pc5","rpi-4cpu",0.75,"stine",2,1.64
"pc5","rpi-4cpu",0.75,"stine",3,1.65
"pc5","rpi-4cpu",0.75,"stine",4,1.65
"pc5","rpi-4cpu",0.75,"stine",1,1.35
"pc5","rpi-4cpu",0.75,"stine",2,1.64
"pc5","rpi-4cpu",0.75,"stine",4,1.63
"pc5","rpi-4cpu",0.75,"stine",3,1.63
"pc5","rpi-4cpu",0.75,"stine",4,1.6
"pc5","rpi-4cpu",0.75,"stine",2,1.63
"pc5","rpi-4cpu",0.75,"stine",1,1.65
"pc5","rpi-4cpu",0.75,"stine",3,1.65
"pc5","rpi-4cpu",0.75,"stine",3,1.63
"pc5","rpi-4cpu",0.75,"stine",4,1.61
"pc5","rpi-4cpu",0.75,"stine",1,1.72
"pc5","rpi-4cpu",0.75,"stine",2,1.72
"pc5","rpi-4cpu",0.75,"stine",4,1.57
"pc5","rpi-4cpu",0.75,"stine",1,1.65
"pc5","rpi-4cpu",0.75,"stine",2,1.66
"pc5","rpi-4cpu",0.75,"stine",3,1.66
"pc5","rpi-4cpu",0.75,"stine",4,1.57
"pc5","rpi-4cpu",0.75,"stine",3,1.64
"pc5","rpi-4cpu",0.75,"stine",1,1.66
"pc5","rpi-4cpu",0.75,"stine",2,1.68
"pc5","rpi-4cpu",0.75,"stine",4,1.59
"pc5","rpi-4cpu",0.75,"stine",3,1.62
"pc5","rpi-4cpu",0.75,"stine",1,1.65
"pc5","rpi-4cpu",0.75,"stine",2,1.68
"pc5","rpi-4cpu",0.75,"stine",1,1.67
"pc5","rpi-4cpu",0.75,"stine",3,1.62
"pc5","rpi-4cpu",0.75,"stine",4,1.61
"pc5","rpi-4cpu",0.75,"stine",2,1.7
"pc5","rpi-4cpu",0.75,"stine",1,1.58
"pc5","rpi-4cpu",0.75,"stine",3,1.58
"pc5","rpi-4cpu",0.75,"stine",4,1.58
"pc5","rpi-4cpu",0.75,"stine",2,1.64
"pc5","rpi-4cpu",0.75,"stine",1,1.6
"pc5","rpi-4cpu",0.75,"stine",3,1.58
"pc5","rpi-4cpu",0.75,"stine",2,1.62
"pc5","rpi-4cpu",0.75,"stine",4,1.63
"pc5","rpi-4cpu",0.75,"stine",4,1.6
"pc5","rpi-4cpu",0.75,"stine",3,1.6
"pc5","rpi-4cpu",0.75,"stine",2,1.62
"pc5","rpi-4cpu",0.75,"stine",1,1.62
"pc5","rpi-4cpu",0.75,"stine",2,1.57
"pc5","rpi-4cpu",0.75,"stine",1,1.59
"pc5","rpi-4cpu",0.75,"stine",3,1.59
"pc5","rpi-4cpu",0.75,"stine",4,1.6
"pc5","rpi-4cpu",0.75,"stine",2,1.59
"pc5","rpi-4cpu",0.75,"stine",1,1.61
"pc5","rpi-4cpu",0.75,"stine",3,1.61
"pc5","rpi-4cpu",0.75,"stine",4,1.61
"pc5","rpi-4cpu",0.75,"stine",1,1.57
"pc5","rpi-4cpu",0.75,"stine",3,1.59
"pc5","rpi-4cpu",0.75,"stine",2,1.64
"pc5","rpi-4cpu",0.75,"stine",4,1.64
"pc5","rpi-4cpu",0.75,"stine",1,1.55
"pc5","rpi-4cpu",0.75,"stine",3,1.6
"pc5","rpi-4cpu",0.75,"stine",4,1.6
"pc5","rpi-4cpu",0.75,"stine",2,1.6
"pc5","rpi-4cpu",0.75,"stine",4,1.34
"pc5","rpi-4cpu",0.75,"stine",1,1.52
"pc5","rpi-4cpu",0.75,"stine",2,1.55
"pc5","rpi-4cpu",0.75,"stine",3,1.54
"pc5","rpi-4cpu",0.75,"stine",4,1.34
"pc5","rpi-4cpu",0.75,"stine",1,1.53
"pc5","rpi-4cpu",0.75,"stine",3,1.53
"pc5","rpi-4cpu",0.75,"stine",2,1.58
"pc5","rpi-4cpu",0.75,"stine",1,1.7
"pc5","rpi-4cpu",0.75,"stine",2,1.71
"pc5","rpi-4cpu",0.75,"stine",4,1.71
"pc5","rpi-4cpu",0.75,"stine",3,1.93
"pc5","rpi-4cpu",0.75,"stine",1,1.71
"pc5","rpi-4cpu",0.75,"stine",3,1.7
"pc5","rpi-4cpu",0.75,"stine",2,1.71
"pc5","rpi-4cpu",0.75,"stine",4,1.96
"pc5","rpi-4cpu",0.75,"stine",1,1.71
"pc5","rpi-4cpu",0.75,"stine",3,1.73
"pc5","rpi-4cpu",0.75,"stine",2,1.75
"pc5","rpi-4cpu",0.75,"stine",4,1.96
"pc5","rpi-4cpu",0.75,"stine",1,1.66
"pc5","rpi-4cpu",0.75,"stine",3,1.65
"pc5","rpi-4cpu",0.75,"stine",4,1.66
"pc5","rpi-4cpu",0.75,"stine",2,1.93
"pc5","rpi-4cpu",0.75,"stine",3,1.36
"pc5","rpi-4cpu",0.75,"stine",1,1.6
"pc5","rpi-4cpu",0.75,"stine",2,1.61
"pc5","rpi-4cpu",0.75,"stine",4,1.84
"pc5","rpi-4cpu",0.75,"stine",3,1.42
"pc5","rpi-4cpu",0.75,"stine",2,1.65
"pc5","rpi-4cpu",0.75,"stine",1,1.68
"pc5","rpi-4cpu",0.75,"stine",4,1.86
"pc5","rpi-4cpu",0.75,"stine",3,1.43
"pc5","rpi-4cpu",0.75,"stine",1,1.7
"pc5","rpi-4cpu",0.75,"stine",2,1.89
"pc5","rpi-4cpu",0.75,"stine",4,1.97
"pc5","rpi-4cpu",0.75,"stine",2,1.38
"pc5","rpi-4cpu",0.75,"stine",1,1.66
"pc5","rpi-4cpu",0.75,"stine",3,1.95
"pc5","rpi-4cpu",0.75,"stine",4,1.97
"pc5","rpi-4cpu",0.75,"stine",2,1.39
"pc5","rpi-4cpu",0.75,"stine",1,1.67
"pc5","rpi-4cpu",0.75,"stine",3,1.95
"pc5","rpi-4cpu",0.75,"stine",4,1.97
"pc5","rpi-4cpu",0.75,"stine",3,1.41
"pc5","rpi-4cpu",0.75,"stine",1,1.66
"pc5","rpi-4cpu",0.75,"stine",2,1.94
"pc5","rpi-4cpu",0.75,"stine",4,1.94
"pc5","rpi-4cpu",0.85,"stine",1,1.43
"pc5","rpi-4cpu",0.85,"stine",2,1.42
"pc5","rpi-4cpu",0.85,"stine",3,1.56
"pc5","rpi-4cpu",0.85,"stine",4,1.59
"pc5","rpi-4cpu",0.85,"stine",1,1.32
"pc5","rpi-4cpu",0.85,"stine",4,1.5
"pc5","rpi-4cpu",0.85,"stine",2,1.5
"pc5","rpi-4cpu",0.85,"stine",3,1.5
"pc5","rpi-4cpu",0.85,"stine",1,1.31
"pc5","rpi-4cpu",0.85,"stine",3,1.47
"pc5","rpi-4cpu",0.85,"stine",4,1.46
"pc5","rpi-4cpu",0.85,"stine",2,1.46
"pc5","rpi-4cpu",0.85,"stine",1,1.24
"pc5","rpi-4cpu",0.85,"stine",4,1.42
"pc5","rpi-4cpu",0.85,"stine",3,1.46
"pc5","rpi-4cpu",0.85,"stine",2,1.46
"pc5","rpi-4cpu",0.85,"stine",1,1.21
"pc5","rpi-4cpu",0.85,"stine",2,1.44
"pc5","rpi-4cpu",0.85,"stine",4,1.42
"pc5","rpi-4cpu",0.85,"stine",3,1.5
"pc5","rpi-4cpu",0.85,"stine",1,1.21
"pc5","rpi-4cpu",0.85,"stine",4,1.38
"pc5","rpi-4cpu",0.85,"stine",2,1.42
"pc5","rpi-4cpu",0.85,"stine",3,1.42
"pc5","rpi-4cpu",0.85,"stine",2,1.46
"pc5","rpi-4cpu",0.85,"stine",3,1.46
"pc5","rpi-4cpu",0.85,"stine",4,1.46
"pc5","rpi-4cpu",0.85,"stine",1,1.5
"pc5","rpi-4cpu",0.85,"stine",4,1.42
"pc5","rpi-4cpu",0.85,"stine",3,1.49
"pc5","rpi-4cpu",0.85,"stine",1,1.49
"pc5","rpi-4cpu",0.85,"stine",2,1.49
"pc5","rpi-4cpu",0.85,"stine",4,1.4
"pc5","rpi-4cpu",0.85,"stine",2,1.46
"pc5","rpi-4cpu",0.85,"stine",1,1.49
"pc5","rpi-4cpu",0.85,"stine",3,1.47
"pc5","rpi-4cpu",0.85,"stine",2,1.5
"pc5","rpi-4cpu",0.85,"stine",4,1.49
"pc5","rpi-4cpu",0.85,"stine",1,1.53
"pc5","rpi-4cpu",0.85,"stine",3,1.53
"pc5","rpi-4cpu",0.85,"stine",4,1.46
"pc5","rpi-4cpu",0.85,"stine",2,1.53
"pc5","rpi-4cpu",0.85,"stine",3,1.56
"pc5","rpi-4cpu",0.85,"stine",1,1.56
"pc5","rpi-4cpu",0.85,"stine",1,1.48
"pc5","rpi-4cpu",0.85,"stine",3,1.48
"pc5","rpi-4cpu",0.85,"stine",2,1.5
"pc5","rpi-4cpu",0.85,"stine",4,1.5
"pc5","rpi-4cpu",0.85,"stine",3,1.46
"pc5","rpi-4cpu",0.85,"stine",1,1.47
"pc5","rpi-4cpu",0.85,"stine",2,1.52
"pc5","rpi-4cpu",0.85,"stine",4,1.53
"pc5","rpi-4cpu",0.85,"stine",2,1.4
"pc5","rpi-4cpu",0.85,"stine",3,1.41
"pc5","rpi-4cpu",0.85,"stine",1,1.45
"pc5","rpi-4cpu",0.85,"stine",4,1.44
"pc5","rpi-4cpu",0.85,"stine",2,1.42
"pc5","rpi-4cpu",0.85,"stine",3,1.48
"pc5","rpi-4cpu",0.85,"stine",1,1.48
"pc5","rpi-4cpu",0.85,"stine",4,1.48
"pc5","rpi-4cpu",0.85,"stine",2,1.43
"pc5","rpi-4cpu",0.85,"stine",1,1.47
"pc5","rpi-4cpu",0.85,"stine",3,1.45
"pc5","rpi-4cpu",0.85,"stine",4,1.46
"pc5","rpi-4cpu",0.85,"stine",4,1.17
"pc5","rpi-4cpu",0.85,"stine",1,1.34
"pc5","rpi-4cpu",0.85,"stine",2,1.36
"pc5","rpi-4cpu",0.85,"stine",3,1.4
"pc5","rpi-4cpu",0.85,"stine",4,1.2
"pc5","rpi-4cpu",0.85,"stine",1,1.35
"pc5","rpi-4cpu",0.85,"stine",2,1.38
"pc5","rpi-4cpu",0.85,"stine",3,1.4
"pc5","rpi-4cpu",0.85,"stine",4,1.17
"pc5","rpi-4cpu",0.85,"stine",1,1.37
"pc5","rpi-4cpu",0.85,"stine",3,1.37
"pc5","rpi-4cpu",0.85,"stine",2,1.4
"pc5","rpi-4cpu",0.85,"stine",2,1.43
"pc5","rpi-4cpu",0.85,"stine",3,1.44
"pc5","rpi-4cpu",0.85,"stine",1,1.46
"pc5","rpi-4cpu",0.85,"stine",4,1.67
"pc5","rpi-4cpu",0.85,"stine",1,1.9
"pc5","rpi-4cpu",0.85,"stine",3,2.3
"pc5","rpi-4cpu",0.85,"stine",2,2.61
"pc5","rpi-4cpu",0.85,"stine",4,2.79
"pc5","rpi-4cpu",0.85,"stine",1,1.49
"pc5","rpi-4cpu",0.85,"stine",3,1.49
"pc5","rpi-4cpu",0.85,"stine",2,1.5
"pc5","rpi-4cpu",0.85,"stine",4,1.74
"pc5","rpi-4cpu",0.85,"stine",3,1.49
"pc5","rpi-4cpu",0.85,"stine",1,1.54
"pc5","rpi-4cpu",0.85,"stine",2,1.55
"pc5","rpi-4cpu",0.85,"stine",4,1.76
"pc5","rpi-4cpu",0.85,"stine",3,1.23
"pc5","rpi-4cpu",0.85,"stine",1,1.46
"pc5","rpi-4cpu",0.85,"stine",2,1.45
"pc5","rpi-4cpu",0.85,"stine",4,1.63
"pc5","rpi-4cpu",0.85,"stine",3,1.21
"pc5","rpi-4cpu",0.85,"stine",1,1.45
"pc5","rpi-4cpu",0.85,"stine",2,1.46
"pc5","rpi-4cpu",0.85,"stine",4,1.68
"pc5","rpi-4cpu",0.85,"stine",3,1.21
"pc5","rpi-4cpu",0.85,"stine",1,1.48
"pc5","rpi-4cpu",0.85,"stine",2,1.59
"pc5","rpi-4cpu",0.85,"stine",4,1.71
"pc5","rpi-4cpu",0.85,"stine",1,1.52
"pc5","rpi-4cpu",0.85,"stine",2,1.83
"pc5","rpi-4cpu",0.85,"stine",3,1.95
"pc5","rpi-4cpu",0.85,"stine",4,1.95
"pc5","rpi-4cpu",0.85,"stine",2,1.23
"pc5","rpi-4cpu",0.85,"stine",1,1.47
"pc5","rpi-4cpu",0.85,"stine",4,1.72
"pc5","rpi-4cpu",0.85,"stine",3,1.75
"pc5","rpi-4cpu",0.85,"stine",2,1.25
"pc5","rpi-4cpu",0.85,"stine",1,1.52
"pc5","rpi-4cpu",0.85,"stine",3,1.77
"pc5","rpi-4cpu",0.85,"stine",4,1.79
"pc5","rpi-4cpu",0.85,"stine",2,1.23
"pc5","rpi-4cpu",0.85,"stine",1,1.48
"pc5","rpi-4cpu",0.85,"stine",3,1.72
"pc5","rpi-4cpu",0.85,"stine",4,1.79
"pc5","rpi-4cpu",0.95,"stine",4,1.18
"pc5","rpi-4cpu",0.95,"stine",2,1.37
"pc5","rpi-4cpu",0.95,"stine",3,1.39
"pc5","rpi-4cpu",0.95,"stine",2,1.07
"pc5","rpi-4cpu",0.95,"stine",3,1.2
"pc5","rpi-4cpu",0.95,"stine",4,1.2
"pc5","rpi-4cpu",0.95,"stine",3,1.26
"pc5","rpi-4cpu",0.95,"stine",2,1.3
"pc5","rpi-4cpu",0.95,"stine",4,1.27
"pc5","rpi-4cpu",0.95,"stine",3,1.3
"pc5","rpi-4cpu",0.95,"stine",2,1.33
"pc5","rpi-4cpu",0.95,"stine",4,1.33
"pc5","rpi-4cpu",0.95,"stine",1,1.28
"pc5","rpi-4cpu",0.95,"stine",2,1.3
"pc5","rpi-4cpu",0.95,"stine",3,1.29
"pc5","rpi-4cpu",0.95,"stine",4,1.3
"pc5","rpi-4cpu",0.95,"stine",1,1.19
"pc5","rpi-4cpu",0.95,"stine",2,1.32
"pc5","rpi-4cpu",0.95,"stine",4,1.32
"pc5","rpi-4cpu",0.95,"stine",3,1.33
"pc5","rpi-4cpu",0.95,"stine",1,1.31
"pc5","rpi-4cpu",0.95,"stine",2,1.36
"pc5","rpi-4cpu",0.95,"stine",4,1.35
"pc5","rpi-4cpu",0.95,"stine",3,1.37
"pc5","rpi-4cpu",0.95,"stine",1,1.1
"pc5","rpi-4cpu",0.95,"stine",4,1.32
"pc5","rpi-4cpu",0.95,"stine",2,1.32
"pc5","rpi-4cpu",0.95,"stine",3,1.33
"pc5","rpi-4cpu",0.95,"stine",1,1.11
"pc5","rpi-4cpu",0.95,"stine",4,1.25
"pc5","rpi-4cpu",0.95,"stine",2,1.28
"pc5","rpi-4cpu",0.95,"stine",3,1.3
"pc5","rpi-4cpu",0.95,"stine",1,1.13
"pc5","rpi-4cpu",0.95,"stine",4,1.26
"pc5","rpi-4cpu",0.95,"stine",2,1.34
"pc5","rpi-4cpu",0.95,"stine",3,1.33
"pc5","rpi-4cpu",0.95,"stine",4,1.28
"pc5","rpi-4cpu",0.95,"stine",3,1.31
"pc5","rpi-4cpu",0.95,"stine",2,1.33
"pc5","rpi-4cpu",0.95,"stine",1,1.35
"pc5","rpi-4cpu",0.95,"stine",4,1.29
"pc5","rpi-4cpu",0.95,"stine",2,1.32
"pc5","rpi-4cpu",0.95,"stine",1,1.35
"pc5","rpi-4cpu",0.95,"stine",3,1.35
"pc5","rpi-4cpu",0.95,"stine",4,1.32
"pc5","rpi-4cpu",0.95,"stine",2,1.38
"pc5","rpi-4cpu",0.95,"stine",3,1.42
"pc5","rpi-4cpu",0.95,"stine",1,1.42
"pc5","rpi-4cpu",0.95,"stine",4,1.31
"pc5","rpi-4cpu",0.95,"stine",2,1.35
"pc5","rpi-4cpu",0.95,"stine",1,1.37
"pc5","rpi-4cpu",0.95,"stine",3,1.37
"pc5","rpi-4cpu",0.95,"stine",2,1.25
"pc5","rpi-4cpu",0.95,"stine",3,1.27
"pc5","rpi-4cpu",0.95,"stine",4,1.33
"pc5","rpi-4cpu",0.95,"stine",1,1.33
"pc5","rpi-4cpu",0.95,"stine",1,1.29
"pc5","rpi-4cpu",0.95,"stine",3,1.29
"pc5","rpi-4cpu",0.95,"stine",2,1.31
"pc5","rpi-4cpu",0.95,"stine",4,1.3
"pc5","rpi-4cpu",0.95,"stine",4,1.15
"pc5","rpi-4cpu",0.95,"stine",3,1.29
"pc5","rpi-4cpu",0.95,"stine",1,1.35
"pc5","rpi-4cpu",0.95,"stine",2,1.34
"pc5","rpi-4cpu",0.95,"stine",4,1.12
"pc5","rpi-4cpu",0.95,"stine",1,1.28
"pc5","rpi-4cpu",0.95,"stine",2,1.28
"pc5","rpi-4cpu",0.95,"stine",3,1.28
"pc5","rpi-4cpu",0.95,"stine",4,1.11
"pc5","rpi-4cpu",0.95,"stine",2,1.31
"pc5","rpi-4cpu",0.95,"stine",3,1.31
"pc5","rpi-4cpu",0.95,"stine",1,1.31
"pc5","rpi-4cpu",0.95,"stine",2,1.35
"pc5","rpi-4cpu",0.95,"stine",3,1.35
"pc5","rpi-4cpu",0.95,"stine",1,1.41
"pc5","rpi-4cpu",0.95,"stine",4,1.64
"pc5","rpi-4cpu",0.95,"stine",2,1.29
"pc5","rpi-4cpu",0.95,"stine",3,1.33
"pc5","rpi-4cpu",0.95,"stine",1,1.39
"pc5","rpi-4cpu",0.95,"stine",4,1.59
"pc5","rpi-4cpu",0.95,"stine",1,1.28
"pc5","rpi-4cpu",0.95,"stine",2,1.3
"pc5","rpi-4cpu",0.95,"stine",3,1.32
"pc5","rpi-4cpu",0.95,"stine",4,1.6
"pc5","rpi-4cpu",0.95,"stine",2,1.32
"pc5","rpi-4cpu",0.95,"stine",1,1.34
"pc5","rpi-4cpu",0.95,"stine",3,1.35
"pc5","rpi-4cpu",0.95,"stine",4,1.64
"pc5","rpi-4cpu",0.95,"stine",2,1.34
"pc5","rpi-4cpu",0.95,"stine",3,1.34
"pc5","rpi-4cpu",0.95,"stine",1,1.34
"pc5","rpi-4cpu",0.95,"stine",4,1.6
"pc5","rpi-4cpu",0.95,"stine",1,1.38
"pc5","rpi-4cpu",0.95,"stine",2,1.38
"pc5","rpi-4cpu",0.95,"stine",3,1.38
"pc5","rpi-4cpu",0.95,"stine",4,1.58
"pc5","rpi-4cpu",0.95,"stine",3,1.1
"pc5","rpi-4cpu",0.95,"stine",1,1.33
"pc5","rpi-4cpu",0.95,"stine",2,1.33
"pc5","rpi-4cpu",0.95,"stine",4,1.49
"pc5","rpi-4cpu",0.95,"stine",3,1.12
"pc5","rpi-4cpu",0.95,"stine",1,1.36
"pc5","rpi-4cpu",0.95,"stine",2,1.37
"pc5","rpi-4cpu",0.95,"stine",4,1.5
"pc5","rpi-4cpu",0.95,"stine",3,1.13
"pc5","rpi-4cpu",0.95,"stine",2,1.3
"pc5","rpi-4cpu",0.95,"stine",1,1.35
"pc5","rpi-4cpu",0.95,"stine",4,1.5
"pc5","rpi-4cpu",0.95,"stine",2,1.08
"pc5","rpi-4cpu",0.95,"stine",1,1.33
"pc5","rpi-4cpu",0.95,"stine",4,1.55
"pc5","rpi-4cpu",0.95,"stine",3,1.59
"pc5","rpi-4cpu",0.95,"stine",2,1.1
"pc5","rpi-4cpu",0.95,"stine",1,1.37
"pc5","rpi-4cpu",0.95,"stine",4,1.6
"pc5","rpi-4cpu",0.95,"stine",3,1.6
"pc5","rpi-4cpu",0.15,"locf",4,9.57
"pc5","rpi-4cpu",0.15,"locf",3,8.77
"pc5","rpi-4cpu",0.15,"locf",4,12.66
"pc5","rpi-4cpu",0.15,"locf",3,9.55
"pc5","rpi-4cpu",0.15,"locf",4,10.75
"pc5","rpi-4cpu",0.15,"locf",4,9.64
"pc5","rpi-4cpu",0.15,"locf",3,10.85
"pc5","rpi-4cpu",0.15,"locf",2,10.96
"pc5","rpi-4cpu",0.15,"locf",3,8.23
"pc5","rpi-4cpu",0.15,"locf",2,8.76
"pc5","rpi-4cpu",0.15,"locf",4,9.94
"pc5","rpi-4cpu",0.15,"locf",3,9.45
"pc5","rpi-4cpu",0.15,"locf",1,10.05
"pc5","rpi-4cpu",0.15,"locf",2,10.64
"pc5","rpi-4cpu",0.15,"locf",4,11.23
"pc5","rpi-4cpu",0.15,"locf",2,8.17
"pc5","rpi-4cpu",0.15,"locf",1,8.89
"pc5","rpi-4cpu",0.15,"locf",4,10.06
"pc5","rpi-4cpu",0.15,"locf",3,10.16
"pc5","rpi-4cpu",0.15,"locf",1,9.16
"pc5","rpi-4cpu",0.15,"locf",3,10.87
"pc5","rpi-4cpu",0.15,"locf",2,10.87
"pc5","rpi-4cpu",0.15,"locf",4,11.11
"pc5","rpi-4cpu",0.15,"locf",1,8.36
"pc5","rpi-4cpu",0.15,"locf",3,10.05
"pc5","rpi-4cpu",0.15,"locf",4,10.14
"pc5","rpi-4cpu",0.15,"locf",2,10.35
"pc5","rpi-4cpu",0.15,"locf",2,11.37
"pc5","rpi-4cpu",0.15,"locf",4,11.45
"pc5","rpi-4cpu",0.15,"locf",1,11.57
"pc5","rpi-4cpu",0.15,"locf",3,11.65
"pc5","rpi-4cpu",0.15,"locf",2,10.73
"pc5","rpi-4cpu",0.15,"locf",4,10.8
"pc5","rpi-4cpu",0.15,"locf",1,10.92
"pc5","rpi-4cpu",0.15,"locf",3,10.92
"pc5","rpi-4cpu",0.15,"locf",2,11.27
"pc5","rpi-4cpu",0.15,"locf",4,11.46
"pc5","rpi-4cpu",0.15,"locf",1,11.57
"pc5","rpi-4cpu",0.15,"locf",3,11.65
"pc5","rpi-4cpu",0.15,"locf",2,11.45
"pc5","rpi-4cpu",0.15,"locf",4,11.73
"pc5","rpi-4cpu",0.15,"locf",1,11.85
"pc5","rpi-4cpu",0.15,"locf",3,11.85
"pc5","rpi-4cpu",0.15,"locf",1,11.17
"pc5","rpi-4cpu",0.15,"locf",2,11.24
"pc5","rpi-4cpu",0.15,"locf",4,11.34
"pc5","rpi-4cpu",0.15,"locf",3,11.35
"pc5","rpi-4cpu",0.15,"locf",4,11.02
"pc5","rpi-4cpu",0.15,"locf",1,11.15
"pc5","rpi-4cpu",0.15,"locf",2,11.23
"pc5","rpi-4cpu",0.15,"locf",3,11.33
"pc5","rpi-4cpu",0.15,"locf",1,10.57
"pc5","rpi-4cpu",0.15,"locf",2,10.71
"pc5","rpi-4cpu",0.15,"locf",4,10.71
"pc5","rpi-4cpu",0.15,"locf",3,10.82
"pc5","rpi-4cpu",0.15,"locf",4,10.05
"pc5","rpi-4cpu",0.15,"locf",1,10.18
"pc5","rpi-4cpu",0.15,"locf",2,10.26
"pc5","rpi-4cpu",0.15,"locf",3,10.26
"pc5","rpi-4cpu",0.15,"locf",4,10.64
"pc5","rpi-4cpu",0.15,"locf",1,10.87
"pc5","rpi-4cpu",0.15,"locf",2,10.87
"pc5","rpi-4cpu",0.15,"locf",3,10.86
"pc5","rpi-4cpu",0.15,"locf",4,10.04
"pc5","rpi-4cpu",0.15,"locf",2,10.17
"pc5","rpi-4cpu",0.15,"locf",1,10.25
"pc5","rpi-4cpu",0.15,"locf",3,10.44
"pc5","rpi-4cpu",0.15,"locf",4,10.5
"pc5","rpi-4cpu",0.15,"locf",3,10.63
"pc5","rpi-4cpu",0.15,"locf",2,10.73
"pc5","rpi-4cpu",0.15,"locf",1,10.76
"pc5","rpi-4cpu",0.15,"locf",3,10.75
"pc5","rpi-4cpu",0.15,"locf",2,10.77
"pc5","rpi-4cpu",0.15,"locf",4,10.85
"pc5","rpi-4cpu",0.15,"locf",1,11.17
"pc5","rpi-4cpu",0.15,"locf",3,10.63
"pc5","rpi-4cpu",0.15,"locf",2,10.65
"pc5","rpi-4cpu",0.15,"locf",1,10.72
"pc5","rpi-4cpu",0.15,"locf",4,10.72
"pc5","rpi-4cpu",0.15,"locf",4,10.16
"pc5","rpi-4cpu",0.15,"locf",3,10.26
"pc5","rpi-4cpu",0.15,"locf",2,10.27
"pc5","rpi-4cpu",0.15,"locf",1,10.27
"pc5","rpi-4cpu",0.15,"locf",1,10.47
"pc5","rpi-4cpu",0.15,"locf",4,10.74
"pc5","rpi-4cpu",0.15,"locf",3,10.86
"pc5","rpi-4cpu",0.15,"locf",2,10.95
"pc5","rpi-4cpu",0.15,"locf",4,10.97
"pc5","rpi-4cpu",0.15,"locf",3,10.97
"pc5","rpi-4cpu",0.15,"locf",2,11.18
"pc5","rpi-4cpu",0.15,"locf",1,11.18
"pc5","rpi-4cpu",0.15,"locf",4,11.24
"pc5","rpi-4cpu",0.15,"locf",3,11.34
"pc5","rpi-4cpu",0.15,"locf",1,11.45
"pc5","rpi-4cpu",0.15,"locf",2,11.45
"pc5","rpi-4cpu",0.15,"locf",1,10.88
"pc5","rpi-4cpu",0.15,"locf",3,10.95
"pc5","rpi-4cpu",0.15,"locf",4,11.06
"pc5","rpi-4cpu",0.15,"locf",2,11.06
"pc5","rpi-4cpu",0.15,"locf",4,10.77
"pc5","rpi-4cpu",0.15,"locf",2,10.86
"pc5","rpi-4cpu",0.15,"locf",1,10.97
"pc5","rpi-4cpu",0.15,"locf",3,11.05
"pc5","rpi-4cpu",0.15,"locf",4,9.54
"pc5","rpi-4cpu",0.15,"locf",3,11.54
"pc5","rpi-4cpu",0.15,"locf",2,11.54
"pc5","rpi-4cpu",0.15,"locf",1,11.86
"pc5","rpi-4cpu",0.15,"locf",4,9.37
"pc5","rpi-4cpu",0.15,"locf",3,11.1
"pc5","rpi-4cpu",0.15,"locf",2,11.13
"pc5","rpi-4cpu",0.15,"locf",1,11.35
"pc5","rpi-4cpu",0.25,"locf",3,5.31
"pc5","rpi-4cpu",0.25,"locf",4,6.09
"pc5","rpi-4cpu",0.25,"locf",3,4.4
"pc5","rpi-4cpu",0.25,"locf",2,4.98
"pc5","rpi-4cpu",0.25,"locf",4,5.27
"pc5","rpi-4cpu",0.25,"locf",2,4.86
"pc5","rpi-4cpu",0.25,"locf",3,5.46
"pc5","rpi-4cpu",0.25,"locf",4,5.52
"pc5","rpi-4cpu",0.25,"locf",2,4.29
"pc5","rpi-4cpu",0.25,"locf",3,5.18
"pc5","rpi-4cpu",0.25,"locf",4,5.27
"pc5","rpi-4cpu",0.25,"locf",2,4.45
"pc5","rpi-4cpu",0.25,"locf",3,5.44
"pc5","rpi-4cpu",0.25,"locf",4,5.43
"pc5","rpi-4cpu",0.25,"locf",2,5.26
"pc5","rpi-4cpu",0.25,"locf",3,6.17
"pc5","rpi-4cpu",0.25,"locf",4,6.24
"pc5","rpi-4cpu",0.25,"locf",1,6.28
"pc5","rpi-4cpu",0.25,"locf",1,5.17
"pc5","rpi-4cpu",0.25,"locf",2,5.76
"pc5","rpi-4cpu",0.25,"locf",4,5.86
"pc5","rpi-4cpu",0.25,"locf",3,5.86
"pc5","rpi-4cpu",0.25,"locf",3,6.12
"pc5","rpi-4cpu",0.25,"locf",4,6.12
"pc5","rpi-4cpu",0.25,"locf",2,6.22
"pc5","rpi-4cpu",0.25,"locf",1,6.26
"pc5","rpi-4cpu",0.25,"locf",1,4.69
"pc5","rpi-4cpu",0.25,"locf",2,5.66
"pc5","rpi-4cpu",0.25,"locf",3,5.67
"pc5","rpi-4cpu",0.25,"locf",4,5.74
"pc5","rpi-4cpu",0.25,"locf",1,5.19
"pc5","rpi-4cpu",0.25,"locf",3,5.99
"pc5","rpi-4cpu",0.25,"locf",2,5.99
"pc5","rpi-4cpu",0.25,"locf",4,5.99
"pc5","rpi-4cpu",0.25,"locf",4,5.54
"pc5","rpi-4cpu",0.25,"locf",1,5.65
"pc5","rpi-4cpu",0.25,"locf",3,5.65
"pc5","rpi-4cpu",0.25,"locf",2,5.73
"pc5","rpi-4cpu",0.25,"locf",4,6
"pc5","rpi-4cpu",0.25,"locf",1,6
"pc5","rpi-4cpu",0.25,"locf",2,6.1
"pc5","rpi-4cpu",0.25,"locf",3,6.1
"pc5","rpi-4cpu",0.25,"locf",3,5.83
"pc5","rpi-4cpu",0.25,"locf",1,6.04
"pc5","rpi-4cpu",0.25,"locf",4,6.04
"pc5","rpi-4cpu",0.25,"locf",2,6.04
"pc5","rpi-4cpu",0.25,"locf",4,5.19
"pc5","rpi-4cpu",0.25,"locf",2,5.32
"pc5","rpi-4cpu",0.25,"locf",3,5.31
"pc5","rpi-4cpu",0.25,"locf",1,5.42
"pc5","rpi-4cpu",0.25,"locf",4,5.76
"pc5","rpi-4cpu",0.25,"locf",3,5.86
"pc5","rpi-4cpu",0.25,"locf",2,5.87
"pc5","rpi-4cpu",0.25,"locf",1,5.89
"pc5","rpi-4cpu",0.25,"locf",4,5.95
"pc5","rpi-4cpu",0.25,"locf",3,5.95
"pc5","rpi-4cpu",0.25,"locf",2,6.07
"pc5","rpi-4cpu",0.25,"locf",1,6.18
"pc5","rpi-4cpu",0.25,"locf",2,5.74
"pc5","rpi-4cpu",0.25,"locf",3,5.86
"pc5","rpi-4cpu",0.25,"locf",4,5.86
"pc5","rpi-4cpu",0.25,"locf",1,5.86
"pc5","rpi-4cpu",0.25,"locf",4,5.67
"pc5","rpi-4cpu",0.25,"locf",3,5.67
"pc5","rpi-4cpu",0.25,"locf",2,5.88
"pc5","rpi-4cpu",0.25,"locf",1,5.97
"pc5","rpi-4cpu",0.25,"locf",2,5.9
"pc5","rpi-4cpu",0.25,"locf",3,5.99
"pc5","rpi-4cpu",0.25,"locf",4,6.06
"pc5","rpi-4cpu",0.25,"locf",1,6.29
"pc5","rpi-4cpu",0.25,"locf",1,5.87
"pc5","rpi-4cpu",0.25,"locf",2,5.87
"pc5","rpi-4cpu",0.25,"locf",3,5.95
"pc5","rpi-4cpu",0.25,"locf",4,6.04
"pc5","rpi-4cpu",0.25,"locf",1,5.48
"pc5","rpi-4cpu",0.25,"locf",3,5.54
"pc5","rpi-4cpu",0.25,"locf",2,5.64
"pc5","rpi-4cpu",0.25,"locf",4,5.64
"pc5","rpi-4cpu",0.25,"locf",1,5.66
"pc5","rpi-4cpu",0.25,"locf",3,5.94
"pc5","rpi-4cpu",0.25,"locf",4,6.16
"pc5","rpi-4cpu",0.25,"locf",2,6.16
"pc5","rpi-4cpu",0.25,"locf",1,5.96
"pc5","rpi-4cpu",0.25,"locf",3,6.02
"pc5","rpi-4cpu",0.25,"locf",4,6.02
"pc5","rpi-4cpu",0.25,"locf",2,6.05
"pc5","rpi-4cpu",0.25,"locf",1,5.36
"pc5","rpi-4cpu",0.25,"locf",4,5.42
"pc5","rpi-4cpu",0.25,"locf",2,5.43
"pc5","rpi-4cpu",0.25,"locf",3,5.44
"pc5","rpi-4cpu",0.25,"locf",4,5.69
"pc5","rpi-4cpu",0.25,"locf",1,6.07
"pc5","rpi-4cpu",0.25,"locf",3,6.06
"pc5","rpi-4cpu",0.25,"locf",2,6.16
"pc5","rpi-4cpu",0.25,"locf",4,5.26
"pc5","rpi-4cpu",0.25,"locf",2,6.25
"pc5","rpi-4cpu",0.25,"locf",3,6.25
"pc5","rpi-4cpu",0.25,"locf",1,6.38
"pc5","rpi-4cpu",0.25,"locf",4,4.85
"pc5","rpi-4cpu",0.25,"locf",1,5.55
"pc5","rpi-4cpu",0.25,"locf",3,5.55
"pc5","rpi-4cpu",0.25,"locf",2,5.64
"pc5","rpi-4cpu",0.25,"locf",1,5.91
"pc5","rpi-4cpu",0.25,"locf",2,6.08
"pc5","rpi-4cpu",0.25,"locf",3,6.08
"pc5","rpi-4cpu",0.25,"locf",4,6.87
"pc5","rpi-4cpu",0.25,"locf",3,4.94
"pc5","rpi-4cpu",0.25,"locf",1,6.06
"pc5","rpi-4cpu",0.25,"locf",2,6.06
"pc5","rpi-4cpu",0.25,"locf",4,6.83
"pc5","rpi-4cpu",0.25,"locf",3,4.88
"pc5","rpi-4cpu",0.25,"locf",1,5.79
"pc5","rpi-4cpu",0.25,"locf",2,5.89
"pc5","rpi-4cpu",0.25,"locf",4,7.06
"pc5","rpi-4cpu",0.35,"locf",3,3.62
"pc5","rpi-4cpu",0.35,"locf",2,3.72
"pc5","rpi-4cpu",0.35,"locf",4,4.28
"pc5","rpi-4cpu",0.35,"locf",3,3.19
"pc5","rpi-4cpu",0.35,"locf",2,3.39
"pc5","rpi-4cpu",0.35,"locf",4,3.87
"pc5","rpi-4cpu",0.35,"locf",3,3.25
"pc5","rpi-4cpu",0.35,"locf",2,3.45
"pc5","rpi-4cpu",0.35,"locf",4,3.83
"pc5","rpi-4cpu",0.35,"locf",2,2.97
"pc5","rpi-4cpu",0.35,"locf",3,3.13
"pc5","rpi-4cpu",0.35,"locf",4,3.73
"pc5","rpi-4cpu",0.35,"locf",2,3.05
"pc5","rpi-4cpu",0.35,"locf",3,3.65
"pc5","rpi-4cpu",0.35,"locf",4,3.74
"pc5","rpi-4cpu",0.35,"locf",2,3.19
"pc5","rpi-4cpu",0.35,"locf",3,3.98
"pc5","rpi-4cpu",0.35,"locf",4,4.04
"pc5","rpi-4cpu",0.35,"locf",2,3.6
"pc5","rpi-4cpu",0.35,"locf",4,3.68
"pc5","rpi-4cpu",0.35,"locf",3,3.7
"pc5","rpi-4cpu",0.35,"locf",4,3.84
"pc5","rpi-4cpu",0.35,"locf",3,3.86
"pc5","rpi-4cpu",0.35,"locf",2,3.86
"pc5","rpi-4cpu",0.35,"locf",3,3.67
"pc5","rpi-4cpu",0.35,"locf",2,3.72
"pc5","rpi-4cpu",0.35,"locf",4,3.72
"pc5","rpi-4cpu",0.35,"locf",3,3.49
"pc5","rpi-4cpu",0.35,"locf",1,3.62
"pc5","rpi-4cpu",0.35,"locf",2,3.69
"pc5","rpi-4cpu",0.35,"locf",4,6.87
"pc5","rpi-4cpu",0.35,"locf",1,4.04
"pc5","rpi-4cpu",0.35,"locf",2,4.04
"pc5","rpi-4cpu",0.35,"locf",4,4.14
"pc5","rpi-4cpu",0.35,"locf",2,4.16
"pc5","rpi-4cpu",0.35,"locf",1,4.18
"pc5","rpi-4cpu",0.35,"locf",4,4.22
"pc5","rpi-4cpu",0.35,"locf",1,4.02
"pc5","rpi-4cpu",0.35,"locf",2,4.16
"pc5","rpi-4cpu",0.35,"locf",4,4.24
"pc5","rpi-4cpu",0.35,"locf",4,4.07
"pc5","rpi-4cpu",0.35,"locf",1,5.34
"pc5","rpi-4cpu",0.35,"locf",2,5.36
"pc5","rpi-4cpu",0.35,"locf",2,4
"pc5","rpi-4cpu",0.35,"locf",1,4.17
"pc5","rpi-4cpu",0.35,"locf",3,4.17
"pc5","rpi-4cpu",0.35,"locf",2,3.67
"pc5","rpi-4cpu",0.35,"locf",4,3.95
"pc5","rpi-4cpu",0.35,"locf",1,3.95
"pc5","rpi-4cpu",0.35,"locf",2,3.85
"pc5","rpi-4cpu",0.35,"locf",4,4.03
"pc5","rpi-4cpu",0.35,"locf",1,4.14
"pc5","rpi-4cpu",0.35,"locf",4,3.46
"pc5","rpi-4cpu",0.35,"locf",2,3.56
"pc5","rpi-4cpu",0.35,"locf",1,3.6
"pc5","rpi-4cpu",0.35,"locf",4,3.55
"pc5","rpi-4cpu",0.35,"locf",2,3.58
"pc5","rpi-4cpu",0.35,"locf",1,3.67
"pc5","rpi-4cpu",0.35,"locf",2,3.17
"pc5","rpi-4cpu",0.35,"locf",3,3.79
"pc5","rpi-4cpu",0.35,"locf",1,3.91
"pc5","rpi-4cpu",0.35,"locf",4,3.98
"pc5","rpi-4cpu",0.35,"locf",2,2.79
"pc5","rpi-4cpu",0.35,"locf",3,3.17
"pc5","rpi-4cpu",0.35,"locf",4,4.17
"pc5","rpi-4cpu",0.35,"locf",1,4.21
"pc5","rpi-4cpu",0.35,"locf",2,3.14
"pc5","rpi-4cpu",0.35,"locf",3,3.14
"pc5","rpi-4cpu",0.35,"locf",4,3.61
"pc5","rpi-4cpu",0.35,"locf",1,3.66
"pc5","rpi-4cpu",0.35,"locf",3,3.11
"pc5","rpi-4cpu",0.35,"locf",4,3.92
"pc5","rpi-4cpu",0.35,"locf",1,3.94
"pc5","rpi-4cpu",0.35,"locf",2,4.46
"pc5","rpi-4cpu",0.35,"locf",3,3.23
"pc5","rpi-4cpu",0.35,"locf",1,3.96
"pc5","rpi-4cpu",0.35,"locf",4,3.94
"pc5","rpi-4cpu",0.35,"locf",2,4.55
"pc5","rpi-4cpu",0.35,"locf",4,4.24
"pc5","rpi-4cpu",0.35,"locf",3,4.24
"pc5","rpi-4cpu",0.35,"locf",1,4.24
"pc5","rpi-4cpu",0.35,"locf",2,4.84
"pc5","rpi-4cpu",0.35,"locf",3,4.05
"pc5","rpi-4cpu",0.35,"locf",4,4.14
"pc5","rpi-4cpu",0.35,"locf",1,4.25
"pc5","rpi-4cpu",0.35,"locf",2,4.64
"pc5","rpi-4cpu",0.35,"locf",3,4
"pc5","rpi-4cpu",0.35,"locf",1,4.06
"pc5","rpi-4cpu",0.35,"locf",4,4.1
"pc5","rpi-4cpu",0.35,"locf",2,4.75
"pc5","rpi-4cpu",0.35,"locf",4,4.54
"pc5","rpi-4cpu",0.35,"locf",1,4.57
"pc5","rpi-4cpu",0.35,"locf",3,4.72
"pc5","rpi-4cpu",0.35,"locf",2,5.23
"pc5","rpi-4cpu",0.35,"locf",1,3.79
"pc5","rpi-4cpu",0.35,"locf",4,4.17
"pc5","rpi-4cpu",0.35,"locf",3,4.46
"pc5","rpi-4cpu",0.35,"locf",2,5.09
"pc5","rpi-4cpu",0.35,"locf",1,3.38
"pc5","rpi-4cpu",0.35,"locf",4,3.83
"pc5","rpi-4cpu",0.35,"locf",3,3.97
"pc5","rpi-4cpu",0.35,"locf",2,4.63
"pc5","rpi-4cpu",0.45,"locf",3,2.32
"pc5","rpi-4cpu",0.45,"locf",4,2.62
"pc5","rpi-4cpu",0.45,"locf",4,2.7
"pc5","rpi-4cpu",0.45,"locf",3,2.72
"pc5","rpi-4cpu",0.45,"locf",3,2.62
"pc5","rpi-4cpu",0.45,"locf",4,2.62
"pc5","rpi-4cpu",0.45,"locf",2,2.5
"pc5","rpi-4cpu",0.45,"locf",4,2.75
"pc5","rpi-4cpu",0.45,"locf",3,2.77
"pc5","rpi-4cpu",0.45,"locf",2,2.23
"pc5","rpi-4cpu",0.45,"locf",4,2.64
"pc5","rpi-4cpu",0.45,"locf",3,2.64
"pc5","rpi-4cpu",0.45,"locf",2,2.36
"pc5","rpi-4cpu",0.45,"locf",3,2.67
"pc5","rpi-4cpu",0.45,"locf",4,2.67
"pc5","rpi-4cpu",0.45,"locf",2,2.26
"pc5","rpi-4cpu",0.45,"locf",1,2.54
"pc5","rpi-4cpu",0.45,"locf",3,2.71
"pc5","rpi-4cpu",0.45,"locf",4,2.72
"pc5","rpi-4cpu",0.45,"locf",3,2.18
"pc5","rpi-4cpu",0.45,"locf",1,2.29
"pc5","rpi-4cpu",0.45,"locf",4,2.57
"pc5","rpi-4cpu",0.45,"locf",2,2.65
"pc5","rpi-4cpu",0.45,"locf",1,2.31
"pc5","rpi-4cpu",0.45,"locf",2,2.67
"pc5","rpi-4cpu",0.45,"locf",4,2.67
"pc5","rpi-4cpu",0.45,"locf",3,2.69
"pc5","rpi-4cpu",0.45,"locf",1,2.15
"pc5","rpi-4cpu",0.45,"locf",4,2.62
"pc5","rpi-4cpu",0.45,"locf",2,2.62
"pc5","rpi-4cpu",0.45,"locf",3,2.61
"pc5","rpi-4cpu",0.45,"locf",1,2.15
"pc5","rpi-4cpu",0.45,"locf",4,2.61
"pc5","rpi-4cpu",0.45,"locf",3,2.64
"pc5","rpi-4cpu",0.45,"locf",2,2.63
"pc5","rpi-4cpu",0.45,"locf",4,2.77
"pc5","rpi-4cpu",0.45,"locf",1,2.77
"pc5","rpi-4cpu",0.45,"locf",2,2.83
"pc5","rpi-4cpu",0.45,"locf",3,2.83
"pc5","rpi-4cpu",0.45,"locf",4,2.59
"pc5","rpi-4cpu",0.45,"locf",3,2.67
"pc5","rpi-4cpu",0.45,"locf",1,2.7
"pc5","rpi-4cpu",0.45,"locf",2,2.72
"pc5","rpi-4cpu",0.45,"locf",3,2.67
"pc5","rpi-4cpu",0.45,"locf",4,2.67
"pc5","rpi-4cpu",0.45,"locf",1,2.79
"pc5","rpi-4cpu",0.45,"locf",2,2.85
"pc5","rpi-4cpu",0.45,"locf",4,2.68
"pc5","rpi-4cpu",0.45,"locf",1,2.7
"pc5","rpi-4cpu",0.45,"locf",3,2.7
"pc5","rpi-4cpu",0.45,"locf",2,2.86
"pc5","rpi-4cpu",0.45,"locf",4,2.68
"pc5","rpi-4cpu",0.45,"locf",2,2.76
"pc5","rpi-4cpu",0.45,"locf",3,2.76
"pc5","rpi-4cpu",0.45,"locf",1,2.78
"pc5","rpi-4cpu",0.45,"locf",2,2.69
"pc5","rpi-4cpu",0.45,"locf",1,2.69
"pc5","rpi-4cpu",0.45,"locf",3,2.75
"pc5","rpi-4cpu",0.45,"locf",4,2.75
"pc5","rpi-4cpu",0.45,"locf",1,2.66
"pc5","rpi-4cpu",0.45,"locf",2,2.66
"pc5","rpi-4cpu",0.45,"locf",3,2.72
"pc5","rpi-4cpu",0.45,"locf",4,2.72
"pc5","rpi-4cpu",0.45,"locf",2,2.65
"pc5","rpi-4cpu",0.45,"locf",3,2.72
"pc5","rpi-4cpu",0.45,"locf",4,2.75
"pc5","rpi-4cpu",0.45,"locf",1,2.75
"pc5","rpi-4cpu",0.45,"locf",2,2.66
"pc5","rpi-4cpu",0.45,"locf",3,2.66
"pc5","rpi-4cpu",0.45,"locf",4,2.67
"pc5","rpi-4cpu",0.45,"locf",1,2.88
"pc5","rpi-4cpu",0.45,"locf",4,2.51
"pc5","rpi-4cpu",0.45,"locf",3,2.64
"pc5","rpi-4cpu",0.45,"locf",1,2.67
"pc5","rpi-4cpu",0.45,"locf",2,2.73
"pc5","rpi-4cpu",0.45,"locf",3,3.65
"pc5","rpi-4cpu",0.45,"locf",2,3.68
"pc5","rpi-4cpu",0.45,"locf",1,3.68
"pc5","rpi-4cpu",0.45,"locf",4,3.68
"pc5","rpi-4cpu",0.45,"locf",4,2.35
"pc5","rpi-4cpu",0.45,"locf",3,2.64
"pc5","rpi-4cpu",0.45,"locf",1,2.74
"pc5","rpi-4cpu",0.45,"locf",2,2.74
"pc5","rpi-4cpu",0.45,"locf",3,2.25
"pc5","rpi-4cpu",0.45,"locf",1,2.52
"pc5","rpi-4cpu",0.45,"locf",4,2.55
"pc5","rpi-4cpu",0.45,"locf",2,2.62
"pc5","rpi-4cpu",0.45,"locf",1,2.74
"pc5","rpi-4cpu",0.45,"locf",2,2.73
"pc5","rpi-4cpu",0.45,"locf",3,2.74
"pc5","rpi-4cpu",0.45,"locf",4,3.31
"pc5","rpi-4cpu",0.45,"locf",3,2.78
"pc5","rpi-4cpu",0.45,"locf",2,2.78
"pc5","rpi-4cpu",0.45,"locf",1,2.78
"pc5","rpi-4cpu",0.45,"locf",4,3.35
"pc5","rpi-4cpu",0.45,"locf",1,2.82
"pc5","rpi-4cpu",0.45,"locf",2,2.82
"pc5","rpi-4cpu",0.45,"locf",3,3.24
"pc5","rpi-4cpu",0.45,"locf",4,3.24
"pc5","rpi-4cpu",0.45,"locf",3,2.34
"pc5","rpi-4cpu",0.45,"locf",1,2.77
"pc5","rpi-4cpu",0.45,"locf",2,2.83
"pc5","rpi-4cpu",0.45,"locf",4,3.14
"pc5","rpi-4cpu",0.45,"locf",2,2.18
"pc5","rpi-4cpu",0.45,"locf",1,2.7
"pc5","rpi-4cpu",0.45,"locf",3,2.76
"pc5","rpi-4cpu",0.45,"locf",4,3.13
"pc5","rpi-4cpu",0.45,"locf",3,2.28
"pc5","rpi-4cpu",0.45,"locf",1,2.69
"pc5","rpi-4cpu",0.45,"locf",2,2.69
"pc5","rpi-4cpu",0.45,"locf",4,3.17
"pc5","rpi-4cpu",0.55,"locf",2,1.93
"pc5","rpi-4cpu",0.55,"locf",3,2.18
"pc5","rpi-4cpu",0.55,"locf",4,2.2
"pc5","rpi-4cpu",0.55,"locf",1,2.06
"pc5","rpi-4cpu",0.55,"locf",2,2.17
"pc5","rpi-4cpu",0.55,"locf",4,2.17
"pc5","rpi-4cpu",0.55,"locf",3,2.19
"pc5","rpi-4cpu",0.55,"locf",1,1.93
"pc5","rpi-4cpu",0.55,"locf",4,2.13
"pc5","rpi-4cpu",0.55,"locf",2,2.13
"pc5","rpi-4cpu",0.55,"locf",3,2.15
"pc5","rpi-4cpu",0.55,"locf",1,1.91
"pc5","rpi-4cpu",0.55,"locf",4,2.16
"pc5","rpi-4cpu",0.55,"locf",2,2.2
"pc5","rpi-4cpu",0.55,"locf",3,2.25
"pc5","rpi-4cpu",0.55,"locf",1,1.8
"pc5","rpi-4cpu",0.55,"locf",3,2.17
"pc5","rpi-4cpu",0.55,"locf",4,2.17
"pc5","rpi-4cpu",0.55,"locf",2,2.17
"pc5","rpi-4cpu",0.55,"locf",1,1.75
"pc5","rpi-4cpu",0.55,"locf",2,2.07
"pc5","rpi-4cpu",0.55,"locf",4,2.07
"pc5","rpi-4cpu",0.55,"locf",3,2.13
"pc5","rpi-4cpu",0.55,"locf",4,2.18
"pc5","rpi-4cpu",0.55,"locf",2,2.18
"pc5","rpi-4cpu",0.55,"locf",1,2.2
"pc5","rpi-4cpu",0.55,"locf",3,2.2
"pc5","rpi-4cpu",0.55,"locf",4,2.13
"pc5","rpi-4cpu",0.55,"locf",2,2.16
"pc5","rpi-4cpu",0.55,"locf",1,2.19
"pc5","rpi-4cpu",0.55,"locf",3,2.25
"pc5","rpi-4cpu",0.55,"locf",4,2.1
"pc5","rpi-4cpu",0.55,"locf",2,2.16
"pc5","rpi-4cpu",0.55,"locf",1,2.16
"pc5","rpi-4cpu",0.55,"locf",3,2.16
"pc5","rpi-4cpu",0.55,"locf",4,2.1
"pc5","rpi-4cpu",0.55,"locf",1,2.14
"pc5","rpi-4cpu",0.55,"locf",2,2.13
"pc5","rpi-4cpu",0.55,"locf",3,2.2
"pc5","rpi-4cpu",0.55,"locf",4,2.07
"pc5","rpi-4cpu",0.55,"locf",3,2.17
"pc5","rpi-4cpu",0.55,"locf",2,2.19
"pc5","rpi-4cpu",0.55,"locf",1,2.22
"pc5","rpi-4cpu",0.55,"locf",4,2.11
"pc5","rpi-4cpu",0.55,"locf",3,2.2
"pc5","rpi-4cpu",0.55,"locf",1,2.23
"pc5","rpi-4cpu",0.55,"locf",2,2.23
"pc5","rpi-4cpu",0.55,"locf",2,2.12
"pc5","rpi-4cpu",0.55,"locf",1,2.12
"pc5","rpi-4cpu",0.55,"locf",3,2.1
"pc5","rpi-4cpu",0.55,"locf",4,2.1
"pc5","rpi-4cpu",0.55,"locf",2,2.07
"pc5","rpi-4cpu",0.55,"locf",3,2.13
"pc5","rpi-4cpu",0.55,"locf",4,2.13
"pc5","rpi-4cpu",0.55,"locf",1,2.16
"pc5","rpi-4cpu",0.55,"locf",1,2.11
"pc5","rpi-4cpu",0.55,"locf",2,2.11
"pc5","rpi-4cpu",0.55,"locf",3,2.11
"pc5","rpi-4cpu",0.55,"locf",4,2.1
"pc5","rpi-4cpu",0.55,"locf",1,2.07
"pc5","rpi-4cpu",0.55,"locf",3,2.16
"pc5","rpi-4cpu",0.55,"locf",4,2.16
"pc5","rpi-4cpu",0.55,"locf",2,2.16
"pc5","rpi-4cpu",0.55,"locf",1,2.11
"pc5","rpi-4cpu",0.55,"locf",2,2.18
"pc5","rpi-4cpu",0.55,"locf",3,2.19
"pc5","rpi-4cpu",0.55,"locf",4,2.45
"pc5","rpi-4cpu",0.55,"locf",4,1.77
"pc5","rpi-4cpu",0.55,"locf",1,2
"pc5","rpi-4cpu",0.55,"locf",3,2.04
"pc5","rpi-4cpu",0.55,"locf",2,2.06
"pc5","rpi-4cpu",0.55,"locf",4,1.76
"pc5","rpi-4cpu",0.55,"locf",3,2
"pc5","rpi-4cpu",0.55,"locf",1,2.06
"pc5","rpi-4cpu",0.55,"locf",2,2.07
"pc5","rpi-4cpu",0.55,"locf",4,1.77
"pc5","rpi-4cpu",0.55,"locf",2,2
"pc5","rpi-4cpu",0.55,"locf",1,2.02
"pc5","rpi-4cpu",0.55,"locf",3,2.06
"pc5","rpi-4cpu",0.55,"locf",1,2.21
"pc5","rpi-4cpu",0.55,"locf",2,2.21
"pc5","rpi-4cpu",0.55,"locf",3,2.28
"pc5","rpi-4cpu",0.55,"locf",4,2.49
"pc5","rpi-4cpu",0.55,"locf",1,2.26
"pc5","rpi-4cpu",0.55,"locf",2,2.25
"pc5","rpi-4cpu",0.55,"locf",3,2.25
"pc5","rpi-4cpu",0.55,"locf",4,2.54
"pc5","rpi-4cpu",0.55,"locf",2,2.25
"pc5","rpi-4cpu",0.55,"locf",1,2.27
"pc5","rpi-4cpu",0.55,"locf",3,2.25
"pc5","rpi-4cpu",0.55,"locf",4,2.52
"pc5","rpi-4cpu",0.55,"locf",3,1.84
"pc5","rpi-4cpu",0.55,"locf",2,2.15
"pc5","rpi-4cpu",0.55,"locf",1,2.19
"pc5","rpi-4cpu",0.55,"locf",4,2.46
"pc5","rpi-4cpu",0.55,"locf",3,1.85
"pc5","rpi-4cpu",0.55,"locf",1,2.17
"pc5","rpi-4cpu",0.55,"locf",2,2.18
"pc5","rpi-4cpu",0.55,"locf",4,2.45
"pc5","rpi-4cpu",0.55,"locf",3,1.88
"pc5","rpi-4cpu",0.55,"locf",2,2.19
"pc5","rpi-4cpu",0.55,"locf",1,2.24
"pc5","rpi-4cpu",0.55,"locf",4,2.55
"pc5","rpi-4cpu",0.55,"locf",2,1.76
"pc5","rpi-4cpu",0.55,"locf",1,2.15
"pc5","rpi-4cpu",0.55,"locf",3,2.6
"pc5","rpi-4cpu",0.55,"locf",4,2.61
"pc5","rpi-4cpu",0.55,"locf",2,1.82
"pc5","rpi-4cpu",0.55,"locf",1,2.22
"pc5","rpi-4cpu",0.55,"locf",4,2.61
"pc5","rpi-4cpu",0.55,"locf",3,2.64
"pc5","rpi-4cpu",0.55,"locf",2,1.86
"pc5","rpi-4cpu",0.55,"locf",1,2.18
"pc5","rpi-4cpu",0.55,"locf",4,2.57
"pc5","rpi-4cpu",0.55,"locf",3,2.62
"pc5","rpi-4cpu",0.55,"locf",2,1.88
"pc5","rpi-4cpu",0.55,"locf",1,2.28
"pc5","rpi-4cpu",0.55,"locf",4,2.61
"pc5","rpi-4cpu",0.55,"locf",3,2.61
"pc5","rpi-4cpu",0.65,"locf",2,1.67
"pc5","rpi-4cpu",0.65,"locf",4,1.83
"pc5","rpi-4cpu",0.65,"locf",3,1.86
"pc5","rpi-4cpu",0.65,"locf",1,1.75
"pc5","rpi-4cpu",0.65,"locf",4,1.85
"pc5","rpi-4cpu",0.65,"locf",2,1.85
"pc5","rpi-4cpu",0.65,"locf",3,1.86
"pc5","rpi-4cpu",0.65,"locf",1,1.61
"pc5","rpi-4cpu",0.65,"locf",3,1.86
"pc5","rpi-4cpu",0.65,"locf",2,1.87
"pc5","rpi-4cpu",0.65,"locf",4,1.86
"pc5","rpi-4cpu",0.65,"locf",1,1.67
"pc5","rpi-4cpu",0.65,"locf",2,1.84
"pc5","rpi-4cpu",0.65,"locf",3,1.87
"pc5","rpi-4cpu",0.65,"locf",4,1.91
"pc5","rpi-4cpu",0.65,"locf",1,1.59
"pc5","rpi-4cpu",0.65,"locf",4,1.82
"pc5","rpi-4cpu",0.65,"locf",2,1.82
"pc5","rpi-4cpu",0.65,"locf",3,1.84
"pc5","rpi-4cpu",0.65,"locf",1,1.53
"pc5","rpi-4cpu",0.65,"locf",2,1.83
"pc5","rpi-4cpu",0.65,"locf",3,1.83
"pc5","rpi-4cpu",0.65,"locf",4,1.85
"pc5","rpi-4cpu",0.65,"locf",1,1.52
"pc5","rpi-4cpu",0.65,"locf",4,1.74
"pc5","rpi-4cpu",0.65,"locf",3,1.75
"pc5","rpi-4cpu",0.65,"locf",2,1.8
"pc5","rpi-4cpu",0.65,"locf",2,1.88
"pc5","rpi-4cpu",0.65,"locf",3,1.88
"pc5","rpi-4cpu",0.65,"locf",4,1.91
"pc5","rpi-4cpu",0.65,"locf",1,1.91
"pc5","rpi-4cpu",0.65,"locf",4,1.78
"pc5","rpi-4cpu",0.65,"locf",3,1.83
"pc5","rpi-4cpu",0.65,"locf",2,1.93
"pc5","rpi-4cpu",0.65,"locf",1,1.93
"pc5","rpi-4cpu",0.65,"locf",3,1.82
"pc5","rpi-4cpu",0.65,"locf",4,1.82
"pc5","rpi-4cpu",0.65,"locf",2,1.82
"pc5","rpi-4cpu",0.65,"locf",1,1.9
"pc5","rpi-4cpu",0.65,"locf",4,1.8
"pc5","rpi-4cpu",0.65,"locf",3,1.83
"pc5","rpi-4cpu",0.65,"locf",2,1.87
"pc5","rpi-4cpu",0.65,"locf",1,1.87
"pc5","rpi-4cpu",0.65,"locf",4,1.78
"pc5","rpi-4cpu",0.65,"locf",1,1.88
"pc5","rpi-4cpu",0.65,"locf",2,1.89
"pc5","rpi-4cpu",0.65,"locf",3,1.9
"pc5","rpi-4cpu",0.65,"locf",2,1.78
"pc5","rpi-4cpu",0.65,"locf",1,1.77
"pc5","rpi-4cpu",0.65,"locf",3,1.77
"pc5","rpi-4cpu",0.65,"locf",4,1.83
"pc5","rpi-4cpu",0.65,"locf",1,1.74
"pc5","rpi-4cpu",0.65,"locf",2,1.74
"pc5","rpi-4cpu",0.65,"locf",3,1.79
"pc5","rpi-4cpu",0.65,"locf",4,1.77
"pc5","rpi-4cpu",0.65,"locf",2,1.79
"pc5","rpi-4cpu",0.65,"locf",3,1.83
"pc5","rpi-4cpu",0.65,"locf",1,1.83
"pc5","rpi-4cpu",0.65,"locf",4,1.83
"pc5","rpi-4cpu",0.65,"locf",1,1.74
"pc5","rpi-4cpu",0.65,"locf",2,1.82
"pc5","rpi-4cpu",0.65,"locf",3,1.82
"pc5","rpi-4cpu",0.65,"locf",4,1.82
"pc5","rpi-4cpu",0.65,"locf",1,1.75
"pc5","rpi-4cpu",0.65,"locf",2,1.83
"pc5","rpi-4cpu",0.65,"locf",3,1.84
"pc5","rpi-4cpu",0.65,"locf",4,1.84
"pc5","rpi-4cpu",0.65,"locf",1,1.79
"pc5","rpi-4cpu",0.65,"locf",4,1.79
"pc5","rpi-4cpu",0.65,"locf",2,1.84
"pc5","rpi-4cpu",0.65,"locf",3,1.83
"pc5","rpi-4cpu",0.65,"locf",4,1.48
"pc5","rpi-4cpu",0.65,"locf",1,1.71
"pc5","rpi-4cpu",0.65,"locf",2,1.77
"pc5","rpi-4cpu",0.65,"locf",3,1.77
"pc5","rpi-4cpu",0.65,"locf",4,1.49
"pc5","rpi-4cpu",0.65,"locf",1,1.71
"pc5","rpi-4cpu",0.65,"locf",2,1.71
"pc5","rpi-4cpu",0.65,"locf",3,1.76
"pc5","rpi-4cpu",0.65,"locf",4,1.51
"pc5","rpi-4cpu",0.65,"locf",3,1.83
"pc5","rpi-4cpu",0.65,"locf",2,1.83
"pc5","rpi-4cpu",0.65,"locf",1,1.83
"pc5","rpi-4cpu",0.65,"locf",1,1.87
"pc5","rpi-4cpu",0.65,"locf",2,1.87
"pc5","rpi-4cpu",0.65,"locf",3,1.91
"pc5","rpi-4cpu",0.65,"locf",4,2.12
"pc5","rpi-4cpu",0.65,"locf",1,1.89
"pc5","rpi-4cpu",0.65,"locf",3,1.89
"pc5","rpi-4cpu",0.65,"locf",4,1.94
"pc5","rpi-4cpu",0.65,"locf",2,2.16
"pc5","rpi-4cpu",0.65,"locf",2,1.91
"pc5","rpi-4cpu",0.65,"locf",3,1.9
"pc5","rpi-4cpu",0.65,"locf",1,1.95
"pc5","rpi-4cpu",0.65,"locf",4,2.13
"pc5","rpi-4cpu",0.65,"locf",3,1.44
"pc5","rpi-4cpu",0.65,"locf",2,1.82
"pc5","rpi-4cpu",0.65,"locf",1,1.84
"pc5","rpi-4cpu",0.65,"locf",4,2.05
"pc5","rpi-4cpu",0.65,"locf",3,1.51
"pc5","rpi-4cpu",0.65,"locf",2,1.81
"pc5","rpi-4cpu",0.65,"locf",1,2.12
"pc5","rpi-4cpu",0.65,"locf",4,2.17
"pc5","rpi-4cpu",0.65,"locf",3,1.52
"pc5","rpi-4cpu",0.65,"locf",2,1.52
"pc5","rpi-4cpu",0.65,"locf",1,1.75
"pc5","rpi-4cpu",0.65,"locf",4,2.02
"pc5","rpi-4cpu",0.65,"locf",3,1.49
"pc5","rpi-4cpu",0.65,"locf",1,1.87
"pc5","rpi-4cpu",0.65,"locf",4,2.17
"pc5","rpi-4cpu",0.65,"locf",2,2.24
"pc5","rpi-4cpu",0.65,"locf",2,1.53
"pc5","rpi-4cpu",0.65,"locf",1,1.85
"pc5","rpi-4cpu",0.65,"locf",4,2.17
"pc5","rpi-4cpu",0.65,"locf",3,2.22
"pc5","rpi-4cpu",0.65,"locf",2,1.56
"pc5","rpi-4cpu",0.65,"locf",1,1.87
"pc5","rpi-4cpu",0.65,"locf",3,2.21
"pc5","rpi-4cpu",0.65,"locf",4,2.25
"pc5","rpi-4cpu",0.95,"locf",3,1.04
"pc5","rpi-4cpu",0.95,"locf",4,1.21
"pc5","rpi-4cpu",0.95,"locf",2,1.19
"pc5","rpi-4cpu",0.95,"locf",1,1.24
"pc5","rpi-4cpu",0.95,"locf",4,1.3
"pc5","rpi-4cpu",0.95,"locf",3,1.32
"pc5","rpi-4cpu",0.95,"locf",1,1.11
"pc5","rpi-4cpu",0.95,"locf",3,1.12
"pc5","rpi-4cpu",0.95,"locf",2,1.29
"pc5","rpi-4cpu",0.95,"locf",4,1.29
"pc5","rpi-4cpu",0.95,"locf",3,1.11
"pc5","rpi-4cpu",0.95,"locf",1,1.16
"pc5","rpi-4cpu",0.95,"locf",2,1.33
"pc5","rpi-4cpu",0.95,"locf",4,1.33
"pc5","rpi-4cpu",0.95,"locf",1,1.07
"pc5","rpi-4cpu",0.95,"locf",2,1.08
"pc5","rpi-4cpu",0.95,"locf",4,1.29
"pc5","rpi-4cpu",0.95,"locf",3,1.29
"pc5","rpi-4cpu",0.95,"locf",1,1.08
"pc5","rpi-4cpu",0.95,"locf",3,1.06
"pc5","rpi-4cpu",0.95,"locf",2,1.29
"pc5","rpi-4cpu",0.95,"locf",4,1.3
"pc5","rpi-4cpu",0.95,"locf",1,1.06
"pc5","rpi-4cpu",0.95,"locf",3,1.32
"pc5","rpi-4cpu",0.95,"locf",2,1.34
"pc5","rpi-4cpu",0.95,"locf",4,1.35
"pc5","rpi-4cpu",0.95,"locf",1,1.39
"pc5","rpi-4cpu",0.95,"locf",2,1.39
"pc5","rpi-4cpu",0.95,"locf",3,1.4
"pc5","rpi-4cpu",0.95,"locf",4,1.41
"pc5","rpi-4cpu",0.95,"locf",2,1.44
"pc5","rpi-4cpu",0.95,"locf",4,1.43
"pc5","rpi-4cpu",0.95,"locf",3,1.44
"pc5","rpi-4cpu",0.95,"locf",1,1.46
"pc5","rpi-4cpu",0.95,"locf",1,1.41
"pc5","rpi-4cpu",0.95,"locf",2,1.41
"pc5","rpi-4cpu",0.95,"locf",3,1.42
"pc5","rpi-4cpu",0.95,"locf",4,1.44
"pc5","rpi-4cpu",0.95,"locf",1,1.42
"pc5","rpi-4cpu",0.95,"locf",2,1.42
"pc5","rpi-4cpu",0.95,"locf",4,1.42
"pc5","rpi-4cpu",0.95,"locf",3,1.46
"pc5","rpi-4cpu",0.95,"locf",1,1.44
"pc5","rpi-4cpu",0.95,"locf",2,1.46
"pc5","rpi-4cpu",0.95,"locf",3,1.46
"pc5","rpi-4cpu",0.95,"locf",4,1.46
"pc5","rpi-4cpu",0.95,"locf",4,1.44
"pc5","rpi-4cpu",0.95,"locf",1,1.44
"pc5","rpi-4cpu",0.95,"locf",2,1.42
"pc5","rpi-4cpu",0.95,"locf",3,1.42
"pc5","rpi-4cpu",0.95,"locf",1,1.39
"pc5","rpi-4cpu",0.95,"locf",3,1.42
"pc5","rpi-4cpu",0.95,"locf",4,1.43
"pc5","rpi-4cpu",0.95,"locf",2,1.43
"pc5","rpi-4cpu",0.95,"locf",2,1.44
"pc5","rpi-4cpu",0.95,"locf",1,1.45
"pc5","rpi-4cpu",0.95,"locf",3,1.45
"pc5","rpi-4cpu",0.95,"locf",4,1.45
"pc5","rpi-4cpu",0.95,"locf",2,1.34
"pc5","rpi-4cpu",0.95,"locf",1,1.38
"pc5","rpi-4cpu",0.95,"locf",4,1.39
"pc5","rpi-4cpu",0.95,"locf",3,1.4
"pc5","rpi-4cpu",0.95,"locf",2,1.34
"pc5","rpi-4cpu",0.95,"locf",1,1.36
"pc5","rpi-4cpu",0.95,"locf",3,1.37
"pc5","rpi-4cpu",0.95,"locf",4,1.37
"pc5","rpi-4cpu",0.95,"locf",1,1.32
"pc5","rpi-4cpu",0.95,"locf",2,1.33
"pc5","rpi-4cpu",0.95,"locf",3,1.33
"pc5","rpi-4cpu",0.95,"locf",4,1.41
"pc5","rpi-4cpu",0.95,"locf",1,1.39
"pc5","rpi-4cpu",0.95,"locf",4,1.38
"pc5","rpi-4cpu",0.95,"locf",2,1.4
"pc5","rpi-4cpu",0.95,"locf",3,1.43
"pc5","rpi-4cpu",0.95,"locf",4,1.36
"pc5","rpi-4cpu",0.95,"locf",2,1.36
"pc5","rpi-4cpu",0.95,"locf",1,1.38
"pc5","rpi-4cpu",0.95,"locf",3,1.39
"pc5","rpi-4cpu",0.95,"locf",1,1.32
"pc5","rpi-4cpu",0.95,"locf",2,1.39
"pc5","rpi-4cpu",0.95,"locf",4,1.38
"pc5","rpi-4cpu",0.95,"locf",3,1.43
"pc5","rpi-4cpu",0.95,"locf",1,1.45
"pc5","rpi-4cpu",0.95,"locf",4,1.45
"pc5","rpi-4cpu",0.95,"locf",3,1.45
"pc5","rpi-4cpu",0.95,"locf",2,1.45
"pc5","rpi-4cpu",0.95,"locf",1,1.47
"pc5","rpi-4cpu",0.95,"locf",2,1.47
"pc5","rpi-4cpu",0.95,"locf",3,1.49
"pc5","rpi-4cpu",0.95,"locf",4,1.5
"pc5","rpi-4cpu",0.95,"locf",2,1.45
"pc5","rpi-4cpu",0.95,"locf",1,1.47
"pc5","rpi-4cpu",0.95,"locf",3,1.46
"pc5","rpi-4cpu",0.95,"locf",4,1.46
"pc5","rpi-4cpu",0.95,"locf",2,1.45
"pc5","rpi-4cpu",0.95,"locf",1,1.48
"pc5","rpi-4cpu",0.95,"locf",3,1.45
"pc5","rpi-4cpu",0.95,"locf",4,1.46
"pc5","rpi-4cpu",0.15,"ssa",2,26.66
"pc5","rpi-4cpu",0.15,"ssa",3,24.07
"pc5","rpi-4cpu",0.15,"ssa",4,25.46
"pc5","rpi-4cpu",0.15,"ssa",3,23.08
"pc5","rpi-4cpu",0.15,"ssa",2,24.78
"pc5","rpi-4cpu",0.15,"ssa",1,26.2
"pc5","rpi-4cpu",0.15,"ssa",4,26.76
"pc5","rpi-4cpu",0.15,"ssa",2,26.17
"pc5","rpi-4cpu",0.15,"ssa",4,26.66
"pc5","rpi-4cpu",0.15,"ssa",3,26.76
"pc5","rpi-4cpu",0.15,"ssa",1,27.27
"pc5","rpi-4cpu",0.15,"ssa",4,28.44
"pc5","rpi-4cpu",0.15,"ssa",2,28.55
"pc5","rpi-4cpu",0.15,"ssa",1,28.76
"pc5","rpi-4cpu",0.15,"ssa",3,31.04
"pc5","rpi-4cpu",0.15,"ssa",4,26.05
"pc5","rpi-4cpu",0.15,"ssa",2,26.77
"pc5","rpi-4cpu",0.15,"ssa",3,26.95
"pc5","rpi-4cpu",0.15,"ssa",1,27.78
"pc5","rpi-4cpu",0.15,"ssa",2,24.65
"pc5","rpi-4cpu",0.15,"ssa",4,25.03
"pc5","rpi-4cpu",0.15,"ssa",3,25.33
"pc5","rpi-4cpu",0.15,"ssa",1,28.06
"pc5","rpi-4cpu",0.15,"ssa",4,24.55
"pc5","rpi-4cpu",0.15,"ssa",2,24.97
"pc5","rpi-4cpu",0.15,"ssa",1,25.69
"pc5","rpi-4cpu",0.15,"ssa",3,25.97
"pc5","rpi-4cpu",0.15,"ssa",1,25.76
"pc5","rpi-4cpu",0.15,"ssa",2,25.95
"pc5","rpi-4cpu",0.15,"ssa",4,26.63
"pc5","rpi-4cpu",0.15,"ssa",3,26.94
"pc5","rpi-4cpu",0.15,"ssa",1,25.38
"pc5","rpi-4cpu",0.15,"ssa",3,25.97
"pc5","rpi-4cpu",0.15,"ssa",4,26.85
"pc5","rpi-4cpu",0.15,"ssa",2,27.38
"pc5","rpi-4cpu",0.15,"ssa",3,26.04
"pc5","rpi-4cpu",0.15,"ssa",1,27.26
"pc5","rpi-4cpu",0.15,"ssa",2,28.36
"pc5","rpi-4cpu",0.15,"ssa",4,29.14
"pc5","rpi-4cpu",0.15,"ssa",1,25.88
"pc5","rpi-4cpu",0.15,"ssa",4,25.96
"pc5","rpi-4cpu",0.15,"ssa",2,26.17
"pc5","rpi-4cpu",0.15,"ssa",3,26.27
"pc5","rpi-4cpu",0.15,"ssa",2,25.98
"pc5","rpi-4cpu",0.15,"ssa",1,26.08
"pc5","rpi-4cpu",0.15,"ssa",4,26.26
"pc5","rpi-4cpu",0.15,"ssa",3,27.07
"pc5","rpi-4cpu",0.15,"ssa",4,26.13
"pc5","rpi-4cpu",0.15,"ssa",3,26.44
"pc5","rpi-4cpu",0.15,"ssa",2,26.93
"pc5","rpi-4cpu",0.15,"ssa",1,27.75
"pc5","rpi-4cpu",0.15,"ssa",3,24.65
"pc5","rpi-4cpu",0.15,"ssa",4,24.94
"pc5","rpi-4cpu",0.15,"ssa",2,25.35
"pc5","rpi-4cpu",0.15,"ssa",1,27.96
"pc5","rpi-4cpu",0.15,"ssa",4,23.63
"pc5","rpi-4cpu",0.15,"ssa",2,23.75
"pc5","rpi-4cpu",0.15,"ssa",1,24.16
"pc5","rpi-4cpu",0.15,"ssa",3,24.75
"pc5","rpi-4cpu",0.15,"ssa",1,24.14
"pc5","rpi-4cpu",0.15,"ssa",4,25.82
"pc5","rpi-4cpu",0.15,"ssa",3,26.73
"pc5","rpi-4cpu",0.15,"ssa",2,28.14
"pc5","rpi-4cpu",0.15,"ssa",1,25.77
"pc5","rpi-4cpu",0.15,"ssa",3,29.76
"pc5","rpi-4cpu",0.15,"ssa",4,30.74
"pc5","rpi-4cpu",0.15,"ssa",2,32.66
"pc5","rpi-4cpu",0.15,"ssa",1,27.29
"pc5","rpi-4cpu",0.15,"ssa",3,28.86
"pc5","rpi-4cpu",0.15,"ssa",2,31.87
"pc5","rpi-4cpu",0.15,"ssa",4,32.65
"pc5","rpi-4cpu",0.15,"ssa",1,34.06
"pc5","rpi-4cpu",0.15,"ssa",2,34.24
"pc5","rpi-4cpu",0.15,"ssa",4,34.23
"pc5","rpi-4cpu",0.15,"ssa",3,34.43
"pc5","rpi-4cpu",0.15,"ssa",2,30.03
"pc5","rpi-4cpu",0.15,"ssa",1,30.16
"pc5","rpi-4cpu",0.15,"ssa",4,30.72
"pc5","rpi-4cpu",0.15,"ssa",3,30.82
"pc5","rpi-4cpu",0.15,"ssa",4,29.36
"pc5","rpi-4cpu",0.15,"ssa",3,29.57
"pc5","rpi-4cpu",0.15,"ssa",2,30.17
"pc5","rpi-4cpu",0.15,"ssa",1,30.48
"pc5","rpi-4cpu",0.15,"ssa",3,28.16
"pc5","rpi-4cpu",0.15,"ssa",4,29.36
"pc5","rpi-4cpu",0.15,"ssa",2,30.58
"pc5","rpi-4cpu",0.15,"ssa",1,32.59
"pc5","rpi-4cpu",0.15,"ssa",2,27.54
"pc5","rpi-4cpu",0.15,"ssa",4,27.93
"pc5","rpi-4cpu",0.15,"ssa",1,29.36
"pc5","rpi-4cpu",0.15,"ssa",3,29.34
"pc5","rpi-4cpu",0.15,"ssa",2,28.65
"pc5","rpi-4cpu",0.15,"ssa",3,30.54
"pc5","rpi-4cpu",0.15,"ssa",4,30.74
"pc5","rpi-4cpu",0.15,"ssa",1,30.96
"pc5","rpi-4cpu",0.15,"ssa",3,29.55
"pc5","rpi-4cpu",0.15,"ssa",4,30.14
"pc5","rpi-4cpu",0.15,"ssa",1,30.47
"pc5","rpi-4cpu",0.15,"ssa",2,31.87
"pc5","rpi-4cpu",0.15,"ssa",3,28.34
"pc5","rpi-4cpu",0.15,"ssa",1,30.25
"pc5","rpi-4cpu",0.15,"ssa",2,31.44
"pc5","rpi-4cpu",0.15,"ssa",4,32.53
"pc5","rpi-4cpu",0.15,"ssa",4,28.15
"pc5","rpi-4cpu",0.15,"ssa",2,28.37
"pc5","rpi-4cpu",0.15,"ssa",3,28.37
"pc5","rpi-4cpu",0.15,"ssa",1,28.87
"pc5","rpi-4cpu",0.15,"ssa",1,27.78
"pc5","rpi-4cpu",0.15,"ssa",4,27.85
"pc5","rpi-4cpu",0.15,"ssa",3,28.16
"pc5","rpi-4cpu",0.15,"ssa",2,28.27
"pc5","rpi-4cpu",0.15,"ssa",3,27.68
"pc5","rpi-4cpu",0.15,"ssa",2,28.18
"pc5","rpi-4cpu",0.15,"ssa",4,28.27
"pc5","rpi-4cpu",0.15,"ssa",1,29.69
"pc5","rpi-4cpu",0.25,"ssa",3,15.61
"pc5","rpi-4cpu",0.25,"ssa",2,16.42
"pc5","rpi-4cpu",0.25,"ssa",4,16.41
"pc5","rpi-4cpu",0.25,"ssa",4,15.05
"pc5","rpi-4cpu",0.25,"ssa",2,15.23
"pc5","rpi-4cpu",0.25,"ssa",3,15.88
"pc5","rpi-4cpu",0.25,"ssa",4,13.53
"pc5","rpi-4cpu",0.25,"ssa",2,14.05
"pc5","rpi-4cpu",0.25,"ssa",3,14.43
"pc5","rpi-4cpu",0.25,"ssa",1,14.47
"pc5","rpi-4cpu",0.25,"ssa",3,14.04
"pc5","rpi-4cpu",0.25,"ssa",2,14.94
"pc5","rpi-4cpu",0.25,"ssa",1,15.04
"pc5","rpi-4cpu",0.25,"ssa",4,15.04
"pc5","rpi-4cpu",0.25,"ssa",3,13.43
"pc5","rpi-4cpu",0.25,"ssa",4,13.81
"pc5","rpi-4cpu",0.25,"ssa",1,14.06
"pc5","rpi-4cpu",0.25,"ssa",2,15.34
"pc5","rpi-4cpu",0.25,"ssa",4,13.85
"pc5","rpi-4cpu",0.25,"ssa",2,14.55
"pc5","rpi-4cpu",0.25,"ssa",3,15.75
"pc5","rpi-4cpu",0.25,"ssa",1,15.86
"pc5","rpi-4cpu",0.25,"ssa",2,14.16
"pc5","rpi-4cpu",0.25,"ssa",3,14.26
"pc5","rpi-4cpu",0.25,"ssa",4,14.56
"pc5","rpi-4cpu",0.25,"ssa",1,14.67
"pc5","rpi-4cpu",0.25,"ssa",1,14.58
"pc5","rpi-4cpu",0.25,"ssa",2,14.96
"pc5","rpi-4cpu",0.25,"ssa",4,15.15
"pc5","rpi-4cpu",0.25,"ssa",3,15.36
"pc5","rpi-4cpu",0.25,"ssa",1,13.48
"pc5","rpi-4cpu",0.25,"ssa",4,13.47
"pc5","rpi-4cpu",0.25,"ssa",2,13.98
"pc5","rpi-4cpu",0.25,"ssa",3,14.26
"pc5","rpi-4cpu",0.25,"ssa",3,13.26
"pc5","rpi-4cpu",0.25,"ssa",4,14.34
"pc5","rpi-4cpu",0.25,"ssa",2,14.48
"pc5","rpi-4cpu",0.25,"ssa",1,14.68
"pc5","rpi-4cpu",0.25,"ssa",3,14.03
"pc5","rpi-4cpu",0.25,"ssa",1,14.16
"pc5","rpi-4cpu",0.25,"ssa",4,14.31
"pc5","rpi-4cpu",0.25,"ssa",2,14.85
"pc5","rpi-4cpu",0.25,"ssa",2,13.27
"pc5","rpi-4cpu",0.25,"ssa",4,13.87
"pc5","rpi-4cpu",0.25,"ssa",3,14.68
"pc5","rpi-4cpu",0.25,"ssa",1,14.77
"pc5","rpi-4cpu",0.25,"ssa",2,13.5
"pc5","rpi-4cpu",0.25,"ssa",1,14.01
"pc5","rpi-4cpu",0.25,"ssa",3,14.27
"pc5","rpi-4cpu",0.25,"ssa",4,14.87
"pc5","rpi-4cpu",0.25,"ssa",1,14.24
"pc5","rpi-4cpu",0.25,"ssa",2,14.42
"pc5","rpi-4cpu",0.25,"ssa",4,14.71
"pc5","rpi-4cpu",0.25,"ssa",3,15.14
"pc5","rpi-4cpu",0.25,"ssa",4,13.32
"pc5","rpi-4cpu",0.25,"ssa",1,13.45
"pc5","rpi-4cpu",0.25,"ssa",3,13.83
"pc5","rpi-4cpu",0.25,"ssa",2,13.92
"pc5","rpi-4cpu",0.25,"ssa",3,13.39
"pc5","rpi-4cpu",0.25,"ssa",1,14.4
"pc5","rpi-4cpu",0.25,"ssa",4,14.46
"pc5","rpi-4cpu",0.25,"ssa",2,14.48
"pc5","rpi-4cpu",0.25,"ssa",3,13.39
"pc5","rpi-4cpu",0.25,"ssa",1,13.58
"pc5","rpi-4cpu",0.25,"ssa",2,14.68
"pc5","rpi-4cpu",0.25,"ssa",4,15.08
"pc5","rpi-4cpu",0.25,"ssa",2,14.12
"pc5","rpi-4cpu",0.25,"ssa",4,15.47
"pc5","rpi-4cpu",0.25,"ssa",1,17.17
"pc5","rpi-4cpu",0.25,"ssa",3,19.09
"pc5","rpi-4cpu",0.25,"ssa",2,14.26
"pc5","rpi-4cpu",0.25,"ssa",1,14.68
"pc5","rpi-4cpu",0.25,"ssa",3,16.84
"pc5","rpi-4cpu",0.25,"ssa",4,17.41
"pc5","rpi-4cpu",0.25,"ssa",2,13.59
"pc5","rpi-4cpu",0.25,"ssa",1,13.67
"pc5","rpi-4cpu",0.25,"ssa",3,16.47
"pc5","rpi-4cpu",0.25,"ssa",4,17.14
"pc5","rpi-4cpu",0.25,"ssa",1,16.37
"pc5","rpi-4cpu",0.25,"ssa",2,16.48
"pc5","rpi-4cpu",0.25,"ssa",3,16.66
"pc5","rpi-4cpu",0.25,"ssa",4,19.47
"pc5","rpi-4cpu",0.25,"ssa",3,16.45
"pc5","rpi-4cpu",0.25,"ssa",2,17.65
"pc5","rpi-4cpu",0.25,"ssa",4,17.83
"pc5","rpi-4cpu",0.25,"ssa",1,18.05
"pc5","rpi-4cpu",0.25,"ssa",4,15.33
"pc5","rpi-4cpu",0.25,"ssa",1,16.77
"pc5","rpi-4cpu",0.25,"ssa",2,17.14
"pc5","rpi-4cpu",0.25,"ssa",3,17.93
"pc5","rpi-4cpu",0.25,"ssa",4,15.84
"pc5","rpi-4cpu",0.25,"ssa",2,16.16
"pc5","rpi-4cpu",0.25,"ssa",1,18.06
"pc5","rpi-4cpu",0.25,"ssa",3,18.14
"pc5","rpi-4cpu",0.25,"ssa",3,16.22
"pc5","rpi-4cpu",0.25,"ssa",2,16.33
"pc5","rpi-4cpu",0.25,"ssa",4,16.8
"pc5","rpi-4cpu",0.25,"ssa",1,16.95
"pc5","rpi-4cpu",0.25,"ssa",4,16.36
"pc5","rpi-4cpu",0.25,"ssa",2,16.48
"pc5","rpi-4cpu",0.25,"ssa",1,16.99
"pc5","rpi-4cpu",0.25,"ssa",3,17.07
"pc5","rpi-4cpu",0.25,"ssa",4,16.35
"pc5","rpi-4cpu",0.25,"ssa",1,16.35
"pc5","rpi-4cpu",0.25,"ssa",3,16.55
"pc5","rpi-4cpu",0.25,"ssa",2,16.69
"pc5","rpi-4cpu",0.25,"ssa",3,15.7
"pc5","rpi-4cpu",0.25,"ssa",4,16.4
"pc5","rpi-4cpu",0.25,"ssa",2,16.6
"pc5","rpi-4cpu",0.25,"ssa",1,17.31
"pc5","rpi-4cpu",0.25,"ssa",3,15.55
"pc5","rpi-4cpu",0.25,"ssa",4,15.64
"pc5","rpi-4cpu",0.25,"ssa",1,15.68
"pc5","rpi-4cpu",0.25,"ssa",2,16.55
"pc5","rpi-4cpu",0.25,"ssa",4,15.49
"pc5","rpi-4cpu",0.25,"ssa",2,15.88
"pc5","rpi-4cpu",0.25,"ssa",3,16.97
"pc5","rpi-4cpu",0.25,"ssa",1,17.07
"pc5","rpi-4cpu",0.35,"ssa",3,9.39
"pc5","rpi-4cpu",0.35,"ssa",4,9.77
"pc5","rpi-4cpu",0.35,"ssa",2,9.82
"pc5","rpi-4cpu",0.35,"ssa",3,8.78
"pc5","rpi-4cpu",0.35,"ssa",4,8.97
"pc5","rpi-4cpu",0.35,"ssa",2,10.01
"pc5","rpi-4cpu",0.35,"ssa",3,9.43
"pc5","rpi-4cpu",0.35,"ssa",1,9.47
"pc5","rpi-4cpu",0.35,"ssa",4,9.65
"pc5","rpi-4cpu",0.35,"ssa",2,9.97
"pc5","rpi-4cpu",0.35,"ssa",1,9.77
"pc5","rpi-4cpu",0.35,"ssa",3,9.95
"pc5","rpi-4cpu",0.35,"ssa",4,10.22
"pc5","rpi-4cpu",0.35,"ssa",2,10.34
"pc5","rpi-4cpu",0.35,"ssa",1,9.19
"pc5","rpi-4cpu",0.35,"ssa",3,9.17
"pc5","rpi-4cpu",0.35,"ssa",2,9.79
"pc5","rpi-4cpu",0.35,"ssa",4,9.94
"pc5","rpi-4cpu",0.35,"ssa",1,9.48
"pc5","rpi-4cpu",0.35,"ssa",3,9.94
"pc5","rpi-4cpu",0.35,"ssa",4,10.02
"pc5","rpi-4cpu",0.35,"ssa",2,10.04
"pc5","rpi-4cpu",0.35,"ssa",1,9.07
"pc5","rpi-4cpu",0.35,"ssa",3,9.07
"pc5","rpi-4cpu",0.35,"ssa",4,9.44
"pc5","rpi-4cpu",0.35,"ssa",2,9.49
"pc5","rpi-4cpu",0.35,"ssa",1,9.66
"pc5","rpi-4cpu",0.35,"ssa",3,10.15
"pc5","rpi-4cpu",0.35,"ssa",4,10.53
"pc5","rpi-4cpu",0.35,"ssa",2,10.56
"pc5","rpi-4cpu",0.35,"ssa",1,9.27
"pc5","rpi-4cpu",0.35,"ssa",3,9.55
"pc5","rpi-4cpu",0.35,"ssa",4,9.84
"pc5","rpi-4cpu",0.35,"ssa",2,9.87
"pc5","rpi-4cpu",0.35,"ssa",1,9.76
"pc5","rpi-4cpu",0.35,"ssa",3,9.91
"pc5","rpi-4cpu",0.35,"ssa",4,10.31
"pc5","rpi-4cpu",0.35,"ssa",2,10.43
"pc5","rpi-4cpu",0.35,"ssa",1,9.17
"pc5","rpi-4cpu",0.35,"ssa",3,10.04
"pc5","rpi-4cpu",0.35,"ssa",2,10.14
"pc5","rpi-4cpu",0.35,"ssa",4,10.93
"pc5","rpi-4cpu",0.35,"ssa",1,9.65
"pc5","rpi-4cpu",0.35,"ssa",2,10.05
"pc5","rpi-4cpu",0.35,"ssa",3,10.14
"pc5","rpi-4cpu",0.35,"ssa",4,11.53
"pc5","rpi-4cpu",0.35,"ssa",1,9.68
"pc5","rpi-4cpu",0.35,"ssa",2,10.34
"pc5","rpi-4cpu",0.35,"ssa",4,10.49
"pc5","rpi-4cpu",0.35,"ssa",3,11.33
"pc5","rpi-4cpu",0.35,"ssa",1,9.74
"pc5","rpi-4cpu",0.35,"ssa",2,10.11
"pc5","rpi-4cpu",0.35,"ssa",3,10.12
"pc5","rpi-4cpu",0.35,"ssa",4,11.37
"pc5","rpi-4cpu",0.35,"ssa",1,9.68
"pc5","rpi-4cpu",0.35,"ssa",3,10.24
"pc5","rpi-4cpu",0.35,"ssa",2,10.53
"pc5","rpi-4cpu",0.35,"ssa",4,11.45
"pc5","rpi-4cpu",0.35,"ssa",1,9.73
"pc5","rpi-4cpu",0.35,"ssa",2,9.91
"pc5","rpi-4cpu",0.35,"ssa",4,11
"pc5","rpi-4cpu",0.35,"ssa",3,11.18
"pc5","rpi-4cpu",0.35,"ssa",1,8.89
"pc5","rpi-4cpu",0.35,"ssa",2,9.59
"pc5","rpi-4cpu",0.35,"ssa",3,10.98
"pc5","rpi-4cpu",0.35,"ssa",4,11.18
"pc5","rpi-4cpu",0.35,"ssa",1,9.37
"pc5","rpi-4cpu",0.35,"ssa",2,9.99
"pc5","rpi-4cpu",0.35,"ssa",3,11.36
"pc5","rpi-4cpu",0.35,"ssa",4,11.77
"pc5","rpi-4cpu",0.35,"ssa",1,9.34
"pc5","rpi-4cpu",0.35,"ssa",4,10.53
"pc5","rpi-4cpu",0.35,"ssa",3,10.94
"pc5","rpi-4cpu",0.35,"ssa",2,11.72
"pc5","rpi-4cpu",0.35,"ssa",4,10.68
"pc5","rpi-4cpu",0.35,"ssa",1,11.33
"pc5","rpi-4cpu",0.35,"ssa",3,11.67
"pc5","rpi-4cpu",0.35,"ssa",2,12.68
"pc5","rpi-4cpu",0.35,"ssa",1,10.59
"pc5","rpi-4cpu",0.35,"ssa",2,12.49
"pc5","rpi-4cpu",0.35,"ssa",3,12.49
"pc5","rpi-4cpu",0.35,"ssa",4,13.25
"pc5","rpi-4cpu",0.35,"ssa",1,10.77
"pc5","rpi-4cpu",0.35,"ssa",3,10.76
"pc5","rpi-4cpu",0.35,"ssa",2,11.88
"pc5","rpi-4cpu",0.35,"ssa",4,14.26
"pc5","rpi-4cpu",0.35,"ssa",1,11.4
"pc5","rpi-4cpu",0.35,"ssa",3,11.46
"pc5","rpi-4cpu",0.35,"ssa",4,11.55
"pc5","rpi-4cpu",0.35,"ssa",2,12.17
"pc5","rpi-4cpu",0.35,"ssa",3,10.91
"pc5","rpi-4cpu",0.35,"ssa",4,11
"pc5","rpi-4cpu",0.35,"ssa",1,11.28
"pc5","rpi-4cpu",0.35,"ssa",2,11.44
"pc5","rpi-4cpu",0.35,"ssa",1,11.48
"pc5","rpi-4cpu",0.35,"ssa",4,11.93
"pc5","rpi-4cpu",0.35,"ssa",3,12.03
"pc5","rpi-4cpu",0.35,"ssa",2,12.35
"pc5","rpi-4cpu",0.35,"ssa",1,10.38
"pc5","rpi-4cpu",0.35,"ssa",4,10.94
"pc5","rpi-4cpu",0.35,"ssa",3,11.05
"pc5","rpi-4cpu",0.35,"ssa",2,11.56
"pc5","rpi-4cpu",0.35,"ssa",1,10.98
"pc5","rpi-4cpu",0.35,"ssa",3,11.38
"pc5","rpi-4cpu",0.35,"ssa",4,11.77
"pc5","rpi-4cpu",0.35,"ssa",2,12.36
"pc5","rpi-4cpu",0.35,"ssa",1,10.39
"pc5","rpi-4cpu",0.35,"ssa",3,10.95
"pc5","rpi-4cpu",0.35,"ssa",4,11.15
"pc5","rpi-4cpu",0.35,"ssa",2,11.48
"pc5","rpi-4cpu",0.35,"ssa",1,10.66
"pc5","rpi-4cpu",0.35,"ssa",3,10.66
"pc5","rpi-4cpu",0.35,"ssa",4,11.06
"pc5","rpi-4cpu",0.35,"ssa",2,11.18
"pc5","rpi-4cpu",0.35,"ssa",1,10.85
"pc5","rpi-4cpu",0.35,"ssa",3,11.11
"pc5","rpi-4cpu",0.35,"ssa",2,11.43
"pc5","rpi-4cpu",0.35,"ssa",4,11.45
"pc5","rpi-4cpu",0.45,"ssa",2,6.73
"pc5","rpi-4cpu",0.45,"ssa",4,6.81
"pc5","rpi-4cpu",0.45,"ssa",3,6.92
"pc5","rpi-4cpu",0.45,"ssa",2,5.98
"pc5","rpi-4cpu",0.45,"ssa",3,6.16
"pc5","rpi-4cpu",0.45,"ssa",4,6.17
"pc5","rpi-4cpu",0.45,"ssa",4,6.56
"pc5","rpi-4cpu",0.45,"ssa",2,6.68
"pc5","rpi-4cpu",0.45,"ssa",1,6.78
"pc5","rpi-4cpu",0.45,"ssa",3,6.79
"pc5","rpi-4cpu",0.45,"ssa",1,6.57
"pc5","rpi-4cpu",0.45,"ssa",3,6.78
"pc5","rpi-4cpu",0.45,"ssa",4,6.84
"pc5","rpi-4cpu",0.45,"ssa",2,7.24
"pc5","rpi-4cpu",0.45,"ssa",4,6.45
"pc5","rpi-4cpu",0.45,"ssa",2,6.59
"pc5","rpi-4cpu",0.45,"ssa",1,6.7
"pc5","rpi-4cpu",0.45,"ssa",3,6.87
"pc5","rpi-4cpu",0.45,"ssa",4,6.47
"pc5","rpi-4cpu",0.45,"ssa",1,6.6
"pc5","rpi-4cpu",0.45,"ssa",3,6.68
"pc5","rpi-4cpu",0.45,"ssa",2,6.97
"pc5","rpi-4cpu",0.45,"ssa",1,6.41
"pc5","rpi-4cpu",0.45,"ssa",4,6.41
"pc5","rpi-4cpu",0.45,"ssa",2,6.52
"pc5","rpi-4cpu",0.45,"ssa",3,6.64
"pc5","rpi-4cpu",0.45,"ssa",4,6.43
"pc5","rpi-4cpu",0.45,"ssa",1,6.58
"pc5","rpi-4cpu",0.45,"ssa",3,6.61
"pc5","rpi-4cpu",0.45,"ssa",2,6.92
"pc5","rpi-4cpu",0.45,"ssa",4,6.63
"pc5","rpi-4cpu",0.45,"ssa",1,6.75
"pc5","rpi-4cpu",0.45,"ssa",2,7.34
"pc5","rpi-4cpu",0.45,"ssa",3,7.36
"pc5","rpi-4cpu",0.45,"ssa",1,6.66
"pc5","rpi-4cpu",0.45,"ssa",3,6.86
"pc5","rpi-4cpu",0.45,"ssa",4,6.93
"pc5","rpi-4cpu",0.45,"ssa",2,7.17
"pc5","rpi-4cpu",0.45,"ssa",4,6.28
"pc5","rpi-4cpu",0.45,"ssa",2,6.51
"pc5","rpi-4cpu",0.45,"ssa",1,6.55
"pc5","rpi-4cpu",0.45,"ssa",3,6.89
"pc5","rpi-4cpu",0.45,"ssa",3,6.64
"pc5","rpi-4cpu",0.45,"ssa",1,6.67
"pc5","rpi-4cpu",0.45,"ssa",2,6.95
"pc5","rpi-4cpu",0.45,"ssa",4,7.63
"pc5","rpi-4cpu",0.45,"ssa",1,6.57
"pc5","rpi-4cpu",0.45,"ssa",2,6.58
"pc5","rpi-4cpu",0.45,"ssa",3,6.65
"pc5","rpi-4cpu",0.45,"ssa",4,7.36
"pc5","rpi-4cpu",0.45,"ssa",1,6.38
"pc5","rpi-4cpu",0.45,"ssa",3,6.52
"pc5","rpi-4cpu",0.45,"ssa",2,6.95
"pc5","rpi-4cpu",0.45,"ssa",4,7.52
"pc5","rpi-4cpu",0.45,"ssa",1,6.33
"pc5","rpi-4cpu",0.45,"ssa",2,6.34
"pc5","rpi-4cpu",0.45,"ssa",3,6.74
"pc5","rpi-4cpu",0.45,"ssa",4,7.41
"pc5","rpi-4cpu",0.45,"ssa",1,6.76
"pc5","rpi-4cpu",0.45,"ssa",4,7.43
"pc5","rpi-4cpu",0.45,"ssa",3,7.54
"pc5","rpi-4cpu",0.45,"ssa",2,10.34
"pc5","rpi-4cpu",0.45,"ssa",2,6.46
"pc5","rpi-4cpu",0.45,"ssa",1,6.68
"pc5","rpi-4cpu",0.45,"ssa",4,7.63
"pc5","rpi-4cpu",0.45,"ssa",3,8.03
"pc5","rpi-4cpu",0.45,"ssa",1,6.36
"pc5","rpi-4cpu",0.45,"ssa",2,7.19
"pc5","rpi-4cpu",0.45,"ssa",3,7.75
"pc5","rpi-4cpu",0.45,"ssa",4,7.77
"pc5","rpi-4cpu",0.45,"ssa",1,6.48
"pc5","rpi-4cpu",0.45,"ssa",2,6.67
"pc5","rpi-4cpu",0.45,"ssa",4,6.94
"pc5","rpi-4cpu",0.45,"ssa",3,7.86
"pc5","rpi-4cpu",0.45,"ssa",1,6.35
"pc5","rpi-4cpu",0.45,"ssa",4,7.11
"pc5","rpi-4cpu",0.45,"ssa",3,7.61
"pc5","rpi-4cpu",0.45,"ssa",2,7.95
"pc5","rpi-4cpu",0.45,"ssa",1,6.75
"pc5","rpi-4cpu",0.45,"ssa",4,7.27
"pc5","rpi-4cpu",0.45,"ssa",2,7.71
"pc5","rpi-4cpu",0.45,"ssa",3,8.3
"pc5","rpi-4cpu",0.45,"ssa",1,7.21
"pc5","rpi-4cpu",0.45,"ssa",2,7.86
"pc5","rpi-4cpu",0.45,"ssa",3,8.68
"pc5","rpi-4cpu",0.45,"ssa",4,9.25
"pc5","rpi-4cpu",0.45,"ssa",4,7.53
"pc5","rpi-4cpu",0.45,"ssa",2,7.69
"pc5","rpi-4cpu",0.45,"ssa",1,7.96
"pc5","rpi-4cpu",0.45,"ssa",3,7.96
"pc5","rpi-4cpu",0.45,"ssa",4,7.44
"pc5","rpi-4cpu",0.45,"ssa",1,7.93
"pc5","rpi-4cpu",0.45,"ssa",3,7.93
"pc5","rpi-4cpu",0.45,"ssa",2,8.27
"pc5","rpi-4cpu",0.45,"ssa",4,7.43
"pc5","rpi-4cpu",0.45,"ssa",1,7.68
"pc5","rpi-4cpu",0.45,"ssa",3,7.72
"pc5","rpi-4cpu",0.45,"ssa",2,7.96
"pc5","rpi-4cpu",0.45,"ssa",3,7.57
"pc5","rpi-4cpu",0.45,"ssa",4,7.64
"pc5","rpi-4cpu",0.45,"ssa",1,7.86
"pc5","rpi-4cpu",0.45,"ssa",2,8.34
"pc5","rpi-4cpu",0.45,"ssa",4,7.26
"pc5","rpi-4cpu",0.45,"ssa",2,7.41
"pc5","rpi-4cpu",0.45,"ssa",3,7.58
"pc5","rpi-4cpu",0.45,"ssa",1,7.6
"pc5","rpi-4cpu",0.45,"ssa",4,7.42
"pc5","rpi-4cpu",0.45,"ssa",1,7.54
"pc5","rpi-4cpu",0.45,"ssa",3,7.64
"pc5","rpi-4cpu",0.45,"ssa",2,7.85
"pc5","rpi-4cpu",0.45,"ssa",2,7.2
"pc5","rpi-4cpu",0.45,"ssa",4,7.21
"pc5","rpi-4cpu",0.45,"ssa",3,7.41
"pc5","rpi-4cpu",0.45,"ssa",1,7.41
"pc5","rpi-4cpu",0.45,"ssa",4,7.38
"pc5","rpi-4cpu",0.45,"ssa",1,7.42
"pc5","rpi-4cpu",0.45,"ssa",3,7.48
"pc5","rpi-4cpu",0.45,"ssa",2,7.68
"pc5","rpi-4cpu",0.55,"ssa",4,4.82
"pc5","rpi-4cpu",0.55,"ssa",3,4.94
"pc5","rpi-4cpu",0.55,"ssa",2,5.1
"pc5","rpi-4cpu",0.55,"ssa",2,5.09
"pc5","rpi-4cpu",0.55,"ssa",4,5.25
"pc5","rpi-4cpu",0.55,"ssa",1,5.38
"pc5","rpi-4cpu",0.55,"ssa",3,5.55
"pc5","rpi-4cpu",0.55,"ssa",3,5.12
"pc5","rpi-4cpu",0.55,"ssa",4,5.27
"pc5","rpi-4cpu",0.55,"ssa",2,5.72
"pc5","rpi-4cpu",0.55,"ssa",1,5.81
"pc5","rpi-4cpu",0.55,"ssa",1,5.1
"pc5","rpi-4cpu",0.55,"ssa",4,5.15
"pc5","rpi-4cpu",0.55,"ssa",3,5.28
"pc5","rpi-4cpu",0.55,"ssa",2,5.48
"pc5","rpi-4cpu",0.55,"ssa",1,5.15
"pc5","rpi-4cpu",0.55,"ssa",2,5.15
"pc5","rpi-4cpu",0.55,"ssa",4,5.32
"pc5","rpi-4cpu",0.55,"ssa",3,5.59
"pc5","rpi-4cpu",0.55,"ssa",4,5.28
"pc5","rpi-4cpu",0.55,"ssa",3,5.3
"pc5","rpi-4cpu",0.55,"ssa",1,5.8
"pc5","rpi-4cpu",0.55,"ssa",2,5.82
"pc5","rpi-4cpu",0.55,"ssa",1,4.99
"pc5","rpi-4cpu",0.55,"ssa",4,5.03
"pc5","rpi-4cpu",0.55,"ssa",3,5.13
"pc5","rpi-4cpu",0.55,"ssa",2,5.26
"pc5","rpi-4cpu",0.55,"ssa",1,4.86
"pc5","rpi-4cpu",0.55,"ssa",2,4.92
"pc5","rpi-4cpu",0.55,"ssa",4,5.04
"pc5","rpi-4cpu",0.55,"ssa",3,5.35
"pc5","rpi-4cpu",0.55,"ssa",3,5.11
"pc5","rpi-4cpu",0.55,"ssa",4,5.21
"pc5","rpi-4cpu",0.55,"ssa",2,5.62
"pc5","rpi-4cpu",0.55,"ssa",1,5.74
"pc5","rpi-4cpu",0.55,"ssa",1,4.96
"pc5","rpi-4cpu",0.55,"ssa",3,5.04
"pc5","rpi-4cpu",0.55,"ssa",2,5.29
"pc5","rpi-4cpu",0.55,"ssa",4,5.65
"pc5","rpi-4cpu",0.55,"ssa",1,4.95
"pc5","rpi-4cpu",0.55,"ssa",2,5.17
"pc5","rpi-4cpu",0.55,"ssa",3,5.64
"pc5","rpi-4cpu",0.55,"ssa",4,6.32
"pc5","rpi-4cpu",0.55,"ssa",3,4.98
"pc5","rpi-4cpu",0.55,"ssa",1,5.48
"pc5","rpi-4cpu",0.55,"ssa",2,5.58
"pc5","rpi-4cpu",0.55,"ssa",4,5.91
"pc5","rpi-4cpu",0.55,"ssa",3,5.01
"pc5","rpi-4cpu",0.55,"ssa",1,5.18
"pc5","rpi-4cpu",0.55,"ssa",2,5.29
"pc5","rpi-4cpu",0.55,"ssa",4,5.69
"pc5","rpi-4cpu",0.55,"ssa",2,4.93
"pc5","rpi-4cpu",0.55,"ssa",1,4.96
"pc5","rpi-4cpu",0.55,"ssa",4,5.91
"pc5","rpi-4cpu",0.55,"ssa",3,6.35
"pc5","rpi-4cpu",0.55,"ssa",2,8.24
"pc5","rpi-4cpu",0.55,"ssa",1,8.26
"pc5","rpi-4cpu",0.55,"ssa",3,8.24
"pc5","rpi-4cpu",0.55,"ssa",4,8.31
"pc5","rpi-4cpu",0.55,"ssa",1,5
"pc5","rpi-4cpu",0.55,"ssa",2,5.5
"pc5","rpi-4cpu",0.55,"ssa",3,5.89
"pc5","rpi-4cpu",0.55,"ssa",4,6.22
"pc5","rpi-4cpu",0.55,"ssa",1,4.93
"pc5","rpi-4cpu",0.55,"ssa",2,5.1
"pc5","rpi-4cpu",0.55,"ssa",4,5.78
"pc5","rpi-4cpu",0.55,"ssa",3,6.38
"pc5","rpi-4cpu",0.55,"ssa",1,5.7
"pc5","rpi-4cpu",0.55,"ssa",2,5.7
"pc5","rpi-4cpu",0.55,"ssa",4,5.99
"pc5","rpi-4cpu",0.55,"ssa",3,6.06
"pc5","rpi-4cpu",0.55,"ssa",1,5.17
"pc5","rpi-4cpu",0.55,"ssa",2,5.57
"pc5","rpi-4cpu",0.55,"ssa",4,5.56
"pc5","rpi-4cpu",0.55,"ssa",3,5.89
"pc5","rpi-4cpu",0.55,"ssa",1,5.15
"pc5","rpi-4cpu",0.55,"ssa",4,5.82
"pc5","rpi-4cpu",0.55,"ssa",2,5.96
"pc5","rpi-4cpu",0.55,"ssa",3,6.45
"pc5","rpi-4cpu",0.55,"ssa",1,8.41
"pc5","rpi-4cpu",0.55,"ssa",4,8.62
"pc5","rpi-4cpu",0.55,"ssa",3,8.62
"pc5","rpi-4cpu",0.55,"ssa",2,8.62
"pc5","rpi-4cpu",0.55,"ssa",1,5.23
"pc5","rpi-4cpu",0.55,"ssa",3,5.71
"pc5","rpi-4cpu",0.55,"ssa",4,5.75
"pc5","rpi-4cpu",0.55,"ssa",2,6.24
"pc5","rpi-4cpu",0.55,"ssa",2,6.06
"pc5","rpi-4cpu",0.55,"ssa",3,6.35
"pc5","rpi-4cpu",0.55,"ssa",4,12.14
"pc5","rpi-4cpu",0.55,"ssa",1,12.19
"pc5","rpi-4cpu",0.55,"ssa",3,5.67
"pc5","rpi-4cpu",0.55,"ssa",4,5.85
"pc5","rpi-4cpu",0.55,"ssa",2,6.58
"pc5","rpi-4cpu",0.55,"ssa",1,6.6
"pc5","rpi-4cpu",0.55,"ssa",4,5.93
"pc5","rpi-4cpu",0.55,"ssa",3,5.95
"pc5","rpi-4cpu",0.55,"ssa",1,6.25
"pc5","rpi-4cpu",0.55,"ssa",2,6.47
"pc5","rpi-4cpu",0.55,"ssa",2,5.89
"pc5","rpi-4cpu",0.55,"ssa",4,6
"pc5","rpi-4cpu",0.55,"ssa",1,6.1
"pc5","rpi-4cpu",0.55,"ssa",3,6.33
"pc5","rpi-4cpu",0.55,"ssa",4,5.78
"pc5","rpi-4cpu",0.55,"ssa",3,5.8
"pc5","rpi-4cpu",0.55,"ssa",2,6.43
"pc5","rpi-4cpu",0.55,"ssa",1,6.54
"pc5","rpi-4cpu",0.55,"ssa",3,5.67
"pc5","rpi-4cpu",0.55,"ssa",4,5.76
"pc5","rpi-4cpu",0.55,"ssa",1,6.07
"pc5","rpi-4cpu",0.55,"ssa",2,6.16
"pc5","rpi-4cpu",0.55,"ssa",2,5.81
"pc5","rpi-4cpu",0.55,"ssa",4,5.86
"pc5","rpi-4cpu",0.55,"ssa",1,6.09
"pc5","rpi-4cpu",0.55,"ssa",3,6.16
"pc5","rpi-4cpu",0.55,"ssa",3,5.85
"pc5","rpi-4cpu",0.55,"ssa",4,5.96
"pc5","rpi-4cpu",0.55,"ssa",2,6.27
"pc5","rpi-4cpu",0.55,"ssa",1,6.41
"pc5","rpi-4cpu",0.65,"ssa",4,5.61
"pc5","rpi-4cpu",0.65,"ssa",2,6.04
"pc5","rpi-4cpu",0.65,"ssa",3,6.32
"pc5","rpi-4cpu",0.65,"ssa",2,4.36
"pc5","rpi-4cpu",0.65,"ssa",4,4.47
"pc5","rpi-4cpu",0.65,"ssa",3,4.49
"pc5","rpi-4cpu",0.65,"ssa",1,4.7
"pc5","rpi-4cpu",0.65,"ssa",2,4.44
"pc5","rpi-4cpu",0.65,"ssa",1,4.65
"pc5","rpi-4cpu",0.65,"ssa",3,4.68
"pc5","rpi-4cpu",0.65,"ssa",4,4.86
"pc5","rpi-4cpu",0.65,"ssa",3,4.36
"pc5","rpi-4cpu",0.65,"ssa",2,4.42
"pc5","rpi-4cpu",0.65,"ssa",1,4.43
"pc5","rpi-4cpu",0.65,"ssa",4,4.43
"pc5","rpi-4cpu",0.65,"ssa",4,4.34
"pc5","rpi-4cpu",0.65,"ssa",2,4.35
"pc5","rpi-4cpu",0.65,"ssa",3,4.42
"pc5","rpi-4cpu",0.65,"ssa",1,4.48
"pc5","rpi-4cpu",0.65,"ssa",2,4.24
"pc5","rpi-4cpu",0.65,"ssa",1,4.42
"pc5","rpi-4cpu",0.65,"ssa",4,4.42
"pc5","rpi-4cpu",0.65,"ssa",3,4.52
"pc5","rpi-4cpu",0.65,"ssa",2,4.21
"pc5","rpi-4cpu",0.65,"ssa",4,4.34
"pc5","rpi-4cpu",0.65,"ssa",1,4.42
"pc5","rpi-4cpu",0.65,"ssa",3,4.56
"pc5","rpi-4cpu",0.65,"ssa",2,4.25
"pc5","rpi-4cpu",0.65,"ssa",3,4.33
"pc5","rpi-4cpu",0.65,"ssa",1,4.39
"pc5","rpi-4cpu",0.65,"ssa",4,4.57
"pc5","rpi-4cpu",0.65,"ssa",2,4.25
"pc5","rpi-4cpu",0.65,"ssa",1,4.52
"pc5","rpi-4cpu",0.65,"ssa",3,4.65
"pc5","rpi-4cpu",0.65,"ssa",4,5.24
"pc5","rpi-4cpu",0.65,"ssa",2,4.26
"pc5","rpi-4cpu",0.65,"ssa",3,4.37
"pc5","rpi-4cpu",0.65,"ssa",1,4.48
"pc5","rpi-4cpu",0.65,"ssa",4,5.02
"pc5","rpi-4cpu",0.65,"ssa",2,4.21
"pc5","rpi-4cpu",0.65,"ssa",1,4.4
"pc5","rpi-4cpu",0.65,"ssa",3,4.5
"pc5","rpi-4cpu",0.65,"ssa",4,5.19
"pc5","rpi-4cpu",0.65,"ssa",2,4.24
"pc5","rpi-4cpu",0.65,"ssa",1,4.34
"pc5","rpi-4cpu",0.65,"ssa",3,4.33
"pc5","rpi-4cpu",0.65,"ssa",4,5.22
"pc5","rpi-4cpu",0.65,"ssa",2,4.25
"pc5","rpi-4cpu",0.65,"ssa",3,4.37
"pc5","rpi-4cpu",0.65,"ssa",1,4.48
"pc5","rpi-4cpu",0.65,"ssa",4,5.26
"pc5","rpi-4cpu",0.65,"ssa",2,4.2
"pc5","rpi-4cpu",0.65,"ssa",1,4.48
"pc5","rpi-4cpu",0.65,"ssa",4,5.04
"pc5","rpi-4cpu",0.65,"ssa",3,5.08
"pc5","rpi-4cpu",0.65,"ssa",2,4.11
"pc5","rpi-4cpu",0.65,"ssa",1,4.31
"pc5","rpi-4cpu",0.65,"ssa",4,5.06
"pc5","rpi-4cpu",0.65,"ssa",3,5.21
"pc5","rpi-4cpu",0.65,"ssa",1,4.82
"pc5","rpi-4cpu",0.65,"ssa",2,4.86
"pc5","rpi-4cpu",0.65,"ssa",3,5.02
"pc5","rpi-4cpu",0.65,"ssa",4,5.22
"pc5","rpi-4cpu",0.65,"ssa",2,4.18
"pc5","rpi-4cpu",0.65,"ssa",1,4.35
"pc5","rpi-4cpu",0.65,"ssa",4,4.81
"pc5","rpi-4cpu",0.65,"ssa",3,5.11
"pc5","rpi-4cpu",0.65,"ssa",1,4.4
"pc5","rpi-4cpu",0.65,"ssa",2,4.47
"pc5","rpi-4cpu",0.65,"ssa",4,5.01
"pc5","rpi-4cpu",0.65,"ssa",3,5.13
"pc5","rpi-4cpu",0.65,"ssa",2,4.28
"pc5","rpi-4cpu",0.65,"ssa",1,4.57
"pc5","rpi-4cpu",0.65,"ssa",4,4.94
"pc5","rpi-4cpu",0.65,"ssa",3,5.29
"pc5","rpi-4cpu",0.65,"ssa",1,4.5
"pc5","rpi-4cpu",0.65,"ssa",4,4.99
"pc5","rpi-4cpu",0.65,"ssa",2,5.19
"pc5","rpi-4cpu",0.65,"ssa",3,5.44
"pc5","rpi-4cpu",0.65,"ssa",3,6.03
"pc5","rpi-4cpu",0.65,"ssa",2,6.19
"pc5","rpi-4cpu",0.65,"ssa",4,14.03
"pc5","rpi-4cpu",0.65,"ssa",1,14.08
"pc5","rpi-4cpu",0.65,"ssa",3,5.02
"pc5","rpi-4cpu",0.65,"ssa",2,5.22
"pc5","rpi-4cpu",0.65,"ssa",1,5.33
"pc5","rpi-4cpu",0.65,"ssa",4,5.34
"pc5","rpi-4cpu",0.65,"ssa",4,5.24
"pc5","rpi-4cpu",0.65,"ssa",2,5.31
"pc5","rpi-4cpu",0.65,"ssa",1,5.42
"pc5","rpi-4cpu",0.65,"ssa",3,5.4
"pc5","rpi-4cpu",0.65,"ssa",2,4.98
"pc5","rpi-4cpu",0.65,"ssa",4,5.17
"pc5","rpi-4cpu",0.65,"ssa",1,5.31
"pc5","rpi-4cpu",0.65,"ssa",3,5.34
"pc5","rpi-4cpu",0.65,"ssa",2,4.89
"pc5","rpi-4cpu",0.65,"ssa",4,5.16
"pc5","rpi-4cpu",0.65,"ssa",3,5.19
"pc5","rpi-4cpu",0.65,"ssa",1,5.34
"pc5","rpi-4cpu",0.65,"ssa",2,4.92
"pc5","rpi-4cpu",0.65,"ssa",3,5.01
"pc5","rpi-4cpu",0.65,"ssa",4,5.05
"pc5","rpi-4cpu",0.65,"ssa",1,5.27
"pc5","rpi-4cpu",0.65,"ssa",2,4.82
"pc5","rpi-4cpu",0.65,"ssa",3,4.9
"pc5","rpi-4cpu",0.65,"ssa",4,5.04
"pc5","rpi-4cpu",0.65,"ssa",1,5.26
"pc5","rpi-4cpu",0.65,"ssa",3,4.86
"pc5","rpi-4cpu",0.65,"ssa",2,4.94
"pc5","rpi-4cpu",0.65,"ssa",4,4.96
"pc5","rpi-4cpu",0.65,"ssa",1,5.21
"pc5","rpi-4cpu",0.65,"ssa",1,5.23
"pc5","rpi-4cpu",0.65,"ssa",4,5.54
"pc5","rpi-4cpu",0.65,"ssa",2,5.61
"pc5","rpi-4cpu",0.65,"ssa",3,5.61
"pc5","rpi-4cpu",0.65,"ssa",2,4.92
"pc5","rpi-4cpu",0.65,"ssa",1,5.02
"pc5","rpi-4cpu",0.65,"ssa",3,5.07
"pc5","rpi-4cpu",0.65,"ssa",4,5.36
"pc5","rpi-4cpu",0.75,"ssa",4,3.84
"pc5","rpi-4cpu",0.75,"ssa",1,4.06
"pc5","rpi-4cpu",0.75,"ssa",2,4.12
"pc5","rpi-4cpu",0.75,"ssa",3,4.42
"pc5","rpi-4cpu",0.75,"ssa",2,3.99
"pc5","rpi-4cpu",0.75,"ssa",1,4.04
"pc5","rpi-4cpu",0.75,"ssa",3,4.04
"pc5","rpi-4cpu",0.75,"ssa",4,4.33
"pc5","rpi-4cpu",0.75,"ssa",4,3.8
"pc5","rpi-4cpu",0.75,"ssa",2,3.96
"pc5","rpi-4cpu",0.75,"ssa",1,4.01
"pc5","rpi-4cpu",0.75,"ssa",3,4.11
"pc5","rpi-4cpu",0.75,"ssa",4,3.84
"pc5","rpi-4cpu",0.75,"ssa",2,3.88
"pc5","rpi-4cpu",0.75,"ssa",1,3.98
"pc5","rpi-4cpu",0.75,"ssa",3,3.98
"pc5","rpi-4cpu",0.75,"ssa",4,3.65
"pc5","rpi-4cpu",0.75,"ssa",1,3.96
"pc5","rpi-4cpu",0.75,"ssa",2,3.96
"pc5","rpi-4cpu",0.75,"ssa",3,4.13
"pc5","rpi-4cpu",0.75,"ssa",4,3.6
"pc5","rpi-4cpu",0.75,"ssa",2,3.82
"pc5","rpi-4cpu",0.75,"ssa",1,3.88
"pc5","rpi-4cpu",0.75,"ssa",3,3.96
"pc5","rpi-4cpu",0.75,"ssa",4,3.61
"pc5","rpi-4cpu",0.75,"ssa",2,3.83
"pc5","rpi-4cpu",0.75,"ssa",1,3.9
"pc5","rpi-4cpu",0.75,"ssa",3,4.01
"pc5","rpi-4cpu",0.75,"ssa",4,4.05
"pc5","rpi-4cpu",0.75,"ssa",2,4.15
"pc5","rpi-4cpu",0.75,"ssa",1,4.27
"pc5","rpi-4cpu",0.75,"ssa",3,4.39
"pc5","rpi-4cpu",0.75,"ssa",2,3.86
"pc5","rpi-4cpu",0.75,"ssa",1,3.93
"pc5","rpi-4cpu",0.75,"ssa",3,4.15
"pc5","rpi-4cpu",0.75,"ssa",4,4.33
"pc5","rpi-4cpu",0.75,"ssa",1,3.94
"pc5","rpi-4cpu",0.75,"ssa",2,3.96
"pc5","rpi-4cpu",0.75,"ssa",4,4.2
"pc5","rpi-4cpu",0.75,"ssa",3,4.26
"pc5","rpi-4cpu",0.75,"ssa",4,3.77
"pc5","rpi-4cpu",0.75,"ssa",1,3.84
"pc5","rpi-4cpu",0.75,"ssa",2,3.87
"pc5","rpi-4cpu",0.75,"ssa",3,4.52
"pc5","rpi-4cpu",0.75,"ssa",1,3.98
"pc5","rpi-4cpu",0.75,"ssa",2,3.98
"pc5","rpi-4cpu",0.75,"ssa",3,4.32
"pc5","rpi-4cpu",0.75,"ssa",4,4.33
"pc5","rpi-4cpu",0.75,"ssa",1,3.83
"pc5","rpi-4cpu",0.75,"ssa",2,3.84
"pc5","rpi-4cpu",0.75,"ssa",3,4.11
"pc5","rpi-4cpu",0.75,"ssa",4,4.29
"pc5","rpi-4cpu",0.75,"ssa",1,3.86
"pc5","rpi-4cpu",0.75,"ssa",2,4.31
"pc5","rpi-4cpu",0.75,"ssa",4,4.39
"pc5","rpi-4cpu",0.75,"ssa",3,4.42
"pc5","rpi-4cpu",0.75,"ssa",1,3.8
"pc5","rpi-4cpu",0.75,"ssa",2,4
"pc5","rpi-4cpu",0.75,"ssa",3,4.22
"pc5","rpi-4cpu",0.75,"ssa",4,4.29
"pc5","rpi-4cpu",0.75,"ssa",1,3.81
"pc5","rpi-4cpu",0.75,"ssa",2,3.87
"pc5","rpi-4cpu",0.75,"ssa",3,4.15
"pc5","rpi-4cpu",0.75,"ssa",4,4.34
"pc5","rpi-4cpu",0.75,"ssa",1,3.78
"pc5","rpi-4cpu",0.75,"ssa",2,3.95
"pc5","rpi-4cpu",0.75,"ssa",4,4.14
"pc5","rpi-4cpu",0.75,"ssa",3,4.53
"pc5","rpi-4cpu",0.75,"ssa",4,4.09
"pc5","rpi-4cpu",0.75,"ssa",1,4.19
"pc5","rpi-4cpu",0.75,"ssa",2,4.75
"pc5","rpi-4cpu",0.75,"ssa",3,4.76
"pc5","rpi-4cpu",0.75,"ssa",1,3.89
"pc5","rpi-4cpu",0.75,"ssa",4,4.15
"pc5","rpi-4cpu",0.75,"ssa",2,4.48
"pc5","rpi-4cpu",0.75,"ssa",3,4.78
"pc5","rpi-4cpu",0.75,"ssa",1,3.98
"pc5","rpi-4cpu",0.75,"ssa",4,4.19
"pc5","rpi-4cpu",0.75,"ssa",2,4.54
"pc5","rpi-4cpu",0.75,"ssa",3,4.79
"pc5","rpi-4cpu",0.75,"ssa",1,3.96
"pc5","rpi-4cpu",0.75,"ssa",4,4.2
"pc5","rpi-4cpu",0.75,"ssa",2,4.57
"pc5","rpi-4cpu",0.75,"ssa",3,4.76
"pc5","rpi-4cpu",0.75,"ssa",1,4.03
"pc5","rpi-4cpu",0.75,"ssa",4,4.27
"pc5","rpi-4cpu",0.75,"ssa",2,5.06
"pc5","rpi-4cpu",0.75,"ssa",3,5.06
"pc5","rpi-4cpu",0.75,"ssa",1,4.71
"pc5","rpi-4cpu",0.75,"ssa",4,5.18
"pc5","rpi-4cpu",0.75,"ssa",2,5.31
"pc5","rpi-4cpu",0.75,"ssa",3,5.65
"pc5","rpi-4cpu",0.75,"ssa",4,4.43
"pc5","rpi-4cpu",0.75,"ssa",1,4.66
"pc5","rpi-4cpu",0.75,"ssa",2,4.78
"pc5","rpi-4cpu",0.75,"ssa",3,4.97
"pc5","rpi-4cpu",0.75,"ssa",1,4.44
"pc5","rpi-4cpu",0.75,"ssa",4,4.62
"pc5","rpi-4cpu",0.75,"ssa",2,4.68
"pc5","rpi-4cpu",0.75,"ssa",3,4.84
"pc5","rpi-4cpu",0.75,"ssa",4,4.23
"pc5","rpi-4cpu",0.75,"ssa",2,4.61
"pc5","rpi-4cpu",0.75,"ssa",1,4.67
"pc5","rpi-4cpu",0.75,"ssa",3,4.74
"pc5","rpi-4cpu",0.75,"ssa",2,4.44
"pc5","rpi-4cpu",0.75,"ssa",1,4.76
"pc5","rpi-4cpu",0.75,"ssa",3,4.76
"pc5","rpi-4cpu",0.75,"ssa",4,4.91
"pc5","rpi-4cpu",0.75,"ssa",4,4.34
"pc5","rpi-4cpu",0.75,"ssa",2,4.51
"pc5","rpi-4cpu",0.75,"ssa",1,4.7
"pc5","rpi-4cpu",0.75,"ssa",3,4.85
"pc5","rpi-4cpu",0.75,"ssa",4,4.19
"pc5","rpi-4cpu",0.75,"ssa",2,4.46
"pc5","rpi-4cpu",0.75,"ssa",1,4.66
"pc5","rpi-4cpu",0.75,"ssa",3,4.84
"pc5","rpi-4cpu",0.75,"ssa",2,4.53
"pc5","rpi-4cpu",0.75,"ssa",1,4.62
"pc5","rpi-4cpu",0.75,"ssa",4,4.68
"pc5","rpi-4cpu",0.75,"ssa",3,4.81
"pc5","rpi-4cpu",0.85,"ssa",4,3.58
"pc5","rpi-4cpu",0.85,"ssa",1,3.64
"pc5","rpi-4cpu",0.85,"ssa",3,3.69
"pc5","rpi-4cpu",0.85,"ssa",2,3.74
"pc5","rpi-4cpu",0.85,"ssa",2,3.37
"pc5","rpi-4cpu",0.85,"ssa",4,3.48
"pc5","rpi-4cpu",0.85,"ssa",3,3.53
"pc5","rpi-4cpu",0.85,"ssa",1,3.55
"pc5","rpi-4cpu",0.85,"ssa",2,3.4
"pc5","rpi-4cpu",0.85,"ssa",1,3.55
"pc5","rpi-4cpu",0.85,"ssa",4,3.77
"pc5","rpi-4cpu",0.85,"ssa",3,3.82
"pc5","rpi-4cpu",0.85,"ssa",2,3.3
"pc5","rpi-4cpu",0.85,"ssa",3,3.39
"pc5","rpi-4cpu",0.85,"ssa",1,3.43
"pc5","rpi-4cpu",0.85,"ssa",4,3.39
"pc5","rpi-4cpu",0.85,"ssa",2,3.24
"pc5","rpi-4cpu",0.85,"ssa",1,3.38
"pc5","rpi-4cpu",0.85,"ssa",4,3.36
"pc5","rpi-4cpu",0.85,"ssa",3,3.42
"pc5","rpi-4cpu",0.85,"ssa",2,3.23
"pc5","rpi-4cpu",0.85,"ssa",3,3.35
"pc5","rpi-4cpu",0.85,"ssa",1,3.41
"pc5","rpi-4cpu",0.85,"ssa",4,3.39
"pc5","rpi-4cpu",0.85,"ssa",2,3.35
"pc5","rpi-4cpu",0.85,"ssa",4,3.35
"pc5","rpi-4cpu",0.85,"ssa",1,3.41
"pc5","rpi-4cpu",0.85,"ssa",3,3.82
"pc5","rpi-4cpu",0.85,"ssa",2,3.43
"pc5","rpi-4cpu",0.85,"ssa",3,3.51
"pc5","rpi-4cpu",0.85,"ssa",4,3.53
"pc5","rpi-4cpu",0.85,"ssa",1,3.58
"pc5","rpi-4cpu",0.85,"ssa",2,3.35
"pc5","rpi-4cpu",0.85,"ssa",1,3.45
"pc5","rpi-4cpu",0.85,"ssa",3,3.48
"pc5","rpi-4cpu",0.85,"ssa",4,3.87
"pc5","rpi-4cpu",0.85,"ssa",2,3.3
"pc5","rpi-4cpu",0.85,"ssa",1,3.49
"pc5","rpi-4cpu",0.85,"ssa",3,3.47
"pc5","rpi-4cpu",0.85,"ssa",4,4.02
"pc5","rpi-4cpu",0.85,"ssa",2,3.32
"pc5","rpi-4cpu",0.85,"ssa",1,3.49
"pc5","rpi-4cpu",0.85,"ssa",3,3.46
"pc5","rpi-4cpu",0.85,"ssa",4,3.84
"pc5","rpi-4cpu",0.85,"ssa",2,3.45
"pc5","rpi-4cpu",0.85,"ssa",1,3.53
"pc5","rpi-4cpu",0.85,"ssa",3,3.55
"pc5","rpi-4cpu",0.85,"ssa",4,3.92
"pc5","rpi-4cpu",0.85,"ssa",2,3.51
"pc5","rpi-4cpu",0.85,"ssa",1,3.62
"pc5","rpi-4cpu",0.85,"ssa",3,3.58
"pc5","rpi-4cpu",0.85,"ssa",4,3.95
"pc5","rpi-4cpu",0.85,"ssa",2,3.38
"pc5","rpi-4cpu",0.85,"ssa",1,3.48
"pc5","rpi-4cpu",0.85,"ssa",3,3.58
"pc5","rpi-4cpu",0.85,"ssa",4,3.98
"pc5","rpi-4cpu",0.85,"ssa",2,3.42
"pc5","rpi-4cpu",0.85,"ssa",1,3.45
"pc5","rpi-4cpu",0.85,"ssa",3,3.5
"pc5","rpi-4cpu",0.85,"ssa",4,4.01
"pc5","rpi-4cpu",0.85,"ssa",2,3.34
"pc5","rpi-4cpu",0.85,"ssa",4,4.44
"pc5","rpi-4cpu",0.85,"ssa",3,4.44
"pc5","rpi-4cpu",0.85,"ssa",1,4.52
"pc5","rpi-4cpu",0.85,"ssa",2,3.29
"pc5","rpi-4cpu",0.85,"ssa",1,3.45
"pc5","rpi-4cpu",0.85,"ssa",4,3.9
"pc5","rpi-4cpu",0.85,"ssa",3,4.25
"pc5","rpi-4cpu",0.85,"ssa",1,3.48
"pc5","rpi-4cpu",0.85,"ssa",2,4.08
"pc5","rpi-4cpu",0.85,"ssa",4,4.1
"pc5","rpi-4cpu",0.85,"ssa",3,4.23
"pc5","rpi-4cpu",0.85,"ssa",1,3.65
"pc5","rpi-4cpu",0.85,"ssa",4,4.16
"pc5","rpi-4cpu",0.85,"ssa",2,4.24
"pc5","rpi-4cpu",0.85,"ssa",3,4.36
"pc5","rpi-4cpu",0.85,"ssa",1,3.85
"pc5","rpi-4cpu",0.85,"ssa",4,4.15
"pc5","rpi-4cpu",0.85,"ssa",2,4.28
"pc5","rpi-4cpu",0.85,"ssa",3,4.3
"pc5","rpi-4cpu",0.85,"ssa",1,3.7
"pc5","rpi-4cpu",0.85,"ssa",4,4.26
"pc5","rpi-4cpu",0.85,"ssa",2,4.31
"pc5","rpi-4cpu",0.85,"ssa",3,4.4
"pc5","rpi-4cpu",0.85,"ssa",3,10.47
"pc5","rpi-4cpu",0.85,"ssa",2,10.48
"pc5","rpi-4cpu",0.85,"ssa",4,10.82
"pc5","rpi-4cpu",0.85,"ssa",1,10.96
"pc5","rpi-4cpu",0.85,"ssa",4,4.55
"pc5","rpi-4cpu",0.85,"ssa",2,4.6
"pc5","rpi-4cpu",0.85,"ssa",3,4.61
"pc5","rpi-4cpu",0.85,"ssa",1,4.68
"pc5","rpi-4cpu",0.85,"ssa",4,4.13
"pc5","rpi-4cpu",0.85,"ssa",2,4.15
"pc5","rpi-4cpu",0.85,"ssa",1,4.29
"pc5","rpi-4cpu",0.85,"ssa",3,4.36
"pc5","rpi-4cpu",0.85,"ssa",3,4.19
"pc5","rpi-4cpu",0.85,"ssa",4,4.2
"pc5","rpi-4cpu",0.85,"ssa",2,4.26
"pc5","rpi-4cpu",0.85,"ssa",1,4.29
"pc5","rpi-4cpu",0.85,"ssa",2,4.2
"pc5","rpi-4cpu",0.85,"ssa",3,4.2
"pc5","rpi-4cpu",0.85,"ssa",4,4.18
"pc5","rpi-4cpu",0.85,"ssa",1,4.32
"pc5","rpi-4cpu",0.85,"ssa",2,4.02
"pc5","rpi-4cpu",0.85,"ssa",3,4.18
"pc5","rpi-4cpu",0.85,"ssa",4,4.18
"pc5","rpi-4cpu",0.85,"ssa",1,4.31
"pc5","rpi-4cpu",0.85,"ssa",2,4.15
"pc5","rpi-4cpu",0.85,"ssa",3,4.17
"pc5","rpi-4cpu",0.85,"ssa",1,4.32
"pc5","rpi-4cpu",0.85,"ssa",4,4.39
"pc5","rpi-4cpu",0.85,"ssa",2,4.17
"pc5","rpi-4cpu",0.85,"ssa",4,4.16
"pc5","rpi-4cpu",0.85,"ssa",3,4.29
"pc5","rpi-4cpu",0.85,"ssa",1,4.36
"pc5","rpi-4cpu",0.85,"ssa",2,5.04
"pc5","rpi-4cpu",0.85,"ssa",4,5.3
"pc5","rpi-4cpu",0.85,"ssa",1,5.33
"pc5","rpi-4cpu",0.85,"ssa",3,5.32
"pc5","rpi-4cpu",0.95,"ssa",4,3.14
"pc5","rpi-4cpu",0.95,"ssa",2,3.21
"pc5","rpi-4cpu",0.95,"ssa",1,3.25
"pc5","rpi-4cpu",0.95,"ssa",3,3.39
"pc5","rpi-4cpu",0.95,"ssa",3,3.01
"pc5","rpi-4cpu",0.95,"ssa",4,3.13
"pc5","rpi-4cpu",0.95,"ssa",2,3.15
"pc5","rpi-4cpu",0.95,"ssa",1,3.18
"pc5","rpi-4cpu",0.95,"ssa",2,3.04
"pc5","rpi-4cpu",0.95,"ssa",1,3.08
"pc5","rpi-4cpu",0.95,"ssa",4,3.1
"pc5","rpi-4cpu",0.95,"ssa",3,3.17
"pc5","rpi-4cpu",0.95,"ssa",3,3.03
"pc5","rpi-4cpu",0.95,"ssa",2,3.1
"pc5","rpi-4cpu",0.95,"ssa",4,3.12
"pc5","rpi-4cpu",0.95,"ssa",1,3.22
"pc5","rpi-4cpu",0.95,"ssa",2,2.94
"pc5","rpi-4cpu",0.95,"ssa",1,3.11
"pc5","rpi-4cpu",0.95,"ssa",4,3.16
"pc5","rpi-4cpu",0.95,"ssa",3,3.22
"pc5","rpi-4cpu",0.95,"ssa",3,2.94
"pc5","rpi-4cpu",0.95,"ssa",2,3.13
"pc5","rpi-4cpu",0.95,"ssa",4,3.14
"pc5","rpi-4cpu",0.95,"ssa",1,3.14
"pc5","rpi-4cpu",0.95,"ssa",1,3.03
"pc5","rpi-4cpu",0.95,"ssa",2,3.05
"pc5","rpi-4cpu",0.95,"ssa",4,3.13
"pc5","rpi-4cpu",0.95,"ssa",3,3.18
"pc5","rpi-4cpu",0.95,"ssa",3,3.09
"pc5","rpi-4cpu",0.95,"ssa",2,3.26
"pc5","rpi-4cpu",0.95,"ssa",4,3.25
"pc5","rpi-4cpu",0.95,"ssa",1,3.56
"pc5","rpi-4cpu",0.95,"ssa",1,3.15
"pc5","rpi-4cpu",0.95,"ssa",2,3.19
"pc5","rpi-4cpu",0.95,"ssa",3,3.25
"pc5","rpi-4cpu",0.95,"ssa",4,3.27
"pc5","rpi-4cpu",0.95,"ssa",1,3.1
"pc5","rpi-4cpu",0.95,"ssa",3,3.7
"pc5","rpi-4cpu",0.95,"ssa",4,3.87
"pc5","rpi-4cpu",0.95,"ssa",2,3.97
"pc5","rpi-4cpu",0.95,"ssa",2,3.03
"pc5","rpi-4cpu",0.95,"ssa",1,3.15
"pc5","rpi-4cpu",0.95,"ssa",3,3.25
"pc5","rpi-4cpu",0.95,"ssa",4,3.57
"pc5","rpi-4cpu",0.95,"ssa",3,3.19
"pc5","rpi-4cpu",0.95,"ssa",2,3.38
"pc5","rpi-4cpu",0.95,"ssa",1,3.38
"pc5","rpi-4cpu",0.95,"ssa",4,3.72
"pc5","rpi-4cpu",0.95,"ssa",2,3.19
"pc5","rpi-4cpu",0.95,"ssa",1,3.21
"pc5","rpi-4cpu",0.95,"ssa",3,3.41
"pc5","rpi-4cpu",0.95,"ssa",4,3.7
"pc5","rpi-4cpu",0.95,"ssa",3,3.28
"pc5","rpi-4cpu",0.95,"ssa",1,3.39
"pc5","rpi-4cpu",0.95,"ssa",4,3.88
"pc5","rpi-4cpu",0.95,"ssa",2,4.08
"pc5","rpi-4cpu",0.95,"ssa",2,3.13
"pc5","rpi-4cpu",0.95,"ssa",1,3.21
"pc5","rpi-4cpu",0.95,"ssa",3,3.83
"pc5","rpi-4cpu",0.95,"ssa",4,3.86
"pc5","rpi-4cpu",0.95,"ssa",2,3.58
"pc5","rpi-4cpu",0.95,"ssa",1,3.62
"pc5","rpi-4cpu",0.95,"ssa",3,3.85
"pc5","rpi-4cpu",0.95,"ssa",4,4.01
"pc5","rpi-4cpu",0.95,"ssa",1,3.21
"pc5","rpi-4cpu",0.95,"ssa",3,3.77
"pc5","rpi-4cpu",0.95,"ssa",2,3.78
"pc5","rpi-4cpu",0.95,"ssa",4,3.87
"pc5","rpi-4cpu",0.95,"ssa",1,3.51
"pc5","rpi-4cpu",0.95,"ssa",3,3.91
"pc5","rpi-4cpu",0.95,"ssa",2,4.12
"pc5","rpi-4cpu",0.95,"ssa",4,4.19
"pc5","rpi-4cpu",0.95,"ssa",2,3.19
"pc5","rpi-4cpu",0.95,"ssa",1,3.95
"pc5","rpi-4cpu",0.95,"ssa",4,4.02
"pc5","rpi-4cpu",0.95,"ssa",3,4.05
"pc5","rpi-4cpu",0.95,"ssa",3,5.19
"pc5","rpi-4cpu",0.95,"ssa",2,5.38
"pc5","rpi-4cpu",0.95,"ssa",4,5.44
"pc5","rpi-4cpu",0.95,"ssa",1,5.72
"pc5","rpi-4cpu",0.95,"ssa",1,3.2
"pc5","rpi-4cpu",0.95,"ssa",4,3.61
"pc5","rpi-4cpu",0.95,"ssa",2,3.68
"pc5","rpi-4cpu",0.95,"ssa",3,3.71
"pc5","rpi-4cpu",0.95,"ssa",1,3.5
"pc5","rpi-4cpu",0.95,"ssa",3,3.6
"pc5","rpi-4cpu",0.95,"ssa",4,3.82
"pc5","rpi-4cpu",0.95,"ssa",2,3.95
"pc5","rpi-4cpu",0.95,"ssa",2,4.15
"pc5","rpi-4cpu",0.95,"ssa",1,4.15
"pc5","rpi-4cpu",0.95,"ssa",3,7.89
"pc5","rpi-4cpu",0.95,"ssa",4,7.89
"pc5","rpi-4cpu",0.95,"ssa",3,3.49
"pc5","rpi-4cpu",0.95,"ssa",4,3.68
"pc5","rpi-4cpu",0.95,"ssa",2,3.77
"pc5","rpi-4cpu",0.95,"ssa",1,3.84
"pc5","rpi-4cpu",0.95,"ssa",2,3.58
"pc5","rpi-4cpu",0.95,"ssa",4,3.68
"pc5","rpi-4cpu",0.95,"ssa",1,3.8
"pc5","rpi-4cpu",0.95,"ssa",3,3.84
"pc5","rpi-4cpu",0.95,"ssa",3,3.62
"pc5","rpi-4cpu",0.95,"ssa",4,3.89
"pc5","rpi-4cpu",0.95,"ssa",2,3.93
"pc5","rpi-4cpu",0.95,"ssa",1,4.05
"pc5","rpi-4cpu",0.95,"ssa",2,3.84
"pc5","rpi-4cpu",0.95,"ssa",4,3.89
"pc5","rpi-4cpu",0.95,"ssa",1,3.99
"pc5","rpi-4cpu",0.95,"ssa",3,4.05
"pc5","rpi-4cpu",0.95,"ssa",3,3.73
"pc5","rpi-4cpu",0.95,"ssa",2,4
"pc5","rpi-4cpu",0.95,"ssa",4,4.28
"pc5","rpi-4cpu",0.95,"ssa",1,4.34
"pc5","rpi-4cpu",0.95,"ssa",1,3.94
"pc5","rpi-4cpu",0.95,"ssa",4,3.97
"pc5","rpi-4cpu",0.95,"ssa",2,4.09
"pc5","rpi-4cpu",0.95,"ssa",3,4.19
"pc5","rpi-4cpu",0.95,"ssa",3,3.83
"pc5","rpi-4cpu",0.95,"ssa",2,4.04
"pc5","rpi-4cpu",0.95,"ssa",4,4.04
"pc5","rpi-4cpu",0.95,"ssa",1,4.11
"pc5","rpi-4cpu",0.15,"seadec",3,8.63
"pc5","rpi-4cpu",0.15,"seadec",4,10.04
"pc5","rpi-4cpu",0.15,"seadec",3,10.63
"pc5","rpi-4cpu",0.15,"seadec",3,9.04
"pc5","rpi-4cpu",0.15,"seadec",4,11.04
"pc5","rpi-4cpu",0.15,"seadec",2,10.16
"pc5","rpi-4cpu",0.15,"seadec",3,10.95
"pc5","rpi-4cpu",0.15,"seadec",4,11.03
"pc5","rpi-4cpu",0.15,"seadec",3,8.86
"pc5","rpi-4cpu",0.15,"seadec",1,11.1
"pc5","rpi-4cpu",0.15,"seadec",4,11.35
"pc5","rpi-4cpu",0.15,"seadec",2,12.35
"pc5","rpi-4cpu",0.15,"seadec",1,9.06
"pc5","rpi-4cpu",0.15,"seadec",2,10.46
"pc5","rpi-4cpu",0.15,"seadec",3,10.46
"pc5","rpi-4cpu",0.15,"seadec",4,10.53
"pc5","rpi-4cpu",0.15,"seadec",1,10
"pc5","rpi-4cpu",0.15,"seadec",2,11.67
"pc5","rpi-4cpu",0.15,"seadec",3,11.67
"pc5","rpi-4cpu",0.15,"seadec",4,11.76
"pc5","rpi-4cpu",0.15,"seadec",1,9.56
"pc5","rpi-4cpu",0.15,"seadec",3,11.05
"pc5","rpi-4cpu",0.15,"seadec",2,11.05
"pc5","rpi-4cpu",0.15,"seadec",4,11.14
"pc5","rpi-4cpu",0.15,"seadec",3,11.66
"pc5","rpi-4cpu",0.15,"seadec",1,12.38
"pc5","rpi-4cpu",0.15,"seadec",2,12.46
"pc5","rpi-4cpu",0.15,"seadec",4,12.55
"pc5","rpi-4cpu",0.15,"seadec",2,11.35
"pc5","rpi-4cpu",0.15,"seadec",1,11.38
"pc5","rpi-4cpu",0.15,"seadec",3,11.45
"pc5","rpi-4cpu",0.15,"seadec",4,11.53
"pc5","rpi-4cpu",0.15,"seadec",1,10.98
"pc5","rpi-4cpu",0.15,"seadec",2,11.05
"pc5","rpi-4cpu",0.15,"seadec",3,11.05
"pc5","rpi-4cpu",0.15,"seadec",4,11.13
"pc5","rpi-4cpu",0.15,"seadec",3,10.97
"pc5","rpi-4cpu",0.15,"seadec",2,11.17
"pc5","rpi-4cpu",0.15,"seadec",4,11.26
"pc5","rpi-4cpu",0.15,"seadec",1,11.39
"pc5","rpi-4cpu",0.15,"seadec",4,11.37
"pc5","rpi-4cpu",0.15,"seadec",3,11.39
"pc5","rpi-4cpu",0.15,"seadec",1,11.49
"pc5","rpi-4cpu",0.15,"seadec",2,11.49
"pc5","rpi-4cpu",0.15,"seadec",3,11.27
"pc5","rpi-4cpu",0.15,"seadec",2,11.27
"pc5","rpi-4cpu",0.15,"seadec",4,11.27
"pc5","rpi-4cpu",0.15,"seadec",1,11.37
"pc5","rpi-4cpu",0.15,"seadec",3,10.18
"pc5","rpi-4cpu",0.15,"seadec",2,10.29
"pc5","rpi-4cpu",0.15,"seadec",4,10.37
"pc5","rpi-4cpu",0.15,"seadec",1,10.79
"pc5","rpi-4cpu",0.15,"seadec",3,10.75
"pc5","rpi-4cpu",0.15,"seadec",1,10.86
"pc5","rpi-4cpu",0.15,"seadec",4,10.92
"pc5","rpi-4cpu",0.15,"seadec",2,10.94
"pc5","rpi-4cpu",0.15,"seadec",3,11.57
"pc5","rpi-4cpu",0.15,"seadec",1,11.57
"pc5","rpi-4cpu",0.15,"seadec",4,11.66
"pc5","rpi-4cpu",0.15,"seadec",2,11.76
"pc5","rpi-4cpu",0.15,"seadec",4,10.56
"pc5","rpi-4cpu",0.15,"seadec",3,10.85
"pc5","rpi-4cpu",0.15,"seadec",1,10.96
"pc5","rpi-4cpu",0.15,"seadec",2,11.16
"pc5","rpi-4cpu",0.15,"seadec",4,9.55
"pc5","rpi-4cpu",0.15,"seadec",2,9.64
"pc5","rpi-4cpu",0.15,"seadec",3,9.64
"pc5","rpi-4cpu",0.15,"seadec",1,9.76
"pc5","rpi-4cpu",0.15,"seadec",1,10.38
"pc5","rpi-4cpu",0.15,"seadec",2,10.58
"pc5","rpi-4cpu",0.15,"seadec",3,10.66
"pc5","rpi-4cpu",0.15,"seadec",4,10.86
"pc5","rpi-4cpu",0.15,"seadec",1,10.96
"pc5","rpi-4cpu",0.15,"seadec",2,11.16
"pc5","rpi-4cpu",0.15,"seadec",4,11.14
"pc5","rpi-4cpu",0.15,"seadec",3,11.25
"pc5","rpi-4cpu",0.15,"seadec",1,10.57
"pc5","rpi-4cpu",0.15,"seadec",4,10.93
"pc5","rpi-4cpu",0.15,"seadec",2,11.04
"pc5","rpi-4cpu",0.15,"seadec",3,11.04
"pc5","rpi-4cpu",0.15,"seadec",1,11.26
"pc5","rpi-4cpu",0.15,"seadec",2,11.65
"pc5","rpi-4cpu",0.15,"seadec",4,11.64
"pc5","rpi-4cpu",0.15,"seadec",3,11.66
"pc5","rpi-4cpu",0.15,"seadec",1,11.18
"pc5","rpi-4cpu",0.15,"seadec",2,11.24
"pc5","rpi-4cpu",0.15,"seadec",3,11.34
"pc5","rpi-4cpu",0.15,"seadec",4,11.44
"pc5","rpi-4cpu",0.15,"seadec",3,11.15
"pc5","rpi-4cpu",0.15,"seadec",1,11.37
"pc5","rpi-4cpu",0.15,"seadec",2,11.56
"pc5","rpi-4cpu",0.15,"seadec",4,11.63
"pc5","rpi-4cpu",0.15,"seadec",1,11.21
"pc5","rpi-4cpu",0.15,"seadec",4,11.37
"pc5","rpi-4cpu",0.15,"seadec",2,11.39
"pc5","rpi-4cpu",0.15,"seadec",3,11.47
"pc5","rpi-4cpu",0.15,"seadec",4,10.87
"pc5","rpi-4cpu",0.15,"seadec",2,10.87
"pc5","rpi-4cpu",0.15,"seadec",3,10.87
"pc5","rpi-4cpu",0.15,"seadec",1,10.99
"pc5","rpi-4cpu",0.15,"seadec",3,11.55
"pc5","rpi-4cpu",0.15,"seadec",4,11.55
"pc5","rpi-4cpu",0.15,"seadec",1,11.67
"pc5","rpi-4cpu",0.15,"seadec",2,11.86
"pc5","rpi-4cpu",0.15,"seadec",1,11.17
"pc5","rpi-4cpu",0.15,"seadec",2,11.34
"pc5","rpi-4cpu",0.15,"seadec",3,11.32
"pc5","rpi-4cpu",0.15,"seadec",4,11.32
"pc5","rpi-4cpu",0.25,"seadec",3,4.82
"pc5","rpi-4cpu",0.25,"seadec",4,5.6
"pc5","rpi-4cpu",0.25,"seadec",2,5.29
"pc5","rpi-4cpu",0.25,"seadec",3,5.56
"pc5","rpi-4cpu",0.25,"seadec",4,5.76
"pc5","rpi-4cpu",0.25,"seadec",2,5.35
"pc5","rpi-4cpu",0.25,"seadec",3,6.14
"pc5","rpi-4cpu",0.25,"seadec",4,6.14
"pc5","rpi-4cpu",0.25,"seadec",2,4.75
"pc5","rpi-4cpu",0.25,"seadec",3,5.64
"pc5","rpi-4cpu",0.25,"seadec",4,5.72
"pc5","rpi-4cpu",0.25,"seadec",2,4.89
"pc5","rpi-4cpu",0.25,"seadec",1,5.7
"pc5","rpi-4cpu",0.25,"seadec",3,5.98
"pc5","rpi-4cpu",0.25,"seadec",4,6.06
"pc5","rpi-4cpu",0.25,"seadec",1,5.2
"pc5","rpi-4cpu",0.25,"seadec",3,5.99
"pc5","rpi-4cpu",0.25,"seadec",4,6.19
"pc5","rpi-4cpu",0.25,"seadec",2,6.19
"pc5","rpi-4cpu",0.25,"seadec",1,5.47
"pc5","rpi-4cpu",0.25,"seadec",3,6.34
"pc5","rpi-4cpu",0.25,"seadec",2,6.35
"pc5","rpi-4cpu",0.25,"seadec",4,6.45
"pc5","rpi-4cpu",0.25,"seadec",1,5.27
"pc5","rpi-4cpu",0.25,"seadec",2,5.96
"pc5","rpi-4cpu",0.25,"seadec",4,6.02
"pc5","rpi-4cpu",0.25,"seadec",3,6.13
"pc5","rpi-4cpu",0.25,"seadec",4,6.16
"pc5","rpi-4cpu",0.25,"seadec",1,6.19
"pc5","rpi-4cpu",0.25,"seadec",3,6.19
"pc5","rpi-4cpu",0.25,"seadec",2,6.19
"pc5","rpi-4cpu",0.25,"seadec",1,6.45
"pc5","rpi-4cpu",0.25,"seadec",2,6.45
"pc5","rpi-4cpu",0.25,"seadec",4,6.45
"pc5","rpi-4cpu",0.25,"seadec",3,6.45
"pc5","rpi-4cpu",0.25,"seadec",4,6.04
"pc5","rpi-4cpu",0.25,"seadec",2,6.08
"pc5","rpi-4cpu",0.25,"seadec",1,6.07
"pc5","rpi-4cpu",0.25,"seadec",3,6.07
"pc5","rpi-4cpu",0.25,"seadec",4,6.02
"pc5","rpi-4cpu",0.25,"seadec",3,6.14
"pc5","rpi-4cpu",0.25,"seadec",1,6.14
"pc5","rpi-4cpu",0.25,"seadec",2,6.14
"pc5","rpi-4cpu",0.25,"seadec",4,5.9
"pc5","rpi-4cpu",0.25,"seadec",3,6.01
"pc5","rpi-4cpu",0.25,"seadec",1,6.14
"pc5","rpi-4cpu",0.25,"seadec",2,6.14
"pc5","rpi-4cpu",0.25,"seadec",3,5.97
"pc5","rpi-4cpu",0.25,"seadec",4,6.03
"pc5","rpi-4cpu",0.25,"seadec",2,6.36
"pc5","rpi-4cpu",0.25,"seadec",1,6.36
"pc5","rpi-4cpu",0.25,"seadec",4,6.05
"pc5","rpi-4cpu",0.25,"seadec",3,6.14
"pc5","rpi-4cpu",0.25,"seadec",2,6.15
"pc5","rpi-4cpu",0.25,"seadec",1,6.27
"pc5","rpi-4cpu",0.25,"seadec",4,5.86
"pc5","rpi-4cpu",0.25,"seadec",2,5.86
"pc5","rpi-4cpu",0.25,"seadec",3,5.96
"pc5","rpi-4cpu",0.25,"seadec",1,6.18
"pc5","rpi-4cpu",0.25,"seadec",4,5.83
"pc5","rpi-4cpu",0.25,"seadec",2,5.98
"pc5","rpi-4cpu",0.25,"seadec",3,6.02
"pc5","rpi-4cpu",0.25,"seadec",1,6.07
"pc5","rpi-4cpu",0.25,"seadec",4,5.65
"pc5","rpi-4cpu",0.25,"seadec",3,5.75
"pc5","rpi-4cpu",0.25,"seadec",1,5.79
"pc5","rpi-4cpu",0.25,"seadec",2,5.97
"pc5","rpi-4cpu",0.25,"seadec",2,6.08
"pc5","rpi-4cpu",0.25,"seadec",3,6.07
"pc5","rpi-4cpu",0.25,"seadec",4,6.16
"pc5","rpi-4cpu",0.25,"seadec",1,6.29
"pc5","rpi-4cpu",0.25,"seadec",2,6.04
"pc5","rpi-4cpu",0.25,"seadec",3,6.04
"pc5","rpi-4cpu",0.25,"seadec",4,6.13
"pc5","rpi-4cpu",0.25,"seadec",1,6.27
"pc5","rpi-4cpu",0.25,"seadec",1,6.01
"pc5","rpi-4cpu",0.25,"seadec",2,6.08
"pc5","rpi-4cpu",0.25,"seadec",3,6.08
"pc5","rpi-4cpu",0.25,"seadec",4,6.25
"pc5","rpi-4cpu",0.25,"seadec",1,5.79
"pc5","rpi-4cpu",0.25,"seadec",2,5.85
"pc5","rpi-4cpu",0.25,"seadec",3,5.94
"pc5","rpi-4cpu",0.25,"seadec",4,5.94
"pc5","rpi-4cpu",0.25,"seadec",1,5.89
"pc5","rpi-4cpu",0.25,"seadec",2,6.08
"pc5","rpi-4cpu",0.25,"seadec",4,6.14
"pc5","rpi-4cpu",0.25,"seadec",3,6.18
"pc5","rpi-4cpu",0.25,"seadec",4,5.15
"pc5","rpi-4cpu",0.25,"seadec",1,5.88
"pc5","rpi-4cpu",0.25,"seadec",2,5.97
"pc5","rpi-4cpu",0.25,"seadec",3,6.05
"pc5","rpi-4cpu",0.25,"seadec",4,5.25
"pc5","rpi-4cpu",0.25,"seadec",2,6.09
"pc5","rpi-4cpu",0.25,"seadec",1,6.19
"pc5","rpi-4cpu",0.25,"seadec",3,6.18
"pc5","rpi-4cpu",0.25,"seadec",2,6.07
"pc5","rpi-4cpu",0.25,"seadec",3,6.25
"pc5","rpi-4cpu",0.25,"seadec",1,6.27
"pc5","rpi-4cpu",0.25,"seadec",4,7.04
"pc5","rpi-4cpu",0.25,"seadec",2,6.07
"pc5","rpi-4cpu",0.25,"seadec",1,6.17
"pc5","rpi-4cpu",0.25,"seadec",3,6.14
"pc5","rpi-4cpu",0.25,"seadec",4,6.94
"pc5","rpi-4cpu",0.25,"seadec",1,6.46
"pc5","rpi-4cpu",0.25,"seadec",3,6.53
"pc5","rpi-4cpu",0.25,"seadec",2,6.55
"pc5","rpi-4cpu",0.25,"seadec",4,7.44
"pc5","rpi-4cpu",0.25,"seadec",3,4.98
"pc5","rpi-4cpu",0.25,"seadec",1,6.07
"pc5","rpi-4cpu",0.25,"seadec",2,6.16
"pc5","rpi-4cpu",0.25,"seadec",4,7.17
"pc5","rpi-4cpu",0.25,"seadec",2,5.85
"pc5","rpi-4cpu",0.25,"seadec",1,5.96
"pc5","rpi-4cpu",0.25,"seadec",3,7.24
"pc5","rpi-4cpu",0.25,"seadec",4,8.12
"pc5","rpi-4cpu",0.35,"seadec",2,4.11
"pc5","rpi-4cpu",0.35,"seadec",3,4.41
"pc5","rpi-4cpu",0.35,"seadec",4,4.49
"pc5","rpi-4cpu",0.35,"seadec",3,3.46
"pc5","rpi-4cpu",0.35,"seadec",2,3.96
"pc5","rpi-4cpu",0.35,"seadec",4,4.06
"pc5","rpi-4cpu",0.35,"seadec",2,3.26
"pc5","rpi-4cpu",0.35,"seadec",3,3.74
"pc5","rpi-4cpu",0.35,"seadec",4,3.74
"pc5","rpi-4cpu",0.35,"seadec",3,4.16
"pc5","rpi-4cpu",0.35,"seadec",2,4.19
"pc5","rpi-4cpu",0.35,"seadec",4,4.26
"pc5","rpi-4cpu",0.35,"seadec",1,3.81
"pc5","rpi-4cpu",0.35,"seadec",3,4.16
"pc5","rpi-4cpu",0.35,"seadec",2,4.15
"pc5","rpi-4cpu",0.35,"seadec",4,4.15
"pc5","rpi-4cpu",0.35,"seadec",1,3.59
"pc5","rpi-4cpu",0.35,"seadec",4,4.05
"pc5","rpi-4cpu",0.35,"seadec",2,4.16
"pc5","rpi-4cpu",0.35,"seadec",3,4.16
"pc5","rpi-4cpu",0.35,"seadec",1,3.69
"pc5","rpi-4cpu",0.35,"seadec",4,4.35
"pc5","rpi-4cpu",0.35,"seadec",3,4.37
"pc5","rpi-4cpu",0.35,"seadec",2,4.37
"pc5","rpi-4cpu",0.35,"seadec",1,3.59
"pc5","rpi-4cpu",0.35,"seadec",4,4.17
"pc5","rpi-4cpu",0.35,"seadec",3,4.35
"pc5","rpi-4cpu",0.35,"seadec",2,4.38
"pc5","rpi-4cpu",0.35,"seadec",4,4.25
"pc5","rpi-4cpu",0.35,"seadec",3,4.25
"pc5","rpi-4cpu",0.35,"seadec",1,4.34
"pc5","rpi-4cpu",0.35,"seadec",2,4.36
"pc5","rpi-4cpu",0.35,"seadec",3,3.94
"pc5","rpi-4cpu",0.35,"seadec",4,3.94
"pc5","rpi-4cpu",0.35,"seadec",2,4.06
"pc5","rpi-4cpu",0.35,"seadec",1,4.07
"pc5","rpi-4cpu",0.35,"seadec",4,3.76
"pc5","rpi-4cpu",0.35,"seadec",3,3.85
"pc5","rpi-4cpu",0.35,"seadec",2,3.89
"pc5","rpi-4cpu",0.35,"seadec",1,4.08
"pc5","rpi-4cpu",0.35,"seadec",4,4.13
"pc5","rpi-4cpu",0.35,"seadec",1,4.18
"pc5","rpi-4cpu",0.35,"seadec",3,4.25
"pc5","rpi-4cpu",0.35,"seadec",2,4.34
"pc5","rpi-4cpu",0.35,"seadec",3,4.06
"pc5","rpi-4cpu",0.35,"seadec",4,4.06
"pc5","rpi-4cpu",0.35,"seadec",1,4.29
"pc5","rpi-4cpu",0.35,"seadec",2,4.28
"pc5","rpi-4cpu",0.35,"seadec",3,4.04
"pc5","rpi-4cpu",0.35,"seadec",4,4.04
"pc5","rpi-4cpu",0.35,"seadec",1,4.18
"pc5","rpi-4cpu",0.35,"seadec",2,4.24
"pc5","rpi-4cpu",0.35,"seadec",1,4.07
"pc5","rpi-4cpu",0.35,"seadec",4,4.07
"pc5","rpi-4cpu",0.35,"seadec",3,4.07
"pc5","rpi-4cpu",0.35,"seadec",2,4.19
"pc5","rpi-4cpu",0.35,"seadec",2,4.25
"pc5","rpi-4cpu",0.35,"seadec",3,4.32
"pc5","rpi-4cpu",0.35,"seadec",4,4.41
"pc5","rpi-4cpu",0.35,"seadec",1,4.44
"pc5","rpi-4cpu",0.35,"seadec",2,3.88
"pc5","rpi-4cpu",0.35,"seadec",3,4.06
"pc5","rpi-4cpu",0.35,"seadec",4,4.06
"pc5","rpi-4cpu",0.35,"seadec",1,4.11
"pc5","rpi-4cpu",0.35,"seadec",3,3.76
"pc5","rpi-4cpu",0.35,"seadec",4,3.83
"pc5","rpi-4cpu",0.35,"seadec",2,3.93
"pc5","rpi-4cpu",0.35,"seadec",1,4.05
"pc5","rpi-4cpu",0.35,"seadec",3,4.06
"pc5","rpi-4cpu",0.35,"seadec",2,4.08
"pc5","rpi-4cpu",0.35,"seadec",4,4.16
"pc5","rpi-4cpu",0.35,"seadec",1,4.27
"pc5","rpi-4cpu",0.35,"seadec",4,3.57
"pc5","rpi-4cpu",0.35,"seadec",3,3.95
"pc5","rpi-4cpu",0.35,"seadec",1,4.07
"pc5","rpi-4cpu",0.35,"seadec",2,4.09
"pc5","rpi-4cpu",0.35,"seadec",4,3.55
"pc5","rpi-4cpu",0.35,"seadec",1,4.18
"pc5","rpi-4cpu",0.35,"seadec",3,4.18
"pc5","rpi-4cpu",0.35,"seadec",2,4.18
"pc5","rpi-4cpu",0.35,"seadec",1,3.94
"pc5","rpi-4cpu",0.35,"seadec",2,3.94
"pc5","rpi-4cpu",0.35,"seadec",3,4.03
"pc5","rpi-4cpu",0.35,"seadec",4,4.65
"pc5","rpi-4cpu",0.35,"seadec",1,4.33
"pc5","rpi-4cpu",0.35,"seadec",3,4.41
"pc5","rpi-4cpu",0.35,"seadec",2,4.42
"pc5","rpi-4cpu",0.35,"seadec",4,5.11
"pc5","rpi-4cpu",0.35,"seadec",1,4.29
"pc5","rpi-4cpu",0.35,"seadec",2,4.3
"pc5","rpi-4cpu",0.35,"seadec",3,4.38
"pc5","rpi-4cpu",0.35,"seadec",4,5.15
"pc5","rpi-4cpu",0.35,"seadec",1,4
"pc5","rpi-4cpu",0.35,"seadec",2,3.99
"pc5","rpi-4cpu",0.35,"seadec",3,4.28
"pc5","rpi-4cpu",0.35,"seadec",4,4.59
"pc5","rpi-4cpu",0.35,"seadec",3,3.62
"pc5","rpi-4cpu",0.35,"seadec",2,4.32
"pc5","rpi-4cpu",0.35,"seadec",1,4.34
"pc5","rpi-4cpu",0.35,"seadec",4,5.01
"pc5","rpi-4cpu",0.35,"seadec",3,4.07
"pc5","rpi-4cpu",0.35,"seadec",1,4.36
"pc5","rpi-4cpu",0.35,"seadec",2,4.44
"pc5","rpi-4cpu",0.35,"seadec",4,5.34
"pc5","rpi-4cpu",0.35,"seadec",2,4.38
"pc5","rpi-4cpu",0.35,"seadec",1,4.38
"pc5","rpi-4cpu",0.35,"seadec",4,5.02
"pc5","rpi-4cpu",0.35,"seadec",3,5.07
"pc5","rpi-4cpu",0.35,"seadec",2,4.33
"pc5","rpi-4cpu",0.35,"seadec",1,4.33
"pc5","rpi-4cpu",0.35,"seadec",4,5.17
"pc5","rpi-4cpu",0.35,"seadec",3,5.21
"pc5","rpi-4cpu",0.35,"seadec",2,4.42
"pc5","rpi-4cpu",0.35,"seadec",1,4.47
"pc5","rpi-4cpu",0.35,"seadec",4,5.04
"pc5","rpi-4cpu",0.35,"seadec",3,5.04
"pc5","rpi-4cpu",0.45,"seadec",4,2.94
"pc5","rpi-4cpu",0.45,"seadec",3,2.94
"pc5","rpi-4cpu",0.45,"seadec",2,3.06
"pc5","rpi-4cpu",0.45,"seadec",2,2.85
"pc5","rpi-4cpu",0.45,"seadec",3,2.86
"pc5","rpi-4cpu",0.45,"seadec",4,2.86
"pc5","rpi-4cpu",0.45,"seadec",4,2.76
"pc5","rpi-4cpu",0.45,"seadec",3,2.76
"pc5","rpi-4cpu",0.45,"seadec",2,2.78
"pc5","rpi-4cpu",0.45,"seadec",1,2.85
"pc5","rpi-4cpu",0.45,"seadec",1,2.5
"pc5","rpi-4cpu",0.45,"seadec",2,2.81
"pc5","rpi-4cpu",0.45,"seadec",3,2.81
"pc5","rpi-4cpu",0.45,"seadec",4,2.85
"pc5","rpi-4cpu",0.45,"seadec",2,2.61
"pc5","rpi-4cpu",0.45,"seadec",3,2.98
"pc5","rpi-4cpu",0.45,"seadec",1,3
"pc5","rpi-4cpu",0.45,"seadec",4,2.99
"pc5","rpi-4cpu",0.45,"seadec",1,2.25
"pc5","rpi-4cpu",0.45,"seadec",4,2.62
"pc5","rpi-4cpu",0.45,"seadec",3,2.73
"pc5","rpi-4cpu",0.45,"seadec",2,2.73
"pc5","rpi-4cpu",0.45,"seadec",1,2.45
"pc5","rpi-4cpu",0.45,"seadec",4,2.62
"pc5","rpi-4cpu",0.45,"seadec",2,2.73
"pc5","rpi-4cpu",0.45,"seadec",3,2.73
"pc5","rpi-4cpu",0.45,"seadec",4,2.72
"pc5","rpi-4cpu",0.45,"seadec",2,2.83
"pc5","rpi-4cpu",0.45,"seadec",1,2.85
"pc5","rpi-4cpu",0.45,"seadec",3,2.84
"pc5","rpi-4cpu",0.45,"seadec",4,2.66
"pc5","rpi-4cpu",0.45,"seadec",3,2.76
"pc5","rpi-4cpu",0.45,"seadec",1,2.84
"pc5","rpi-4cpu",0.45,"seadec",2,2.85
"pc5","rpi-4cpu",0.45,"seadec",4,2.76
"pc5","rpi-4cpu",0.45,"seadec",3,2.78
"pc5","rpi-4cpu",0.45,"seadec",1,2.9
"pc5","rpi-4cpu",0.45,"seadec",2,2.9
"pc5","rpi-4cpu",0.45,"seadec",4,2.64
"pc5","rpi-4cpu",0.45,"seadec",3,2.73
"pc5","rpi-4cpu",0.45,"seadec",1,2.78
"pc5","rpi-4cpu",0.45,"seadec",2,2.82
"pc5","rpi-4cpu",0.45,"seadec",3,2.72
"pc5","rpi-4cpu",0.45,"seadec",1,2.72
"pc5","rpi-4cpu",0.45,"seadec",4,2.77
"pc5","rpi-4cpu",0.45,"seadec",2,2.79
"pc5","rpi-4cpu",0.45,"seadec",3,2.66
"pc5","rpi-4cpu",0.45,"seadec",1,2.7
"pc5","rpi-4cpu",0.45,"seadec",2,2.7
"pc5","rpi-4cpu",0.45,"seadec",4,2.66
"pc5","rpi-4cpu",0.45,"seadec",2,2.77
"pc5","rpi-4cpu",0.45,"seadec",3,2.77
"pc5","rpi-4cpu",0.45,"seadec",4,2.83
"pc5","rpi-4cpu",0.45,"seadec",1,2.87
"pc5","rpi-4cpu",0.45,"seadec",4,2.68
"pc5","rpi-4cpu",0.45,"seadec",2,2.68
"pc5","rpi-4cpu",0.45,"seadec",3,2.75
"pc5","rpi-4cpu",0.45,"seadec",1,2.76
"pc5","rpi-4cpu",0.45,"seadec",1,2.79
"pc5","rpi-4cpu",0.45,"seadec",3,2.81
"pc5","rpi-4cpu",0.45,"seadec",4,2.86
"pc5","rpi-4cpu",0.45,"seadec",2,2.88
"pc5","rpi-4cpu",0.45,"seadec",1,2.8
"pc5","rpi-4cpu",0.45,"seadec",3,2.87
"pc5","rpi-4cpu",0.45,"seadec",4,2.87
"pc5","rpi-4cpu",0.45,"seadec",2,2.9
"pc5","rpi-4cpu",0.45,"seadec",2,2.67
"pc5","rpi-4cpu",0.45,"seadec",4,2.75
"pc5","rpi-4cpu",0.45,"seadec",1,2.78
"pc5","rpi-4cpu",0.45,"seadec",3,2.95
"pc5","rpi-4cpu",0.45,"seadec",4,2.48
"pc5","rpi-4cpu",0.45,"seadec",1,2.87
"pc5","rpi-4cpu",0.45,"seadec",3,2.89
"pc5","rpi-4cpu",0.45,"seadec",2,2.95
"pc5","rpi-4cpu",0.45,"seadec",4,2.28
"pc5","rpi-4cpu",0.45,"seadec",1,2.58
"pc5","rpi-4cpu",0.45,"seadec",2,2.67
"pc5","rpi-4cpu",0.45,"seadec",3,2.77
"pc5","rpi-4cpu",0.45,"seadec",1,2.69
"pc5","rpi-4cpu",0.45,"seadec",3,2.76
"pc5","rpi-4cpu",0.45,"seadec",2,2.76
"pc5","rpi-4cpu",0.45,"seadec",4,3.33
"pc5","rpi-4cpu",0.45,"seadec",3,2.89
"pc5","rpi-4cpu",0.45,"seadec",1,2.89
"pc5","rpi-4cpu",0.45,"seadec",2,2.93
"pc5","rpi-4cpu",0.45,"seadec",4,3.43
"pc5","rpi-4cpu",0.45,"seadec",3,2.76
"pc5","rpi-4cpu",0.45,"seadec",1,2.86
"pc5","rpi-4cpu",0.45,"seadec",2,2.85
"pc5","rpi-4cpu",0.45,"seadec",4,3.12
"pc5","rpi-4cpu",0.45,"seadec",3,2.38
"pc5","rpi-4cpu",0.45,"seadec",1,2.78
"pc5","rpi-4cpu",0.45,"seadec",2,2.79
"pc5","rpi-4cpu",0.45,"seadec",4,3.17
"pc5","rpi-4cpu",0.45,"seadec",3,2.24
"pc5","rpi-4cpu",0.45,"seadec",1,2.67
"pc5","rpi-4cpu",0.45,"seadec",2,2.73
"pc5","rpi-4cpu",0.45,"seadec",4,3.04
"pc5","rpi-4cpu",0.45,"seadec",1,2.78
"pc5","rpi-4cpu",0.45,"seadec",2,2.86
"pc5","rpi-4cpu",0.45,"seadec",3,3.53
"pc5","rpi-4cpu",0.45,"seadec",4,3.55
"pc5","rpi-4cpu",0.45,"seadec",2,2.35
"pc5","rpi-4cpu",0.45,"seadec",1,2.85
"pc5","rpi-4cpu",0.45,"seadec",3,3.63
"pc5","rpi-4cpu",0.45,"seadec",4,3.64
"pc5","rpi-4cpu",0.45,"seadec",2,2.41
"pc5","rpi-4cpu",0.45,"seadec",1,2.79
"pc5","rpi-4cpu",0.45,"seadec",3,3.39
"pc5","rpi-4cpu",0.45,"seadec",4,3.45
"pc5","rpi-4cpu",0.45,"seadec",1,2.83
"pc5","rpi-4cpu",0.45,"seadec",2,3.58
"pc5","rpi-4cpu",0.45,"seadec",3,3.58
"pc5","rpi-4cpu",0.45,"seadec",4,3.66
"pc5","rpi-4cpu",0.45,"seadec",1,3.1
"pc5","rpi-4cpu",0.45,"seadec",2,3.78
"pc5","rpi-4cpu",0.45,"seadec",4,3.78
"pc5","rpi-4cpu",0.45,"seadec",3,3.8
"pc5","rpi-4cpu",0.55,"seadec",2,2
"pc5","rpi-4cpu",0.55,"seadec",4,2.29
"pc5","rpi-4cpu",0.55,"seadec",3,2.29
"pc5","rpi-4cpu",0.55,"seadec",1,2.06
"pc5","rpi-4cpu",0.55,"seadec",3,2.21
"pc5","rpi-4cpu",0.55,"seadec",4,2.21
"pc5","rpi-4cpu",0.55,"seadec",2,2.25
"pc5","rpi-4cpu",0.55,"seadec",1,1.96
"pc5","rpi-4cpu",0.55,"seadec",3,2.22
"pc5","rpi-4cpu",0.55,"seadec",4,2.24
"pc5","rpi-4cpu",0.55,"seadec",2,2.24
"pc5","rpi-4cpu",0.55,"seadec",1,1.96
"pc5","rpi-4cpu",0.55,"seadec",3,2.22
"pc5","rpi-4cpu",0.55,"seadec",2,2.24
"pc5","rpi-4cpu",0.55,"seadec",4,2.24
"pc5","rpi-4cpu",0.55,"seadec",1,1.87
"pc5","rpi-4cpu",0.55,"seadec",2,2.18
"pc5","rpi-4cpu",0.55,"seadec",3,2.23
"pc5","rpi-4cpu",0.55,"seadec",4,2.24
"pc5","rpi-4cpu",0.55,"seadec",1,1.85
"pc5","rpi-4cpu",0.55,"seadec",2,2.24
"pc5","rpi-4cpu",0.55,"seadec",4,2.25
"pc5","rpi-4cpu",0.55,"seadec",3,2.26
"pc5","rpi-4cpu",0.55,"seadec",4,2.16
"pc5","rpi-4cpu",0.55,"seadec",1,2.24
"pc5","rpi-4cpu",0.55,"seadec",2,2.26
"pc5","rpi-4cpu",0.55,"seadec",3,2.32
"pc5","rpi-4cpu",0.55,"seadec",4,2.17
"pc5","rpi-4cpu",0.55,"seadec",2,2.2
"pc5","rpi-4cpu",0.55,"seadec",3,2.27
"pc5","rpi-4cpu",0.55,"seadec",1,2.27
"pc5","rpi-4cpu",0.55,"seadec",4,2.15
"pc5","rpi-4cpu",0.55,"seadec",1,2.21
"pc5","rpi-4cpu",0.55,"seadec",3,2.2
"pc5","rpi-4cpu",0.55,"seadec",2,2.2
"pc5","rpi-4cpu",0.55,"seadec",3,2.13
"pc5","rpi-4cpu",0.55,"seadec",1,2.22
"pc5","rpi-4cpu",0.55,"seadec",2,2.21
"pc5","rpi-4cpu",0.55,"seadec",4,2.18
"pc5","rpi-4cpu",0.55,"seadec",3,2.18
"pc5","rpi-4cpu",0.55,"seadec",4,2.21
"pc5","rpi-4cpu",0.55,"seadec",1,2.21
"pc5","rpi-4cpu",0.55,"seadec",2,2.24
"pc5","rpi-4cpu",0.55,"seadec",4,2.11
"pc5","rpi-4cpu",0.55,"seadec",1,2.21
"pc5","rpi-4cpu",0.55,"seadec",2,2.21
"pc5","rpi-4cpu",0.55,"seadec",3,2.22
"pc5","rpi-4cpu",0.55,"seadec",4,2.15
"pc5","rpi-4cpu",0.55,"seadec",3,2.25
"pc5","rpi-4cpu",0.55,"seadec",1,2.25
"pc5","rpi-4cpu",0.55,"seadec",2,2.27
"pc5","rpi-4cpu",0.55,"seadec",3,2.15
"pc5","rpi-4cpu",0.55,"seadec",4,2.16
"pc5","rpi-4cpu",0.55,"seadec",2,2.16
"pc5","rpi-4cpu",0.55,"seadec",1,2.23
"pc5","rpi-4cpu",0.55,"seadec",2,2.12
"pc5","rpi-4cpu",0.55,"seadec",4,2.18
"pc5","rpi-4cpu",0.55,"seadec",1,2.18
"pc5","rpi-4cpu",0.55,"seadec",3,2.18
"pc5","rpi-4cpu",0.55,"seadec",3,2.11
"pc5","rpi-4cpu",0.55,"seadec",2,2.18
"pc5","rpi-4cpu",0.55,"seadec",1,2.18
"pc5","rpi-4cpu",0.55,"seadec",4,2.17
"pc5","rpi-4cpu",0.55,"seadec",1,2.16
"pc5","rpi-4cpu",0.55,"seadec",3,2.16
"pc5","rpi-4cpu",0.55,"seadec",4,2.16
"pc5","rpi-4cpu",0.55,"seadec",2,2.16
"pc5","rpi-4cpu",0.55,"seadec",1,2.09
"pc5","rpi-4cpu",0.55,"seadec",4,2.16
"pc5","rpi-4cpu",0.55,"seadec",3,2.18
"pc5","rpi-4cpu",0.55,"seadec",2,2.24
"pc5","rpi-4cpu",0.55,"seadec",1,2.07
"pc5","rpi-4cpu",0.55,"seadec",4,2.05
"pc5","rpi-4cpu",0.55,"seadec",3,2.14
"pc5","rpi-4cpu",0.55,"seadec",2,2.16
"pc5","rpi-4cpu",0.55,"seadec",4,1.79
"pc5","rpi-4cpu",0.55,"seadec",1,2.02
"pc5","rpi-4cpu",0.55,"seadec",2,2.08
"pc5","rpi-4cpu",0.55,"seadec",3,2.09
"pc5","rpi-4cpu",0.55,"seadec",4,1.86
"pc5","rpi-4cpu",0.55,"seadec",1,2.06
"pc5","rpi-4cpu",0.55,"seadec",3,2.13
"pc5","rpi-4cpu",0.55,"seadec",2,2.15
"pc5","rpi-4cpu",0.55,"seadec",1,2.26
"pc5","rpi-4cpu",0.55,"seadec",3,2.25
"pc5","rpi-4cpu",0.55,"seadec",2,2.34
"pc5","rpi-4cpu",0.55,"seadec",4,2.63
"pc5","rpi-4cpu",0.55,"seadec",1,2.26
"pc5","rpi-4cpu",0.55,"seadec",2,2.28
"pc5","rpi-4cpu",0.55,"seadec",3,2.31
"pc5","rpi-4cpu",0.55,"seadec",4,2.53
"pc5","rpi-4cpu",0.55,"seadec",2,2.29
"pc5","rpi-4cpu",0.55,"seadec",3,2.29
"pc5","rpi-4cpu",0.55,"seadec",1,2.29
"pc5","rpi-4cpu",0.55,"seadec",4,2.67
"pc5","rpi-4cpu",0.55,"seadec",3,1.84
"pc5","rpi-4cpu",0.55,"seadec",1,2.2
"pc5","rpi-4cpu",0.55,"seadec",2,2.24
"pc5","rpi-4cpu",0.55,"seadec",4,2.54
"pc5","rpi-4cpu",0.55,"seadec",4,1.87
"pc5","rpi-4cpu",0.55,"seadec",2,2.19
"pc5","rpi-4cpu",0.55,"seadec",1,2.25
"pc5","rpi-4cpu",0.55,"seadec",3,2.54
"pc5","rpi-4cpu",0.55,"seadec",1,2.29
"pc5","rpi-4cpu",0.55,"seadec",2,2.29
"pc5","rpi-4cpu",0.55,"seadec",4,2.74
"pc5","rpi-4cpu",0.55,"seadec",3,2.76
"pc5","rpi-4cpu",0.55,"seadec",1,2.24
"pc5","rpi-4cpu",0.55,"seadec",2,2.33
"pc5","rpi-4cpu",0.55,"seadec",4,2.73
"pc5","rpi-4cpu",0.55,"seadec",3,2.73
"pc5","rpi-4cpu",0.55,"seadec",2,1.84
"pc5","rpi-4cpu",0.55,"seadec",1,2.2
"pc5","rpi-4cpu",0.55,"seadec",4,2.62
"pc5","rpi-4cpu",0.55,"seadec",3,2.62
"pc5","rpi-4cpu",0.55,"seadec",2,1.86
"pc5","rpi-4cpu",0.55,"seadec",1,2.24
"pc5","rpi-4cpu",0.55,"seadec",3,2.65
"pc5","rpi-4cpu",0.55,"seadec",4,2.7
"pc5","rpi-4cpu",0.65,"seadec",4,1.94
"pc5","rpi-4cpu",0.65,"seadec",3,2
"pc5","rpi-4cpu",0.65,"seadec",2,2.03
"pc5","rpi-4cpu",0.65,"seadec",4,1.86
"pc5","rpi-4cpu",0.65,"seadec",2,1.94
"pc5","rpi-4cpu",0.65,"seadec",3,1.94
"pc5","rpi-4cpu",0.65,"seadec",1,2.04
"pc5","rpi-4cpu",0.65,"seadec",1,1.68
"pc5","rpi-4cpu",0.65,"seadec",3,1.87
"pc5","rpi-4cpu",0.65,"seadec",4,1.88
"pc5","rpi-4cpu",0.65,"seadec",2,1.96
"pc5","rpi-4cpu",0.65,"seadec",1,1.62
"pc5","rpi-4cpu",0.65,"seadec",4,1.79
"pc5","rpi-4cpu",0.65,"seadec",2,1.84
"pc5","rpi-4cpu",0.65,"seadec",3,1.88
"pc5","rpi-4cpu",0.65,"seadec",1,1.52
"pc5","rpi-4cpu",0.65,"seadec",4,1.78
"pc5","rpi-4cpu",0.65,"seadec",2,1.81
"pc5","rpi-4cpu",0.65,"seadec",3,1.83
"pc5","rpi-4cpu",0.65,"seadec",4,1.82
"pc5","rpi-4cpu",0.65,"seadec",1,1.88
"pc5","rpi-4cpu",0.65,"seadec",3,1.91
"pc5","rpi-4cpu",0.65,"seadec",2,1.92
"pc5","rpi-4cpu",0.65,"seadec",2,1.8
"pc5","rpi-4cpu",0.65,"seadec",1,1.84
"pc5","rpi-4cpu",0.65,"seadec",3,2.16
"pc5","rpi-4cpu",0.65,"seadec",4,2.17
"pc5","rpi-4cpu",0.65,"seadec",4,1.85
"pc5","rpi-4cpu",0.65,"seadec",2,1.89
"pc5","rpi-4cpu",0.65,"seadec",1,1.89
"pc5","rpi-4cpu",0.65,"seadec",3,1.93
"pc5","rpi-4cpu",0.65,"seadec",4,1.83
"pc5","rpi-4cpu",0.65,"seadec",3,1.85
"pc5","rpi-4cpu",0.65,"seadec",2,1.88
"pc5","rpi-4cpu",0.65,"seadec",1,1.96
"pc5","rpi-4cpu",0.65,"seadec",1,1.8
"pc5","rpi-4cpu",0.65,"seadec",3,1.81
"pc5","rpi-4cpu",0.65,"seadec",4,1.86
"pc5","rpi-4cpu",0.65,"seadec",2,1.9
"pc5","rpi-4cpu",0.65,"seadec",2,1.8
"pc5","rpi-4cpu",0.65,"seadec",3,1.84
"pc5","rpi-4cpu",0.65,"seadec",4,1.84
"pc5","rpi-4cpu",0.65,"seadec",1,1.87
"pc5","rpi-4cpu",0.65,"seadec",3,1.81
"pc5","rpi-4cpu",0.65,"seadec",2,1.85
"pc5","rpi-4cpu",0.65,"seadec",4,1.85
"pc5","rpi-4cpu",0.65,"seadec",1,1.88
"pc5","rpi-4cpu",0.65,"seadec",2,1.81
"pc5","rpi-4cpu",0.65,"seadec",4,1.81
"pc5","rpi-4cpu",0.65,"seadec",1,1.86
"pc5","rpi-4cpu",0.65,"seadec",3,1.86
"pc5","rpi-4cpu",0.65,"seadec",3,1.85
"pc5","rpi-4cpu",0.65,"seadec",4,1.9
"pc5","rpi-4cpu",0.65,"seadec",2,1.9
"pc5","rpi-4cpu",0.65,"seadec",1,1.9
"pc5","rpi-4cpu",0.65,"seadec",1,1.85
"pc5","rpi-4cpu",0.65,"seadec",3,1.85
"pc5","rpi-4cpu",0.65,"seadec",2,1.9
"pc5","rpi-4cpu",0.65,"seadec",4,1.89
"pc5","rpi-4cpu",0.65,"seadec",1,1.81
"pc5","rpi-4cpu",0.65,"seadec",3,1.82
"pc5","rpi-4cpu",0.65,"seadec",2,1.86
"pc5","rpi-4cpu",0.65,"seadec",4,1.86
"pc5","rpi-4cpu",0.65,"seadec",4,1.56
"pc5","rpi-4cpu",0.65,"seadec",1,1.78
"pc5","rpi-4cpu",0.65,"seadec",2,1.79
"pc5","rpi-4cpu",0.65,"seadec",3,1.8
"pc5","rpi-4cpu",0.65,"seadec",4,1.54
"pc5","rpi-4cpu",0.65,"seadec",2,1.81
"pc5","rpi-4cpu",0.65,"seadec",1,1.81
"pc5","rpi-4cpu",0.65,"seadec",3,1.81
"pc5","rpi-4cpu",0.65,"seadec",1,1.85
"pc5","rpi-4cpu",0.65,"seadec",2,1.86
"pc5","rpi-4cpu",0.65,"seadec",3,1.86
"pc5","rpi-4cpu",0.65,"seadec",4,2.23
"pc5","rpi-4cpu",0.65,"seadec",1,1.82
"pc5","rpi-4cpu",0.65,"seadec",2,1.88
"pc5","rpi-4cpu",0.65,"seadec",3,1.88
"pc5","rpi-4cpu",0.65,"seadec",4,2.18
"pc5","rpi-4cpu",0.65,"seadec",3,1.85
"pc5","rpi-4cpu",0.65,"seadec",2,1.88
"pc5","rpi-4cpu",0.65,"seadec",1,1.88
"pc5","rpi-4cpu",0.65,"seadec",4,2.18
"pc5","rpi-4cpu",0.65,"seadec",3,1.57
"pc5","rpi-4cpu",0.65,"seadec",1,1.87
"pc5","rpi-4cpu",0.65,"seadec",2,1.88
"pc5","rpi-4cpu",0.65,"seadec",4,2.16
"pc5","rpi-4cpu",0.65,"seadec",3,1.52
"pc5","rpi-4cpu",0.65,"seadec",1,1.86
"pc5","rpi-4cpu",0.65,"seadec",2,1.86
"pc5","rpi-4cpu",0.65,"seadec",4,2.11
"pc5","rpi-4cpu",0.65,"seadec",2,1.97
"pc5","rpi-4cpu",0.65,"seadec",1,2
"pc5","rpi-4cpu",0.65,"seadec",4,2.39
"pc5","rpi-4cpu",0.65,"seadec",3,2.45
"pc5","rpi-4cpu",0.65,"seadec",1,1.96
"pc5","rpi-4cpu",0.65,"seadec",2,1.97
"pc5","rpi-4cpu",0.65,"seadec",4,2.26
"pc5","rpi-4cpu",0.65,"seadec",3,2.31
"pc5","rpi-4cpu",0.65,"seadec",2,1.63
"pc5","rpi-4cpu",0.65,"seadec",1,1.93
"pc5","rpi-4cpu",0.65,"seadec",3,2.27
"pc5","rpi-4cpu",0.65,"seadec",4,2.27
"pc5","rpi-4cpu",0.65,"seadec",2,1.66
"pc5","rpi-4cpu",0.65,"seadec",1,1.95
"pc5","rpi-4cpu",0.65,"seadec",3,2.24
"pc5","rpi-4cpu",0.65,"seadec",4,2.24
"pc5","rpi-4cpu",0.65,"seadec",1,2.03
"pc5","rpi-4cpu",0.65,"seadec",3,2.44
"pc5","rpi-4cpu",0.65,"seadec",2,2.45
"pc5","rpi-4cpu",0.65,"seadec",4,2.45
"pc5","rpi-4cpu",0.65,"seadec",1,2.04
"pc5","rpi-4cpu",0.65,"seadec",4,2.48
"pc5","rpi-4cpu",0.65,"seadec",3,2.48
"pc5","rpi-4cpu",0.65,"seadec",2,2.5
"pc5","rpi-4cpu",0.65,"seadec",1,2.03
"pc5","rpi-4cpu",0.65,"seadec",3,2.42
"pc5","rpi-4cpu",0.65,"seadec",4,2.43
"pc5","rpi-4cpu",0.65,"seadec",2,2.43
"pc5","rpi-4cpu",0.75,"seadec",1,1.55
"pc5","rpi-4cpu",0.75,"seadec",3,1.8
"pc5","rpi-4cpu",0.75,"seadec",4,1.8
"pc5","rpi-4cpu",0.75,"seadec",2,1.86
"pc5","rpi-4cpu",0.75,"seadec",1,1.44
"pc5","rpi-4cpu",0.75,"seadec",3,1.65
"pc5","rpi-4cpu",0.75,"seadec",2,1.67
"pc5","rpi-4cpu",0.75,"seadec",4,1.67
"pc5","rpi-4cpu",0.75,"seadec",1,1.53
"pc5","rpi-4cpu",0.75,"seadec",4,1.64
"pc5","rpi-4cpu",0.75,"seadec",3,1.64
"pc5","rpi-4cpu",0.75,"seadec",2,1.66
"pc5","rpi-4cpu",0.75,"seadec",1,1.36
"pc5","rpi-4cpu",0.75,"seadec",3,1.62
"pc5","rpi-4cpu",0.75,"seadec",4,1.62
"pc5","rpi-4cpu",0.75,"seadec",2,1.62
"pc5","rpi-4cpu",0.75,"seadec",1,1.35
"pc5","rpi-4cpu",0.75,"seadec",4,1.53
"pc5","rpi-4cpu",0.75,"seadec",3,1.58
"pc5","rpi-4cpu",0.75,"seadec",2,1.58
"pc5","rpi-4cpu",0.75,"seadec",4,1.57
"pc5","rpi-4cpu",0.75,"seadec",3,1.63
"pc5","rpi-4cpu",0.75,"seadec",2,1.66
"pc5","rpi-4cpu",0.75,"seadec",1,1.68
"pc5","rpi-4cpu",0.75,"seadec",4,1.63
"pc5","rpi-4cpu",0.75,"seadec",3,1.65
"pc5","rpi-4cpu",0.75,"seadec",2,1.7
"pc5","rpi-4cpu",0.75,"seadec",1,1.7
"pc5","rpi-4cpu",0.75,"seadec",4,1.56
"pc5","rpi-4cpu",0.75,"seadec",3,1.61
"pc5","rpi-4cpu",0.75,"seadec",2,1.65
"pc5","rpi-4cpu",0.75,"seadec",1,1.66
"pc5","rpi-4cpu",0.75,"seadec",4,1.58
"pc5","rpi-4cpu",0.75,"seadec",3,1.65
"pc5","rpi-4cpu",0.75,"seadec",2,1.68
"pc5","rpi-4cpu",0.75,"seadec",1,1.69
"pc5","rpi-4cpu",0.75,"seadec",2,1.57
"pc5","rpi-4cpu",0.75,"seadec",3,1.63
"pc5","rpi-4cpu",0.75,"seadec",4,1.62
"pc5","rpi-4cpu",0.75,"seadec",1,1.67
"pc5","rpi-4cpu",0.75,"seadec",3,1.64
"pc5","rpi-4cpu",0.75,"seadec",1,1.62
"pc5","rpi-4cpu",0.75,"seadec",2,1.64
"pc5","rpi-4cpu",0.75,"seadec",4,1.64
"pc5","rpi-4cpu",0.75,"seadec",4,1.59
"pc5","rpi-4cpu",0.75,"seadec",1,1.66
"pc5","rpi-4cpu",0.75,"seadec",2,1.64
"pc5","rpi-4cpu",0.75,"seadec",3,1.62
"pc5","rpi-4cpu",0.75,"seadec",2,1.63
"pc5","rpi-4cpu",0.75,"seadec",3,1.63
"pc5","rpi-4cpu",0.75,"seadec",4,1.63
"pc5","rpi-4cpu",0.75,"seadec",1,1.72
"pc5","rpi-4cpu",0.75,"seadec",2,1.63
"pc5","rpi-4cpu",0.75,"seadec",1,1.63
"pc5","rpi-4cpu",0.75,"seadec",4,1.63
"pc5","rpi-4cpu",0.75,"seadec",3,1.64
"pc5","rpi-4cpu",0.75,"seadec",3,1.56
"pc5","rpi-4cpu",0.75,"seadec",2,1.6
"pc5","rpi-4cpu",0.75,"seadec",4,1.6
"pc5","rpi-4cpu",0.75,"seadec",1,1.63
"pc5","rpi-4cpu",0.75,"seadec",4,1.37
"pc5","rpi-4cpu",0.75,"seadec",3,1.57
"pc5","rpi-4cpu",0.75,"seadec",2,1.59
"pc5","rpi-4cpu",0.75,"seadec",1,1.62
"pc5","rpi-4cpu",0.75,"seadec",4,1.34
"pc5","rpi-4cpu",0.75,"seadec",1,1.55
"pc5","rpi-4cpu",0.75,"seadec",3,1.55
"pc5","rpi-4cpu",0.75,"seadec",2,1.57
"pc5","rpi-4cpu",0.75,"seadec",1,1.62
"pc5","rpi-4cpu",0.75,"seadec",3,1.62
"pc5","rpi-4cpu",0.75,"seadec",2,1.63
"pc5","rpi-4cpu",0.75,"seadec",4,1.9
"pc5","rpi-4cpu",0.75,"seadec",1,1.62
"pc5","rpi-4cpu",0.75,"seadec",2,1.62
"pc5","rpi-4cpu",0.75,"seadec",3,1.64
"pc5","rpi-4cpu",0.75,"seadec",4,1.94
"pc5","rpi-4cpu",0.75,"seadec",1,1.64
"pc5","rpi-4cpu",0.75,"seadec",2,1.64
"pc5","rpi-4cpu",0.75,"seadec",3,1.67
"pc5","rpi-4cpu",0.75,"seadec",4,1.92
"pc5","rpi-4cpu",0.75,"seadec",4,2.23
"pc5","rpi-4cpu",0.75,"seadec",3,2.26
"pc5","rpi-4cpu",0.75,"seadec",2,2.28
"pc5","rpi-4cpu",0.75,"seadec",1,2.32
"pc5","rpi-4cpu",0.75,"seadec",3,1.36
"pc5","rpi-4cpu",0.75,"seadec",2,1.66
"pc5","rpi-4cpu",0.75,"seadec",1,1.66
"pc5","rpi-4cpu",0.75,"seadec",4,1.85
"pc5","rpi-4cpu",0.75,"seadec",3,1.32
"pc5","rpi-4cpu",0.75,"seadec",1,1.62
"pc5","rpi-4cpu",0.75,"seadec",2,1.62
"pc5","rpi-4cpu",0.75,"seadec",4,1.83
"pc5","rpi-4cpu",0.75,"seadec",1,1.74
"pc5","rpi-4cpu",0.75,"seadec",2,1.74
"pc5","rpi-4cpu",0.75,"seadec",3,2.03
"pc5","rpi-4cpu",0.75,"seadec",4,2.07
"pc5","rpi-4cpu",0.75,"seadec",1,1.69
"pc5","rpi-4cpu",0.75,"seadec",2,1.71
"pc5","rpi-4cpu",0.75,"seadec",3,1.98
"pc5","rpi-4cpu",0.75,"seadec",4,2.02
"pc5","rpi-4cpu",0.75,"seadec",2,1.73
"pc5","rpi-4cpu",0.75,"seadec",1,1.76
"pc5","rpi-4cpu",0.75,"seadec",4,2.03
"pc5","rpi-4cpu",0.75,"seadec",3,2.03
"pc5","rpi-4cpu",0.75,"seadec",1,1.69
"pc5","rpi-4cpu",0.75,"seadec",2,1.76
"pc5","rpi-4cpu",0.75,"seadec",4,2.03
"pc5","rpi-4cpu",0.75,"seadec",3,2.06
"pc5","rpi-4cpu",0.75,"seadec",2,1.4
"pc5","rpi-4cpu",0.75,"seadec",1,1.69
"pc5","rpi-4cpu",0.75,"seadec",4,2
"pc5","rpi-4cpu",0.75,"seadec",3,2
"pc5","rpi-4cpu",0.75,"seadec",2,1.42
"pc5","rpi-4cpu",0.75,"seadec",1,1.7
"pc5","rpi-4cpu",0.75,"seadec",3,1.98
"pc5","rpi-4cpu",0.75,"seadec",4,1.99
"pc5","rpi-4cpu",0.75,"seadec",1,1.72
"pc5","rpi-4cpu",0.75,"seadec",2,2.11
"pc5","rpi-4cpu",0.75,"seadec",4,2.14
"pc5","rpi-4cpu",0.75,"seadec",3,2.16
"pc5","rpi-4cpu",0.85,"seadec",1,1.43
"pc5","rpi-4cpu",0.85,"seadec",3,1.65
"pc5","rpi-4cpu",0.85,"seadec",4,1.63
"pc5","rpi-4cpu",0.85,"seadec",2,1.65
"pc5","rpi-4cpu",0.85,"seadec",1,1.28
"pc5","rpi-4cpu",0.85,"seadec",4,1.46
"pc5","rpi-4cpu",0.85,"seadec",2,1.5
"pc5","rpi-4cpu",0.85,"seadec",3,1.5
"pc5","rpi-4cpu",0.85,"seadec",1,1.3
"pc5","rpi-4cpu",0.85,"seadec",4,1.52
"pc5","rpi-4cpu",0.85,"seadec",3,1.52
"pc5","rpi-4cpu",0.85,"seadec",2,1.52
"pc5","rpi-4cpu",0.85,"seadec",1,1.24
"pc5","rpi-4cpu",0.85,"seadec",3,1.48
"pc5","rpi-4cpu",0.85,"seadec",2,1.48
"pc5","rpi-4cpu",0.85,"seadec",4,1.48
"pc5","rpi-4cpu",0.85,"seadec",4,1.46
"pc5","rpi-4cpu",0.85,"seadec",3,1.46
"pc5","rpi-4cpu",0.85,"seadec",1,1.51
"pc5","rpi-4cpu",0.85,"seadec",2,1.51
"pc5","rpi-4cpu",0.85,"seadec",4,1.45
"pc5","rpi-4cpu",0.85,"seadec",3,1.45
"pc5","rpi-4cpu",0.85,"seadec",1,1.57
"pc5","rpi-4cpu",0.85,"seadec",2,1.57
"pc5","rpi-4cpu",0.85,"seadec",4,1.44
"pc5","rpi-4cpu",0.85,"seadec",2,1.47
"pc5","rpi-4cpu",0.85,"seadec",3,1.46
"pc5","rpi-4cpu",0.85,"seadec",1,1.51
"pc5","rpi-4cpu",0.85,"seadec",4,1.42
"pc5","rpi-4cpu",0.85,"seadec",3,1.46
"pc5","rpi-4cpu",0.85,"seadec",2,1.49
"pc5","rpi-4cpu",0.85,"seadec",1,1.51
"pc5","rpi-4cpu",0.85,"seadec",1,1.5
"pc5","rpi-4cpu",0.85,"seadec",2,1.54
"pc5","rpi-4cpu",0.85,"seadec",3,1.54
"pc5","rpi-4cpu",0.85,"seadec",4,1.54
"pc5","rpi-4cpu",0.85,"seadec",2,1.48
"pc5","rpi-4cpu",0.85,"seadec",4,1.47
"pc5","rpi-4cpu",0.85,"seadec",1,1.51
"pc5","rpi-4cpu",0.85,"seadec",3,1.56
"pc5","rpi-4cpu",0.85,"seadec",2,1.41
"pc5","rpi-4cpu",0.85,"seadec",1,1.41
"pc5","rpi-4cpu",0.85,"seadec",3,1.43
"pc5","rpi-4cpu",0.85,"seadec",4,1.43
"pc5","rpi-4cpu",0.85,"seadec",1,1.44
"pc5","rpi-4cpu",0.85,"seadec",3,1.44
"pc5","rpi-4cpu",0.85,"seadec",4,1.45
"pc5","rpi-4cpu",0.85,"seadec",2,1.47
"pc5","rpi-4cpu",0.85,"seadec",2,1.41
"pc5","rpi-4cpu",0.85,"seadec",3,1.42
"pc5","rpi-4cpu",0.85,"seadec",4,1.44
"pc5","rpi-4cpu",0.85,"seadec",1,1.46
"pc5","rpi-4cpu",0.85,"seadec",3,1.44
"pc5","rpi-4cpu",0.85,"seadec",2,1.45
"pc5","rpi-4cpu",0.85,"seadec",4,1.45
"pc5","rpi-4cpu",0.85,"seadec",1,1.49
"pc5","rpi-4cpu",0.85,"seadec",2,1.42
"pc5","rpi-4cpu",0.85,"seadec",3,1.47
"pc5","rpi-4cpu",0.85,"seadec",1,1.47
"pc5","rpi-4cpu",0.85,"seadec",4,1.47
"pc5","rpi-4cpu",0.85,"seadec",3,1.42
"pc5","rpi-4cpu",0.85,"seadec",2,1.43
"pc5","rpi-4cpu",0.85,"seadec",4,1.45
"pc5","rpi-4cpu",0.85,"seadec",1,1.47
"pc5","rpi-4cpu",0.85,"seadec",4,1.19
"pc5","rpi-4cpu",0.85,"seadec",3,1.4
"pc5","rpi-4cpu",0.85,"seadec",1,1.4
"pc5","rpi-4cpu",0.85,"seadec",2,1.4
"pc5","rpi-4cpu",0.85,"seadec",4,1.23
"pc5","rpi-4cpu",0.85,"seadec",2,1.42
"pc5","rpi-4cpu",0.85,"seadec",1,1.44
"pc5","rpi-4cpu",0.85,"seadec",3,1.43
"pc5","rpi-4cpu",0.85,"seadec",3,1.44
"pc5","rpi-4cpu",0.85,"seadec",2,1.49
"pc5","rpi-4cpu",0.85,"seadec",1,1.49
"pc5","rpi-4cpu",0.85,"seadec",4,1.69
"pc5","rpi-4cpu",0.85,"seadec",1,1.45
"pc5","rpi-4cpu",0.85,"seadec",2,1.45
"pc5","rpi-4cpu",0.85,"seadec",3,1.45
"pc5","rpi-4cpu",0.85,"seadec",4,1.67
"pc5","rpi-4cpu",0.85,"seadec",2,1.49
"pc5","rpi-4cpu",0.85,"seadec",1,1.5
"pc5","rpi-4cpu",0.85,"seadec",3,1.5
"pc5","rpi-4cpu",0.85,"seadec",4,1.76
"pc5","rpi-4cpu",0.85,"seadec",2,1.5
"pc5","rpi-4cpu",0.85,"seadec",3,1.53
"pc5","rpi-4cpu",0.85,"seadec",1,1.58
"pc5","rpi-4cpu",0.85,"seadec",4,1.74
"pc5","rpi-4cpu",0.85,"seadec",3,1.18
"pc5","rpi-4cpu",0.85,"seadec",1,1.41
"pc5","rpi-4cpu",0.85,"seadec",2,1.43
"pc5","rpi-4cpu",0.85,"seadec",4,1.66
"pc5","rpi-4cpu",0.85,"seadec",3,1.26
"pc5","rpi-4cpu",0.85,"seadec",2,1.48
"pc5","rpi-4cpu",0.85,"seadec",1,1.48
"pc5","rpi-4cpu",0.85,"seadec",4,1.65
"pc5","rpi-4cpu",0.85,"seadec",1,1.58
"pc5","rpi-4cpu",0.85,"seadec",2,1.6
"pc5","rpi-4cpu",0.85,"seadec",3,1.79
"pc5","rpi-4cpu",0.85,"seadec",4,1.82
"pc5","rpi-4cpu",0.85,"seadec",3,1.51
"pc5","rpi-4cpu",0.85,"seadec",1,1.54
"pc5","rpi-4cpu",0.85,"seadec",2,1.78
"pc5","rpi-4cpu",0.85,"seadec",4,1.82
"pc5","rpi-4cpu",0.85,"seadec",1,1.52
"pc5","rpi-4cpu",0.85,"seadec",2,1.52
"pc5","rpi-4cpu",0.85,"seadec",3,1.79
"pc5","rpi-4cpu",0.85,"seadec",4,1.82
"pc5","rpi-4cpu",0.85,"seadec",2,1.25
"pc5","rpi-4cpu",0.85,"seadec",1,1.53
"pc5","rpi-4cpu",0.85,"seadec",4,1.78
"pc5","rpi-4cpu",0.85,"seadec",3,1.8
"pc5","rpi-4cpu",0.85,"seadec",2,1.28
"pc5","rpi-4cpu",0.85,"seadec",1,1.5
"pc5","rpi-4cpu",0.85,"seadec",3,1.76
"pc5","rpi-4cpu",0.85,"seadec",4,1.78
"pc5","rpi-4cpu",0.85,"seadec",1,1.53
"pc5","rpi-4cpu",0.85,"seadec",3,1.88
"pc5","rpi-4cpu",0.85,"seadec",4,1.89
"pc5","rpi-4cpu",0.85,"seadec",2,1.94
"pc5","rpi-4cpu",0.95,"seadec",1,1.39
"pc5","rpi-4cpu",0.95,"seadec",2,1.53
"pc5","rpi-4cpu",0.95,"seadec",3,1.51
"pc5","rpi-4cpu",0.95,"seadec",4,1.55
"pc5","rpi-4cpu",0.95,"seadec",1,1.24
"pc5","rpi-4cpu",0.95,"seadec",3,1.33
"pc5","rpi-4cpu",0.95,"seadec",2,1.37
"pc5","rpi-4cpu",0.95,"seadec",4,1.37
"pc5","rpi-4cpu",0.95,"seadec",1,1.21
"pc5","rpi-4cpu",0.95,"seadec",2,1.36
"pc5","rpi-4cpu",0.95,"seadec",3,1.36
"pc5","rpi-4cpu",0.95,"seadec",4,1.35
"pc5","rpi-4cpu",0.95,"seadec",1,1.12
"pc5","rpi-4cpu",0.95,"seadec",2,1.32
"pc5","rpi-4cpu",0.95,"seadec",4,1.34
"pc5","rpi-4cpu",0.95,"seadec",3,1.34
"pc5","rpi-4cpu",0.95,"seadec",4,1.32
"pc5","rpi-4cpu",0.95,"seadec",2,1.34
"pc5","rpi-4cpu",0.95,"seadec",3,1.36
"pc5","rpi-4cpu",0.95,"seadec",1,1.39
"pc5","rpi-4cpu",0.95,"seadec",4,1.35
"pc5","rpi-4cpu",0.95,"seadec",1,1.35
"pc5","rpi-4cpu",0.95,"seadec",2,1.35
"pc5","rpi-4cpu",0.95,"seadec",3,1.35
"pc5","rpi-4cpu",0.95,"seadec",4,1.32
"pc5","rpi-4cpu",0.95,"seadec",3,1.32
"pc5","rpi-4cpu",0.95,"seadec",2,1.34
"pc5","rpi-4cpu",0.95,"seadec",1,1.35
"pc5","rpi-4cpu",0.95,"seadec",2,1.34
"pc5","rpi-4cpu",0.95,"seadec",1,1.34
"pc5","rpi-4cpu",0.95,"seadec",4,1.35
"pc5","rpi-4cpu",0.95,"seadec",3,1.4
"pc5","rpi-4cpu",0.95,"seadec",4,1.32
"pc5","rpi-4cpu",0.95,"seadec",2,1.35
"pc5","rpi-4cpu",0.95,"seadec",3,1.36
"pc5","rpi-4cpu",0.95,"seadec",1,1.44
"pc5","rpi-4cpu",0.95,"seadec",1,1.39
"pc5","rpi-4cpu",0.95,"seadec",4,1.38
"pc5","rpi-4cpu",0.95,"seadec",2,1.41
"pc5","rpi-4cpu",0.95,"seadec",3,1.46
"pc5","rpi-4cpu",0.95,"seadec",2,1.27
"pc5","rpi-4cpu",0.95,"seadec",1,1.3
"pc5","rpi-4cpu",0.95,"seadec",4,1.3
"pc5","rpi-4cpu",0.95,"seadec",3,1.31
"pc5","rpi-4cpu",0.95,"seadec",2,1.32
"pc5","rpi-4cpu",0.95,"seadec",3,1.31
"pc5","rpi-4cpu",0.95,"seadec",4,1.31
"pc5","rpi-4cpu",0.95,"seadec",1,1.36
"pc5","rpi-4cpu",0.95,"seadec",2,1.3
"pc5","rpi-4cpu",0.95,"seadec",4,1.33
"pc5","rpi-4cpu",0.95,"seadec",3,1.33
"pc5","rpi-4cpu",0.95,"seadec",1,1.35
"pc5","rpi-4cpu",0.95,"seadec",2,1.28
"pc5","rpi-4cpu",0.95,"seadec",1,1.32
"pc5","rpi-4cpu",0.95,"seadec",4,1.31
"pc5","rpi-4cpu",0.95,"seadec",3,1.33
"pc5","rpi-4cpu",0.95,"seadec",3,1.28
"pc5","rpi-4cpu",0.95,"seadec",2,1.28
"pc5","rpi-4cpu",0.95,"seadec",4,1.27
"pc5","rpi-4cpu",0.95,"seadec",1,1.33
"pc5","rpi-4cpu",0.95,"seadec",4,1.15
"pc5","rpi-4cpu",0.95,"seadec",2,1.31
"pc5","rpi-4cpu",0.95,"seadec",1,1.32
"pc5","rpi-4cpu",0.95,"seadec",3,1.31
"pc5","rpi-4cpu",0.95,"seadec",4,1.11
"pc5","rpi-4cpu",0.95,"seadec",1,1.29
"pc5","rpi-4cpu",0.95,"seadec",3,1.29
"pc5","rpi-4cpu",0.95,"seadec",2,1.31
"pc5","rpi-4cpu",0.95,"seadec",3,1.3
"pc5","rpi-4cpu",0.95,"seadec",1,1.33
"pc5","rpi-4cpu",0.95,"seadec",2,1.35
"pc5","rpi-4cpu",0.95,"seadec",4,1.55
"pc5","rpi-4cpu",0.95,"seadec",1,1.35
"pc5","rpi-4cpu",0.95,"seadec",3,1.37
"pc5","rpi-4cpu",0.95,"seadec",2,1.42
"pc5","rpi-4cpu",0.95,"seadec",4,1.6
"pc5","rpi-4cpu",0.95,"seadec",1,1.32
"pc5","rpi-4cpu",0.95,"seadec",3,1.32
"pc5","rpi-4cpu",0.95,"seadec",2,1.36
"pc5","rpi-4cpu",0.95,"seadec",4,1.55
"pc5","rpi-4cpu",0.95,"seadec",1,1.38
"pc5","rpi-4cpu",0.95,"seadec",3,1.39
"pc5","rpi-4cpu",0.95,"seadec",2,1.4
"pc5","rpi-4cpu",0.95,"seadec",4,1.56
"pc5","rpi-4cpu",0.95,"seadec",2,1.38
"pc5","rpi-4cpu",0.95,"seadec",1,1.43
"pc5","rpi-4cpu",0.95,"seadec",3,1.53
"pc5","rpi-4cpu",0.95,"seadec",4,1.59
"pc5","rpi-4cpu",0.95,"seadec",3,1.3
"pc5","rpi-4cpu",0.95,"seadec",2,1.39
"pc5","rpi-4cpu",0.95,"seadec",1,1.39
"pc5","rpi-4cpu",0.95,"seadec",4,1.56
"pc5","rpi-4cpu",0.95,"seadec",4,1.14
"pc5","rpi-4cpu",0.95,"seadec",1,1.31
"pc5","rpi-4cpu",0.95,"seadec",2,1.31
"pc5","rpi-4cpu",0.95,"seadec",3,1.56
"pc5","rpi-4cpu",0.95,"seadec",1,1.42
"pc5","rpi-4cpu",0.95,"seadec",2,1.44
"pc5","rpi-4cpu",0.95,"seadec",4,1.63
"pc5","rpi-4cpu",0.95,"seadec",3,1.69
"pc5","rpi-4cpu",0.95,"seadec",1,1.38
"pc5","rpi-4cpu",0.95,"seadec",2,1.38
"pc5","rpi-4cpu",0.95,"seadec",4,1.65
"pc5","rpi-4cpu",0.95,"seadec",3,1.65
"pc5","rpi-4cpu",0.95,"seadec",1,1.53
"pc5","rpi-4cpu",0.95,"seadec",2,1.52
"pc5","rpi-4cpu",0.95,"seadec",4,1.62
"pc5","rpi-4cpu",0.95,"seadec",3,1.65
"pc5","rpi-4cpu",0.95,"seadec",2,1.16
"pc5","rpi-4cpu",0.95,"seadec",1,1.36
"pc5","rpi-4cpu",0.95,"seadec",4,1.64
"pc5","rpi-4cpu",0.95,"seadec",3,1.66
"pc5","rpi-4cpu",0.95,"seadec",2,1.15
"pc5","rpi-4cpu",0.95,"seadec",1,1.38
"pc5","rpi-4cpu",0.95,"seadec",4,1.62
"pc5","rpi-4cpu",0.95,"seadec",3,1.62
"pc5","rpi-4cpu",0.95,"seadec",1,1.77
"pc5","rpi-4cpu",0.95,"seadec",4,1.78
"pc5","rpi-4cpu",0.95,"seadec",3,1.81
"pc5","rpi-4cpu",0.95,"seadec",2,1.83
"pc5","rpi-4cpu",0.15,"SMA",4,13.29
"pc5","rpi-4cpu",0.15,"SMA",4,11.22
"pc5","rpi-4cpu",0.15,"SMA",3,11.93
"pc5","rpi-4cpu",0.15,"SMA",4,12.11
"pc5","rpi-4cpu",0.15,"SMA",3,12.21
"pc5","rpi-4cpu",0.15,"SMA",3,11.78
"pc5","rpi-4cpu",0.15,"SMA",4,12.47
"pc5","rpi-4cpu",0.15,"SMA",2,12.6
"pc5","rpi-4cpu",0.15,"SMA",4,12.33
"pc5","rpi-4cpu",0.15,"SMA",2,12.43
"pc5","rpi-4cpu",0.15,"SMA",3,12.43
"pc5","rpi-4cpu",0.15,"SMA",1,13.88
"pc5","rpi-4cpu",0.15,"SMA",2,10.82
"pc5","rpi-4cpu",0.15,"SMA",3,12.03
"pc5","rpi-4cpu",0.15,"SMA",4,12.09
"pc5","rpi-4cpu",0.15,"SMA",1,12.22
"pc5","rpi-4cpu",0.15,"SMA",1,11.67
"pc5","rpi-4cpu",0.15,"SMA",4,12.43
"pc5","rpi-4cpu",0.15,"SMA",2,12.55
"pc5","rpi-4cpu",0.15,"SMA",3,12.64
"pc5","rpi-4cpu",0.15,"SMA",1,10.76
"pc5","rpi-4cpu",0.15,"SMA",3,12.94
"pc5","rpi-4cpu",0.15,"SMA",4,12.94
"pc5","rpi-4cpu",0.15,"SMA",2,13.06
"pc5","rpi-4cpu",0.15,"SMA",3,12.85
"pc5","rpi-4cpu",0.15,"SMA",2,12.97
"pc5","rpi-4cpu",0.15,"SMA",1,12.97
"pc5","rpi-4cpu",0.15,"SMA",4,13.33
"pc5","rpi-4cpu",0.15,"SMA",2,12.55
"pc5","rpi-4cpu",0.15,"SMA",3,12.62
"pc5","rpi-4cpu",0.15,"SMA",4,12.62
"pc5","rpi-4cpu",0.15,"SMA",1,12.75
"pc5","rpi-4cpu",0.15,"SMA",4,13.35
"pc5","rpi-4cpu",0.15,"SMA",2,13.48
"pc5","rpi-4cpu",0.15,"SMA",1,13.59
"pc5","rpi-4cpu",0.15,"SMA",3,13.66
"pc5","rpi-4cpu",0.15,"SMA",4,12.18
"pc5","rpi-4cpu",0.15,"SMA",3,12.18
"pc5","rpi-4cpu",0.15,"SMA",2,12.3
"pc5","rpi-4cpu",0.15,"SMA",1,12.59
"pc5","rpi-4cpu",0.15,"SMA",4,12.56
"pc5","rpi-4cpu",0.15,"SMA",2,12.68
"pc5","rpi-4cpu",0.15,"SMA",3,12.76
"pc5","rpi-4cpu",0.15,"SMA",1,12.88
"pc5","rpi-4cpu",0.15,"SMA",4,12.56
"pc5","rpi-4cpu",0.15,"SMA",3,12.78
"pc5","rpi-4cpu",0.15,"SMA",2,12.87
"pc5","rpi-4cpu",0.15,"SMA",1,13.39
"pc5","rpi-4cpu",0.15,"SMA",4,12.04
"pc5","rpi-4cpu",0.15,"SMA",2,12.24
"pc5","rpi-4cpu",0.15,"SMA",3,12.33
"pc5","rpi-4cpu",0.15,"SMA",1,12.45
"pc5","rpi-4cpu",0.15,"SMA",2,12.48
"pc5","rpi-4cpu",0.15,"SMA",4,12.75
"pc5","rpi-4cpu",0.15,"SMA",1,12.8
"pc5","rpi-4cpu",0.15,"SMA",3,12.86
"pc5","rpi-4cpu",0.15,"SMA",4,12.08
"pc5","rpi-4cpu",0.15,"SMA",3,12.47
"pc5","rpi-4cpu",0.15,"SMA",2,12.68
"pc5","rpi-4cpu",0.15,"SMA",1,12.79
"pc5","rpi-4cpu",0.15,"SMA",4,11.85
"pc5","rpi-4cpu",0.15,"SMA",2,12.16
"pc5","rpi-4cpu",0.15,"SMA",3,12.16
"pc5","rpi-4cpu",0.15,"SMA",1,12.68
"pc5","rpi-4cpu",0.15,"SMA",3,11.66
"pc5","rpi-4cpu",0.15,"SMA",2,11.77
"pc5","rpi-4cpu",0.15,"SMA",4,11.75
"pc5","rpi-4cpu",0.15,"SMA",1,12.18
"pc5","rpi-4cpu",0.15,"SMA",1,12.25
"pc5","rpi-4cpu",0.15,"SMA",2,12.25
"pc5","rpi-4cpu",0.15,"SMA",3,12.34
"pc5","rpi-4cpu",0.15,"SMA",4,12.44
"pc5","rpi-4cpu",0.15,"SMA",2,12.2
"pc5","rpi-4cpu",0.15,"SMA",1,12.2
"pc5","rpi-4cpu",0.15,"SMA",4,12.35
"pc5","rpi-4cpu",0.15,"SMA",3,12.37
"pc5","rpi-4cpu",0.15,"SMA",1,11.96
"pc5","rpi-4cpu",0.15,"SMA",2,12.55
"pc5","rpi-4cpu",0.15,"SMA",3,12.73
"pc5","rpi-4cpu",0.15,"SMA",4,12.73
"pc5","rpi-4cpu",0.15,"SMA",1,11.86
"pc5","rpi-4cpu",0.15,"SMA",2,12.16
"pc5","rpi-4cpu",0.15,"SMA",4,12.24
"pc5","rpi-4cpu",0.15,"SMA",3,12.24
"pc5","rpi-4cpu",0.15,"SMA",1,12.55
"pc5","rpi-4cpu",0.15,"SMA",2,12.74
"pc5","rpi-4cpu",0.15,"SMA",3,12.94
"pc5","rpi-4cpu",0.15,"SMA",4,13.12
"pc5","rpi-4cpu",0.15,"SMA",4,12.61
"pc5","rpi-4cpu",0.15,"SMA",3,12.73
"pc5","rpi-4cpu",0.15,"SMA",2,12.82
"pc5","rpi-4cpu",0.15,"SMA",1,12.84
"pc5","rpi-4cpu",0.15,"SMA",3,12.26
"pc5","rpi-4cpu",0.15,"SMA",2,12.37
"pc5","rpi-4cpu",0.15,"SMA",1,12.56
"pc5","rpi-4cpu",0.15,"SMA",4,12.56
"pc5","rpi-4cpu",0.15,"SMA",2,12.91
"pc5","rpi-4cpu",0.15,"SMA",3,12.91
"pc5","rpi-4cpu",0.15,"SMA",4,12.91
"pc5","rpi-4cpu",0.15,"SMA",1,13.25
"pc5","rpi-4cpu",0.15,"SMA",4,11.05
"pc5","rpi-4cpu",0.15,"SMA",3,12.64
"pc5","rpi-4cpu",0.15,"SMA",1,12.76
"pc5","rpi-4cpu",0.15,"SMA",2,12.78
"pc5","rpi-4cpu",0.15,"SMA",2,12.37
"pc5","rpi-4cpu",0.15,"SMA",3,12.55
"pc5","rpi-4cpu",0.15,"SMA",1,12.66
"pc5","rpi-4cpu",0.15,"SMA",4,14.84
"pc5","rpi-4cpu",0.15,"SMA",3,11.22
"pc5","rpi-4cpu",0.15,"SMA",1,13.15
"pc5","rpi-4cpu",0.15,"SMA",2,13.23
"pc5","rpi-4cpu",0.15,"SMA",4,14.71
"pc5","rpi-4cpu",0.25,"SMA",2,6.94
"pc5","rpi-4cpu",0.25,"SMA",4,7.3
"pc5","rpi-4cpu",0.25,"SMA",3,7.62
"pc5","rpi-4cpu",0.25,"SMA",2,6.55
"pc5","rpi-4cpu",0.25,"SMA",4,7.37
"pc5","rpi-4cpu",0.25,"SMA",3,7.37
"pc5","rpi-4cpu",0.25,"SMA",2,5.99
"pc5","rpi-4cpu",0.25,"SMA",3,6.69
"pc5","rpi-4cpu",0.25,"SMA",4,6.76
"pc5","rpi-4cpu",0.25,"SMA",2,5.6
"pc5","rpi-4cpu",0.25,"SMA",4,6.36
"pc5","rpi-4cpu",0.25,"SMA",3,6.38
"pc5","rpi-4cpu",0.25,"SMA",1,6.67
"pc5","rpi-4cpu",0.25,"SMA",3,7.07
"pc5","rpi-4cpu",0.25,"SMA",2,7.07
"pc5","rpi-4cpu",0.25,"SMA",4,7.14
"pc5","rpi-4cpu",0.25,"SMA",1,6.3
"pc5","rpi-4cpu",0.25,"SMA",2,6.99
"pc5","rpi-4cpu",0.25,"SMA",3,7.08
"pc5","rpi-4cpu",0.25,"SMA",4,7.17
"pc5","rpi-4cpu",0.25,"SMA",1,5.69
"pc5","rpi-4cpu",0.25,"SMA",3,6.77
"pc5","rpi-4cpu",0.25,"SMA",4,6.86
"pc5","rpi-4cpu",0.25,"SMA",2,6.97
"pc5","rpi-4cpu",0.25,"SMA",4,6.95
"pc5","rpi-4cpu",0.25,"SMA",1,7.17
"pc5","rpi-4cpu",0.25,"SMA",3,7.25
"pc5","rpi-4cpu",0.25,"SMA",2,7.35
"pc5","rpi-4cpu",0.25,"SMA",3,6.64
"pc5","rpi-4cpu",0.25,"SMA",4,6.64
"pc5","rpi-4cpu",0.25,"SMA",2,6.76
"pc5","rpi-4cpu",0.25,"SMA",1,6.76
"pc5","rpi-4cpu",0.25,"SMA",4,6.65
"pc5","rpi-4cpu",0.25,"SMA",2,6.79
"pc5","rpi-4cpu",0.25,"SMA",3,6.79
"pc5","rpi-4cpu",0.25,"SMA",1,6.79
"pc5","rpi-4cpu",0.25,"SMA",4,6.54
"pc5","rpi-4cpu",0.25,"SMA",3,6.65
"pc5","rpi-4cpu",0.25,"SMA",2,6.77
"pc5","rpi-4cpu",0.25,"SMA",1,6.84
"pc5","rpi-4cpu",0.25,"SMA",4,6.57
"pc5","rpi-4cpu",0.25,"SMA",3,6.59
"pc5","rpi-4cpu",0.25,"SMA",2,6.77
"pc5","rpi-4cpu",0.25,"SMA",1,6.9
"pc5","rpi-4cpu",0.25,"SMA",4,6.95
"pc5","rpi-4cpu",0.25,"SMA",3,7.04
"pc5","rpi-4cpu",0.25,"SMA",1,7.18
"pc5","rpi-4cpu",0.25,"SMA",2,7.18
"pc5","rpi-4cpu",0.25,"SMA",4,6.66
"pc5","rpi-4cpu",0.25,"SMA",3,6.77
"pc5","rpi-4cpu",0.25,"SMA",2,7.07
"pc5","rpi-4cpu",0.25,"SMA",1,7.18
"pc5","rpi-4cpu",0.25,"SMA",3,6.85
"pc5","rpi-4cpu",0.25,"SMA",2,6.85
"pc5","rpi-4cpu",0.25,"SMA",4,6.92
"pc5","rpi-4cpu",0.25,"SMA",1,6.98
"pc5","rpi-4cpu",0.25,"SMA",2,6.76
"pc5","rpi-4cpu",0.25,"SMA",4,6.76
"pc5","rpi-4cpu",0.25,"SMA",3,6.85
"pc5","rpi-4cpu",0.25,"SMA",1,7.16
"pc5","rpi-4cpu",0.25,"SMA",2,6.55
"pc5","rpi-4cpu",0.25,"SMA",3,6.56
"pc5","rpi-4cpu",0.25,"SMA",4,6.64
"pc5","rpi-4cpu",0.25,"SMA",1,6.78
"pc5","rpi-4cpu",0.25,"SMA",3,6.63
"pc5","rpi-4cpu",0.25,"SMA",2,6.66
"pc5","rpi-4cpu",0.25,"SMA",4,6.66
"pc5","rpi-4cpu",0.25,"SMA",1,6.76
"pc5","rpi-4cpu",0.25,"SMA",4,6.67
"pc5","rpi-4cpu",0.25,"SMA",2,6.67
"pc5","rpi-4cpu",0.25,"SMA",3,6.67
"pc5","rpi-4cpu",0.25,"SMA",1,6.87
"pc5","rpi-4cpu",0.25,"SMA",1,6.93
"pc5","rpi-4cpu",0.25,"SMA",4,6.93
"pc5","rpi-4cpu",0.25,"SMA",3,7.03
"pc5","rpi-4cpu",0.25,"SMA",2,7.04
"pc5","rpi-4cpu",0.25,"SMA",1,6.51
"pc5","rpi-4cpu",0.25,"SMA",4,6.78
"pc5","rpi-4cpu",0.25,"SMA",2,6.87
"pc5","rpi-4cpu",0.25,"SMA",3,6.87
"pc5","rpi-4cpu",0.25,"SMA",1,6.78
"pc5","rpi-4cpu",0.25,"SMA",4,6.75
"pc5","rpi-4cpu",0.25,"SMA",2,6.87
"pc5","rpi-4cpu",0.25,"SMA",3,6.95
"pc5","rpi-4cpu",0.25,"SMA",4,6.06
"pc5","rpi-4cpu",0.25,"SMA",1,6.67
"pc5","rpi-4cpu",0.25,"SMA",3,6.68
"pc5","rpi-4cpu",0.25,"SMA",2,6.77
"pc5","rpi-4cpu",0.25,"SMA",4,5.66
"pc5","rpi-4cpu",0.25,"SMA",3,6.46
"pc5","rpi-4cpu",0.25,"SMA",2,6.48
"pc5","rpi-4cpu",0.25,"SMA",1,6.48
"pc5","rpi-4cpu",0.25,"SMA",2,6.7
"pc5","rpi-4cpu",0.25,"SMA",3,6.77
"pc5","rpi-4cpu",0.25,"SMA",1,6.8
"pc5","rpi-4cpu",0.25,"SMA",4,7.76
"pc5","rpi-4cpu",0.25,"SMA",2,6.86
"pc5","rpi-4cpu",0.25,"SMA",1,6.96
"pc5","rpi-4cpu",0.25,"SMA",3,6.95
"pc5","rpi-4cpu",0.25,"SMA",4,8.14
"pc5","rpi-4cpu",0.25,"SMA",3,5.91
"pc5","rpi-4cpu",0.25,"SMA",1,6.75
"pc5","rpi-4cpu",0.25,"SMA",2,6.84
"pc5","rpi-4cpu",0.25,"SMA",4,8.01
"pc5","rpi-4cpu",0.25,"SMA",2,6.7
"pc5","rpi-4cpu",0.25,"SMA",1,6.7
"pc5","rpi-4cpu",0.25,"SMA",3,7.97
"pc5","rpi-4cpu",0.25,"SMA",4,7.97
"pc5","rpi-4cpu",0.25,"SMA",1,6.98
"pc5","rpi-4cpu",0.25,"SMA",2,7.07
"pc5","rpi-4cpu",0.25,"SMA",3,8.34
"pc5","rpi-4cpu",0.25,"SMA",4,8.45
"pc5","rpi-4cpu",0.25,"SMA",2,5.68
"pc5","rpi-4cpu",0.25,"SMA",1,6.79
"pc5","rpi-4cpu",0.25,"SMA",4,7.87
"pc5","rpi-4cpu",0.25,"SMA",3,7.87
"pc5","rpi-4cpu",0.35,"SMA",2,4.59
"pc5","rpi-4cpu",0.35,"SMA",4,5.15
"pc5","rpi-4cpu",0.35,"SMA",3,5.16
"pc5","rpi-4cpu",0.35,"SMA",2,3.97
"pc5","rpi-4cpu",0.35,"SMA",3,4.74
"pc5","rpi-4cpu",0.35,"SMA",4,4.74
"pc5","rpi-4cpu",0.35,"SMA",2,4.59
"pc5","rpi-4cpu",0.35,"SMA",3,4.65
"pc5","rpi-4cpu",0.35,"SMA",4,4.65
"pc5","rpi-4cpu",0.35,"SMA",4,4.79
"pc5","rpi-4cpu",0.35,"SMA",1,4.91
"pc5","rpi-4cpu",0.35,"SMA",2,4.92
"pc5","rpi-4cpu",0.35,"SMA",3,4.99
"pc5","rpi-4cpu",0.35,"SMA",1,4.37
"pc5","rpi-4cpu",0.35,"SMA",2,4.97
"pc5","rpi-4cpu",0.35,"SMA",3,4.97
"pc5","rpi-4cpu",0.35,"SMA",4,5.04
"pc5","rpi-4cpu",0.35,"SMA",1,4.28
"pc5","rpi-4cpu",0.35,"SMA",4,4.66
"pc5","rpi-4cpu",0.35,"SMA",3,4.76
"pc5","rpi-4cpu",0.35,"SMA",2,4.86
"pc5","rpi-4cpu",0.35,"SMA",1,3.89
"pc5","rpi-4cpu",0.35,"SMA",3,4.36
"pc5","rpi-4cpu",0.35,"SMA",4,4.44
"pc5","rpi-4cpu",0.35,"SMA",2,4.57
"pc5","rpi-4cpu",0.35,"SMA",4,4.96
"pc5","rpi-4cpu",0.35,"SMA",1,5.06
"pc5","rpi-4cpu",0.35,"SMA",2,5.13
"pc5","rpi-4cpu",0.35,"SMA",3,5.13
"pc5","rpi-4cpu",0.35,"SMA",4,4.3
"pc5","rpi-4cpu",0.35,"SMA",3,4.37
"pc5","rpi-4cpu",0.35,"SMA",2,4.47
"pc5","rpi-4cpu",0.35,"SMA",1,4.52
"pc5","rpi-4cpu",0.35,"SMA",4,4.84
"pc5","rpi-4cpu",0.35,"SMA",3,4.93
"pc5","rpi-4cpu",0.35,"SMA",2,5.03
"pc5","rpi-4cpu",0.35,"SMA",1,5.14
"pc5","rpi-4cpu",0.35,"SMA",4,4.85
"pc5","rpi-4cpu",0.35,"SMA",2,4.89
"pc5","rpi-4cpu",0.35,"SMA",3,4.89
"pc5","rpi-4cpu",0.35,"SMA",1,4.98
"pc5","rpi-4cpu",0.35,"SMA",3,4.77
"pc5","rpi-4cpu",0.35,"SMA",4,4.78
"pc5","rpi-4cpu",0.35,"SMA",2,4.98
"pc5","rpi-4cpu",0.35,"SMA",1,5.09
"pc5","rpi-4cpu",0.35,"SMA",3,4.75
"pc5","rpi-4cpu",0.35,"SMA",4,4.75
"pc5","rpi-4cpu",0.35,"SMA",2,4.87
"pc5","rpi-4cpu",0.35,"SMA",1,4.98
"pc5","rpi-4cpu",0.35,"SMA",4,4.98
"pc5","rpi-4cpu",0.35,"SMA",3,4.95
"pc5","rpi-4cpu",0.35,"SMA",2,4.95
"pc5","rpi-4cpu",0.35,"SMA",1,4.95
"pc5","rpi-4cpu",0.35,"SMA",2,4.55
"pc5","rpi-4cpu",0.35,"SMA",3,4.6
"pc5","rpi-4cpu",0.35,"SMA",4,4.73
"pc5","rpi-4cpu",0.35,"SMA",1,4.73
"pc5","rpi-4cpu",0.35,"SMA",4,5.16
"pc5","rpi-4cpu",0.35,"SMA",3,5.16
"pc5","rpi-4cpu",0.35,"SMA",2,5.2
"pc5","rpi-4cpu",0.35,"SMA",1,5.23
"pc5","rpi-4cpu",0.35,"SMA",2,4.5
"pc5","rpi-4cpu",0.35,"SMA",1,4.51
"pc5","rpi-4cpu",0.35,"SMA",3,4.51
"pc5","rpi-4cpu",0.35,"SMA",4,4.58
"pc5","rpi-4cpu",0.35,"SMA",3,4.37
"pc5","rpi-4cpu",0.35,"SMA",2,4.59
"pc5","rpi-4cpu",0.35,"SMA",1,4.61
"pc5","rpi-4cpu",0.35,"SMA",4,5.06
"pc5","rpi-4cpu",0.35,"SMA",4,4.03
"pc5","rpi-4cpu",0.35,"SMA",1,4.36
"pc5","rpi-4cpu",0.35,"SMA",3,4.36
"pc5","rpi-4cpu",0.35,"SMA",2,4.38
"pc5","rpi-4cpu",0.35,"SMA",4,3.76
"pc5","rpi-4cpu",0.35,"SMA",1,4.28
"pc5","rpi-4cpu",0.35,"SMA",2,4.36
"pc5","rpi-4cpu",0.35,"SMA",3,4.43
"pc5","rpi-4cpu",0.35,"SMA",1,4.39
"pc5","rpi-4cpu",0.35,"SMA",2,4.46
"pc5","rpi-4cpu",0.35,"SMA",3,4.46
"pc5","rpi-4cpu",0.35,"SMA",4,5.36
"pc5","rpi-4cpu",0.35,"SMA",2,4.64
"pc5","rpi-4cpu",0.35,"SMA",3,4.63
"pc5","rpi-4cpu",0.35,"SMA",1,4.76
"pc5","rpi-4cpu",0.35,"SMA",4,5.51
"pc5","rpi-4cpu",0.35,"SMA",1,4.65
"pc5","rpi-4cpu",0.35,"SMA",2,4.66
"pc5","rpi-4cpu",0.35,"SMA",3,4.75
"pc5","rpi-4cpu",0.35,"SMA",4,5.55
"pc5","rpi-4cpu",0.35,"SMA",1,4.57
"pc5","rpi-4cpu",0.35,"SMA",3,4.66
"pc5","rpi-4cpu",0.35,"SMA",2,4.75
"pc5","rpi-4cpu",0.35,"SMA",4,5.46
"pc5","rpi-4cpu",0.35,"SMA",3,4.23
"pc5","rpi-4cpu",0.35,"SMA",1,4.78
"pc5","rpi-4cpu",0.35,"SMA",2,4.78
"pc5","rpi-4cpu",0.35,"SMA",4,5.53
"pc5","rpi-4cpu",0.35,"SMA",2,4.75
"pc5","rpi-4cpu",0.35,"SMA",1,4.79
"pc5","rpi-4cpu",0.35,"SMA",4,5.56
"pc5","rpi-4cpu",0.35,"SMA",3,5.56
"pc5","rpi-4cpu",0.35,"SMA",1,4.55
"pc5","rpi-4cpu",0.35,"SMA",2,4.65
"pc5","rpi-4cpu",0.35,"SMA",3,5.45
"pc5","rpi-4cpu",0.35,"SMA",4,5.54
"pc5","rpi-4cpu",0.35,"SMA",1,4.79
"pc5","rpi-4cpu",0.35,"SMA",2,4.79
"pc5","rpi-4cpu",0.35,"SMA",4,5.65
"pc5","rpi-4cpu",0.35,"SMA",3,5.75
"pc5","rpi-4cpu",0.35,"SMA",2,3.92
"pc5","rpi-4cpu",0.35,"SMA",1,4.5
"pc5","rpi-4cpu",0.35,"SMA",3,5.39
"pc5","rpi-4cpu",0.35,"SMA",4,5.47
"pc5","rpi-4cpu",0.35,"SMA",1,4.65
"pc5","rpi-4cpu",0.35,"SMA",4,5.64
"pc5","rpi-4cpu",0.35,"SMA",2,5.66
"pc5","rpi-4cpu",0.35,"SMA",3,5.75
"pc5","rpi-4cpu",0.45,"SMA",2,2.98
"pc5","rpi-4cpu",0.45,"SMA",3,3.44
"pc5","rpi-4cpu",0.45,"SMA",4,3.43
"pc5","rpi-4cpu",0.45,"SMA",3,3.01
"pc5","rpi-4cpu",0.45,"SMA",4,3.01
"pc5","rpi-4cpu",0.45,"SMA",2,3.04
"pc5","rpi-4cpu",0.45,"SMA",1,2.87
"pc5","rpi-4cpu",0.45,"SMA",2,3.09
"pc5","rpi-4cpu",0.45,"SMA",4,3.09
"pc5","rpi-4cpu",0.45,"SMA",3,3.16
"pc5","rpi-4cpu",0.45,"SMA",1,2.87
"pc5","rpi-4cpu",0.45,"SMA",4,3.23
"pc5","rpi-4cpu",0.45,"SMA",2,3.27
"pc5","rpi-4cpu",0.45,"SMA",3,3.34
"pc5","rpi-4cpu",0.45,"SMA",1,2.92
"pc5","rpi-4cpu",0.45,"SMA",4,3.26
"pc5","rpi-4cpu",0.45,"SMA",3,3.29
"pc5","rpi-4cpu",0.45,"SMA",2,3.29
"pc5","rpi-4cpu",0.45,"SMA",1,2.64
"pc5","rpi-4cpu",0.45,"SMA",4,3.06
"pc5","rpi-4cpu",0.45,"SMA",3,3.13
"pc5","rpi-4cpu",0.45,"SMA",2,3.14
"pc5","rpi-4cpu",0.45,"SMA",4,3.28
"pc5","rpi-4cpu",0.45,"SMA",1,3.32
"pc5","rpi-4cpu",0.45,"SMA",3,3.36
"pc5","rpi-4cpu",0.45,"SMA",2,3.38
"pc5","rpi-4cpu",0.45,"SMA",4,3.09
"pc5","rpi-4cpu",0.45,"SMA",1,3.16
"pc5","rpi-4cpu",0.45,"SMA",3,3.16
"pc5","rpi-4cpu",0.45,"SMA",2,3.18
"pc5","rpi-4cpu",0.45,"SMA",4,3.13
"pc5","rpi-4cpu",0.45,"SMA",2,3.16
"pc5","rpi-4cpu",0.45,"SMA",3,3.16
"pc5","rpi-4cpu",0.45,"SMA",1,3.19
"pc5","rpi-4cpu",0.45,"SMA",4,3.04
"pc5","rpi-4cpu",0.45,"SMA",3,3.1
"pc5","rpi-4cpu",0.45,"SMA",2,3.21
"pc5","rpi-4cpu",0.45,"SMA",1,3.23
"pc5","rpi-4cpu",0.45,"SMA",4,3.05
"pc5","rpi-4cpu",0.45,"SMA",2,3.17
"pc5","rpi-4cpu",0.45,"SMA",3,3.17
"pc5","rpi-4cpu",0.45,"SMA",1,3.22
"pc5","rpi-4cpu",0.45,"SMA",4,3.03
"pc5","rpi-4cpu",0.45,"SMA",3,3.06
"pc5","rpi-4cpu",0.45,"SMA",1,3.16
"pc5","rpi-4cpu",0.45,"SMA",2,3.16
"pc5","rpi-4cpu",0.45,"SMA",3,3.02
"pc5","rpi-4cpu",0.45,"SMA",4,3.01
"pc5","rpi-4cpu",0.45,"SMA",2,3.15
"pc5","rpi-4cpu",0.45,"SMA",1,3.16
"pc5","rpi-4cpu",0.45,"SMA",3,3.17
"pc5","rpi-4cpu",0.45,"SMA",1,3.26
"pc5","rpi-4cpu",0.45,"SMA",4,3.26
"pc5","rpi-4cpu",0.45,"SMA",2,3.26
"pc5","rpi-4cpu",0.45,"SMA",3,3.08
"pc5","rpi-4cpu",0.45,"SMA",2,3.08
"pc5","rpi-4cpu",0.45,"SMA",4,3.08
"pc5","rpi-4cpu",0.45,"SMA",1,3.19
"pc5","rpi-4cpu",0.45,"SMA",2,3.06
"pc5","rpi-4cpu",0.45,"SMA",3,3.08
"pc5","rpi-4cpu",0.45,"SMA",1,3.18
"pc5","rpi-4cpu",0.45,"SMA",4,3.15
"pc5","rpi-4cpu",0.45,"SMA",2,3
"pc5","rpi-4cpu",0.45,"SMA",3,3.05
"pc5","rpi-4cpu",0.45,"SMA",4,3.05
"pc5","rpi-4cpu",0.45,"SMA",1,3.07
"pc5","rpi-4cpu",0.45,"SMA",2,3.05
"pc5","rpi-4cpu",0.45,"SMA",3,3.05
"pc5","rpi-4cpu",0.45,"SMA",1,3.08
"pc5","rpi-4cpu",0.45,"SMA",4,3.08
"pc5","rpi-4cpu",0.45,"SMA",1,3.04
"pc5","rpi-4cpu",0.45,"SMA",3,3.16
"pc5","rpi-4cpu",0.45,"SMA",2,3.16
"pc5","rpi-4cpu",0.45,"SMA",4,3.21
"pc5","rpi-4cpu",0.45,"SMA",4,2.62
"pc5","rpi-4cpu",0.45,"SMA",1,2.92
"pc5","rpi-4cpu",0.45,"SMA",3,3.02
"pc5","rpi-4cpu",0.45,"SMA",2,3.09
"pc5","rpi-4cpu",0.45,"SMA",1,2.92
"pc5","rpi-4cpu",0.45,"SMA",2,2.98
"pc5","rpi-4cpu",0.45,"SMA",3,2.99
"pc5","rpi-4cpu",0.45,"SMA",4,3.49
"pc5","rpi-4cpu",0.45,"SMA",1,3.16
"pc5","rpi-4cpu",0.45,"SMA",3,3.15
"pc5","rpi-4cpu",0.45,"SMA",2,3.24
"pc5","rpi-4cpu",0.45,"SMA",4,3.74
"pc5","rpi-4cpu",0.45,"SMA",1,3.15
"pc5","rpi-4cpu",0.45,"SMA",3,3.15
"pc5","rpi-4cpu",0.45,"SMA",2,3.25
"pc5","rpi-4cpu",0.45,"SMA",4,3.73
"pc5","rpi-4cpu",0.45,"SMA",1,3.28
"pc5","rpi-4cpu",0.45,"SMA",3,3.3
"pc5","rpi-4cpu",0.45,"SMA",2,3.3
"pc5","rpi-4cpu",0.45,"SMA",4,3.67
"pc5","rpi-4cpu",0.45,"SMA",3,2.7
"pc5","rpi-4cpu",0.45,"SMA",1,3.05
"pc5","rpi-4cpu",0.45,"SMA",2,3.09
"pc5","rpi-4cpu",0.45,"SMA",4,3.56
"pc5","rpi-4cpu",0.45,"SMA",1,3.2
"pc5","rpi-4cpu",0.45,"SMA",2,3.28
"pc5","rpi-4cpu",0.45,"SMA",4,3.84
"pc5","rpi-4cpu",0.45,"SMA",3,3.95
"pc5","rpi-4cpu",0.45,"SMA",1,3.32
"pc5","rpi-4cpu",0.45,"SMA",2,3.36
"pc5","rpi-4cpu",0.45,"SMA",4,3.95
"pc5","rpi-4cpu",0.45,"SMA",3,3.98
"pc5","rpi-4cpu",0.45,"SMA",1,3.27
"pc5","rpi-4cpu",0.45,"SMA",2,3.27
"pc5","rpi-4cpu",0.45,"SMA",4,3.94
"pc5","rpi-4cpu",0.45,"SMA",3,3.94
"pc5","rpi-4cpu",0.45,"SMA",2,2.67
"pc5","rpi-4cpu",0.45,"SMA",1,3.08
"pc5","rpi-4cpu",0.45,"SMA",4,3.75
"pc5","rpi-4cpu",0.45,"SMA",3,3.75
"pc5","rpi-4cpu",0.45,"SMA",2,2.75
"pc5","rpi-4cpu",0.45,"SMA",1,3.26
"pc5","rpi-4cpu",0.45,"SMA",3,3.84
"pc5","rpi-4cpu",0.45,"SMA",4,3.84
"pc5","rpi-4cpu",0.55,"SMA",3,2.56
"pc5","rpi-4cpu",0.55,"SMA",4,2.58
"pc5","rpi-4cpu",0.55,"SMA",2,2.67
"pc5","rpi-4cpu",0.55,"SMA",1,2.32
"pc5","rpi-4cpu",0.55,"SMA",4,2.5
"pc5","rpi-4cpu",0.55,"SMA",3,2.5
"pc5","rpi-4cpu",0.55,"SMA",2,2.52
"pc5","rpi-4cpu",0.55,"SMA",1,2.18
"pc5","rpi-4cpu",0.55,"SMA",4,2.43
"pc5","rpi-4cpu",0.55,"SMA",3,2.46
"pc5","rpi-4cpu",0.55,"SMA",2,2.52
"pc5","rpi-4cpu",0.55,"SMA",1,2.2
"pc5","rpi-4cpu",0.55,"SMA",2,2.47
"pc5","rpi-4cpu",0.55,"SMA",4,2.47
"pc5","rpi-4cpu",0.55,"SMA",3,2.52
"pc5","rpi-4cpu",0.55,"SMA",1,2.1
"pc5","rpi-4cpu",0.55,"SMA",4,2.46
"pc5","rpi-4cpu",0.55,"SMA",2,2.47
"pc5","rpi-4cpu",0.55,"SMA",3,2.47
"pc5","rpi-4cpu",0.55,"SMA",4,2.51
"pc5","rpi-4cpu",0.55,"SMA",1,2.53
"pc5","rpi-4cpu",0.55,"SMA",2,2.55
"pc5","rpi-4cpu",0.55,"SMA",3,2.55
"pc5","rpi-4cpu",0.55,"SMA",4,2.46
"pc5","rpi-4cpu",0.55,"SMA",2,2.49
"pc5","rpi-4cpu",0.55,"SMA",3,2.49
"pc5","rpi-4cpu",0.55,"SMA",1,2.57
"pc5","rpi-4cpu",0.55,"SMA",4,2.46
"pc5","rpi-4cpu",0.55,"SMA",2,2.49
"pc5","rpi-4cpu",0.55,"SMA",3,2.56
"pc5","rpi-4cpu",0.55,"SMA",1,2.56
"pc5","rpi-4cpu",0.55,"SMA",3,2.39
"pc5","rpi-4cpu",0.55,"SMA",4,2.39
"pc5","rpi-4cpu",0.55,"SMA",1,2.5
"pc5","rpi-4cpu",0.55,"SMA",2,2.5
"pc5","rpi-4cpu",0.55,"SMA",4,2.38
"pc5","rpi-4cpu",0.55,"SMA",3,2.43
"pc5","rpi-4cpu",0.55,"SMA",2,2.5
"pc5","rpi-4cpu",0.55,"SMA",1,2.53
"pc5","rpi-4cpu",0.55,"SMA",4,2.39
"pc5","rpi-4cpu",0.55,"SMA",2,2.46
"pc5","rpi-4cpu",0.55,"SMA",3,2.49
"pc5","rpi-4cpu",0.55,"SMA",1,2.51
"pc5","rpi-4cpu",0.55,"SMA",4,2.35
"pc5","rpi-4cpu",0.55,"SMA",2,2.44
"pc5","rpi-4cpu",0.55,"SMA",3,2.44
"pc5","rpi-4cpu",0.55,"SMA",1,2.56
"pc5","rpi-4cpu",0.55,"SMA",4,2.42
"pc5","rpi-4cpu",0.55,"SMA",3,2.42
"pc5","rpi-4cpu",0.55,"SMA",2,2.44
"pc5","rpi-4cpu",0.55,"SMA",1,2.47
"pc5","rpi-4cpu",0.55,"SMA",2,2.36
"pc5","rpi-4cpu",0.55,"SMA",3,2.44
"pc5","rpi-4cpu",0.55,"SMA",1,2.46
"pc5","rpi-4cpu",0.55,"SMA",4,2.46
"pc5","rpi-4cpu",0.55,"SMA",2,2.38
"pc5","rpi-4cpu",0.55,"SMA",3,2.43
"pc5","rpi-4cpu",0.55,"SMA",1,2.45
"pc5","rpi-4cpu",0.55,"SMA",4,2.45
"pc5","rpi-4cpu",0.55,"SMA",3,2.38
"pc5","rpi-4cpu",0.55,"SMA",2,2.38
"pc5","rpi-4cpu",0.55,"SMA",4,2.42
"pc5","rpi-4cpu",0.55,"SMA",1,2.46
"pc5","rpi-4cpu",0.55,"SMA",2,2.46
"pc5","rpi-4cpu",0.55,"SMA",1,2.46
"pc5","rpi-4cpu",0.55,"SMA",3,2.46
"pc5","rpi-4cpu",0.55,"SMA",4,2.76
"pc5","rpi-4cpu",0.55,"SMA",4,2.05
"pc5","rpi-4cpu",0.55,"SMA",1,2.36
"pc5","rpi-4cpu",0.55,"SMA",3,2.36
"pc5","rpi-4cpu",0.55,"SMA",2,2.42
"pc5","rpi-4cpu",0.55,"SMA",4,2.03
"pc5","rpi-4cpu",0.55,"SMA",1,2.33
"pc5","rpi-4cpu",0.55,"SMA",3,2.33
"pc5","rpi-4cpu",0.55,"SMA",2,2.39
"pc5","rpi-4cpu",0.55,"SMA",1,2.46
"pc5","rpi-4cpu",0.55,"SMA",2,2.47
"pc5","rpi-4cpu",0.55,"SMA",3,2.47
"pc5","rpi-4cpu",0.55,"SMA",4,2.94
"pc5","rpi-4cpu",0.55,"SMA",1,2.4
"pc5","rpi-4cpu",0.55,"SMA",2,2.44
"pc5","rpi-4cpu",0.55,"SMA",3,2.45
"pc5","rpi-4cpu",0.55,"SMA",4,2.97
"pc5","rpi-4cpu",0.55,"SMA",2,2.52
"pc5","rpi-4cpu",0.55,"SMA",1,2.58
"pc5","rpi-4cpu",0.55,"SMA",3,2.59
"pc5","rpi-4cpu",0.55,"SMA",4,2.89
"pc5","rpi-4cpu",0.55,"SMA",1,2.49
"pc5","rpi-4cpu",0.55,"SMA",3,2.53
"pc5","rpi-4cpu",0.55,"SMA",2,2.53
"pc5","rpi-4cpu",0.55,"SMA",4,2.83
"pc5","rpi-4cpu",0.55,"SMA",3,2.12
"pc5","rpi-4cpu",0.55,"SMA",1,2.45
"pc5","rpi-4cpu",0.55,"SMA",2,2.47
"pc5","rpi-4cpu",0.55,"SMA",4,2.83
"pc5","rpi-4cpu",0.55,"SMA",2,2.54
"pc5","rpi-4cpu",0.55,"SMA",1,2.56
"pc5","rpi-4cpu",0.55,"SMA",3,3.05
"pc5","rpi-4cpu",0.55,"SMA",4,3.05
"pc5","rpi-4cpu",0.55,"SMA",2,2.49
"pc5","rpi-4cpu",0.55,"SMA",1,2.53
"pc5","rpi-4cpu",0.55,"SMA",4,2.94
"pc5","rpi-4cpu",0.55,"SMA",3,3
"pc5","rpi-4cpu",0.55,"SMA",1,2.5
"pc5","rpi-4cpu",0.55,"SMA",2,2.52
"pc5","rpi-4cpu",0.55,"SMA",3,2.99
"pc5","rpi-4cpu",0.55,"SMA",4,3
"pc5","rpi-4cpu",0.55,"SMA",2,2.06
"pc5","rpi-4cpu",0.55,"SMA",1,2.45
"pc5","rpi-4cpu",0.55,"SMA",4,2.94
"pc5","rpi-4cpu",0.55,"SMA",3,2.95
"pc5","rpi-4cpu",0.55,"SMA",1,2.57
"pc5","rpi-4cpu",0.55,"SMA",2,3.13
"pc5","rpi-4cpu",0.55,"SMA",3,3.14
"pc5","rpi-4cpu",0.55,"SMA",4,3.15
"pc5","rpi-4cpu",0.55,"SMA",1,2.66
"pc5","rpi-4cpu",0.55,"SMA",3,3.16
"pc5","rpi-4cpu",0.55,"SMA",2,3.16
"pc5","rpi-4cpu",0.55,"SMA",4,3.23
"pc5","rpi-4cpu",0.65,"SMA",3,2.16
"pc5","rpi-4cpu",0.65,"SMA",4,2.16
"pc5","rpi-4cpu",0.65,"SMA",2,2.26
"pc5","rpi-4cpu",0.65,"SMA",1,2.02
"pc5","rpi-4cpu",0.65,"SMA",2,2.14
"pc5","rpi-4cpu",0.65,"SMA",4,2.13
"pc5","rpi-4cpu",0.65,"SMA",3,2.15
"pc5","rpi-4cpu",0.65,"SMA",1,1.95
"pc5","rpi-4cpu",0.65,"SMA",3,2.12
"pc5","rpi-4cpu",0.65,"SMA",4,2.12
"pc5","rpi-4cpu",0.65,"SMA",2,2.12
"pc5","rpi-4cpu",0.65,"SMA",1,1.89
"pc5","rpi-4cpu",0.65,"SMA",4,2.11
"pc5","rpi-4cpu",0.65,"SMA",2,2.11
"pc5","rpi-4cpu",0.65,"SMA",3,2.13
"pc5","rpi-4cpu",0.65,"SMA",1,1.83
"pc5","rpi-4cpu",0.65,"SMA",3,2.07
"pc5","rpi-4cpu",0.65,"SMA",2,2.08
"pc5","rpi-4cpu",0.65,"SMA",4,2.08
"pc5","rpi-4cpu",0.65,"SMA",4,2.05
"pc5","rpi-4cpu",0.65,"SMA",1,2.14
"pc5","rpi-4cpu",0.65,"SMA",2,2.14
"pc5","rpi-4cpu",0.65,"SMA",3,2.13
"pc5","rpi-4cpu",0.65,"SMA",4,2.07
"pc5","rpi-4cpu",0.65,"SMA",3,2.12
"pc5","rpi-4cpu",0.65,"SMA",1,2.14
"pc5","rpi-4cpu",0.65,"SMA",2,2.15
"pc5","rpi-4cpu",0.65,"SMA",4,2.07
"pc5","rpi-4cpu",0.65,"SMA",3,2.1
"pc5","rpi-4cpu",0.65,"SMA",2,2.14
"pc5","rpi-4cpu",0.65,"SMA",1,2.17
"pc5","rpi-4cpu",0.65,"SMA",4,2.07
"pc5","rpi-4cpu",0.65,"SMA",3,2.07
"pc5","rpi-4cpu",0.65,"SMA",2,2.1
"pc5","rpi-4cpu",0.65,"SMA",1,2.13
"pc5","rpi-4cpu",0.65,"SMA",4,2.02
"pc5","rpi-4cpu",0.65,"SMA",3,2.05
"pc5","rpi-4cpu",0.65,"SMA",2,2.12
"pc5","rpi-4cpu",0.65,"SMA",1,2.15
"pc5","rpi-4cpu",0.65,"SMA",4,2.04
"pc5","rpi-4cpu",0.65,"SMA",3,2.1
"pc5","rpi-4cpu",0.65,"SMA",1,2.1
"pc5","rpi-4cpu",0.65,"SMA",2,2.1
"pc5","rpi-4cpu",0.65,"SMA",4,2.02
"pc5","rpi-4cpu",0.65,"SMA",2,2.12
"pc5","rpi-4cpu",0.65,"SMA",1,2.12
"pc5","rpi-4cpu",0.65,"SMA",3,2.12
"pc5","rpi-4cpu",0.65,"SMA",2,2.07
"pc5","rpi-4cpu",0.65,"SMA",3,2.08
"pc5","rpi-4cpu",0.65,"SMA",4,2.08
"pc5","rpi-4cpu",0.65,"SMA",1,2.12
"pc5","rpi-4cpu",0.65,"SMA",2,2.03
"pc5","rpi-4cpu",0.65,"SMA",4,2.02
"pc5","rpi-4cpu",0.65,"SMA",3,2.05
"pc5","rpi-4cpu",0.65,"SMA",1,2.11
"pc5","rpi-4cpu",0.65,"SMA",2,2
"pc5","rpi-4cpu",0.65,"SMA",4,2
"pc5","rpi-4cpu",0.65,"SMA",3,2
"pc5","rpi-4cpu",0.65,"SMA",1,2.09
"pc5","rpi-4cpu",0.65,"SMA",4,2.17
"pc5","rpi-4cpu",0.65,"SMA",1,2.17
"pc5","rpi-4cpu",0.65,"SMA",2,2.17
"pc5","rpi-4cpu",0.65,"SMA",3,2.17
"pc5","rpi-4cpu",0.65,"SMA",1,2.06
"pc5","rpi-4cpu",0.65,"SMA",3,2.14
"pc5","rpi-4cpu",0.65,"SMA",4,2.14
"pc5","rpi-4cpu",0.65,"SMA",2,2.18
"pc5","rpi-4cpu",0.65,"SMA",4,1.73
"pc5","rpi-4cpu",0.65,"SMA",1,1.94
"pc5","rpi-4cpu",0.65,"SMA",2,1.98
"pc5","rpi-4cpu",0.65,"SMA",3,2.02
"pc5","rpi-4cpu",0.65,"SMA",4,1.79
"pc5","rpi-4cpu",0.65,"SMA",2,2.01
"pc5","rpi-4cpu",0.65,"SMA",1,2.01
"pc5","rpi-4cpu",0.65,"SMA",3,2.01
"pc5","rpi-4cpu",0.65,"SMA",1,2.06
"pc5","rpi-4cpu",0.65,"SMA",3,2.05
"pc5","rpi-4cpu",0.65,"SMA",2,2.12
"pc5","rpi-4cpu",0.65,"SMA",4,2.41
"pc5","rpi-4cpu",0.65,"SMA",1,2.18
"pc5","rpi-4cpu",0.65,"SMA",2,2.17
"pc5","rpi-4cpu",0.65,"SMA",3,2.17
"pc5","rpi-4cpu",0.65,"SMA",4,2.47
"pc5","rpi-4cpu",0.65,"SMA",2,2.18
"pc5","rpi-4cpu",0.65,"SMA",1,2.18
"pc5","rpi-4cpu",0.65,"SMA",3,2.17
"pc5","rpi-4cpu",0.65,"SMA",4,2.5
"pc5","rpi-4cpu",0.65,"SMA",2,2.13
"pc5","rpi-4cpu",0.65,"SMA",1,2.15
"pc5","rpi-4cpu",0.65,"SMA",3,2.16
"pc5","rpi-4cpu",0.65,"SMA",4,2.61
"pc5","rpi-4cpu",0.65,"SMA",3,1.9
"pc5","rpi-4cpu",0.65,"SMA",1,2.1
"pc5","rpi-4cpu",0.65,"SMA",2,2.18
"pc5","rpi-4cpu",0.65,"SMA",4,2.47
"pc5","rpi-4cpu",0.65,"SMA",3,1.86
"pc5","rpi-4cpu",0.65,"SMA",1,2.08
"pc5","rpi-4cpu",0.65,"SMA",2,2.09
"pc5","rpi-4cpu",0.65,"SMA",4,2.42
"pc5","rpi-4cpu",0.65,"SMA",1,2.14
"pc5","rpi-4cpu",0.65,"SMA",3,2.2
"pc5","rpi-4cpu",0.65,"SMA",4,2.58
"pc5","rpi-4cpu",0.65,"SMA",2,2.63
"pc5","rpi-4cpu",0.65,"SMA",1,2.18
"pc5","rpi-4cpu",0.65,"SMA",2,2.18
"pc5","rpi-4cpu",0.65,"SMA",3,2.54
"pc5","rpi-4cpu",0.65,"SMA",4,2.61
"pc5","rpi-4cpu",0.65,"SMA",2,1.8
"pc5","rpi-4cpu",0.65,"SMA",1,2.1
"pc5","rpi-4cpu",0.65,"SMA",3,2.48
"pc5","rpi-4cpu",0.65,"SMA",4,2.54
"pc5","rpi-4cpu",0.65,"SMA",1,2.22
"pc5","rpi-4cpu",0.65,"SMA",4,2.74
"pc5","rpi-4cpu",0.65,"SMA",3,2.74
"pc5","rpi-4cpu",0.65,"SMA",2,2.78
"pc5","rpi-4cpu",0.65,"SMA",1,2.21
"pc5","rpi-4cpu",0.65,"SMA",3,2.63
"pc5","rpi-4cpu",0.65,"SMA",4,2.68
"pc5","rpi-4cpu",0.65,"SMA",2,2.7
"pc5","rpi-4cpu",0.75,"SMA",1,1.76
"pc5","rpi-4cpu",0.75,"SMA",4,1.95
"pc5","rpi-4cpu",0.75,"SMA",3,1.99
"pc5","rpi-4cpu",0.75,"SMA",2,2.04
"pc5","rpi-4cpu",0.75,"SMA",1,1.66
"pc5","rpi-4cpu",0.75,"SMA",4,1.83
"pc5","rpi-4cpu",0.75,"SMA",2,1.85
"pc5","rpi-4cpu",0.75,"SMA",3,1.87
"pc5","rpi-4cpu",0.75,"SMA",1,1.65
"pc5","rpi-4cpu",0.75,"SMA",4,1.87
"pc5","rpi-4cpu",0.75,"SMA",2,1.89
"pc5","rpi-4cpu",0.75,"SMA",3,1.87
"pc5","rpi-4cpu",0.75,"SMA",1,1.61
"pc5","rpi-4cpu",0.75,"SMA",3,1.84
"pc5","rpi-4cpu",0.75,"SMA",4,1.84
"pc5","rpi-4cpu",0.75,"SMA",2,1.84
"pc5","rpi-4cpu",0.75,"SMA",1,1.62
"pc5","rpi-4cpu",0.75,"SMA",4,1.86
"pc5","rpi-4cpu",0.75,"SMA",2,1.89
"pc5","rpi-4cpu",0.75,"SMA",3,1.91
"pc5","rpi-4cpu",0.75,"SMA",2,1.86
"pc5","rpi-4cpu",0.75,"SMA",3,1.86
"pc5","rpi-4cpu",0.75,"SMA",4,1.86
"pc5","rpi-4cpu",0.75,"SMA",1,1.91
"pc5","rpi-4cpu",0.75,"SMA",4,1.81
"pc5","rpi-4cpu",0.75,"SMA",3,1.82
"pc5","rpi-4cpu",0.75,"SMA",1,1.91
"pc5","rpi-4cpu",0.75,"SMA",2,1.89
"pc5","rpi-4cpu",0.75,"SMA",4,1.77
"pc5","rpi-4cpu",0.75,"SMA",3,1.8
"pc5","rpi-4cpu",0.75,"SMA",2,1.87
"pc5","rpi-4cpu",0.75,"SMA",1,1.91
"pc5","rpi-4cpu",0.75,"SMA",4,1.81
"pc5","rpi-4cpu",0.75,"SMA",2,1.86
"pc5","rpi-4cpu",0.75,"SMA",3,1.86
"pc5","rpi-4cpu",0.75,"SMA",1,1.88
"pc5","rpi-4cpu",0.75,"SMA",3,1.77
"pc5","rpi-4cpu",0.75,"SMA",4,1.78
"pc5","rpi-4cpu",0.75,"SMA",2,1.83
"pc5","rpi-4cpu",0.75,"SMA",1,1.83
"pc5","rpi-4cpu",0.75,"SMA",4,1.79
"pc5","rpi-4cpu",0.75,"SMA",2,1.82
"pc5","rpi-4cpu",0.75,"SMA",3,1.83
"pc5","rpi-4cpu",0.75,"SMA",1,1.83
"pc5","rpi-4cpu",0.75,"SMA",2,1.77
"pc5","rpi-4cpu",0.75,"SMA",4,1.81
"pc5","rpi-4cpu",0.75,"SMA",3,1.82
"pc5","rpi-4cpu",0.75,"SMA",1,1.85
"pc5","rpi-4cpu",0.75,"SMA",2,1.77
"pc5","rpi-4cpu",0.75,"SMA",3,1.77
"pc5","rpi-4cpu",0.75,"SMA",4,1.8
"pc5","rpi-4cpu",0.75,"SMA",1,1.99
"pc5","rpi-4cpu",0.75,"SMA",1,1.81
"pc5","rpi-4cpu",0.75,"SMA",2,1.81
"pc5","rpi-4cpu",0.75,"SMA",3,1.79
"pc5","rpi-4cpu",0.75,"SMA",4,1.81
"pc5","rpi-4cpu",0.75,"SMA",3,1.78
"pc5","rpi-4cpu",0.75,"SMA",2,1.79
"pc5","rpi-4cpu",0.75,"SMA",1,1.79
"pc5","rpi-4cpu",0.75,"SMA",4,1.82
"pc5","rpi-4cpu",0.75,"SMA",1,1.83
"pc5","rpi-4cpu",0.75,"SMA",2,1.83
"pc5","rpi-4cpu",0.75,"SMA",4,1.83
"pc5","rpi-4cpu",0.75,"SMA",3,1.89
"pc5","rpi-4cpu",0.75,"SMA",2,1.81
"pc5","rpi-4cpu",0.75,"SMA",1,1.82
"pc5","rpi-4cpu",0.75,"SMA",4,1.81
"pc5","rpi-4cpu",0.75,"SMA",3,1.86
"pc5","rpi-4cpu",0.75,"SMA",1,1.75
"pc5","rpi-4cpu",0.75,"SMA",2,1.8
"pc5","rpi-4cpu",0.75,"SMA",3,1.81
"pc5","rpi-4cpu",0.75,"SMA",4,1.81
"pc5","rpi-4cpu",0.75,"SMA",4,1.61
"pc5","rpi-4cpu",0.75,"SMA",1,1.74
"pc5","rpi-4cpu",0.75,"SMA",2,1.82
"pc5","rpi-4cpu",0.75,"SMA",3,1.85
"pc5","rpi-4cpu",0.75,"SMA",4,1.58
"pc5","rpi-4cpu",0.75,"SMA",3,1.76
"pc5","rpi-4cpu",0.75,"SMA",2,1.76
"pc5","rpi-4cpu",0.75,"SMA",1,1.76
"pc5","rpi-4cpu",0.75,"SMA",3,1.86
"pc5","rpi-4cpu",0.75,"SMA",2,1.86
"pc5","rpi-4cpu",0.75,"SMA",1,1.89
"pc5","rpi-4cpu",0.75,"SMA",4,2.12
"pc5","rpi-4cpu",0.75,"SMA",1,1.88
"pc5","rpi-4cpu",0.75,"SMA",2,1.9
"pc5","rpi-4cpu",0.75,"SMA",3,1.92
"pc5","rpi-4cpu",0.75,"SMA",4,2.16
"pc5","rpi-4cpu",0.75,"SMA",3,1.83
"pc5","rpi-4cpu",0.75,"SMA",2,1.84
"pc5","rpi-4cpu",0.75,"SMA",1,1.86
"pc5","rpi-4cpu",0.75,"SMA",4,2.14
"pc5","rpi-4cpu",0.75,"SMA",4,2.06
"pc5","rpi-4cpu",0.75,"SMA",2,2.26
"pc5","rpi-4cpu",0.75,"SMA",1,2.31
"pc5","rpi-4cpu",0.75,"SMA",3,2.34
"pc5","rpi-4cpu",0.75,"SMA",3,1.56
"pc5","rpi-4cpu",0.75,"SMA",1,1.84
"pc5","rpi-4cpu",0.75,"SMA",2,1.85
"pc5","rpi-4cpu",0.75,"SMA",4,2.06
"pc5","rpi-4cpu",0.75,"SMA",1,1.9
"pc5","rpi-4cpu",0.75,"SMA",2,1.93
"pc5","rpi-4cpu",0.75,"SMA",3,2.31
"pc5","rpi-4cpu",0.75,"SMA",4,2.42
"pc5","rpi-4cpu",0.75,"SMA",2,1.56
"pc5","rpi-4cpu",0.75,"SMA",1,1.87
"pc5","rpi-4cpu",0.75,"SMA",4,2.15
"pc5","rpi-4cpu",0.75,"SMA",3,2.18
"pc5","rpi-4cpu",0.75,"SMA",2,1.56
"pc5","rpi-4cpu",0.75,"SMA",1,1.89
"pc5","rpi-4cpu",0.75,"SMA",3,2.14
"pc5","rpi-4cpu",0.75,"SMA",4,2.2
"pc5","rpi-4cpu",0.75,"SMA",1,1.97
"pc5","rpi-4cpu",0.75,"SMA",3,2.37
"pc5","rpi-4cpu",0.75,"SMA",2,2.37
"pc5","rpi-4cpu",0.75,"SMA",4,2.37
"pc5","rpi-4cpu",0.75,"SMA",1,1.97
"pc5","rpi-4cpu",0.75,"SMA",2,2.3
"pc5","rpi-4cpu",0.75,"SMA",3,2.3
"pc5","rpi-4cpu",0.75,"SMA",4,2.37
"pc5","rpi-4cpu",0.85,"SMA",1,1.61
"pc5","rpi-4cpu",0.85,"SMA",4,1.75
"pc5","rpi-4cpu",0.85,"SMA",3,1.79
"pc5","rpi-4cpu",0.85,"SMA",2,1.84
"pc5","rpi-4cpu",0.85,"SMA",1,1.47
"pc5","rpi-4cpu",0.85,"SMA",4,1.59
"pc5","rpi-4cpu",0.85,"SMA",3,1.63
"pc5","rpi-4cpu",0.85,"SMA",2,1.66
"pc5","rpi-4cpu",0.85,"SMA",1,1.49
"pc5","rpi-4cpu",0.85,"SMA",4,1.62
"pc5","rpi-4cpu",0.85,"SMA",2,1.66
"pc5","rpi-4cpu",0.85,"SMA",3,1.66
"pc5","rpi-4cpu",0.85,"SMA",1,1.38
"pc5","rpi-4cpu",0.85,"SMA",4,1.58
"pc5","rpi-4cpu",0.85,"SMA",3,1.63
"pc5","rpi-4cpu",0.85,"SMA",2,1.63
"pc5","rpi-4cpu",0.85,"SMA",4,1.6
"pc5","rpi-4cpu",0.85,"SMA",2,1.68
"pc5","rpi-4cpu",0.85,"SMA",3,1.68
"pc5","rpi-4cpu",0.85,"SMA",1,1.68
"pc5","rpi-4cpu",0.85,"SMA",4,1.62
"pc5","rpi-4cpu",0.85,"SMA",3,1.66
"pc5","rpi-4cpu",0.85,"SMA",2,1.66
"pc5","rpi-4cpu",0.85,"SMA",1,1.71
"pc5","rpi-4cpu",0.85,"SMA",4,1.61
"pc5","rpi-4cpu",0.85,"SMA",2,1.66
"pc5","rpi-4cpu",0.85,"SMA",1,1.66
"pc5","rpi-4cpu",0.85,"SMA",3,1.66
"pc5","rpi-4cpu",0.85,"SMA",4,1.59
"pc5","rpi-4cpu",0.85,"SMA",3,1.59
"pc5","rpi-4cpu",0.85,"SMA",2,1.63
"pc5","rpi-4cpu",0.85,"SMA",1,1.65
"pc5","rpi-4cpu",0.85,"SMA",3,1.59
"pc5","rpi-4cpu",0.85,"SMA",4,1.62
"pc5","rpi-4cpu",0.85,"SMA",1,1.67
"pc5","rpi-4cpu",0.85,"SMA",2,1.72
"pc5","rpi-4cpu",0.85,"SMA",2,1.61
"pc5","rpi-4cpu",0.85,"SMA",4,1.61
"pc5","rpi-4cpu",0.85,"SMA",1,1.65
"pc5","rpi-4cpu",0.85,"SMA",3,1.65
"pc5","rpi-4cpu",0.85,"SMA",2,1.58
"pc5","rpi-4cpu",0.85,"SMA",3,1.6
"pc5","rpi-4cpu",0.85,"SMA",4,1.62
"pc5","rpi-4cpu",0.85,"SMA",1,1.65
"pc5","rpi-4cpu",0.85,"SMA",1,1.61
"pc5","rpi-4cpu",0.85,"SMA",2,1.61
"pc5","rpi-4cpu",0.85,"SMA",4,1.62
"pc5","rpi-4cpu",0.85,"SMA",3,1.62
"pc5","rpi-4cpu",0.85,"SMA",2,1.58
"pc5","rpi-4cpu",0.85,"SMA",4,1.61
"pc5","rpi-4cpu",0.85,"SMA",3,1.61
"pc5","rpi-4cpu",0.85,"SMA",1,1.62
"pc5","rpi-4cpu",0.85,"SMA",2,1.57
"pc5","rpi-4cpu",0.85,"SMA",1,1.6
"pc5","rpi-4cpu",0.85,"SMA",3,1.61
"pc5","rpi-4cpu",0.85,"SMA",4,1.62
"pc5","rpi-4cpu",0.85,"SMA",2,1.66
"pc5","rpi-4cpu",0.85,"SMA",1,1.7
"pc5","rpi-4cpu",0.85,"SMA",4,1.66
"pc5","rpi-4cpu",0.85,"SMA",3,1.68
"pc5","rpi-4cpu",0.85,"SMA",2,1.61
"pc5","rpi-4cpu",0.85,"SMA",1,1.63
"pc5","rpi-4cpu",0.85,"SMA",4,1.63
"pc5","rpi-4cpu",0.85,"SMA",3,1.65
"pc5","rpi-4cpu",0.85,"SMA",4,1.37
"pc5","rpi-4cpu",0.85,"SMA",1,1.54
"pc5","rpi-4cpu",0.85,"SMA",2,1.54
"pc5","rpi-4cpu",0.85,"SMA",3,1.58
"pc5","rpi-4cpu",0.85,"SMA",4,1.44
"pc5","rpi-4cpu",0.85,"SMA",2,1.56
"pc5","rpi-4cpu",0.85,"SMA",1,1.59
"pc5","rpi-4cpu",0.85,"SMA",3,1.58
"pc5","rpi-4cpu",0.85,"SMA",1,1.58
"pc5","rpi-4cpu",0.85,"SMA",2,1.63
"pc5","rpi-4cpu",0.85,"SMA",3,1.64
"pc5","rpi-4cpu",0.85,"SMA",4,1.86
"pc5","rpi-4cpu",0.85,"SMA",1,1.6
"pc5","rpi-4cpu",0.85,"SMA",2,1.66
"pc5","rpi-4cpu",0.85,"SMA",4,1.68
"pc5","rpi-4cpu",0.85,"SMA",3,1.9
"pc5","rpi-4cpu",0.85,"SMA",1,1.67
"pc5","rpi-4cpu",0.85,"SMA",2,1.67
"pc5","rpi-4cpu",0.85,"SMA",3,1.7
"pc5","rpi-4cpu",0.85,"SMA",4,1.91
"pc5","rpi-4cpu",0.85,"SMA",3,1.39
"pc5","rpi-4cpu",0.85,"SMA",2,1.62
"pc5","rpi-4cpu",0.85,"SMA",1,1.62
"pc5","rpi-4cpu",0.85,"SMA",4,1.83
"pc5","rpi-4cpu",0.85,"SMA",3,1.47
"pc5","rpi-4cpu",0.85,"SMA",2,1.64
"pc5","rpi-4cpu",0.85,"SMA",1,1.64
"pc5","rpi-4cpu",0.85,"SMA",4,1.87
"pc5","rpi-4cpu",0.85,"SMA",2,1.71
"pc5","rpi-4cpu",0.85,"SMA",1,1.77
"pc5","rpi-4cpu",0.85,"SMA",3,1.98
"pc5","rpi-4cpu",0.85,"SMA",4,2
"pc5","rpi-4cpu",0.85,"SMA",2,1.69
"pc5","rpi-4cpu",0.85,"SMA",1,1.71
"pc5","rpi-4cpu",0.85,"SMA",3,2.02
"pc5","rpi-4cpu",0.85,"SMA",4,2.07
"pc5","rpi-4cpu",0.85,"SMA",1,1.68
"pc5","rpi-4cpu",0.85,"SMA",2,1.7
"pc5","rpi-4cpu",0.85,"SMA",3,2
"pc5","rpi-4cpu",0.85,"SMA",4,2.01
"pc5","rpi-4cpu",0.85,"SMA",2,1.47
"pc5","rpi-4cpu",0.85,"SMA",1,1.72
"pc5","rpi-4cpu",0.85,"SMA",4,1.97
"pc5","rpi-4cpu",0.85,"SMA",3,1.97
"pc5","rpi-4cpu",0.85,"SMA",2,1.46
"pc5","rpi-4cpu",0.85,"SMA",1,1.7
"pc5","rpi-4cpu",0.85,"SMA",4,1.99
"pc5","rpi-4cpu",0.85,"SMA",3,1.99
"pc5","rpi-4cpu",0.85,"SMA",1,1.78
"pc5","rpi-4cpu",0.85,"SMA",2,2.1
"pc5","rpi-4cpu",0.85,"SMA",3,2.15
"pc5","rpi-4cpu",0.85,"SMA",4,2.15
"pc5","rpi-4cpu",0.85,"SMA",1,1.78
"pc5","rpi-4cpu",0.85,"SMA",2,2.1
"pc5","rpi-4cpu",0.85,"SMA",3,2.11
"pc5","rpi-4cpu",0.85,"SMA",4,2.13
"pc5","rpi-4cpu",0.95,"SMA",1,1.56
"pc5","rpi-4cpu",0.95,"SMA",3,1.72
"pc5","rpi-4cpu",0.95,"SMA",4,1.75
"pc5","rpi-4cpu",0.95,"SMA",2,1.79
"pc5","rpi-4cpu",0.95,"SMA",1,1.36
"pc5","rpi-4cpu",0.95,"SMA",2,1.48
"pc5","rpi-4cpu",0.95,"SMA",3,1.5
"pc5","rpi-4cpu",0.95,"SMA",4,1.5
"pc5","rpi-4cpu",0.95,"SMA",1,1.34
"pc5","rpi-4cpu",0.95,"SMA",3,1.49
"pc5","rpi-4cpu",0.95,"SMA",2,1.49
"pc5","rpi-4cpu",0.95,"SMA",4,1.49
"pc5","rpi-4cpu",0.95,"SMA",1,1.3
"pc5","rpi-4cpu",0.95,"SMA",4,1.49
"pc5","rpi-4cpu",0.95,"SMA",3,1.49
"pc5","rpi-4cpu",0.95,"SMA",2,1.53
"pc5","rpi-4cpu",0.95,"SMA",4,1.47
"pc5","rpi-4cpu",0.95,"SMA",3,1.49
"pc5","rpi-4cpu",0.95,"SMA",1,1.52
"pc5","rpi-4cpu",0.95,"SMA",2,1.53
"pc5","rpi-4cpu",0.95,"SMA",4,1.45
"pc5","rpi-4cpu",0.95,"SMA",3,1.47
"pc5","rpi-4cpu",0.95,"SMA",1,1.53
"pc5","rpi-4cpu",0.95,"SMA",2,1.53
"pc5","rpi-4cpu",0.95,"SMA",4,1.47
"pc5","rpi-4cpu",0.95,"SMA",3,1.51
"pc5","rpi-4cpu",0.95,"SMA",2,1.53
"pc5","rpi-4cpu",0.95,"SMA",1,1.57
"pc5","rpi-4cpu",0.95,"SMA",3,1.44
"pc5","rpi-4cpu",0.95,"SMA",4,1.44
"pc5","rpi-4cpu",0.95,"SMA",2,1.53
"pc5","rpi-4cpu",0.95,"SMA",1,1.54
"pc5","rpi-4cpu",0.95,"SMA",4,1.46
"pc5","rpi-4cpu",0.95,"SMA",3,1.46
"pc5","rpi-4cpu",0.95,"SMA",1,1.5
"pc5","rpi-4cpu",0.95,"SMA",2,1.51
"pc5","rpi-4cpu",0.95,"SMA",4,1.48
"pc5","rpi-4cpu",0.95,"SMA",2,1.48
"pc5","rpi-4cpu",0.95,"SMA",3,1.48
"pc5","rpi-4cpu",0.95,"SMA",1,1.51
"pc5","rpi-4cpu",0.95,"SMA",3,1.43
"pc5","rpi-4cpu",0.95,"SMA",4,1.45
"pc5","rpi-4cpu",0.95,"SMA",2,1.49
"pc5","rpi-4cpu",0.95,"SMA",1,1.54
"pc5","rpi-4cpu",0.95,"SMA",2,1.46
"pc5","rpi-4cpu",0.95,"SMA",1,1.49
"pc5","rpi-4cpu",0.95,"SMA",3,1.5
"pc5","rpi-4cpu",0.95,"SMA",4,1.5
"pc5","rpi-4cpu",0.95,"SMA",2,1.48
"pc5","rpi-4cpu",0.95,"SMA",3,1.47
"pc5","rpi-4cpu",0.95,"SMA",4,1.47
"pc5","rpi-4cpu",0.95,"SMA",1,1.5
"pc5","rpi-4cpu",0.95,"SMA",2,1.47
"pc5","rpi-4cpu",0.95,"SMA",4,1.51
"pc5","rpi-4cpu",0.95,"SMA",3,1.52
"pc5","rpi-4cpu",0.95,"SMA",1,1.55
"pc5","rpi-4cpu",0.95,"SMA",2,1.49
"pc5","rpi-4cpu",0.95,"SMA",4,1.49
"pc5","rpi-4cpu",0.95,"SMA",3,1.53
"pc5","rpi-4cpu",0.95,"SMA",1,1.56
"pc5","rpi-4cpu",0.95,"SMA",3,1.42
"pc5","rpi-4cpu",0.95,"SMA",4,1.47
"pc5","rpi-4cpu",0.95,"SMA",1,1.47
"pc5","rpi-4cpu",0.95,"SMA",2,1.48
"pc5","rpi-4cpu",0.95,"SMA",4,1.29
"pc5","rpi-4cpu",0.95,"SMA",1,1.41
"pc5","rpi-4cpu",0.95,"SMA",2,1.44
"pc5","rpi-4cpu",0.95,"SMA",3,1.44
"pc5","rpi-4cpu",0.95,"SMA",4,1.24
"pc5","rpi-4cpu",0.95,"SMA",1,1.39
"pc5","rpi-4cpu",0.95,"SMA",3,1.39
"pc5","rpi-4cpu",0.95,"SMA",2,1.42
"pc5","rpi-4cpu",0.95,"SMA",2,1.45
"pc5","rpi-4cpu",0.95,"SMA",1,1.47
"pc5","rpi-4cpu",0.95,"SMA",3,1.46
"pc5","rpi-4cpu",0.95,"SMA",4,1.72
"pc5","rpi-4cpu",0.95,"SMA",3,1.53
"pc5","rpi-4cpu",0.95,"SMA",1,1.59
"pc5","rpi-4cpu",0.95,"SMA",2,1.59
"pc5","rpi-4cpu",0.95,"SMA",4,1.79
"pc5","rpi-4cpu",0.95,"SMA",3,1.51
"pc5","rpi-4cpu",0.95,"SMA",2,1.56
"pc5","rpi-4cpu",0.95,"SMA",1,1.56
"pc5","rpi-4cpu",0.95,"SMA",4,1.74
"pc5","rpi-4cpu",0.95,"SMA",1,1.59
"pc5","rpi-4cpu",0.95,"SMA",3,1.64
"pc5","rpi-4cpu",0.95,"SMA",2,1.67
"pc5","rpi-4cpu",0.95,"SMA",4,1.76
"pc5","rpi-4cpu",0.95,"SMA",1,1.55
"pc5","rpi-4cpu",0.95,"SMA",3,1.52
"pc5","rpi-4cpu",0.95,"SMA",2,1.55
"pc5","rpi-4cpu",0.95,"SMA",4,1.78
"pc5","rpi-4cpu",0.95,"SMA",3,1.27
"pc5","rpi-4cpu",0.95,"SMA",2,1.5
"pc5","rpi-4cpu",0.95,"SMA",1,1.55
"pc5","rpi-4cpu",0.95,"SMA",4,1.73
"pc5","rpi-4cpu",0.95,"SMA",1,1.52
"pc5","rpi-4cpu",0.95,"SMA",2,1.52
"pc5","rpi-4cpu",0.95,"SMA",3,1.81
"pc5","rpi-4cpu",0.95,"SMA",4,1.83
"pc5","rpi-4cpu",0.95,"SMA",2,1.53
"pc5","rpi-4cpu",0.95,"SMA",1,1.56
"pc5","rpi-4cpu",0.95,"SMA",3,1.84
"pc5","rpi-4cpu",0.95,"SMA",4,1.84
"pc5","rpi-4cpu",0.95,"SMA",1,1.53
"pc5","rpi-4cpu",0.95,"SMA",2,1.54
"pc5","rpi-4cpu",0.95,"SMA",4,1.84
"pc5","rpi-4cpu",0.95,"SMA",3,1.85
"pc5","rpi-4cpu",0.95,"SMA",1,1.58
"pc5","rpi-4cpu",0.95,"SMA",2,1.59
"pc5","rpi-4cpu",0.95,"SMA",3,1.83
"pc5","rpi-4cpu",0.95,"SMA",4,1.9
"pc5","rpi-4cpu",0.95,"SMA",1,1.5
"pc5","rpi-4cpu",0.95,"SMA",3,1.53
"pc5","rpi-4cpu",0.95,"SMA",4,1.8
"pc5","rpi-4cpu",0.95,"SMA",2,1.8
"pc5","rpi-4cpu",0.95,"SMA",2,1.37
"pc5","rpi-4cpu",0.95,"SMA",1,1.52
"pc5","rpi-4cpu",0.95,"SMA",3,1.77
"pc5","rpi-4cpu",0.95,"SMA",4,1.79
"pc1","4cpu-i7",0.1,"stine",4,19.18
"pc1","4cpu-i7",0.1,"stine",3,19.79
"pc1","4cpu-i7",0.1,"stine",2,19.79
"pc1","4cpu-i7",0.1,"stine",1,20
"pc1","4cpu-i7",0.1,"stine",3,19.51
"pc1","4cpu-i7",0.1,"stine",4,19.76
"pc1","4cpu-i7",0.1,"stine",1,19.76
"pc1","4cpu-i7",0.1,"stine",2,19.83
"pc1","4cpu-i7",0.1,"stine",4,18.44
"pc1","4cpu-i7",0.1,"stine",3,18.66
"pc1","4cpu-i7",0.1,"stine",1,18.66
"pc1","4cpu-i7",0.1,"stine",2,18.66
"pc1","4cpu-i7",0.1,"stine",4,18.13
"pc1","4cpu-i7",0.1,"stine",3,18.44
"pc1","4cpu-i7",0.1,"stine",1,18.65
"pc1","4cpu-i7",0.1,"stine",2,18.65
"pc1","4cpu-i7",0.1,"stine",1,16.85
"pc1","4cpu-i7",0.1,"stine",3,17.04
"pc1","4cpu-i7",0.1,"stine",4,17.12
"pc1","4cpu-i7",0.1,"stine",2,17.24
"pc1","4cpu-i7",0.1,"stine",4,18.95
"pc1","4cpu-i7",0.1,"stine",3,19.05
"pc1","4cpu-i7",0.1,"stine",1,19.08
"pc1","4cpu-i7",0.1,"stine",2,19.16
"pc1","4cpu-i7",0.1,"stine",3,19.55
"pc1","4cpu-i7",0.1,"stine",4,19.77
"pc1","4cpu-i7",0.1,"stine",1,19.77
"pc1","4cpu-i7",0.1,"stine",2,19.86
"pc1","4cpu-i7",0.1,"stine",4,16.96
"pc1","4cpu-i7",0.1,"stine",3,16.96
"pc1","4cpu-i7",0.1,"stine",1,16.96
"pc1","4cpu-i7",0.1,"stine",2,17.15
"pc1","4cpu-i7",0.1,"stine",1,18.42
"pc1","4cpu-i7",0.1,"stine",3,18.42
"pc1","4cpu-i7",0.1,"stine",2,18.63
"pc1","4cpu-i7",0.1,"stine",4,18.8
"pc1","4cpu-i7",0.1,"stine",2,17.56
"pc1","4cpu-i7",0.1,"stine",1,17.77
"pc1","4cpu-i7",0.1,"stine",4,17.85
"pc1","4cpu-i7",0.1,"stine",3,17.85
"pc1","4cpu-i7",0.1,"stine",2,17.75
"pc1","4cpu-i7",0.1,"stine",1,17.96
"pc1","4cpu-i7",0.1,"stine",3,18.04
"pc1","4cpu-i7",0.1,"stine",4,18.04
"pc1","4cpu-i7",0.1,"stine",4,18.84
"pc1","4cpu-i7",0.1,"stine",2,19.05
"pc1","4cpu-i7",0.1,"stine",3,19.05
"pc1","4cpu-i7",0.1,"stine",1,19.16
"pc1","4cpu-i7",0.1,"stine",3,17.04
"pc1","4cpu-i7",0.1,"stine",2,17.37
"pc1","4cpu-i7",0.1,"stine",4,17.37
"pc1","4cpu-i7",0.1,"stine",1,17.37
"pc1","4cpu-i7",0.1,"stine",4,19.6
"pc1","4cpu-i7",0.1,"stine",3,19.6
"pc1","4cpu-i7",0.1,"stine",2,19.6
"pc1","4cpu-i7",0.1,"stine",1,19.6
"pc1","4cpu-i7",0.1,"stine",2,17.38
"pc1","4cpu-i7",0.1,"stine",1,17.38
"pc1","4cpu-i7",0.1,"stine",4,17.45
"pc1","4cpu-i7",0.1,"stine",3,17.66
"pc1","4cpu-i7",0.1,"stine",2,17.85
"pc1","4cpu-i7",0.1,"stine",4,18.03
"pc1","4cpu-i7",0.1,"stine",1,18.34
"pc1","4cpu-i7",0.1,"stine",3,18.34
"pc1","4cpu-i7",0.1,"stine",4,18.15
"pc1","4cpu-i7",0.1,"stine",3,18.45
"pc1","4cpu-i7",0.1,"stine",1,18.56
"pc1","4cpu-i7",0.1,"stine",2,18.75
"pc1","4cpu-i7",0.1,"stine",4,17.85
"pc1","4cpu-i7",0.1,"stine",3,17.86
"pc1","4cpu-i7",0.1,"stine",1,17.96
"pc1","4cpu-i7",0.1,"stine",2,17.96
"pc1","4cpu-i7",0.1,"stine",2,18.55
"pc1","4cpu-i7",0.1,"stine",1,18.65
"pc1","4cpu-i7",0.1,"stine",4,18.64
"pc1","4cpu-i7",0.1,"stine",3,18.64
"pc1","4cpu-i7",0.1,"stine",2,18.04
"pc1","4cpu-i7",0.1,"stine",4,18.23
"pc1","4cpu-i7",0.1,"stine",3,18.33
"pc1","4cpu-i7",0.1,"stine",1,18.45
"pc1","4cpu-i7",0.1,"stine",3,17.65
"pc1","4cpu-i7",0.1,"stine",2,17.85
"pc1","4cpu-i7",0.1,"stine",1,18.04
"pc1","4cpu-i7",0.1,"stine",4,18.04
"pc1","4cpu-i7",0.1,"stine",1,18.47
"pc1","4cpu-i7",0.1,"stine",2,18.56
"pc1","4cpu-i7",0.1,"stine",3,18.65
"pc1","4cpu-i7",0.1,"stine",4,18.75
"pc1","4cpu-i7",0.1,"stine",3,18.14
"pc1","4cpu-i7",0.1,"stine",4,18.23
"pc1","4cpu-i7",0.1,"stine",1,18.55
"pc1","4cpu-i7",0.1,"stine",2,18.55
"pc1","4cpu-i7",0.1,"stine",1,19.16
"pc1","4cpu-i7",0.1,"stine",4,19.16
"pc1","4cpu-i7",0.1,"stine",2,19.18
"pc1","4cpu-i7",0.1,"stine",3,19.36
"pc1","4cpu-i7",0.1,"stine",2,17.96
"pc1","4cpu-i7",0.1,"stine",4,18.05
"pc1","4cpu-i7",0.1,"stine",1,18.27
"pc1","4cpu-i7",0.1,"stine",3,18.35
"pc1","4cpu-i7",0.1,"stine",4,17.45
"pc1","4cpu-i7",0.1,"stine",3,17.95
"pc1","4cpu-i7",0.1,"stine",2,18.07
"pc1","4cpu-i7",0.1,"stine",1,18.07
"pc1","4cpu-i7",0.1,"stine",4,17.94
"pc1","4cpu-i7",0.1,"stine",3,18.34
"pc1","4cpu-i7",0.1,"stine",1,18.46
"pc1","4cpu-i7",0.1,"stine",2,18.75
"pc1","4cpu-i7",0.1,"stine",1,17.88
"pc1","4cpu-i7",0.1,"stine",4,17.9
"pc1","4cpu-i7",0.1,"stine",3,18.04
"pc1","4cpu-i7",0.1,"stine",2,18.04
"pc1","4cpu-i7",0.1,"stine",4,18.53
"pc1","4cpu-i7",0.1,"stine",2,18.53
"pc1","4cpu-i7",0.1,"stine",1,18.52
"pc1","4cpu-i7",0.1,"stine",3,18.52
"pc1","4cpu-i7",0.1,"stine",3,18.97
"pc1","4cpu-i7",0.1,"stine",4,19.06
"pc1","4cpu-i7",0.1,"stine",2,19.08
"pc1","4cpu-i7",0.1,"stine",1,19.18
"pc1","4cpu-i7",0.2,"stine",4,6.98
"pc1","4cpu-i7",0.2,"stine",3,7.07
"pc1","4cpu-i7",0.2,"stine",2,7.31
"pc1","4cpu-i7",0.2,"stine",1,7.31
"pc1","4cpu-i7",0.2,"stine",2,7.33
"pc1","4cpu-i7",0.2,"stine",1,7.53
"pc1","4cpu-i7",0.2,"stine",4,7.53
"pc1","4cpu-i7",0.2,"stine",3,7.53
"pc1","4cpu-i7",0.2,"stine",2,6.26
"pc1","4cpu-i7",0.2,"stine",4,6.42
"pc1","4cpu-i7",0.2,"stine",3,6.55
"pc1","4cpu-i7",0.2,"stine",1,6.65
"pc1","4cpu-i7",0.2,"stine",1,6.05
"pc1","4cpu-i7",0.2,"stine",4,6.05
"pc1","4cpu-i7",0.2,"stine",3,6.24
"pc1","4cpu-i7",0.2,"stine",2,6.26
"pc1","4cpu-i7",0.2,"stine",4,6.56
"pc1","4cpu-i7",0.2,"stine",3,6.76
"pc1","4cpu-i7",0.2,"stine",2,6.87
"pc1","4cpu-i7",0.2,"stine",1,6.87
"pc1","4cpu-i7",0.2,"stine",3,6.35
"pc1","4cpu-i7",0.2,"stine",4,6.43
"pc1","4cpu-i7",0.2,"stine",1,6.57
"pc1","4cpu-i7",0.2,"stine",2,6.66
"pc1","4cpu-i7",0.2,"stine",3,6.85
"pc1","4cpu-i7",0.2,"stine",1,6.85
"pc1","4cpu-i7",0.2,"stine",4,6.85
"pc1","4cpu-i7",0.2,"stine",2,6.95
"pc1","4cpu-i7",0.2,"stine",4,6.24
"pc1","4cpu-i7",0.2,"stine",1,6.28
"pc1","4cpu-i7",0.2,"stine",3,6.56
"pc1","4cpu-i7",0.2,"stine",2,6.76
"pc1","4cpu-i7",0.2,"stine",4,6.54
"pc1","4cpu-i7",0.2,"stine",3,6.66
"pc1","4cpu-i7",0.2,"stine",1,6.96
"pc1","4cpu-i7",0.2,"stine",2,6.96
"pc1","4cpu-i7",0.2,"stine",4,6.81
"pc1","4cpu-i7",0.2,"stine",3,6.81
"pc1","4cpu-i7",0.2,"stine",2,6.93
"pc1","4cpu-i7",0.2,"stine",1,6.93
"pc1","4cpu-i7",0.2,"stine",3,6.4
"pc1","4cpu-i7",0.2,"stine",1,6.52
"pc1","4cpu-i7",0.2,"stine",2,6.6
"pc1","4cpu-i7",0.2,"stine",4,6.59
"pc1","4cpu-i7",0.2,"stine",3,6.46
"pc1","4cpu-i7",0.2,"stine",2,6.59
"pc1","4cpu-i7",0.2,"stine",1,6.59
"pc1","4cpu-i7",0.2,"stine",4,6.75
"pc1","4cpu-i7",0.2,"stine",3,6.81
"pc1","4cpu-i7",0.2,"stine",1,6.92
"pc1","4cpu-i7",0.2,"stine",2,6.92
"pc1","4cpu-i7",0.2,"stine",4,6.92
"pc1","4cpu-i7",0.2,"stine",4,6.44
"pc1","4cpu-i7",0.2,"stine",2,6.44
"pc1","4cpu-i7",0.2,"stine",1,6.46
"pc1","4cpu-i7",0.2,"stine",3,6.53
"pc1","4cpu-i7",0.2,"stine",2,6.55
"pc1","4cpu-i7",0.2,"stine",1,6.65
"pc1","4cpu-i7",0.2,"stine",4,6.62
"pc1","4cpu-i7",0.2,"stine",3,6.64
"pc1","4cpu-i7",0.2,"stine",2,6.57
"pc1","4cpu-i7",0.2,"stine",3,6.65
"pc1","4cpu-i7",0.2,"stine",4,6.76
"pc1","4cpu-i7",0.2,"stine",1,6.86
"pc1","4cpu-i7",0.2,"stine",1,7.19
"pc1","4cpu-i7",0.2,"stine",2,7.19
"pc1","4cpu-i7",0.2,"stine",4,7.19
"pc1","4cpu-i7",0.2,"stine",3,7.27
"pc1","4cpu-i7",0.2,"stine",4,6.15
"pc1","4cpu-i7",0.2,"stine",1,6.28
"pc1","4cpu-i7",0.2,"stine",2,6.65
"pc1","4cpu-i7",0.2,"stine",3,6.65
"pc1","4cpu-i7",0.2,"stine",1,6.65
"pc1","4cpu-i7",0.2,"stine",4,7.02
"pc1","4cpu-i7",0.2,"stine",2,7.02
"pc1","4cpu-i7",0.2,"stine",3,7.1
"pc1","4cpu-i7",0.2,"stine",1,6.46
"pc1","4cpu-i7",0.2,"stine",3,6.52
"pc1","4cpu-i7",0.2,"stine",4,6.73
"pc1","4cpu-i7",0.2,"stine",2,6.73
"pc1","4cpu-i7",0.2,"stine",1,6.57
"pc1","4cpu-i7",0.2,"stine",3,6.57
"pc1","4cpu-i7",0.2,"stine",4,6.64
"pc1","4cpu-i7",0.2,"stine",2,6.67
"pc1","4cpu-i7",0.2,"stine",3,6.55
"pc1","4cpu-i7",0.2,"stine",2,6.66
"pc1","4cpu-i7",0.2,"stine",4,6.75
"pc1","4cpu-i7",0.2,"stine",1,6.86
"pc1","4cpu-i7",0.2,"stine",2,6.35
"pc1","4cpu-i7",0.2,"stine",3,6.35
"pc1","4cpu-i7",0.2,"stine",4,6.55
"pc1","4cpu-i7",0.2,"stine",1,6.59
"pc1","4cpu-i7",0.2,"stine",3,6.64
"pc1","4cpu-i7",0.2,"stine",1,6.75
"pc1","4cpu-i7",0.2,"stine",2,6.74
"pc1","4cpu-i7",0.2,"stine",4,6.74
"pc1","4cpu-i7",0.2,"stine",3,6.74
"pc1","4cpu-i7",0.2,"stine",4,6.81
"pc1","4cpu-i7",0.2,"stine",2,6.84
"pc1","4cpu-i7",0.2,"stine",1,6.96
"pc1","4cpu-i7",0.2,"stine",4,6.04
"pc1","4cpu-i7",0.2,"stine",1,6.04
"pc1","4cpu-i7",0.2,"stine",3,6.59
"pc1","4cpu-i7",0.2,"stine",2,6.73
"pc1","4cpu-i7",0.2,"stine",3,6.27
"pc1","4cpu-i7",0.2,"stine",1,6.38
"pc1","4cpu-i7",0.2,"stine",4,6.54
"pc1","4cpu-i7",0.2,"stine",2,6.77
"pc1","4cpu-i7",0.2,"stine",2,6.56
"pc1","4cpu-i7",0.2,"stine",1,6.64
"pc1","4cpu-i7",0.2,"stine",4,6.64
"pc1","4cpu-i7",0.2,"stine",3,6.34
"pc1","4cpu-i7",0.2,"stine",4,6.41
"pc1","4cpu-i7",0.2,"stine",2,6.53
"pc1","4cpu-i7",0.2,"stine",3,6.62
"pc1","4cpu-i7",0.2,"stine",1,6.73
"pc1","4cpu-i7",0.2,"stine",4,6.53
"pc1","4cpu-i7",0.2,"stine",2,6.64
"pc1","4cpu-i7",0.2,"stine",3,6.65
"pc1","4cpu-i7",0.2,"stine",1,6.66
"pc1","4cpu-i7",0.3,"stine",4,4.41
"pc1","4cpu-i7",0.3,"stine",3,4.52
"pc1","4cpu-i7",0.3,"stine",2,4.54
"pc1","4cpu-i7",0.3,"stine",1,4.63
"pc1","4cpu-i7",0.3,"stine",2,4.75
"pc1","4cpu-i7",0.3,"stine",3,4.76
"pc1","4cpu-i7",0.3,"stine",1,4.76
"pc1","4cpu-i7",0.3,"stine",4,4.76
"pc1","4cpu-i7",0.3,"stine",4,4.08
"pc1","4cpu-i7",0.3,"stine",1,4.08
"pc1","4cpu-i7",0.3,"stine",2,4.14
"pc1","4cpu-i7",0.3,"stine",3,4.15
"pc1","4cpu-i7",0.3,"stine",4,4.08
"pc1","4cpu-i7",0.3,"stine",3,4.13
"pc1","4cpu-i7",0.3,"stine",1,4.25
"pc1","4cpu-i7",0.3,"stine",2,4.25
"pc1","4cpu-i7",0.3,"stine",4,3.91
"pc1","4cpu-i7",0.3,"stine",3,4.02
"pc1","4cpu-i7",0.3,"stine",2,4.04
"pc1","4cpu-i7",0.3,"stine",1,4.12
"pc1","4cpu-i7",0.3,"stine",3,4.21
"pc1","4cpu-i7",0.3,"stine",1,4.21
"pc1","4cpu-i7",0.3,"stine",2,4.21
"pc1","4cpu-i7",0.3,"stine",4,4.24
"pc1","4cpu-i7",0.3,"stine",2,4.05
"pc1","4cpu-i7",0.3,"stine",4,4.03
"pc1","4cpu-i7",0.3,"stine",3,4.13
"pc1","4cpu-i7",0.3,"stine",1,4.16
"pc1","4cpu-i7",0.3,"stine",1,4.06
"pc1","4cpu-i7",0.3,"stine",4,4.06
"pc1","4cpu-i7",0.3,"stine",3,4.16
"pc1","4cpu-i7",0.3,"stine",2,4.18
"pc1","4cpu-i7",0.3,"stine",2,4.12
"pc1","4cpu-i7",0.3,"stine",4,4.12
"pc1","4cpu-i7",0.3,"stine",3,4.12
"pc1","4cpu-i7",0.3,"stine",1,4.22
"pc1","4cpu-i7",0.3,"stine",4,4.06
"pc1","4cpu-i7",0.3,"stine",3,4.1
"pc1","4cpu-i7",0.3,"stine",2,4.1
"pc1","4cpu-i7",0.3,"stine",1,4.1
"pc1","4cpu-i7",0.3,"stine",4,4.13
"pc1","4cpu-i7",0.3,"stine",2,4.16
"pc1","4cpu-i7",0.3,"stine",3,4.16
"pc1","4cpu-i7",0.3,"stine",1,4.16
"pc1","4cpu-i7",0.3,"stine",2,4.23
"pc1","4cpu-i7",0.3,"stine",3,4.23
"pc1","4cpu-i7",0.3,"stine",4,4.31
"pc1","4cpu-i7",0.3,"stine",1,4.35
"pc1","4cpu-i7",0.3,"stine",2,4.04
"pc1","4cpu-i7",0.3,"stine",3,4.05
"pc1","4cpu-i7",0.3,"stine",1,4.15
"pc1","4cpu-i7",0.3,"stine",4,4.14
"pc1","4cpu-i7",0.3,"stine",2,4.06
"pc1","4cpu-i7",0.3,"stine",3,4.07
"pc1","4cpu-i7",0.3,"stine",1,4.14
"pc1","4cpu-i7",0.3,"stine",4,4.14
"pc1","4cpu-i7",0.3,"stine",1,4.07
"pc1","4cpu-i7",0.3,"stine",2,4.14
"pc1","4cpu-i7",0.3,"stine",4,4.15
"pc1","4cpu-i7",0.3,"stine",3,4.15
"pc1","4cpu-i7",0.3,"stine",2,3.95
"pc1","4cpu-i7",0.3,"stine",3,4.04
"pc1","4cpu-i7",0.3,"stine",1,4.07
"pc1","4cpu-i7",0.3,"stine",4,4.12
"pc1","4cpu-i7",0.3,"stine",2,4.16
"pc1","4cpu-i7",0.3,"stine",1,4.16
"pc1","4cpu-i7",0.3,"stine",4,4.16
"pc1","4cpu-i7",0.3,"stine",3,4.16
"pc1","4cpu-i7",0.3,"stine",1,4.06
"pc1","4cpu-i7",0.3,"stine",3,4.06
"pc1","4cpu-i7",0.3,"stine",2,4.17
"pc1","4cpu-i7",0.3,"stine",4,4.24
"pc1","4cpu-i7",0.3,"stine",1,4.07
"pc1","4cpu-i7",0.3,"stine",3,4.06
"pc1","4cpu-i7",0.3,"stine",2,4.15
"pc1","4cpu-i7",0.3,"stine",4,4.15
"pc1","4cpu-i7",0.3,"stine",4,3.96
"pc1","4cpu-i7",0.3,"stine",1,4.06
"pc1","4cpu-i7",0.3,"stine",2,4.05
"pc1","4cpu-i7",0.3,"stine",3,4.05
"pc1","4cpu-i7",0.3,"stine",4,4.04
"pc1","4cpu-i7",0.3,"stine",1,4.04
"pc1","4cpu-i7",0.3,"stine",3,4.07
"pc1","4cpu-i7",0.3,"stine",2,4.07
"pc1","4cpu-i7",0.3,"stine",2,4.12
"pc1","4cpu-i7",0.3,"stine",4,4.11
"pc1","4cpu-i7",0.3,"stine",1,4.16
"pc1","4cpu-i7",0.3,"stine",3,4.16
"pc1","4cpu-i7",0.3,"stine",4,4.03
"pc1","4cpu-i7",0.3,"stine",1,4.06
"pc1","4cpu-i7",0.3,"stine",2,4.06
"pc1","4cpu-i7",0.3,"stine",3,4.14
"pc1","4cpu-i7",0.3,"stine",4,4.15
"pc1","4cpu-i7",0.3,"stine",3,4.15
"pc1","4cpu-i7",0.3,"stine",1,4.18
"pc1","4cpu-i7",0.3,"stine",2,4.17
"pc1","4cpu-i7",0.3,"stine",4,4.14
"pc1","4cpu-i7",0.3,"stine",2,4.17
"pc1","4cpu-i7",0.3,"stine",3,4.25
"pc1","4cpu-i7",0.3,"stine",1,4.27
"pc1","4cpu-i7",0.3,"stine",4,3.91
"pc1","4cpu-i7",0.3,"stine",3,4.01
"pc1","4cpu-i7",0.3,"stine",2,4.04
"pc1","4cpu-i7",0.3,"stine",1,4.14
"pc1","4cpu-i7",0.3,"stine",3,3.96
"pc1","4cpu-i7",0.3,"stine",4,4.05
"pc1","4cpu-i7",0.3,"stine",1,4.08
"pc1","4cpu-i7",0.3,"stine",2,4.16
"pc1","4cpu-i7",0.3,"stine",3,4.06
"pc1","4cpu-i7",0.3,"stine",1,4.06
"pc1","4cpu-i7",0.3,"stine",4,4.14
"pc1","4cpu-i7",0.3,"stine",2,3.64
"pc1","4cpu-i7",0.3,"stine",4,4.01
"pc1","4cpu-i7",0.3,"stine",2,4.13
"pc1","4cpu-i7",0.3,"stine",3,4.15
"pc1","4cpu-i7",0.3,"stine",1,4.15
"pc1","4cpu-i7",0.3,"stine",3,4.12
"pc1","4cpu-i7",0.3,"stine",4,4.12
"pc1","4cpu-i7",0.3,"stine",1,4.25
"pc1","4cpu-i7",0.3,"stine",2,4.25
"pc1","4cpu-i7",0.4,"stine",4,3.08
"pc1","4cpu-i7",0.4,"stine",3,3.16
"pc1","4cpu-i7",0.4,"stine",1,3.3
"pc1","4cpu-i7",0.4,"stine",2,3.3
"pc1","4cpu-i7",0.4,"stine",2,3.33
"pc1","4cpu-i7",0.4,"stine",4,3.36
"pc1","4cpu-i7",0.4,"stine",1,3.36
"pc1","4cpu-i7",0.4,"stine",3,3.36
"pc1","4cpu-i7",0.4,"stine",4,2.86
"pc1","4cpu-i7",0.4,"stine",1,2.86
"pc1","4cpu-i7",0.4,"stine",2,2.86
"pc1","4cpu-i7",0.4,"stine",3,2.86
"pc1","4cpu-i7",0.4,"stine",2,2.76
"pc1","4cpu-i7",0.4,"stine",1,2.78
"pc1","4cpu-i7",0.4,"stine",3,2.83
"pc1","4cpu-i7",0.4,"stine",4,2.84
"pc1","4cpu-i7",0.4,"stine",2,2.85
"pc1","4cpu-i7",0.4,"stine",1,2.86
"pc1","4cpu-i7",0.4,"stine",4,2.86
"pc1","4cpu-i7",0.4,"stine",3,2.85
"pc1","4cpu-i7",0.4,"stine",2,2.86
"pc1","4cpu-i7",0.4,"stine",3,2.86
"pc1","4cpu-i7",0.4,"stine",4,2.86
"pc1","4cpu-i7",0.4,"stine",1,2.86
"pc1","4cpu-i7",0.4,"stine",1,2.83
"pc1","4cpu-i7",0.4,"stine",4,2.83
"pc1","4cpu-i7",0.4,"stine",2,2.84
"pc1","4cpu-i7",0.4,"stine",3,2.83
"pc1","4cpu-i7",0.4,"stine",1,3
"pc1","4cpu-i7",0.4,"stine",2,3
"pc1","4cpu-i7",0.4,"stine",3,3.05
"pc1","4cpu-i7",0.4,"stine",4,3.05
"pc1","4cpu-i7",0.4,"stine",3,2.81
"pc1","4cpu-i7",0.4,"stine",4,2.81
"pc1","4cpu-i7",0.4,"stine",1,2.81
"pc1","4cpu-i7",0.4,"stine",2,2.81
"pc1","4cpu-i7",0.4,"stine",1,2.94
"pc1","4cpu-i7",0.4,"stine",2,2.94
"pc1","4cpu-i7",0.4,"stine",3,2.94
"pc1","4cpu-i7",0.4,"stine",4,2.94
"pc1","4cpu-i7",0.4,"stine",2,2.86
"pc1","4cpu-i7",0.4,"stine",1,2.87
"pc1","4cpu-i7",0.4,"stine",3,2.91
"pc1","4cpu-i7",0.4,"stine",4,2.92
"pc1","4cpu-i7",0.4,"stine",1,2.8
"pc1","4cpu-i7",0.4,"stine",3,2.8
"pc1","4cpu-i7",0.4,"stine",2,2.8
"pc1","4cpu-i7",0.4,"stine",4,2.86
"pc1","4cpu-i7",0.4,"stine",1,2.87
"pc1","4cpu-i7",0.4,"stine",4,2.82
"pc1","4cpu-i7",0.4,"stine",2,2.93
"pc1","4cpu-i7",0.4,"stine",3,2.92
"pc1","4cpu-i7",0.4,"stine",3,2.88
"pc1","4cpu-i7",0.4,"stine",1,2.88
"pc1","4cpu-i7",0.4,"stine",2,2.88
"pc1","4cpu-i7",0.4,"stine",4,2.93
"pc1","4cpu-i7",0.4,"stine",2,2.8
"pc1","4cpu-i7",0.4,"stine",1,2.8
"pc1","4cpu-i7",0.4,"stine",4,2.86
"pc1","4cpu-i7",0.4,"stine",3,2.88
"pc1","4cpu-i7",0.4,"stine",1,2.84
"pc1","4cpu-i7",0.4,"stine",4,2.84
"pc1","4cpu-i7",0.4,"stine",2,2.92
"pc1","4cpu-i7",0.4,"stine",3,2.93
"pc1","4cpu-i7",0.4,"stine",1,2.78
"pc1","4cpu-i7",0.4,"stine",2,2.78
"pc1","4cpu-i7",0.4,"stine",4,2.78
"pc1","4cpu-i7",0.4,"stine",3,2.87
"pc1","4cpu-i7",0.4,"stine",1,2.87
"pc1","4cpu-i7",0.4,"stine",2,2.87
"pc1","4cpu-i7",0.4,"stine",4,2.92
"pc1","4cpu-i7",0.4,"stine",3,2.96
"pc1","4cpu-i7",0.4,"stine",1,2.86
"pc1","4cpu-i7",0.4,"stine",2,2.87
"pc1","4cpu-i7",0.4,"stine",4,2.93
"pc1","4cpu-i7",0.4,"stine",3,2.95
"pc1","4cpu-i7",0.4,"stine",1,2.87
"pc1","4cpu-i7",0.4,"stine",3,2.93
"pc1","4cpu-i7",0.4,"stine",4,2.96
"pc1","4cpu-i7",0.4,"stine",2,2.96
"pc1","4cpu-i7",0.4,"stine",1,2.76
"pc1","4cpu-i7",0.4,"stine",2,2.84
"pc1","4cpu-i7",0.4,"stine",3,2.85
"pc1","4cpu-i7",0.4,"stine",4,2.85
"pc1","4cpu-i7",0.4,"stine",2,2.77
"pc1","4cpu-i7",0.4,"stine",1,2.95
"pc1","4cpu-i7",0.4,"stine",3,2.95
"pc1","4cpu-i7",0.4,"stine",4,3.14
"pc1","4cpu-i7",0.4,"stine",1,2.88
"pc1","4cpu-i7",0.4,"stine",2,2.88
"pc1","4cpu-i7",0.4,"stine",3,2.94
"pc1","4cpu-i7",0.4,"stine",4,2.94
"pc1","4cpu-i7",0.4,"stine",4,2.88
"pc1","4cpu-i7",0.4,"stine",3,2.96
"pc1","4cpu-i7",0.4,"stine",1,2.98
"pc1","4cpu-i7",0.4,"stine",2,2.98
"pc1","4cpu-i7",0.4,"stine",1,2.9
"pc1","4cpu-i7",0.4,"stine",4,2.95
"pc1","4cpu-i7",0.4,"stine",3,2.95
"pc1","4cpu-i7",0.4,"stine",2,2.95
"pc1","4cpu-i7",0.4,"stine",4,2.88
"pc1","4cpu-i7",0.4,"stine",2,2.9
"pc1","4cpu-i7",0.4,"stine",1,2.97
"pc1","4cpu-i7",0.4,"stine",3,2.96
"pc1","4cpu-i7",0.4,"stine",4,2.88
"pc1","4cpu-i7",0.4,"stine",3,2.88
"pc1","4cpu-i7",0.4,"stine",1,2.98
"pc1","4cpu-i7",0.4,"stine",2,2.98
"pc1","4cpu-i7",0.4,"stine",2,2.86
"pc1","4cpu-i7",0.4,"stine",3,2.86
"pc1","4cpu-i7",0.4,"stine",4,2.86
"pc1","4cpu-i7",0.4,"stine",1,2.96
"pc1","4cpu-i7",0.4,"stine",4,2.95
"pc1","4cpu-i7",0.4,"stine",3,2.96
"pc1","4cpu-i7",0.4,"stine",1,3.01
"pc1","4cpu-i7",0.4,"stine",4,2.94
"pc1","4cpu-i7",0.4,"stine",2,2.97
"pc1","4cpu-i7",0.4,"stine",1,2.99
"pc1","4cpu-i7",0.4,"stine",3,3.05
"pc1","4cpu-i7",0.5,"stine",3,2.53
"pc1","4cpu-i7",0.5,"stine",4,2.54
"pc1","4cpu-i7",0.5,"stine",2,2.54
"pc1","4cpu-i7",0.5,"stine",1,2.54
"pc1","4cpu-i7",0.5,"stine",4,2.5
"pc1","4cpu-i7",0.5,"stine",2,2.55
"pc1","4cpu-i7",0.5,"stine",1,2.55
"pc1","4cpu-i7",0.5,"stine",3,2.52
"pc1","4cpu-i7",0.5,"stine",1,2.23
"pc1","4cpu-i7",0.5,"stine",3,2.18
"pc1","4cpu-i7",0.5,"stine",4,2.22
"pc1","4cpu-i7",0.5,"stine",2,2.22
"pc1","4cpu-i7",0.5,"stine",1,2.18
"pc1","4cpu-i7",0.5,"stine",3,2.18
"pc1","4cpu-i7",0.5,"stine",2,2.25
"pc1","4cpu-i7",0.5,"stine",4,2.24
"pc1","4cpu-i7",0.5,"stine",1,2.26
"pc1","4cpu-i7",0.5,"stine",4,2.26
"pc1","4cpu-i7",0.5,"stine",3,2.26
"pc1","4cpu-i7",0.5,"stine",2,2.26
"pc1","4cpu-i7",0.5,"stine",1,2.2
"pc1","4cpu-i7",0.5,"stine",3,2.18
"pc1","4cpu-i7",0.5,"stine",4,2.25
"pc1","4cpu-i7",0.5,"stine",2,2.25
"pc1","4cpu-i7",0.5,"stine",1,2.2
"pc1","4cpu-i7",0.5,"stine",3,2.25
"pc1","4cpu-i7",0.5,"stine",4,2.25
"pc1","4cpu-i7",0.5,"stine",2,2.25
"pc1","4cpu-i7",0.5,"stine",1,2.17
"pc1","4cpu-i7",0.5,"stine",2,2.17
"pc1","4cpu-i7",0.5,"stine",3,2.19
"pc1","4cpu-i7",0.5,"stine",4,2.26
"pc1","4cpu-i7",0.5,"stine",3,2.23
"pc1","4cpu-i7",0.5,"stine",1,2.27
"pc1","4cpu-i7",0.5,"stine",4,2.27
"pc1","4cpu-i7",0.5,"stine",2,2.3
"pc1","4cpu-i7",0.5,"stine",3,2.2
"pc1","4cpu-i7",0.5,"stine",4,2.25
"pc1","4cpu-i7",0.5,"stine",2,2.29
"pc1","4cpu-i7",0.5,"stine",1,2.31
"pc1","4cpu-i7",0.5,"stine",1,2.29
"pc1","4cpu-i7",0.5,"stine",3,2.35
"pc1","4cpu-i7",0.5,"stine",4,2.35
"pc1","4cpu-i7",0.5,"stine",2,2.35
"pc1","4cpu-i7",0.5,"stine",2,2.18
"pc1","4cpu-i7",0.5,"stine",4,2.19
"pc1","4cpu-i7",0.5,"stine",3,2.27
"pc1","4cpu-i7",0.5,"stine",1,2.29
"pc1","4cpu-i7",0.5,"stine",4,2.12
"pc1","4cpu-i7",0.5,"stine",1,2.23
"pc1","4cpu-i7",0.5,"stine",3,2.21
"pc1","4cpu-i7",0.5,"stine",2,2.26
"pc1","4cpu-i7",0.5,"stine",2,2.23
"pc1","4cpu-i7",0.5,"stine",3,2.23
"pc1","4cpu-i7",0.5,"stine",1,2.24
"pc1","4cpu-i7",0.5,"stine",4,2.24
"pc1","4cpu-i7",0.5,"stine",3,2.22
"pc1","4cpu-i7",0.5,"stine",1,2.24
"pc1","4cpu-i7",0.5,"stine",2,2.24
"pc1","4cpu-i7",0.5,"stine",4,2.29
"pc1","4cpu-i7",0.5,"stine",1,2.27
"pc1","4cpu-i7",0.5,"stine",4,2.28
"pc1","4cpu-i7",0.5,"stine",3,2.28
"pc1","4cpu-i7",0.5,"stine",2,2.28
"pc1","4cpu-i7",0.5,"stine",1,2.25
"pc1","4cpu-i7",0.5,"stine",4,2.25
"pc1","4cpu-i7",0.5,"stine",2,2.28
"pc1","4cpu-i7",0.5,"stine",3,2.28
"pc1","4cpu-i7",0.5,"stine",1,2.18
"pc1","4cpu-i7",0.5,"stine",2,2.27
"pc1","4cpu-i7",0.5,"stine",4,2.27
"pc1","4cpu-i7",0.5,"stine",3,2.27
"pc1","4cpu-i7",0.5,"stine",4,2.18
"pc1","4cpu-i7",0.5,"stine",1,2.21
"pc1","4cpu-i7",0.5,"stine",2,2.21
"pc1","4cpu-i7",0.5,"stine",3,2.21
"pc1","4cpu-i7",0.5,"stine",1,2.24
"pc1","4cpu-i7",0.5,"stine",2,2.26
"pc1","4cpu-i7",0.5,"stine",4,2.24
"pc1","4cpu-i7",0.5,"stine",3,2.26
"pc1","4cpu-i7",0.5,"stine",1,2.25
"pc1","4cpu-i7",0.5,"stine",2,2.25
"pc1","4cpu-i7",0.5,"stine",3,2.25
"pc1","4cpu-i7",0.5,"stine",4,2.25
"pc1","4cpu-i7",0.5,"stine",4,2.27
"pc1","4cpu-i7",0.5,"stine",3,2.27
"pc1","4cpu-i7",0.5,"stine",2,2.35
"pc1","4cpu-i7",0.5,"stine",1,2.36
"pc1","4cpu-i7",0.5,"stine",2,2.21
"pc1","4cpu-i7",0.5,"stine",4,2.26
"pc1","4cpu-i7",0.5,"stine",1,2.28
"pc1","4cpu-i7",0.5,"stine",3,2.28
"pc1","4cpu-i7",0.5,"stine",4,2.25
"pc1","4cpu-i7",0.5,"stine",3,2.28
"pc1","4cpu-i7",0.5,"stine",1,2.28
"pc1","4cpu-i7",0.5,"stine",2,2.28
"pc1","4cpu-i7",0.5,"stine",4,2.24
"pc1","4cpu-i7",0.5,"stine",3,2.28
"pc1","4cpu-i7",0.5,"stine",2,2.28
"pc1","4cpu-i7",0.5,"stine",1,2.28
"pc1","4cpu-i7",0.5,"stine",3,2.27
"pc1","4cpu-i7",0.5,"stine",2,2.27
"pc1","4cpu-i7",0.5,"stine",4,2.31
"pc1","4cpu-i7",0.5,"stine",1,2.34
"pc1","4cpu-i7",0.5,"stine",2,2.21
"pc1","4cpu-i7",0.5,"stine",4,2.2
"pc1","4cpu-i7",0.5,"stine",3,2.21
"pc1","4cpu-i7",0.5,"stine",1,2.28
"pc1","4cpu-i7",0.5,"stine",3,2.26
"pc1","4cpu-i7",0.5,"stine",1,2.26
"pc1","4cpu-i7",0.5,"stine",4,2.26
"pc1","4cpu-i7",0.5,"stine",2,2.26
"pc1","4cpu-i7",0.5,"stine",2,2.27
"pc1","4cpu-i7",0.5,"stine",1,2.27
"pc1","4cpu-i7",0.5,"stine",4,2.28
"pc1","4cpu-i7",0.5,"stine",3,2.28
"pc1","4cpu-i7",0.5,"stine",2,2.25
"pc1","4cpu-i7",0.5,"stine",4,2.25
"pc1","4cpu-i7",0.5,"stine",3,2.33
"pc1","4cpu-i7",0.5,"stine",1,2.33
"pc1","4cpu-i7",0.6,"stine",4,2
"pc1","4cpu-i7",0.6,"stine",2,2
"pc1","4cpu-i7",0.6,"stine",1,2.02
"pc1","4cpu-i7",0.6,"stine",3,2.02
"pc1","4cpu-i7",0.6,"stine",4,2.04
"pc1","4cpu-i7",0.6,"stine",2,2.06
"pc1","4cpu-i7",0.6,"stine",1,2.08
"pc1","4cpu-i7",0.6,"stine",3,2.08
"pc1","4cpu-i7",0.6,"stine",1,1.79
"pc1","4cpu-i7",0.6,"stine",2,1.79
"pc1","4cpu-i7",0.6,"stine",4,1.8
"pc1","4cpu-i7",0.6,"stine",3,1.8
"pc1","4cpu-i7",0.6,"stine",3,1.75
"pc1","4cpu-i7",0.6,"stine",4,1.8
"pc1","4cpu-i7",0.6,"stine",2,1.8
"pc1","4cpu-i7",0.6,"stine",1,1.82
"pc1","4cpu-i7",0.6,"stine",3,1.78
"pc1","4cpu-i7",0.6,"stine",1,1.81
"pc1","4cpu-i7",0.6,"stine",4,1.79
"pc1","4cpu-i7",0.6,"stine",2,1.8
"pc1","4cpu-i7",0.6,"stine",1,1.77
"pc1","4cpu-i7",0.6,"stine",3,1.77
"pc1","4cpu-i7",0.6,"stine",4,1.77
"pc1","4cpu-i7",0.6,"stine",2,1.83
"pc1","4cpu-i7",0.6,"stine",1,1.82
"pc1","4cpu-i7",0.6,"stine",3,1.82
"pc1","4cpu-i7",0.6,"stine",2,1.82
"pc1","4cpu-i7",0.6,"stine",4,1.82
"pc1","4cpu-i7",0.6,"stine",3,1.82
"pc1","4cpu-i7",0.6,"stine",4,1.82
"pc1","4cpu-i7",0.6,"stine",1,1.85
"pc1","4cpu-i7",0.6,"stine",2,1.85
"pc1","4cpu-i7",0.6,"stine",4,1.79
"pc1","4cpu-i7",0.6,"stine",2,1.79
"pc1","4cpu-i7",0.6,"stine",3,1.79
"pc1","4cpu-i7",0.6,"stine",1,1.79
"pc1","4cpu-i7",0.6,"stine",1,1.81
"pc1","4cpu-i7",0.6,"stine",2,1.81
"pc1","4cpu-i7",0.6,"stine",3,1.79
"pc1","4cpu-i7",0.6,"stine",4,1.82
"pc1","4cpu-i7",0.6,"stine",4,1.74
"pc1","4cpu-i7",0.6,"stine",3,1.77
"pc1","4cpu-i7",0.6,"stine",1,1.86
"pc1","4cpu-i7",0.6,"stine",2,1.84
"pc1","4cpu-i7",0.6,"stine",1,1.79
"pc1","4cpu-i7",0.6,"stine",2,1.79
"pc1","4cpu-i7",0.6,"stine",3,1.83
"pc1","4cpu-i7",0.6,"stine",4,1.83
"pc1","4cpu-i7",0.6,"stine",1,1.78
"pc1","4cpu-i7",0.6,"stine",2,1.79
"pc1","4cpu-i7",0.6,"stine",3,1.79
"pc1","4cpu-i7",0.6,"stine",4,1.84
"pc1","4cpu-i7",0.6,"stine",2,1.79
"pc1","4cpu-i7",0.6,"stine",4,1.79
"pc1","4cpu-i7",0.6,"stine",1,1.79
"pc1","4cpu-i7",0.6,"stine",3,1.85
"pc1","4cpu-i7",0.6,"stine",1,1.8
"pc1","4cpu-i7",0.6,"stine",2,1.8
"pc1","4cpu-i7",0.6,"stine",3,1.8
"pc1","4cpu-i7",0.6,"stine",4,1.8
"pc1","4cpu-i7",0.6,"stine",1,1.83
"pc1","4cpu-i7",0.6,"stine",2,1.85
"pc1","4cpu-i7",0.6,"stine",4,1.85
"pc1","4cpu-i7",0.6,"stine",3,1.86
"pc1","4cpu-i7",0.6,"stine",1,1.84
"pc1","4cpu-i7",0.6,"stine",2,1.84
"pc1","4cpu-i7",0.6,"stine",3,1.85
"pc1","4cpu-i7",0.6,"stine",4,1.85
"pc1","4cpu-i7",0.6,"stine",1,1.79
"pc1","4cpu-i7",0.6,"stine",2,1.86
"pc1","4cpu-i7",0.6,"stine",3,1.86
"pc1","4cpu-i7",0.6,"stine",4,1.86
"pc1","4cpu-i7",0.6,"stine",1,1.79
"pc1","4cpu-i7",0.6,"stine",4,1.83
"pc1","4cpu-i7",0.6,"stine",2,1.85
"pc1","4cpu-i7",0.6,"stine",3,1.85
"pc1","4cpu-i7",0.6,"stine",1,1.78
"pc1","4cpu-i7",0.6,"stine",4,1.83
"pc1","4cpu-i7",0.6,"stine",2,1.87
"pc1","4cpu-i7",0.6,"stine",3,1.87
"pc1","4cpu-i7",0.6,"stine",1,1.81
"pc1","4cpu-i7",0.6,"stine",2,1.85
"pc1","4cpu-i7",0.6,"stine",4,1.86
"pc1","4cpu-i7",0.6,"stine",3,1.86
"pc1","4cpu-i7",0.6,"stine",3,1.86
"pc1","4cpu-i7",0.6,"stine",2,1.86
"pc1","4cpu-i7",0.6,"stine",1,1.87
"pc1","4cpu-i7",0.6,"stine",4,1.86
"pc1","4cpu-i7",0.6,"stine",2,1.87
"pc1","4cpu-i7",0.6,"stine",4,1.87
"pc1","4cpu-i7",0.6,"stine",3,1.89
"pc1","4cpu-i7",0.6,"stine",1,1.89
"pc1","4cpu-i7",0.6,"stine",2,1.79
"pc1","4cpu-i7",0.6,"stine",3,1.79
"pc1","4cpu-i7",0.6,"stine",4,1.78
"pc1","4cpu-i7",0.6,"stine",1,1.85
"pc1","4cpu-i7",0.6,"stine",1,1.8
"pc1","4cpu-i7",0.6,"stine",3,1.79
"pc1","4cpu-i7",0.6,"stine",2,1.82
"pc1","4cpu-i7",0.6,"stine",4,1.81
"pc1","4cpu-i7",0.6,"stine",1,1.85
"pc1","4cpu-i7",0.6,"stine",4,1.85
"pc1","4cpu-i7",0.6,"stine",3,1.86
"pc1","4cpu-i7",0.6,"stine",2,1.86
"pc1","4cpu-i7",0.6,"stine",1,1.86
"pc1","4cpu-i7",0.6,"stine",4,1.86
"pc1","4cpu-i7",0.6,"stine",2,1.86
"pc1","4cpu-i7",0.6,"stine",3,1.85
"pc1","4cpu-i7",0.6,"stine",3,1.82
"pc1","4cpu-i7",0.6,"stine",2,1.87
"pc1","4cpu-i7",0.6,"stine",4,1.89
"pc1","4cpu-i7",0.6,"stine",1,1.89
"pc1","4cpu-i7",0.6,"stine",1,1.69
"pc1","4cpu-i7",0.6,"stine",2,1.79
"pc1","4cpu-i7",0.6,"stine",4,1.79
"pc1","4cpu-i7",0.6,"stine",3,1.87
"pc1","4cpu-i7",0.6,"stine",1,1.82
"pc1","4cpu-i7",0.6,"stine",4,1.85
"pc1","4cpu-i7",0.6,"stine",3,1.85
"pc1","4cpu-i7",0.6,"stine",2,1.87
"pc1","4cpu-i7",0.7,"stine",2,1.74
"pc1","4cpu-i7",0.7,"stine",1,1.71
"pc1","4cpu-i7",0.7,"stine",3,1.71
"pc1","4cpu-i7",0.7,"stine",4,1.71
"pc1","4cpu-i7",0.7,"stine",1,1.76
"pc1","4cpu-i7",0.7,"stine",2,1.74
"pc1","4cpu-i7",0.7,"stine",4,1.77
"pc1","4cpu-i7",0.7,"stine",3,1.81
"pc1","4cpu-i7",0.7,"stine",2,1.5
"pc1","4cpu-i7",0.7,"stine",1,1.53
"pc1","4cpu-i7",0.7,"stine",4,1.52
"pc1","4cpu-i7",0.7,"stine",3,1.53
"pc1","4cpu-i7",0.7,"stine",2,1.51
"pc1","4cpu-i7",0.7,"stine",4,1.51
"pc1","4cpu-i7",0.7,"stine",1,1.56
"pc1","4cpu-i7",0.7,"stine",3,1.56
"pc1","4cpu-i7",0.7,"stine",4,1.56
"pc1","4cpu-i7",0.7,"stine",3,1.61
"pc1","4cpu-i7",0.7,"stine",1,1.61
"pc1","4cpu-i7",0.7,"stine",2,1.61
"pc1","4cpu-i7",0.7,"stine",1,1.56
"pc1","4cpu-i7",0.7,"stine",4,1.56
"pc1","4cpu-i7",0.7,"stine",2,1.56
"pc1","4cpu-i7",0.7,"stine",3,1.56
"pc1","4cpu-i7",0.7,"stine",1,1.52
"pc1","4cpu-i7",0.7,"stine",3,1.55
"pc1","4cpu-i7",0.7,"stine",2,1.57
"pc1","4cpu-i7",0.7,"stine",4,1.55
"pc1","4cpu-i7",0.7,"stine",2,1.49
"pc1","4cpu-i7",0.7,"stine",3,1.5
"pc1","4cpu-i7",0.7,"stine",1,1.55
"pc1","4cpu-i7",0.7,"stine",4,1.55
"pc1","4cpu-i7",0.7,"stine",4,1.56
"pc1","4cpu-i7",0.7,"stine",3,1.56
"pc1","4cpu-i7",0.7,"stine",2,1.59
"pc1","4cpu-i7",0.7,"stine",1,1.59
"pc1","4cpu-i7",0.7,"stine",1,1.53
"pc1","4cpu-i7",0.7,"stine",2,1.52
"pc1","4cpu-i7",0.7,"stine",4,1.52
"pc1","4cpu-i7",0.7,"stine",3,1.52
"pc1","4cpu-i7",0.7,"stine",4,1.51
"pc1","4cpu-i7",0.7,"stine",3,1.54
"pc1","4cpu-i7",0.7,"stine",2,1.57
"pc1","4cpu-i7",0.7,"stine",1,1.58
"pc1","4cpu-i7",0.7,"stine",4,1.47
"pc1","4cpu-i7",0.7,"stine",3,1.55
"pc1","4cpu-i7",0.7,"stine",2,1.55
"pc1","4cpu-i7",0.7,"stine",1,1.55
"pc1","4cpu-i7",0.7,"stine",3,1.5
"pc1","4cpu-i7",0.7,"stine",4,1.58
"pc1","4cpu-i7",0.7,"stine",1,1.58
"pc1","4cpu-i7",0.7,"stine",2,1.58
"pc1","4cpu-i7",0.7,"stine",2,1.53
"pc1","4cpu-i7",0.7,"stine",4,1.54
"pc1","4cpu-i7",0.7,"stine",3,1.57
"pc1","4cpu-i7",0.7,"stine",1,1.57
"pc1","4cpu-i7",0.7,"stine",4,1.57
"pc1","4cpu-i7",0.7,"stine",2,1.61
"pc1","4cpu-i7",0.7,"stine",3,1.61
"pc1","4cpu-i7",0.7,"stine",1,1.61
"pc1","4cpu-i7",0.7,"stine",2,1.53
"pc1","4cpu-i7",0.7,"stine",3,1.52
"pc1","4cpu-i7",0.7,"stine",1,1.52
"pc1","4cpu-i7",0.7,"stine",4,1.52
"pc1","4cpu-i7",0.7,"stine",2,1.54
"pc1","4cpu-i7",0.7,"stine",4,1.54
"pc1","4cpu-i7",0.7,"stine",1,1.57
"pc1","4cpu-i7",0.7,"stine",3,1.57
"pc1","4cpu-i7",0.7,"stine",1,1.54
"pc1","4cpu-i7",0.7,"stine",4,1.53
"pc1","4cpu-i7",0.7,"stine",2,1.56
"pc1","4cpu-i7",0.7,"stine",3,1.6
"pc1","4cpu-i7",0.7,"stine",2,1.51
"pc1","4cpu-i7",0.7,"stine",4,1.51
"pc1","4cpu-i7",0.7,"stine",1,1.58
"pc1","4cpu-i7",0.7,"stine",3,1.58
"pc1","4cpu-i7",0.7,"stine",1,1.56
"pc1","4cpu-i7",0.7,"stine",2,1.56
"pc1","4cpu-i7",0.7,"stine",4,1.57
"pc1","4cpu-i7",0.7,"stine",3,1.57
"pc1","4cpu-i7",0.7,"stine",4,1.55
"pc1","4cpu-i7",0.7,"stine",2,1.55
"pc1","4cpu-i7",0.7,"stine",3,1.57
"pc1","4cpu-i7",0.7,"stine",1,1.59
"pc1","4cpu-i7",0.7,"stine",3,1.58
"pc1","4cpu-i7",0.7,"stine",1,1.58
"pc1","4cpu-i7",0.7,"stine",2,1.59
"pc1","4cpu-i7",0.7,"stine",4,1.59
"pc1","4cpu-i7",0.7,"stine",1,1.55
"pc1","4cpu-i7",0.7,"stine",2,1.57
"pc1","4cpu-i7",0.7,"stine",3,1.58
"pc1","4cpu-i7",0.7,"stine",4,1.57
"pc1","4cpu-i7",0.7,"stine",2,1.57
"pc1","4cpu-i7",0.7,"stine",4,1.56
"pc1","4cpu-i7",0.7,"stine",3,1.6
"pc1","4cpu-i7",0.7,"stine",1,1.6
"pc1","4cpu-i7",0.7,"stine",3,1.51
"pc1","4cpu-i7",0.7,"stine",4,1.52
"pc1","4cpu-i7",0.7,"stine",2,1.55
"pc1","4cpu-i7",0.7,"stine",1,1.58
"pc1","4cpu-i7",0.7,"stine",2,1.53
"pc1","4cpu-i7",0.7,"stine",1,1.55
"pc1","4cpu-i7",0.7,"stine",4,1.54
"pc1","4cpu-i7",0.7,"stine",3,1.56
"pc1","4cpu-i7",0.7,"stine",3,1.55
"pc1","4cpu-i7",0.7,"stine",2,1.54
"pc1","4cpu-i7",0.7,"stine",4,1.54
"pc1","4cpu-i7",0.7,"stine",1,1.57
"pc1","4cpu-i7",0.7,"stine",1,1.56
"pc1","4cpu-i7",0.7,"stine",3,1.57
"pc1","4cpu-i7",0.7,"stine",2,1.57
"pc1","4cpu-i7",0.7,"stine",4,1.58
"pc1","4cpu-i7",0.7,"stine",2,1.53
"pc1","4cpu-i7",0.7,"stine",3,1.53
"pc1","4cpu-i7",0.7,"stine",4,1.56
"pc1","4cpu-i7",0.7,"stine",1,1.62
"pc1","4cpu-i7",0.7,"stine",4,1.56
"pc1","4cpu-i7",0.7,"stine",1,1.55
"pc1","4cpu-i7",0.7,"stine",2,1.55
"pc1","4cpu-i7",0.7,"stine",3,1.55
"pc1","4cpu-i7",0.8,"stine",2,1.5
"pc1","4cpu-i7",0.8,"stine",1,1.51
"pc1","4cpu-i7",0.8,"stine",4,1.51
"pc1","4cpu-i7",0.8,"stine",3,1.51
"pc1","4cpu-i7",0.8,"stine",4,1.55
"pc1","4cpu-i7",0.8,"stine",3,1.55
"pc1","4cpu-i7",0.8,"stine",2,1.58
"pc1","4cpu-i7",0.8,"stine",1,1.58
"pc1","4cpu-i7",0.8,"stine",1,1.37
"pc1","4cpu-i7",0.8,"stine",2,1.37
"pc1","4cpu-i7",0.8,"stine",3,1.37
"pc1","4cpu-i7",0.8,"stine",4,1.37
"pc1","4cpu-i7",0.8,"stine",1,1.35
"pc1","4cpu-i7",0.8,"stine",4,1.33
"pc1","4cpu-i7",0.8,"stine",3,1.35
"pc1","4cpu-i7",0.8,"stine",2,1.36
"pc1","4cpu-i7",0.8,"stine",3,1.31
"pc1","4cpu-i7",0.8,"stine",4,1.33
"pc1","4cpu-i7",0.8,"stine",1,1.36
"pc1","4cpu-i7",0.8,"stine",2,1.37
"pc1","4cpu-i7",0.8,"stine",1,1.34
"pc1","4cpu-i7",0.8,"stine",2,1.36
"pc1","4cpu-i7",0.8,"stine",3,1.37
"pc1","4cpu-i7",0.8,"stine",4,1.36
"pc1","4cpu-i7",0.8,"stine",1,1.34
"pc1","4cpu-i7",0.8,"stine",3,1.36
"pc1","4cpu-i7",0.8,"stine",4,1.35
"pc1","4cpu-i7",0.8,"stine",2,1.35
"pc1","4cpu-i7",0.8,"stine",4,1.33
"pc1","4cpu-i7",0.8,"stine",2,1.33
"pc1","4cpu-i7",0.8,"stine",1,1.37
"pc1","4cpu-i7",0.8,"stine",3,1.36
"pc1","4cpu-i7",0.8,"stine",3,1.34
"pc1","4cpu-i7",0.8,"stine",1,1.37
"pc1","4cpu-i7",0.8,"stine",4,1.37
"pc1","4cpu-i7",0.8,"stine",2,1.39
"pc1","4cpu-i7",0.8,"stine",3,1.34
"pc1","4cpu-i7",0.8,"stine",4,1.34
"pc1","4cpu-i7",0.8,"stine",2,1.35
"pc1","4cpu-i7",0.8,"stine",1,1.35
"pc1","4cpu-i7",0.8,"stine",2,1.31
"pc1","4cpu-i7",0.8,"stine",4,1.32
"pc1","4cpu-i7",0.8,"stine",1,1.38
"pc1","4cpu-i7",0.8,"stine",3,1.35
"pc1","4cpu-i7",0.8,"stine",2,1.35
"pc1","4cpu-i7",0.8,"stine",4,1.35
"pc1","4cpu-i7",0.8,"stine",1,1.35
"pc1","4cpu-i7",0.8,"stine",3,1.35
"pc1","4cpu-i7",0.8,"stine",1,1.37
"pc1","4cpu-i7",0.8,"stine",2,1.35
"pc1","4cpu-i7",0.8,"stine",4,1.33
"pc1","4cpu-i7",0.8,"stine",3,1.33
"pc1","4cpu-i7",0.8,"stine",2,1.33
"pc1","4cpu-i7",0.8,"stine",4,1.35
"pc1","4cpu-i7",0.8,"stine",1,1.35
"pc1","4cpu-i7",0.8,"stine",3,1.35
"pc1","4cpu-i7",0.8,"stine",1,1.31
"pc1","4cpu-i7",0.8,"stine",2,1.33
"pc1","4cpu-i7",0.8,"stine",3,1.37
"pc1","4cpu-i7",0.8,"stine",4,1.37
"pc1","4cpu-i7",0.8,"stine",1,1.34
"pc1","4cpu-i7",0.8,"stine",2,1.34
"pc1","4cpu-i7",0.8,"stine",4,1.33
"pc1","4cpu-i7",0.8,"stine",3,1.35
"pc1","4cpu-i7",0.8,"stine",2,1.37
"pc1","4cpu-i7",0.8,"stine",1,1.37
"pc1","4cpu-i7",0.8,"stine",4,1.37
"pc1","4cpu-i7",0.8,"stine",3,1.37
"pc1","4cpu-i7",0.8,"stine",1,1.36
"pc1","4cpu-i7",0.8,"stine",2,1.36
"pc1","4cpu-i7",0.8,"stine",3,1.36
"pc1","4cpu-i7",0.8,"stine",4,1.38
"pc1","4cpu-i7",0.8,"stine",1,1.38
"pc1","4cpu-i7",0.8,"stine",4,1.35
"pc1","4cpu-i7",0.8,"stine",2,1.39
"pc1","4cpu-i7",0.8,"stine",3,1.39
"pc1","4cpu-i7",0.8,"stine",2,1.36
"pc1","4cpu-i7",0.8,"stine",3,1.37
"pc1","4cpu-i7",0.8,"stine",1,1.37
"pc1","4cpu-i7",0.8,"stine",4,1.37
"pc1","4cpu-i7",0.8,"stine",2,1.35
"pc1","4cpu-i7",0.8,"stine",4,1.32
"pc1","4cpu-i7",0.8,"stine",1,1.37
"pc1","4cpu-i7",0.8,"stine",3,1.41
"pc1","4cpu-i7",0.8,"stine",2,1.37
"pc1","4cpu-i7",0.8,"stine",3,1.38
"pc1","4cpu-i7",0.8,"stine",4,1.38
"pc1","4cpu-i7",0.8,"stine",1,1.38
"pc1","4cpu-i7",0.8,"stine",4,1.35
"pc1","4cpu-i7",0.8,"stine",2,1.35
"pc1","4cpu-i7",0.8,"stine",3,1.38
"pc1","4cpu-i7",0.8,"stine",1,1.38
"pc1","4cpu-i7",0.8,"stine",4,1.31
"pc1","4cpu-i7",0.8,"stine",3,1.33
"pc1","4cpu-i7",0.8,"stine",2,1.35
"pc1","4cpu-i7",0.8,"stine",1,1.37
"pc1","4cpu-i7",0.8,"stine",4,1.35
"pc1","4cpu-i7",0.8,"stine",2,1.35
"pc1","4cpu-i7",0.8,"stine",1,1.36
"pc1","4cpu-i7",0.8,"stine",3,1.36
"pc1","4cpu-i7",0.8,"stine",1,1.38
"pc1","4cpu-i7",0.8,"stine",3,1.4
"pc1","4cpu-i7",0.8,"stine",2,1.4
"pc1","4cpu-i7",0.8,"stine",4,1.4
"pc1","4cpu-i7",0.8,"stine",2,1.37
"pc1","4cpu-i7",0.8,"stine",1,1.38
"pc1","4cpu-i7",0.8,"stine",3,1.38
"pc1","4cpu-i7",0.8,"stine",4,1.39
"pc1","4cpu-i7",0.8,"stine",1,1.4
"pc1","4cpu-i7",0.8,"stine",2,1.39
"pc1","4cpu-i7",0.8,"stine",4,1.34
"pc1","4cpu-i7",0.8,"stine",3,1.38
"pc1","4cpu-i7",0.8,"stine",3,1.33
"pc1","4cpu-i7",0.8,"stine",4,1.33
"pc1","4cpu-i7",0.8,"stine",2,1.39
"pc1","4cpu-i7",0.8,"stine",1,1.39
"pc1","4cpu-i7",0.8,"stine",3,1.4
"pc1","4cpu-i7",0.8,"stine",1,1.4
"pc1","4cpu-i7",0.8,"stine",2,1.39
"pc1","4cpu-i7",0.8,"stine",4,1.39
"pc1","4cpu-i7",0.9,"stine",2,1.28
"pc1","4cpu-i7",0.9,"stine",3,1.31
"pc1","4cpu-i7",0.9,"stine",1,1.36
"pc1","4cpu-i7",0.9,"stine",4,1.33
"pc1","4cpu-i7",0.9,"stine",2,1.34
"pc1","4cpu-i7",0.9,"stine",4,1.34
"pc1","4cpu-i7",0.9,"stine",3,1.38
"pc1","4cpu-i7",0.9,"stine",1,1.38
"pc1","4cpu-i7",0.9,"stine",4,1.18
"pc1","4cpu-i7",0.9,"stine",1,1.24
"pc1","4cpu-i7",0.9,"stine",2,1.21
"pc1","4cpu-i7",0.9,"stine",3,1.24
"pc1","4cpu-i7",0.9,"stine",3,1.18
"pc1","4cpu-i7",0.9,"stine",4,1.18
"pc1","4cpu-i7",0.9,"stine",1,1.2
"pc1","4cpu-i7",0.9,"stine",2,1.2
"pc1","4cpu-i7",0.9,"stine",3,1.16
"pc1","4cpu-i7",0.9,"stine",4,1.17
"pc1","4cpu-i7",0.9,"stine",2,1.21
"pc1","4cpu-i7",0.9,"stine",1,1.21
"pc1","4cpu-i7",0.9,"stine",3,1.22
"pc1","4cpu-i7",0.9,"stine",1,1.22
"pc1","4cpu-i7",0.9,"stine",2,1.22
"pc1","4cpu-i7",0.9,"stine",4,1.22
"pc1","4cpu-i7",0.9,"stine",2,1.2
"pc1","4cpu-i7",0.9,"stine",3,1.23
"pc1","4cpu-i7",0.9,"stine",1,1.23
"pc1","4cpu-i7",0.9,"stine",4,1.2
"pc1","4cpu-i7",0.9,"stine",3,1.16
"pc1","4cpu-i7",0.9,"stine",1,1.21
"pc1","4cpu-i7",0.9,"stine",2,1.21
"pc1","4cpu-i7",0.9,"stine",4,1.21
"pc1","4cpu-i7",0.9,"stine",2,1.2
"pc1","4cpu-i7",0.9,"stine",1,1.2
"pc1","4cpu-i7",0.9,"stine",4,1.2
"pc1","4cpu-i7",0.9,"stine",3,1.2
"pc1","4cpu-i7",0.9,"stine",2,1.21
"pc1","4cpu-i7",0.9,"stine",1,1.21
"pc1","4cpu-i7",0.9,"stine",3,1.17
"pc1","4cpu-i7",0.9,"stine",4,1.17
"pc1","4cpu-i7",0.9,"stine",1,1.2
"pc1","4cpu-i7",0.9,"stine",4,1.16
"pc1","4cpu-i7",0.9,"stine",3,1.21
"pc1","4cpu-i7",0.9,"stine",2,1.21
"pc1","4cpu-i7",0.9,"stine",3,1.19
"pc1","4cpu-i7",0.9,"stine",1,1.22
"pc1","4cpu-i7",0.9,"stine",2,1.22
"pc1","4cpu-i7",0.9,"stine",4,1.22
"pc1","4cpu-i7",0.9,"stine",2,1.17
"pc1","4cpu-i7",0.9,"stine",1,1.21
"pc1","4cpu-i7",0.9,"stine",3,1.2
"pc1","4cpu-i7",0.9,"stine",4,1.2
"pc1","4cpu-i7",0.9,"stine",2,1.18
"pc1","4cpu-i7",0.9,"stine",1,1.2
"pc1","4cpu-i7",0.9,"stine",3,1.21
"pc1","4cpu-i7",0.9,"stine",4,1.21
"pc1","4cpu-i7",0.9,"stine",1,1.24
"pc1","4cpu-i7",0.9,"stine",3,1.24
"pc1","4cpu-i7",0.9,"stine",4,1.24
"pc1","4cpu-i7",0.9,"stine",2,1.24
"pc1","4cpu-i7",0.9,"stine",1,1.23
"pc1","4cpu-i7",0.9,"stine",2,1.23
"pc1","4cpu-i7",0.9,"stine",4,1.23
"pc1","4cpu-i7",0.9,"stine",3,1.23
"pc1","4cpu-i7",0.9,"stine",1,1.18
"pc1","4cpu-i7",0.9,"stine",3,1.19
"pc1","4cpu-i7",0.9,"stine",2,1.21
"pc1","4cpu-i7",0.9,"stine",4,1.19
"pc1","4cpu-i7",0.9,"stine",1,1.2
"pc1","4cpu-i7",0.9,"stine",2,1.23
"pc1","4cpu-i7",0.9,"stine",3,1.23
"pc1","4cpu-i7",0.9,"stine",4,1.23
"pc1","4cpu-i7",0.9,"stine",3,1.2
"pc1","4cpu-i7",0.9,"stine",4,1.2
"pc1","4cpu-i7",0.9,"stine",1,1.22
"pc1","4cpu-i7",0.9,"stine",2,1.23
"pc1","4cpu-i7",0.9,"stine",1,1.18
"pc1","4cpu-i7",0.9,"stine",4,1.22
"pc1","4cpu-i7",0.9,"stine",3,1.22
"pc1","4cpu-i7",0.9,"stine",2,1.22
"pc1","4cpu-i7",0.9,"stine",4,1.2
"pc1","4cpu-i7",0.9,"stine",1,1.22
"pc1","4cpu-i7",0.9,"stine",2,1.23
"pc1","4cpu-i7",0.9,"stine",3,1.23
"pc1","4cpu-i7",0.9,"stine",1,1.19
"pc1","4cpu-i7",0.9,"stine",3,1.18
"pc1","4cpu-i7",0.9,"stine",2,1.21
"pc1","4cpu-i7",0.9,"stine",4,1.21
"pc1","4cpu-i7",0.9,"stine",2,1.2
"pc1","4cpu-i7",0.9,"stine",3,1.2
"pc1","4cpu-i7",0.9,"stine",1,1.22
"pc1","4cpu-i7",0.9,"stine",4,1.22
"pc1","4cpu-i7",0.9,"stine",2,1.19
"pc1","4cpu-i7",0.9,"stine",1,1.22
"pc1","4cpu-i7",0.9,"stine",3,1.22
"pc1","4cpu-i7",0.9,"stine",4,1.22
"pc1","4cpu-i7",0.9,"stine",2,1.16
"pc1","4cpu-i7",0.9,"stine",4,1.16
"pc1","4cpu-i7",0.9,"stine",1,1.23
"pc1","4cpu-i7",0.9,"stine",3,1.23
"pc1","4cpu-i7",0.9,"stine",1,1.24
"pc1","4cpu-i7",0.9,"stine",3,1.25
"pc1","4cpu-i7",0.9,"stine",2,1.24
"pc1","4cpu-i7",0.9,"stine",4,1.24
"pc1","4cpu-i7",0.9,"stine",3,1.16
"pc1","4cpu-i7",0.9,"stine",1,1.19
"pc1","4cpu-i7",0.9,"stine",2,1.19
"pc1","4cpu-i7",0.9,"stine",4,1.18
"pc1","4cpu-i7",0.9,"stine",1,1.21
"pc1","4cpu-i7",0.9,"stine",3,1.2
"pc1","4cpu-i7",0.9,"stine",2,1.21
"pc1","4cpu-i7",0.9,"stine",4,1.21
"pc1","4cpu-i7",0.9,"stine",1,1.24
"pc1","4cpu-i7",0.9,"stine",4,1.24
"pc1","4cpu-i7",0.9,"stine",2,1.24
"pc1","4cpu-i7",0.9,"stine",3,1.24
"pc1","4cpu-i7",0.9,"stine",2,1.21
"pc1","4cpu-i7",0.9,"stine",1,1.23
"pc1","4cpu-i7",0.9,"stine",4,1.22
"pc1","4cpu-i7",0.9,"stine",3,1.23
"pc1","4cpu-i7",1,"stine",3,1.25
"pc1","4cpu-i7",1,"stine",1,1.25
"pc1","4cpu-i7",1,"stine",2,1.24
"pc1","4cpu-i7",1,"stine",4,1.22
"pc1","4cpu-i7",1,"stine",4,1.25
"pc1","4cpu-i7",1,"stine",2,1.25
"pc1","4cpu-i7",1,"stine",3,1.25
"pc1","4cpu-i7",1,"stine",1,1.25
"pc1","4cpu-i7",1,"stine",1,1.09
"pc1","4cpu-i7",1,"stine",3,1.09
"pc1","4cpu-i7",1,"stine",2,1.08
"pc1","4cpu-i7",1,"stine",4,1.08
"pc1","4cpu-i7",1,"stine",3,1.04
"pc1","4cpu-i7",1,"stine",4,1.05
"pc1","4cpu-i7",1,"stine",2,1.1
"pc1","4cpu-i7",1,"stine",1,1.1
"pc1","4cpu-i7",1,"stine",3,1.08
"pc1","4cpu-i7",1,"stine",1,1.09
"pc1","4cpu-i7",1,"stine",4,1.09
"pc1","4cpu-i7",1,"stine",2,1.09
"pc1","4cpu-i7",1,"stine",3,1.04
"pc1","4cpu-i7",1,"stine",4,1.04
"pc1","4cpu-i7",1,"stine",1,1.1
"pc1","4cpu-i7",1,"stine",2,1.1
"pc1","4cpu-i7",1,"stine",3,1.11
"pc1","4cpu-i7",1,"stine",4,1.06
"pc1","4cpu-i7",1,"stine",1,1.11
"pc1","4cpu-i7",1,"stine",2,1.11
"pc1","4cpu-i7",1,"stine",1,1.04
"pc1","4cpu-i7",1,"stine",2,1.05
"pc1","4cpu-i7",1,"stine",3,1.08
"pc1","4cpu-i7",1,"stine",4,1.08
"pc1","4cpu-i7",1,"stine",2,1.05
"pc1","4cpu-i7",1,"stine",3,1.04
"pc1","4cpu-i7",1,"stine",1,1.09
"pc1","4cpu-i7",1,"stine",4,1.07
"pc1","4cpu-i7",1,"stine",3,1.05
"pc1","4cpu-i7",1,"stine",4,1.05
"pc1","4cpu-i7",1,"stine",1,1.09
"pc1","4cpu-i7",1,"stine",2,1.09
"pc1","4cpu-i7",1,"stine",1,1.06
"pc1","4cpu-i7",1,"stine",4,1.05
"pc1","4cpu-i7",1,"stine",2,1.1
"pc1","4cpu-i7",1,"stine",3,1.1
"pc1","4cpu-i7",1,"stine",1,1.05
"pc1","4cpu-i7",1,"stine",4,1.05
"pc1","4cpu-i7",1,"stine",2,1.09
"pc1","4cpu-i7",1,"stine",3,1.1
"pc1","4cpu-i7",1,"stine",3,1.08
"pc1","4cpu-i7",1,"stine",2,1.09
"pc1","4cpu-i7",1,"stine",1,1.09
"pc1","4cpu-i7",1,"stine",4,1.09
"pc1","4cpu-i7",1,"stine",3,1.04
"pc1","4cpu-i7",1,"stine",4,1.06
"pc1","4cpu-i7",1,"stine",2,1.09
"pc1","4cpu-i7",1,"stine",1,1.1
"pc1","4cpu-i7",1,"stine",1,1.04
"pc1","4cpu-i7",1,"stine",4,1.06
"pc1","4cpu-i7",1,"stine",2,1.08
"pc1","4cpu-i7",1,"stine",3,1.09
"pc1","4cpu-i7",1,"stine",2,1.04
"pc1","4cpu-i7",1,"stine",3,1.06
"pc1","4cpu-i7",1,"stine",4,1.09
"pc1","4cpu-i7",1,"stine",1,1.09
"pc1","4cpu-i7",1,"stine",2,1.03
"pc1","4cpu-i7",1,"stine",1,1.09
"pc1","4cpu-i7",1,"stine",4,1.07
"pc1","4cpu-i7",1,"stine",3,1.12
"pc1","4cpu-i7",1,"stine",1,1.06
"pc1","4cpu-i7",1,"stine",3,1.09
"pc1","4cpu-i7",1,"stine",4,1.08
"pc1","4cpu-i7",1,"stine",2,1.11
"pc1","4cpu-i7",1,"stine",3,1.06
"pc1","4cpu-i7",1,"stine",4,1.06
"pc1","4cpu-i7",1,"stine",1,1.1
"pc1","4cpu-i7",1,"stine",2,1.11
"pc1","4cpu-i7",1,"stine",1,1.09
"pc1","4cpu-i7",1,"stine",2,1.09
"pc1","4cpu-i7",1,"stine",4,1.07
"pc1","4cpu-i7",1,"stine",3,1.12
"pc1","4cpu-i7",1,"stine",4,1.08
"pc1","4cpu-i7",1,"stine",3,1.15
"pc1","4cpu-i7",1,"stine",1,1.76
"pc1","4cpu-i7",1,"stine",2,1.76
"pc1","4cpu-i7",1,"stine",3,1.11
"pc1","4cpu-i7",1,"stine",4,1.11
"pc1","4cpu-i7",1,"stine",1,1.11
"pc1","4cpu-i7",1,"stine",2,1.1
"pc1","4cpu-i7",1,"stine",4,1.07
"pc1","4cpu-i7",1,"stine",3,1.07
"pc1","4cpu-i7",1,"stine",2,1.12
"pc1","4cpu-i7",1,"stine",1,1.12
"pc1","4cpu-i7",1,"stine",1,1.06
"pc1","4cpu-i7",1,"stine",2,1.06
"pc1","4cpu-i7",1,"stine",3,1.09
"pc1","4cpu-i7",1,"stine",4,1.09
"pc1","4cpu-i7",1,"stine",2,1.05
"pc1","4cpu-i7",1,"stine",3,1.05
"pc1","4cpu-i7",1,"stine",1,1.12
"pc1","4cpu-i7",1,"stine",4,1.1
"pc1","4cpu-i7",1,"stine",2,1.1
"pc1","4cpu-i7",1,"stine",4,1.12
"pc1","4cpu-i7",1,"stine",1,1.12
"pc1","4cpu-i7",1,"stine",3,1.12
"pc1","4cpu-i7",1,"stine",1,1.07
"pc1","4cpu-i7",1,"stine",3,1.06
"pc1","4cpu-i7",1,"stine",2,1.11
"pc1","4cpu-i7",1,"stine",4,1.1
"pc1","4cpu-i7",1,"stine",1,1.11
"pc1","4cpu-i7",1,"stine",3,1.08
"pc1","4cpu-i7",1,"stine",2,1.09
"pc1","4cpu-i7",1,"stine",4,1.09
"pc1","4cpu-i7",1,"stine",2,1.07
"pc1","4cpu-i7",1,"stine",3,1.07
"pc1","4cpu-i7",1,"stine",1,1.14
"pc1","4cpu-i7",1,"stine",4,1.1
"pc1","4cpu-i7",1,"stine",3,1.1
"pc1","4cpu-i7",1,"stine",2,1.12
"pc1","4cpu-i7",1,"stine",4,1.14
"pc1","4cpu-i7",1,"stine",1,1.16
"pc1","4cpu-i7",0.1,"locf",3,18.94
"pc1","4cpu-i7",0.1,"locf",4,18.94
"pc1","4cpu-i7",0.1,"locf",1,19.06
"pc1","4cpu-i7",0.1,"locf",2,19.25
"pc1","4cpu-i7",0.1,"locf",4,19.24
"pc1","4cpu-i7",0.1,"locf",1,19.37
"pc1","4cpu-i7",0.1,"locf",2,19.46
"pc1","4cpu-i7",0.1,"locf",3,19.55
"pc1","4cpu-i7",0.1,"locf",3,17.77
"pc1","4cpu-i7",0.1,"locf",4,17.95
"pc1","4cpu-i7",0.1,"locf",1,18.08
"pc1","4cpu-i7",0.1,"locf",2,18.27
"pc1","4cpu-i7",0.1,"locf",4,17.64
"pc1","4cpu-i7",0.1,"locf",3,17.85
"pc1","4cpu-i7",0.1,"locf",2,17.97
"pc1","4cpu-i7",0.1,"locf",1,18.17
"pc1","4cpu-i7",0.1,"locf",3,17.85
"pc1","4cpu-i7",0.1,"locf",4,18.04
"pc1","4cpu-i7",0.1,"locf",2,18.16
"pc1","4cpu-i7",0.1,"locf",1,18.37
"pc1","4cpu-i7",0.1,"locf",4,18.24
"pc1","4cpu-i7",0.1,"locf",1,18.56
"pc1","4cpu-i7",0.1,"locf",3,18.55
"pc1","4cpu-i7",0.1,"locf",2,18.66
"pc1","4cpu-i7",0.1,"locf",4,18.04
"pc1","4cpu-i7",0.1,"locf",1,18.25
"pc1","4cpu-i7",0.1,"locf",3,18.25
"pc1","4cpu-i7",0.1,"locf",2,18.25
"pc1","4cpu-i7",0.1,"locf",2,17.46
"pc1","4cpu-i7",0.1,"locf",4,17.56
"pc1","4cpu-i7",0.1,"locf",1,17.67
"pc1","4cpu-i7",0.1,"locf",3,17.76
"pc1","4cpu-i7",0.1,"locf",2,17.45
"pc1","4cpu-i7",0.1,"locf",4,17.54
"pc1","4cpu-i7",0.1,"locf",3,17.54
"pc1","4cpu-i7",0.1,"locf",1,17.77
"pc1","4cpu-i7",0.1,"locf",3,19.26
"pc1","4cpu-i7",0.1,"locf",2,19.26
"pc1","4cpu-i7",0.1,"locf",1,19.26
"pc1","4cpu-i7",0.1,"locf",4,19.3
"pc1","4cpu-i7",0.1,"locf",4,17.13
"pc1","4cpu-i7",0.1,"locf",3,17.24
"pc1","4cpu-i7",0.1,"locf",2,17.74
"pc1","4cpu-i7",0.1,"locf",1,17.77
"pc1","4cpu-i7",0.1,"locf",4,16.94
"pc1","4cpu-i7",0.1,"locf",3,17.04
"pc1","4cpu-i7",0.1,"locf",2,17.46
"pc1","4cpu-i7",0.1,"locf",1,17.46
"pc1","4cpu-i7",0.1,"locf",3,17.44
"pc1","4cpu-i7",0.1,"locf",4,17.64
"pc1","4cpu-i7",0.1,"locf",2,18.05
"pc1","4cpu-i7",0.1,"locf",1,18.16
"pc1","4cpu-i7",0.1,"locf",2,18.25
"pc1","4cpu-i7",0.1,"locf",3,18.25
"pc1","4cpu-i7",0.1,"locf",1,18.38
"pc1","4cpu-i7",0.1,"locf",4,18.44
"pc1","4cpu-i7",0.1,"locf",2,17.77
"pc1","4cpu-i7",0.1,"locf",3,18.06
"pc1","4cpu-i7",0.1,"locf",1,18.27
"pc1","4cpu-i7",0.1,"locf",4,18.55
"pc1","4cpu-i7",0.1,"locf",1,17.76
"pc1","4cpu-i7",0.1,"locf",2,17.76
"pc1","4cpu-i7",0.1,"locf",3,17.85
"pc1","4cpu-i7",0.1,"locf",4,18.34
"pc1","4cpu-i7",0.1,"locf",2,18.07
"pc1","4cpu-i7",0.1,"locf",3,18.35
"pc1","4cpu-i7",0.1,"locf",1,18.47
"pc1","4cpu-i7",0.1,"locf",4,18.74
"pc1","4cpu-i7",0.1,"locf",3,17.64
"pc1","4cpu-i7",0.1,"locf",2,17.95
"pc1","4cpu-i7",0.1,"locf",1,18.04
"pc1","4cpu-i7",0.1,"locf",4,18.04
"pc1","4cpu-i7",0.1,"locf",2,18.25
"pc1","4cpu-i7",0.1,"locf",1,18.25
"pc1","4cpu-i7",0.1,"locf",3,18.25
"pc1","4cpu-i7",0.1,"locf",4,18.65
"pc1","4cpu-i7",0.1,"locf",1,17.17
"pc1","4cpu-i7",0.1,"locf",3,17.63
"pc1","4cpu-i7",0.1,"locf",4,17.75
"pc1","4cpu-i7",0.1,"locf",2,17.75
"pc1","4cpu-i7",0.1,"locf",1,17.86
"pc1","4cpu-i7",0.1,"locf",4,18.04
"pc1","4cpu-i7",0.1,"locf",3,18.06
"pc1","4cpu-i7",0.1,"locf",2,18.06
"pc1","4cpu-i7",0.1,"locf",1,18.48
"pc1","4cpu-i7",0.1,"locf",2,18.48
"pc1","4cpu-i7",0.1,"locf",3,18.85
"pc1","4cpu-i7",0.1,"locf",4,18.85
"pc1","4cpu-i7",0.1,"locf",3,19.15
"pc1","4cpu-i7",0.1,"locf",2,19.35
"pc1","4cpu-i7",0.1,"locf",4,19.35
"pc1","4cpu-i7",0.1,"locf",1,19.46
"pc1","4cpu-i7",0.1,"locf",2,18.55
"pc1","4cpu-i7",0.1,"locf",3,18.64
"pc1","4cpu-i7",0.1,"locf",4,18.64
"pc1","4cpu-i7",0.1,"locf",1,18.76
"pc1","4cpu-i7",0.1,"locf",3,17.97
"pc1","4cpu-i7",0.1,"locf",4,18.16
"pc1","4cpu-i7",0.1,"locf",2,18.27
"pc1","4cpu-i7",0.1,"locf",1,18.39
"pc1","4cpu-i7",0.1,"locf",4,17.84
"pc1","4cpu-i7",0.1,"locf",3,17.95
"pc1","4cpu-i7",0.1,"locf",2,18.16
"pc1","4cpu-i7",0.1,"locf",1,18.27
"pc1","4cpu-i7",0.1,"locf",4,17.65
"pc1","4cpu-i7",0.1,"locf",3,17.65
"pc1","4cpu-i7",0.1,"locf",1,17.86
"pc1","4cpu-i7",0.1,"locf",2,17.95
"pc1","4cpu-i7",0.1,"locf",4,17.44
"pc1","4cpu-i7",0.1,"locf",1,17.54
"pc1","4cpu-i7",0.1,"locf",3,17.54
"pc1","4cpu-i7",0.1,"locf",2,17.86
"pc1","4cpu-i7",0.1,"locf",4,17.64
"pc1","4cpu-i7",0.1,"locf",3,17.64
"pc1","4cpu-i7",0.1,"locf",1,17.86
"pc1","4cpu-i7",0.1,"locf",2,17.85
"pc1","4cpu-i7",0.1,"locf",3,18.04
"pc1","4cpu-i7",0.1,"locf",2,18.25
"pc1","4cpu-i7",0.1,"locf",1,18.34
"pc1","4cpu-i7",0.1,"locf",4,18.34
"pc1","4cpu-i7",0.2,"locf",4,6.93
"pc1","4cpu-i7",0.2,"locf",1,7.05
"pc1","4cpu-i7",0.2,"locf",2,7.24
"pc1","4cpu-i7",0.2,"locf",3,7.24
"pc1","4cpu-i7",0.2,"locf",4,6.95
"pc1","4cpu-i7",0.2,"locf",1,7.06
"pc1","4cpu-i7",0.2,"locf",2,7.17
"pc1","4cpu-i7",0.2,"locf",3,7.26
"pc1","4cpu-i7",0.2,"locf",2,6.45
"pc1","4cpu-i7",0.2,"locf",4,6.45
"pc1","4cpu-i7",0.2,"locf",3,6.54
"pc1","4cpu-i7",0.2,"locf",1,6.57
"pc1","4cpu-i7",0.2,"locf",3,6.97
"pc1","4cpu-i7",0.2,"locf",2,6.98
"pc1","4cpu-i7",0.2,"locf",4,7.15
"pc1","4cpu-i7",0.2,"locf",1,7.19
"pc1","4cpu-i7",0.2,"locf",4,6.76
"pc1","4cpu-i7",0.2,"locf",2,6.76
"pc1","4cpu-i7",0.2,"locf",1,6.86
"pc1","4cpu-i7",0.2,"locf",3,6.86
"pc1","4cpu-i7",0.2,"locf",4,6.53
"pc1","4cpu-i7",0.2,"locf",3,6.62
"pc1","4cpu-i7",0.2,"locf",2,6.73
"pc1","4cpu-i7",0.2,"locf",1,6.75
"pc1","4cpu-i7",0.2,"locf",3,6.16
"pc1","4cpu-i7",0.2,"locf",4,6.25
"pc1","4cpu-i7",0.2,"locf",1,6.37
"pc1","4cpu-i7",0.2,"locf",2,6.45
"pc1","4cpu-i7",0.2,"locf",4,6.57
"pc1","4cpu-i7",0.2,"locf",1,6.79
"pc1","4cpu-i7",0.2,"locf",3,6.87
"pc1","4cpu-i7",0.2,"locf",2,6.98
"pc1","4cpu-i7",0.2,"locf",4,6.67
"pc1","4cpu-i7",0.2,"locf",1,6.78
"pc1","4cpu-i7",0.2,"locf",2,6.78
"pc1","4cpu-i7",0.2,"locf",3,6.78
"pc1","4cpu-i7",0.2,"locf",4,6.06
"pc1","4cpu-i7",0.2,"locf",1,6.06
"pc1","4cpu-i7",0.2,"locf",2,6.35
"pc1","4cpu-i7",0.2,"locf",3,6.45
"pc1","4cpu-i7",0.2,"locf",3,6.24
"pc1","4cpu-i7",0.2,"locf",1,6.35
"pc1","4cpu-i7",0.2,"locf",4,6.44
"pc1","4cpu-i7",0.2,"locf",2,6.55
"pc1","4cpu-i7",0.2,"locf",1,6.78
"pc1","4cpu-i7",0.2,"locf",4,6.77
"pc1","4cpu-i7",0.2,"locf",3,6.77
"pc1","4cpu-i7",0.2,"locf",2,6.79
"pc1","4cpu-i7",0.2,"locf",3,6.56
"pc1","4cpu-i7",0.2,"locf",2,6.67
"pc1","4cpu-i7",0.2,"locf",1,6.77
"pc1","4cpu-i7",0.2,"locf",4,6.77
"pc1","4cpu-i7",0.2,"locf",3,6.26
"pc1","4cpu-i7",0.2,"locf",2,6.37
"pc1","4cpu-i7",0.2,"locf",1,6.57
"pc1","4cpu-i7",0.2,"locf",4,6.65
"pc1","4cpu-i7",0.2,"locf",2,6.55
"pc1","4cpu-i7",0.2,"locf",1,6.68
"pc1","4cpu-i7",0.2,"locf",3,6.74
"pc1","4cpu-i7",0.2,"locf",4,6.85
"pc1","4cpu-i7",0.2,"locf",1,6.86
"pc1","4cpu-i7",0.2,"locf",4,6.93
"pc1","4cpu-i7",0.2,"locf",2,6.95
"pc1","4cpu-i7",0.2,"locf",3,7.05
"pc1","4cpu-i7",0.2,"locf",2,6.26
"pc1","4cpu-i7",0.2,"locf",1,6.37
"pc1","4cpu-i7",0.2,"locf",4,6.44
"pc1","4cpu-i7",0.2,"locf",3,6.55
"pc1","4cpu-i7",0.2,"locf",2,6.24
"pc1","4cpu-i7",0.2,"locf",1,6.26
"pc1","4cpu-i7",0.2,"locf",4,6.64
"pc1","4cpu-i7",0.2,"locf",3,6.74
"pc1","4cpu-i7",0.2,"locf",1,6.56
"pc1","4cpu-i7",0.2,"locf",4,6.63
"pc1","4cpu-i7",0.2,"locf",3,6.84
"pc1","4cpu-i7",0.2,"locf",2,6.86
"pc1","4cpu-i7",0.2,"locf",3,6.26
"pc1","4cpu-i7",0.2,"locf",2,6.46
"pc1","4cpu-i7",0.2,"locf",1,6.57
"pc1","4cpu-i7",0.2,"locf",4,6.63
"pc1","4cpu-i7",0.2,"locf",1,6.59
"pc1","4cpu-i7",0.2,"locf",2,6.78
"pc1","4cpu-i7",0.2,"locf",3,6.78
"pc1","4cpu-i7",0.2,"locf",4,6.85
"pc1","4cpu-i7",0.2,"locf",3,6.45
"pc1","4cpu-i7",0.2,"locf",4,6.55
"pc1","4cpu-i7",0.2,"locf",2,6.77
"pc1","4cpu-i7",0.2,"locf",1,6.87
"pc1","4cpu-i7",0.2,"locf",3,6.46
"pc1","4cpu-i7",0.2,"locf",2,6.55
"pc1","4cpu-i7",0.2,"locf",4,6.58
"pc1","4cpu-i7",0.2,"locf",1,6.58
"pc1","4cpu-i7",0.2,"locf",3,6.45
"pc1","4cpu-i7",0.2,"locf",2,6.55
"pc1","4cpu-i7",0.2,"locf",4,6.67
"pc1","4cpu-i7",0.2,"locf",1,6.67
"pc1","4cpu-i7",0.2,"locf",3,6.63
"pc1","4cpu-i7",0.2,"locf",4,6.64
"pc1","4cpu-i7",0.2,"locf",2,6.64
"pc1","4cpu-i7",0.2,"locf",1,6.74
"pc1","4cpu-i7",0.2,"locf",4,6.65
"pc1","4cpu-i7",0.2,"locf",1,6.78
"pc1","4cpu-i7",0.2,"locf",3,6.96
"pc1","4cpu-i7",0.2,"locf",2,7.06
"pc1","4cpu-i7",0.2,"locf",4,6.24
"pc1","4cpu-i7",0.2,"locf",3,6.34
"pc1","4cpu-i7",0.2,"locf",1,6.46
"pc1","4cpu-i7",0.2,"locf",2,6.56
"pc1","4cpu-i7",0.2,"locf",1,6.68
"pc1","4cpu-i7",0.2,"locf",2,6.87
"pc1","4cpu-i7",0.2,"locf",4,6.94
"pc1","4cpu-i7",0.2,"locf",3,6.96
"pc1","4cpu-i7",0.2,"locf",4,6.66
"pc1","4cpu-i7",0.2,"locf",1,6.76
"pc1","4cpu-i7",0.2,"locf",3,6.75
"pc1","4cpu-i7",0.2,"locf",2,6.76
"pc1","4cpu-i7",0.2,"locf",2,6.88
"pc1","4cpu-i7",0.2,"locf",1,6.88
"pc1","4cpu-i7",0.2,"locf",4,6.96
"pc1","4cpu-i7",0.2,"locf",3,7.07
"pc1","4cpu-i7",0.3,"locf",2,4.38
"pc1","4cpu-i7",0.3,"locf",4,4.47
"pc1","4cpu-i7",0.3,"locf",1,4.47
"pc1","4cpu-i7",0.3,"locf",3,4.45
"pc1","4cpu-i7",0.3,"locf",3,4.58
"pc1","4cpu-i7",0.3,"locf",2,4.59
"pc1","4cpu-i7",0.3,"locf",4,4.67
"pc1","4cpu-i7",0.3,"locf",1,4.71
"pc1","4cpu-i7",0.3,"locf",1,3.95
"pc1","4cpu-i7",0.3,"locf",3,3.96
"pc1","4cpu-i7",0.3,"locf",4,3.96
"pc1","4cpu-i7",0.3,"locf",2,3.96
"pc1","4cpu-i7",0.3,"locf",1,4.05
"pc1","4cpu-i7",0.3,"locf",3,4.05
"pc1","4cpu-i7",0.3,"locf",4,4.12
"pc1","4cpu-i7",0.3,"locf",2,4.14
"pc1","4cpu-i7",0.3,"locf",3,4.17
"pc1","4cpu-i7",0.3,"locf",2,4.18
"pc1","4cpu-i7",0.3,"locf",1,4.18
"pc1","4cpu-i7",0.3,"locf",4,4.18
"pc1","4cpu-i7",0.3,"locf",3,4.15
"pc1","4cpu-i7",0.3,"locf",2,4.15
"pc1","4cpu-i7",0.3,"locf",4,4.17
"pc1","4cpu-i7",0.3,"locf",1,4.17
"pc1","4cpu-i7",0.3,"locf",3,4.06
"pc1","4cpu-i7",0.3,"locf",4,4.09
"pc1","4cpu-i7",0.3,"locf",1,4.09
"pc1","4cpu-i7",0.3,"locf",2,4.16
"pc1","4cpu-i7",0.3,"locf",1,4.05
"pc1","4cpu-i7",0.3,"locf",3,4.04
"pc1","4cpu-i7",0.3,"locf",4,4.04
"pc1","4cpu-i7",0.3,"locf",2,4.14
"pc1","4cpu-i7",0.3,"locf",1,4.07
"pc1","4cpu-i7",0.3,"locf",2,4.07
"pc1","4cpu-i7",0.3,"locf",3,4.07
"pc1","4cpu-i7",0.3,"locf",4,4.07
"pc1","4cpu-i7",0.3,"locf",4,4.06
"pc1","4cpu-i7",0.3,"locf",2,4.16
"pc1","4cpu-i7",0.3,"locf",3,4.16
"pc1","4cpu-i7",0.3,"locf",1,4.18
"pc1","4cpu-i7",0.3,"locf",4,4.05
"pc1","4cpu-i7",0.3,"locf",3,4.07
"pc1","4cpu-i7",0.3,"locf",2,4.17
"pc1","4cpu-i7",0.3,"locf",1,4.27
"pc1","4cpu-i7",0.3,"locf",2,4.06
"pc1","4cpu-i7",0.3,"locf",1,4.08
"pc1","4cpu-i7",0.3,"locf",4,4.08
"pc1","4cpu-i7",0.3,"locf",3,4.08
"pc1","4cpu-i7",0.3,"locf",3,3.85
"pc1","4cpu-i7",0.3,"locf",2,3.96
"pc1","4cpu-i7",0.3,"locf",1,3.93
"pc1","4cpu-i7",0.3,"locf",4,3.93
"pc1","4cpu-i7",0.3,"locf",3,3.85
"pc1","4cpu-i7",0.3,"locf",2,3.99
"pc1","4cpu-i7",0.3,"locf",1,3.99
"pc1","4cpu-i7",0.3,"locf",4,4.04
"pc1","4cpu-i7",0.3,"locf",1,4.09
"pc1","4cpu-i7",0.3,"locf",2,4.18
"pc1","4cpu-i7",0.3,"locf",3,4.26
"pc1","4cpu-i7",0.3,"locf",4,4.26
"pc1","4cpu-i7",0.3,"locf",1,3.95
"pc1","4cpu-i7",0.3,"locf",2,4.04
"pc1","4cpu-i7",0.3,"locf",3,4.04
"pc1","4cpu-i7",0.3,"locf",4,4.04
"pc1","4cpu-i7",0.3,"locf",2,3.95
"pc1","4cpu-i7",0.3,"locf",1,4
"pc1","4cpu-i7",0.3,"locf",4,4.05
"pc1","4cpu-i7",0.3,"locf",3,4.05
"pc1","4cpu-i7",0.3,"locf",1,4.06
"pc1","4cpu-i7",0.3,"locf",3,4.13
"pc1","4cpu-i7",0.3,"locf",4,4.22
"pc1","4cpu-i7",0.3,"locf",2,4.22
"pc1","4cpu-i7",0.3,"locf",1,3.98
"pc1","4cpu-i7",0.3,"locf",3,4
"pc1","4cpu-i7",0.3,"locf",2,4
"pc1","4cpu-i7",0.3,"locf",4,4.06
"pc1","4cpu-i7",0.3,"locf",1,4.05
"pc1","4cpu-i7",0.3,"locf",3,4.07
"pc1","4cpu-i7",0.3,"locf",2,4.08
"pc1","4cpu-i7",0.3,"locf",4,4.08
"pc1","4cpu-i7",0.3,"locf",1,4.04
"pc1","4cpu-i7",0.3,"locf",3,4.14
"pc1","4cpu-i7",0.3,"locf",2,4.14
"pc1","4cpu-i7",0.3,"locf",4,4.14
"pc1","4cpu-i7",0.3,"locf",1,3.97
"pc1","4cpu-i7",0.3,"locf",3,4.04
"pc1","4cpu-i7",0.3,"locf",4,4.04
"pc1","4cpu-i7",0.3,"locf",2,4.04
"pc1","4cpu-i7",0.3,"locf",1,3.85
"pc1","4cpu-i7",0.3,"locf",3,3.93
"pc1","4cpu-i7",0.3,"locf",2,3.96
"pc1","4cpu-i7",0.3,"locf",4,3.96
"pc1","4cpu-i7",0.3,"locf",3,3.97
"pc1","4cpu-i7",0.3,"locf",1,3.97
"pc1","4cpu-i7",0.3,"locf",4,4.02
"pc1","4cpu-i7",0.3,"locf",2,4.02
"pc1","4cpu-i7",0.3,"locf",3,4.25
"pc1","4cpu-i7",0.3,"locf",4,4.25
"pc1","4cpu-i7",0.3,"locf",1,4.25
"pc1","4cpu-i7",0.3,"locf",2,4.25
"pc1","4cpu-i7",0.3,"locf",3,3.91
"pc1","4cpu-i7",0.3,"locf",4,3.98
"pc1","4cpu-i7",0.3,"locf",1,4.13
"pc1","4cpu-i7",0.3,"locf",2,4.13
"pc1","4cpu-i7",0.3,"locf",1,4.08
"pc1","4cpu-i7",0.3,"locf",4,4.14
"pc1","4cpu-i7",0.3,"locf",2,4.14
"pc1","4cpu-i7",0.3,"locf",3,4.14
"pc1","4cpu-i7",0.3,"locf",3,4.02
"pc1","4cpu-i7",0.3,"locf",4,4.08
"pc1","4cpu-i7",0.3,"locf",2,4.23
"pc1","4cpu-i7",0.3,"locf",1,4.23
"pc1","4cpu-i7",0.3,"locf",1,3.95
"pc1","4cpu-i7",0.3,"locf",2,3.95
"pc1","4cpu-i7",0.3,"locf",3,3.95
"pc1","4cpu-i7",0.3,"locf",4,4.01
"pc1","4cpu-i7",0.3,"locf",1,3.98
"pc1","4cpu-i7",0.3,"locf",2,4.05
"pc1","4cpu-i7",0.3,"locf",4,4.05
"pc1","4cpu-i7",0.3,"locf",3,4.12
"pc1","4cpu-i7",0.4,"locf",1,3.08
"pc1","4cpu-i7",0.4,"locf",2,3.08
"pc1","4cpu-i7",0.4,"locf",3,3.14
"pc1","4cpu-i7",0.4,"locf",4,3.14
"pc1","4cpu-i7",0.4,"locf",3,3.27
"pc1","4cpu-i7",0.4,"locf",4,3.27
"pc1","4cpu-i7",0.4,"locf",1,3.27
"pc1","4cpu-i7",0.4,"locf",2,3.29
"pc1","4cpu-i7",0.4,"locf",1,2.81
"pc1","4cpu-i7",0.4,"locf",2,2.87
"pc1","4cpu-i7",0.4,"locf",3,2.87
"pc1","4cpu-i7",0.4,"locf",4,2.95
"pc1","4cpu-i7",0.4,"locf",2,2.93
"pc1","4cpu-i7",0.4,"locf",3,2.93
"pc1","4cpu-i7",0.4,"locf",1,2.93
"pc1","4cpu-i7",0.4,"locf",4,2.98
"pc1","4cpu-i7",0.4,"locf",2,2.78
"pc1","4cpu-i7",0.4,"locf",3,2.78
"pc1","4cpu-i7",0.4,"locf",4,2.82
"pc1","4cpu-i7",0.4,"locf",1,2.82
"pc1","4cpu-i7",0.4,"locf",4,2.92
"pc1","4cpu-i7",0.4,"locf",2,2.92
"pc1","4cpu-i7",0.4,"locf",3,2.92
"pc1","4cpu-i7",0.4,"locf",1,2.92
"pc1","4cpu-i7",0.4,"locf",3,2.83
"pc1","4cpu-i7",0.4,"locf",1,2.93
"pc1","4cpu-i7",0.4,"locf",2,2.93
"pc1","4cpu-i7",0.4,"locf",4,2.94
"pc1","4cpu-i7",0.4,"locf",4,2.71
"pc1","4cpu-i7",0.4,"locf",3,2.73
"pc1","4cpu-i7",0.4,"locf",2,2.82
"pc1","4cpu-i7",0.4,"locf",1,2.84
"pc1","4cpu-i7",0.4,"locf",4,2.88
"pc1","4cpu-i7",0.4,"locf",1,2.88
"pc1","4cpu-i7",0.4,"locf",2,2.94
"pc1","4cpu-i7",0.4,"locf",3,2.94
"pc1","4cpu-i7",0.4,"locf",1,2.78
"pc1","4cpu-i7",0.4,"locf",2,2.84
"pc1","4cpu-i7",0.4,"locf",3,2.84
"pc1","4cpu-i7",0.4,"locf",4,2.85
"pc1","4cpu-i7",0.4,"locf",3,2.72
"pc1","4cpu-i7",0.4,"locf",1,2.74
"pc1","4cpu-i7",0.4,"locf",4,2.74
"pc1","4cpu-i7",0.4,"locf",2,2.74
"pc1","4cpu-i7",0.4,"locf",4,2.82
"pc1","4cpu-i7",0.4,"locf",3,2.82
"pc1","4cpu-i7",0.4,"locf",1,2.92
"pc1","4cpu-i7",0.4,"locf",2,2.92
"pc1","4cpu-i7",0.4,"locf",4,2.73
"pc1","4cpu-i7",0.4,"locf",1,2.88
"pc1","4cpu-i7",0.4,"locf",3,2.9
"pc1","4cpu-i7",0.4,"locf",2,2.93
"pc1","4cpu-i7",0.4,"locf",1,2.79
"pc1","4cpu-i7",0.4,"locf",3,2.87
"pc1","4cpu-i7",0.4,"locf",2,2.87
"pc1","4cpu-i7",0.4,"locf",4,2.86
"pc1","4cpu-i7",0.4,"locf",3,2.74
"pc1","4cpu-i7",0.4,"locf",1,2.85
"pc1","4cpu-i7",0.4,"locf",2,2.85
"pc1","4cpu-i7",0.4,"locf",4,2.83
"pc1","4cpu-i7",0.4,"locf",2,2.87
"pc1","4cpu-i7",0.4,"locf",1,2.87
"pc1","4cpu-i7",0.4,"locf",3,2.87
"pc1","4cpu-i7",0.4,"locf",4,2.92
"pc1","4cpu-i7",0.4,"locf",1,2.76
"pc1","4cpu-i7",0.4,"locf",3,2.79
"pc1","4cpu-i7",0.4,"locf",2,2.79
"pc1","4cpu-i7",0.4,"locf",4,2.85
"pc1","4cpu-i7",0.4,"locf",1,2.77
"pc1","4cpu-i7",0.4,"locf",2,2.85
"pc1","4cpu-i7",0.4,"locf",3,2.85
"pc1","4cpu-i7",0.4,"locf",4,2.85
"pc1","4cpu-i7",0.4,"locf",3,2.83
"pc1","4cpu-i7",0.4,"locf",1,2.83
"pc1","4cpu-i7",0.4,"locf",2,2.94
"pc1","4cpu-i7",0.4,"locf",4,2.94
"pc1","4cpu-i7",0.4,"locf",4,2.83
"pc1","4cpu-i7",0.4,"locf",1,2.92
"pc1","4cpu-i7",0.4,"locf",3,2.92
"pc1","4cpu-i7",0.4,"locf",2,2.95
"pc1","4cpu-i7",0.4,"locf",2,2.94
"pc1","4cpu-i7",0.4,"locf",4,2.94
"pc1","4cpu-i7",0.4,"locf",1,2.94
"pc1","4cpu-i7",0.4,"locf",3,3.02
"pc1","4cpu-i7",0.4,"locf",2,2.85
"pc1","4cpu-i7",0.4,"locf",4,2.91
"pc1","4cpu-i7",0.4,"locf",1,2.95
"pc1","4cpu-i7",0.4,"locf",3,2.93
"pc1","4cpu-i7",0.4,"locf",2,2.77
"pc1","4cpu-i7",0.4,"locf",1,2.89
"pc1","4cpu-i7",0.4,"locf",4,2.88
"pc1","4cpu-i7",0.4,"locf",3,2.88
"pc1","4cpu-i7",0.4,"locf",3,2.91
"pc1","4cpu-i7",0.4,"locf",4,2.92
"pc1","4cpu-i7",0.4,"locf",1,2.95
"pc1","4cpu-i7",0.4,"locf",2,2.95
"pc1","4cpu-i7",0.4,"locf",4,2.82
"pc1","4cpu-i7",0.4,"locf",1,2.94
"pc1","4cpu-i7",0.4,"locf",3,2.93
"pc1","4cpu-i7",0.4,"locf",2,3.01
"pc1","4cpu-i7",0.4,"locf",1,2.91
"pc1","4cpu-i7",0.4,"locf",4,2.99
"pc1","4cpu-i7",0.4,"locf",2,2.99
"pc1","4cpu-i7",0.4,"locf",3,2.99
"pc1","4cpu-i7",0.4,"locf",1,2.84
"pc1","4cpu-i7",0.4,"locf",4,2.84
"pc1","4cpu-i7",0.4,"locf",2,2.84
"pc1","4cpu-i7",0.4,"locf",3,2.84
"pc1","4cpu-i7",0.4,"locf",3,2.84
"pc1","4cpu-i7",0.4,"locf",4,2.95
"pc1","4cpu-i7",0.4,"locf",1,2.95
"pc1","4cpu-i7",0.4,"locf",2,2.95
"pc1","4cpu-i7",0.4,"locf",3,2.86
"pc1","4cpu-i7",0.4,"locf",2,2.86
"pc1","4cpu-i7",0.4,"locf",4,2.9
"pc1","4cpu-i7",0.4,"locf",1,2.93
"pc1","4cpu-i7",0.4,"locf",1,2.8
"pc1","4cpu-i7",0.4,"locf",2,2.8
"pc1","4cpu-i7",0.4,"locf",3,2.83
"pc1","4cpu-i7",0.4,"locf",4,2.83
"pc1","4cpu-i7",0.5,"locf",3,2.52
"pc1","4cpu-i7",0.5,"locf",2,2.54
"pc1","4cpu-i7",0.5,"locf",1,2.54
"pc1","4cpu-i7",0.5,"locf",4,2.54
"pc1","4cpu-i7",0.5,"locf",2,2.45
"pc1","4cpu-i7",0.5,"locf",3,2.44
"pc1","4cpu-i7",0.5,"locf",1,2.52
"pc1","4cpu-i7",0.5,"locf",4,2.52
"pc1","4cpu-i7",0.5,"locf",2,2.25
"pc1","4cpu-i7",0.5,"locf",4,2.23
"pc1","4cpu-i7",0.5,"locf",3,2.23
"pc1","4cpu-i7",0.5,"locf",1,2.23
"pc1","4cpu-i7",0.5,"locf",4,2.13
"pc1","4cpu-i7",0.5,"locf",2,2.23
"pc1","4cpu-i7",0.5,"locf",1,2.23
"pc1","4cpu-i7",0.5,"locf",3,2.23
"pc1","4cpu-i7",0.5,"locf",2,2.27
"pc1","4cpu-i7",0.5,"locf",4,2.27
"pc1","4cpu-i7",0.5,"locf",3,2.27
"pc1","4cpu-i7",0.5,"locf",1,2.27
"pc1","4cpu-i7",0.5,"locf",3,2.21
"pc1","4cpu-i7",0.5,"locf",4,2.24
"pc1","4cpu-i7",0.5,"locf",1,2.24
"pc1","4cpu-i7",0.5,"locf",2,2.29
"pc1","4cpu-i7",0.5,"locf",1,2.18
"pc1","4cpu-i7",0.5,"locf",4,2.15
"pc1","4cpu-i7",0.5,"locf",2,2.23
"pc1","4cpu-i7",0.5,"locf",3,2.24
"pc1","4cpu-i7",0.5,"locf",2,2.2
"pc1","4cpu-i7",0.5,"locf",1,2.2
"pc1","4cpu-i7",0.5,"locf",4,2.24
"pc1","4cpu-i7",0.5,"locf",3,2.24
"pc1","4cpu-i7",0.5,"locf",1,2.21
"pc1","4cpu-i7",0.5,"locf",4,2.25
"pc1","4cpu-i7",0.5,"locf",2,2.28
"pc1","4cpu-i7",0.5,"locf",3,2.27
"pc1","4cpu-i7",0.5,"locf",2,2.25
"pc1","4cpu-i7",0.5,"locf",3,2.25
"pc1","4cpu-i7",0.5,"locf",4,2.25
"pc1","4cpu-i7",0.5,"locf",1,2.25
"pc1","4cpu-i7",0.5,"locf",1,2.21
"pc1","4cpu-i7",0.5,"locf",4,2.22
"pc1","4cpu-i7",0.5,"locf",3,2.21
"pc1","4cpu-i7",0.5,"locf",2,2.21
"pc1","4cpu-i7",0.5,"locf",2,2.25
"pc1","4cpu-i7",0.5,"locf",1,2.25
"pc1","4cpu-i7",0.5,"locf",3,2.25
"pc1","4cpu-i7",0.5,"locf",4,2.25
"pc1","4cpu-i7",0.5,"locf",3,2.24
"pc1","4cpu-i7",0.5,"locf",1,2.24
"pc1","4cpu-i7",0.5,"locf",2,2.24
"pc1","4cpu-i7",0.5,"locf",4,2.24
"pc1","4cpu-i7",0.5,"locf",3,2.2
"pc1","4cpu-i7",0.5,"locf",2,2.2
"pc1","4cpu-i7",0.5,"locf",1,2.2
"pc1","4cpu-i7",0.5,"locf",4,2.2
"pc1","4cpu-i7",0.5,"locf",1,2.23
"pc1","4cpu-i7",0.5,"locf",2,2.25
"pc1","4cpu-i7",0.5,"locf",3,2.26
"pc1","4cpu-i7",0.5,"locf",4,2.27
"pc1","4cpu-i7",0.5,"locf",4,2.22
"pc1","4cpu-i7",0.5,"locf",1,2.22
"pc1","4cpu-i7",0.5,"locf",3,2.22
"pc1","4cpu-i7",0.5,"locf",2,2.22
"pc1","4cpu-i7",0.5,"locf",2,2.25
"pc1","4cpu-i7",0.5,"locf",3,2.25
"pc1","4cpu-i7",0.5,"locf",1,2.25
"pc1","4cpu-i7",0.5,"locf",4,2.27
"pc1","4cpu-i7",0.5,"locf",1,2.19
"pc1","4cpu-i7",0.5,"locf",4,2.25
"pc1","4cpu-i7",0.5,"locf",2,2.27
"pc1","4cpu-i7",0.5,"locf",3,2.27
"pc1","4cpu-i7",0.5,"locf",1,2.29
"pc1","4cpu-i7",0.5,"locf",3,2.29
"pc1","4cpu-i7",0.5,"locf",4,2.29
"pc1","4cpu-i7",0.5,"locf",2,2.29
"pc1","4cpu-i7",0.5,"locf",2,2.33
"pc1","4cpu-i7",0.5,"locf",3,2.33
"pc1","4cpu-i7",0.5,"locf",4,2.33
"pc1","4cpu-i7",0.5,"locf",1,2.33
"pc1","4cpu-i7",0.5,"locf",1,2.19
"pc1","4cpu-i7",0.5,"locf",3,2.22
"pc1","4cpu-i7",0.5,"locf",4,2.22
"pc1","4cpu-i7",0.5,"locf",2,2.24
"pc1","4cpu-i7",0.5,"locf",1,2.27
"pc1","4cpu-i7",0.5,"locf",2,2.28
"pc1","4cpu-i7",0.5,"locf",3,2.28
"pc1","4cpu-i7",0.5,"locf",4,2.28
"pc1","4cpu-i7",0.5,"locf",4,2.19
"pc1","4cpu-i7",0.5,"locf",1,2.26
"pc1","4cpu-i7",0.5,"locf",2,2.26
"pc1","4cpu-i7",0.5,"locf",3,2.26
"pc1","4cpu-i7",0.5,"locf",3,2.25
"pc1","4cpu-i7",0.5,"locf",2,2.25
"pc1","4cpu-i7",0.5,"locf",1,2.25
"pc1","4cpu-i7",0.5,"locf",4,2.25
"pc1","4cpu-i7",0.5,"locf",2,2.25
"pc1","4cpu-i7",0.5,"locf",1,2.31
"pc1","4cpu-i7",0.5,"locf",3,2.31
"pc1","4cpu-i7",0.5,"locf",4,2.31
"pc1","4cpu-i7",0.5,"locf",1,2.18
"pc1","4cpu-i7",0.5,"locf",2,2.18
"pc1","4cpu-i7",0.5,"locf",3,2.25
"pc1","4cpu-i7",0.5,"locf",4,2.25
"pc1","4cpu-i7",0.5,"locf",3,2.2
"pc1","4cpu-i7",0.5,"locf",4,2.26
"pc1","4cpu-i7",0.5,"locf",2,2.26
"pc1","4cpu-i7",0.5,"locf",1,2.26
"pc1","4cpu-i7",0.5,"locf",3,2.21
"pc1","4cpu-i7",0.5,"locf",4,2.27
"pc1","4cpu-i7",0.5,"locf",1,2.27
"pc1","4cpu-i7",0.5,"locf",2,2.27
"pc1","4cpu-i7",0.5,"locf",2,2.28
"pc1","4cpu-i7",0.5,"locf",4,2.29
"pc1","4cpu-i7",0.5,"locf",3,2.29
"pc1","4cpu-i7",0.5,"locf",1,2.29
"pc1","4cpu-i7",0.5,"locf",3,2.17
"pc1","4cpu-i7",0.5,"locf",4,2.19
"pc1","4cpu-i7",0.5,"locf",1,2.19
"pc1","4cpu-i7",0.5,"locf",2,2.21
"pc1","4cpu-i7",0.6,"locf",1,2.04
"pc1","4cpu-i7",0.6,"locf",2,2.07
"pc1","4cpu-i7",0.6,"locf",3,2.07
"pc1","4cpu-i7",0.6,"locf",4,2.07
"pc1","4cpu-i7",0.6,"locf",4,1.94
"pc1","4cpu-i7",0.6,"locf",2,1.97
"pc1","4cpu-i7",0.6,"locf",3,2.05
"pc1","4cpu-i7",0.6,"locf",1,2.05
"pc1","4cpu-i7",0.6,"locf",1,1.75
"pc1","4cpu-i7",0.6,"locf",2,1.78
"pc1","4cpu-i7",0.6,"locf",3,1.81
"pc1","4cpu-i7",0.6,"locf",4,1.81
"pc1","4cpu-i7",0.6,"locf",3,1.81
"pc1","4cpu-i7",0.6,"locf",1,1.81
"pc1","4cpu-i7",0.6,"locf",4,1.81
"pc1","4cpu-i7",0.6,"locf",2,1.81
"pc1","4cpu-i7",0.6,"locf",4,1.76
"pc1","4cpu-i7",0.6,"locf",1,1.76
"pc1","4cpu-i7",0.6,"locf",3,1.82
"pc1","4cpu-i7",0.6,"locf",2,1.82
"pc1","4cpu-i7",0.6,"locf",4,1.7
"pc1","4cpu-i7",0.6,"locf",1,1.77
"pc1","4cpu-i7",0.6,"locf",2,1.77
"pc1","4cpu-i7",0.6,"locf",3,1.83
"pc1","4cpu-i7",0.6,"locf",1,1.79
"pc1","4cpu-i7",0.6,"locf",3,1.76
"pc1","4cpu-i7",0.6,"locf",4,1.86
"pc1","4cpu-i7",0.6,"locf",2,1.86
"pc1","4cpu-i7",0.6,"locf",3,1.77
"pc1","4cpu-i7",0.6,"locf",4,1.75
"pc1","4cpu-i7",0.6,"locf",2,1.77
"pc1","4cpu-i7",0.6,"locf",1,1.83
"pc1","4cpu-i7",0.6,"locf",1,1.73
"pc1","4cpu-i7",0.6,"locf",2,1.78
"pc1","4cpu-i7",0.6,"locf",3,1.78
"pc1","4cpu-i7",0.6,"locf",4,1.8
"pc1","4cpu-i7",0.6,"locf",4,1.82
"pc1","4cpu-i7",0.6,"locf",3,1.86
"pc1","4cpu-i7",0.6,"locf",2,1.86
"pc1","4cpu-i7",0.6,"locf",1,1.86
"pc1","4cpu-i7",0.6,"locf",1,1.75
"pc1","4cpu-i7",0.6,"locf",2,1.78
"pc1","4cpu-i7",0.6,"locf",3,1.8
"pc1","4cpu-i7",0.6,"locf",4,1.8
"pc1","4cpu-i7",0.6,"locf",4,1.73
"pc1","4cpu-i7",0.6,"locf",1,1.76
"pc1","4cpu-i7",0.6,"locf",3,1.76
"pc1","4cpu-i7",0.6,"locf",2,1.82
"pc1","4cpu-i7",0.6,"locf",3,1.82
"pc1","4cpu-i7",0.6,"locf",4,1.82
"pc1","4cpu-i7",0.6,"locf",2,1.82
"pc1","4cpu-i7",0.6,"locf",1,1.82
"pc1","4cpu-i7",0.6,"locf",1,1.79
"pc1","4cpu-i7",0.6,"locf",4,1.77
"pc1","4cpu-i7",0.6,"locf",3,1.79
"pc1","4cpu-i7",0.6,"locf",2,1.82
"pc1","4cpu-i7",0.6,"locf",3,1.78
"pc1","4cpu-i7",0.6,"locf",2,1.81
"pc1","4cpu-i7",0.6,"locf",1,1.81
"pc1","4cpu-i7",0.6,"locf",4,1.84
"pc1","4cpu-i7",0.6,"locf",1,1.77
"pc1","4cpu-i7",0.6,"locf",2,1.77
"pc1","4cpu-i7",0.6,"locf",4,1.77
"pc1","4cpu-i7",0.6,"locf",3,1.86
"pc1","4cpu-i7",0.6,"locf",1,1.77
"pc1","4cpu-i7",0.6,"locf",4,1.76
"pc1","4cpu-i7",0.6,"locf",3,1.76
"pc1","4cpu-i7",0.6,"locf",2,1.82
"pc1","4cpu-i7",0.6,"locf",1,1.72
"pc1","4cpu-i7",0.6,"locf",2,1.81
"pc1","4cpu-i7",0.6,"locf",4,1.81
"pc1","4cpu-i7",0.6,"locf",3,1.81
"pc1","4cpu-i7",0.6,"locf",1,1.83
"pc1","4cpu-i7",0.6,"locf",2,1.83
"pc1","4cpu-i7",0.6,"locf",4,1.83
"pc1","4cpu-i7",0.6,"locf",3,1.86
"pc1","4cpu-i7",0.6,"locf",1,1.82
"pc1","4cpu-i7",0.6,"locf",4,1.84
"pc1","4cpu-i7",0.6,"locf",3,1.84
"pc1","4cpu-i7",0.6,"locf",2,1.84
"pc1","4cpu-i7",0.6,"locf",1,1.69
"pc1","4cpu-i7",0.6,"locf",3,1.74
"pc1","4cpu-i7",0.6,"locf",2,1.77
"pc1","4cpu-i7",0.6,"locf",4,1.77
"pc1","4cpu-i7",0.6,"locf",3,1.87
"pc1","4cpu-i7",0.6,"locf",1,1.87
"pc1","4cpu-i7",0.6,"locf",2,1.87
"pc1","4cpu-i7",0.6,"locf",4,1.87
"pc1","4cpu-i7",0.6,"locf",3,1.81
"pc1","4cpu-i7",0.6,"locf",2,1.83
"pc1","4cpu-i7",0.6,"locf",4,1.83
"pc1","4cpu-i7",0.6,"locf",1,1.87
"pc1","4cpu-i7",0.6,"locf",1,1.79
"pc1","4cpu-i7",0.6,"locf",2,1.79
"pc1","4cpu-i7",0.6,"locf",3,1.86
"pc1","4cpu-i7",0.6,"locf",4,1.86
"pc1","4cpu-i7",0.6,"locf",4,1.75
"pc1","4cpu-i7",0.6,"locf",1,1.83
"pc1","4cpu-i7",0.6,"locf",2,1.85
"pc1","4cpu-i7",0.6,"locf",3,1.83
"pc1","4cpu-i7",0.6,"locf",4,1.76
"pc1","4cpu-i7",0.6,"locf",2,1.79
"pc1","4cpu-i7",0.6,"locf",1,1.86
"pc1","4cpu-i7",0.6,"locf",3,1.86
"pc1","4cpu-i7",0.6,"locf",3,1.82
"pc1","4cpu-i7",0.6,"locf",4,1.82
"pc1","4cpu-i7",0.6,"locf",1,1.86
"pc1","4cpu-i7",0.6,"locf",2,1.86
"pc1","4cpu-i7",0.6,"locf",2,1.8
"pc1","4cpu-i7",0.6,"locf",4,1.8
"pc1","4cpu-i7",0.6,"locf",3,1.8
"pc1","4cpu-i7",0.6,"locf",1,1.8
"pc1","4cpu-i7",0.6,"locf",4,1.73
"pc1","4cpu-i7",0.6,"locf",3,1.83
"pc1","4cpu-i7",0.6,"locf",2,1.83
"pc1","4cpu-i7",0.6,"locf",1,1.83
"pc1","4cpu-i7",0.6,"locf",1,1.84
"pc1","4cpu-i7",0.6,"locf",4,1.84
"pc1","4cpu-i7",0.6,"locf",3,1.84
"pc1","4cpu-i7",0.6,"locf",2,1.84
"pc1","4cpu-i7",0.7,"locf",1,1.73
"pc1","4cpu-i7",0.7,"locf",4,1.76
"pc1","4cpu-i7",0.7,"locf",2,1.76
"pc1","4cpu-i7",0.7,"locf",3,1.76
"pc1","4cpu-i7",0.7,"locf",1,1.72
"pc1","4cpu-i7",0.7,"locf",3,1.78
"pc1","4cpu-i7",0.7,"locf",4,1.78
"pc1","4cpu-i7",0.7,"locf",2,1.78
"pc1","4cpu-i7",0.7,"locf",1,1.49
"pc1","4cpu-i7",0.7,"locf",3,1.53
"pc1","4cpu-i7",0.7,"locf",2,1.53
"pc1","4cpu-i7",0.7,"locf",4,1.53
"pc1","4cpu-i7",0.7,"locf",1,1.54
"pc1","4cpu-i7",0.7,"locf",4,1.56
"pc1","4cpu-i7",0.7,"locf",2,1.56
"pc1","4cpu-i7",0.7,"locf",3,1.56
"pc1","4cpu-i7",0.7,"locf",4,1.51
"pc1","4cpu-i7",0.7,"locf",2,1.55
"pc1","4cpu-i7",0.7,"locf",3,1.55
"pc1","4cpu-i7",0.7,"locf",1,1.58
"pc1","4cpu-i7",0.7,"locf",1,1.56
"pc1","4cpu-i7",0.7,"locf",4,1.56
"pc1","4cpu-i7",0.7,"locf",2,1.56
"pc1","4cpu-i7",0.7,"locf",3,1.56
"pc1","4cpu-i7",0.7,"locf",2,1.54
"pc1","4cpu-i7",0.7,"locf",1,1.54
"pc1","4cpu-i7",0.7,"locf",3,1.51
"pc1","4cpu-i7",0.7,"locf",4,1.51
"pc1","4cpu-i7",0.7,"locf",4,1.5
"pc1","4cpu-i7",0.7,"locf",3,1.55
"pc1","4cpu-i7",0.7,"locf",1,1.55
"pc1","4cpu-i7",0.7,"locf",2,1.55
"pc1","4cpu-i7",0.7,"locf",1,1.57
"pc1","4cpu-i7",0.7,"locf",3,1.57
"pc1","4cpu-i7",0.7,"locf",2,1.57
"pc1","4cpu-i7",0.7,"locf",4,1.57
"pc1","4cpu-i7",0.7,"locf",2,1.52
"pc1","4cpu-i7",0.7,"locf",3,1.52
"pc1","4cpu-i7",0.7,"locf",1,1.52
"pc1","4cpu-i7",0.7,"locf",4,1.52
"pc1","4cpu-i7",0.7,"locf",2,1.55
"pc1","4cpu-i7",0.7,"locf",4,1.55
"pc1","4cpu-i7",0.7,"locf",1,1.55
"pc1","4cpu-i7",0.7,"locf",3,1.55
"pc1","4cpu-i7",0.7,"locf",1,1.52
"pc1","4cpu-i7",0.7,"locf",4,1.53
"pc1","4cpu-i7",0.7,"locf",3,1.53
"pc1","4cpu-i7",0.7,"locf",2,1.53
"pc1","4cpu-i7",0.7,"locf",1,1.51
"pc1","4cpu-i7",0.7,"locf",2,1.51
"pc1","4cpu-i7",0.7,"locf",4,1.58
"pc1","4cpu-i7",0.7,"locf",3,1.58
"pc1","4cpu-i7",0.7,"locf",4,1.46
"pc1","4cpu-i7",0.7,"locf",3,1.46
"pc1","4cpu-i7",0.7,"locf",1,1.53
"pc1","4cpu-i7",0.7,"locf",2,1.53
"pc1","4cpu-i7",0.7,"locf",1,1.52
"pc1","4cpu-i7",0.7,"locf",2,1.57
"pc1","4cpu-i7",0.7,"locf",3,1.56
"pc1","4cpu-i7",0.7,"locf",4,1.56
"pc1","4cpu-i7",0.7,"locf",2,1.56
"pc1","4cpu-i7",0.7,"locf",1,1.59
"pc1","4cpu-i7",0.7,"locf",3,1.59
"pc1","4cpu-i7",0.7,"locf",4,1.59
"pc1","4cpu-i7",0.7,"locf",1,1.53
"pc1","4cpu-i7",0.7,"locf",2,1.54
"pc1","4cpu-i7",0.7,"locf",4,1.56
"pc1","4cpu-i7",0.7,"locf",3,1.56
"pc1","4cpu-i7",0.7,"locf",3,1.52
"pc1","4cpu-i7",0.7,"locf",1,1.55
"pc1","4cpu-i7",0.7,"locf",4,1.54
"pc1","4cpu-i7",0.7,"locf",2,1.54
"pc1","4cpu-i7",0.7,"locf",3,1.52
"pc1","4cpu-i7",0.7,"locf",2,1.55
"pc1","4cpu-i7",0.7,"locf",4,1.55
"pc1","4cpu-i7",0.7,"locf",1,1.55
"pc1","4cpu-i7",0.7,"locf",3,1.57
"pc1","4cpu-i7",0.7,"locf",2,1.57
"pc1","4cpu-i7",0.7,"locf",4,1.57
"pc1","4cpu-i7",0.7,"locf",1,1.57
"pc1","4cpu-i7",0.7,"locf",4,1.54
"pc1","4cpu-i7",0.7,"locf",3,1.54
"pc1","4cpu-i7",0.7,"locf",1,1.59
"pc1","4cpu-i7",0.7,"locf",2,1.59
"pc1","4cpu-i7",0.7,"locf",2,1.56
"pc1","4cpu-i7",0.7,"locf",1,1.56
"pc1","4cpu-i7",0.7,"locf",4,1.56
"pc1","4cpu-i7",0.7,"locf",3,1.57
"pc1","4cpu-i7",0.7,"locf",1,1.57
"pc1","4cpu-i7",0.7,"locf",4,1.59
"pc1","4cpu-i7",0.7,"locf",2,1.59
"pc1","4cpu-i7",0.7,"locf",3,1.59
"pc1","4cpu-i7",0.7,"locf",3,1.56
"pc1","4cpu-i7",0.7,"locf",2,1.56
"pc1","4cpu-i7",0.7,"locf",4,1.56
"pc1","4cpu-i7",0.7,"locf",1,1.56
"pc1","4cpu-i7",0.7,"locf",1,1.57
"pc1","4cpu-i7",0.7,"locf",2,1.59
"pc1","4cpu-i7",0.7,"locf",4,1.6
"pc1","4cpu-i7",0.7,"locf",3,1.6
"pc1","4cpu-i7",0.7,"locf",3,1.5
"pc1","4cpu-i7",0.7,"locf",4,1.55
"pc1","4cpu-i7",0.7,"locf",1,1.55
"pc1","4cpu-i7",0.7,"locf",2,1.54
"pc1","4cpu-i7",0.7,"locf",1,1.57
"pc1","4cpu-i7",0.7,"locf",4,1.58
"pc1","4cpu-i7",0.7,"locf",2,1.58
"pc1","4cpu-i7",0.7,"locf",3,1.58
"pc1","4cpu-i7",0.7,"locf",2,1.54
"pc1","4cpu-i7",0.7,"locf",3,1.54
"pc1","4cpu-i7",0.7,"locf",4,1.58
"pc1","4cpu-i7",0.7,"locf",1,1.58
"pc1","4cpu-i7",0.7,"locf",3,1.56
"pc1","4cpu-i7",0.7,"locf",1,1.57
"pc1","4cpu-i7",0.7,"locf",2,1.57
"pc1","4cpu-i7",0.7,"locf",4,1.57
"pc1","4cpu-i7",0.7,"locf",1,2.14
"pc1","4cpu-i7",0.7,"locf",2,1.53
"pc1","4cpu-i7",0.7,"locf",4,1.56
"pc1","4cpu-i7",0.7,"locf",3,1.56
"pc1","4cpu-i7",0.8,"locf",1,1.5
"pc1","4cpu-i7",0.8,"locf",2,1.51
"pc1","4cpu-i7",0.8,"locf",4,1.51
"pc1","4cpu-i7",0.8,"locf",3,1.51
"pc1","4cpu-i7",0.8,"locf",4,1.57
"pc1","4cpu-i7",0.8,"locf",2,1.57
"pc1","4cpu-i7",0.8,"locf",1,1.57
"pc1","4cpu-i7",0.8,"locf",3,1.57
"pc1","4cpu-i7",0.8,"locf",2,1.39
"pc1","4cpu-i7",0.8,"locf",3,1.39
"pc1","4cpu-i7",0.8,"locf",4,1.39
"pc1","4cpu-i7",0.8,"locf",1,1.39
"pc1","4cpu-i7",0.8,"locf",1,1.31
"pc1","4cpu-i7",0.8,"locf",2,1.31
"pc1","4cpu-i7",0.8,"locf",4,1.32
"pc1","4cpu-i7",0.8,"locf",3,1.32
"pc1","4cpu-i7",0.8,"locf",2,1.41
"pc1","4cpu-i7",0.8,"locf",3,1.38
"pc1","4cpu-i7",0.8,"locf",4,1.41
"pc1","4cpu-i7",0.8,"locf",1,1.41
"pc1","4cpu-i7",0.8,"locf",1,1.32
"pc1","4cpu-i7",0.8,"locf",4,1.34
"pc1","4cpu-i7",0.8,"locf",2,1.34
"pc1","4cpu-i7",0.8,"locf",3,1.34
"pc1","4cpu-i7",0.8,"locf",2,1.33
"pc1","4cpu-i7",0.8,"locf",1,1.31
"pc1","4cpu-i7",0.8,"locf",3,1.31
"pc1","4cpu-i7",0.8,"locf",4,1.33
"pc1","4cpu-i7",0.8,"locf",1,1.33
"pc1","4cpu-i7",0.8,"locf",4,1.34
"pc1","4cpu-i7",0.8,"locf",2,1.34
"pc1","4cpu-i7",0.8,"locf",3,1.34
"pc1","4cpu-i7",0.8,"locf",1,1.39
"pc1","4cpu-i7",0.8,"locf",4,1.34
"pc1","4cpu-i7",0.8,"locf",3,1.34
"pc1","4cpu-i7",0.8,"locf",2,1.34
"pc1","4cpu-i7",0.8,"locf",1,1.33
"pc1","4cpu-i7",0.8,"locf",3,1.31
"pc1","4cpu-i7",0.8,"locf",4,1.35
"pc1","4cpu-i7",0.8,"locf",2,1.38
"pc1","4cpu-i7",0.8,"locf",2,1.31
"pc1","4cpu-i7",0.8,"locf",1,1.31
"pc1","4cpu-i7",0.8,"locf",3,1.31
"pc1","4cpu-i7",0.8,"locf",4,1.31
"pc1","4cpu-i7",0.8,"locf",2,1.32
"pc1","4cpu-i7",0.8,"locf",3,1.32
"pc1","4cpu-i7",0.8,"locf",1,1.32
"pc1","4cpu-i7",0.8,"locf",4,1.32
"pc1","4cpu-i7",0.8,"locf",2,1.28
"pc1","4cpu-i7",0.8,"locf",1,1.34
"pc1","4cpu-i7",0.8,"locf",3,1.34
"pc1","4cpu-i7",0.8,"locf",4,1.34
"pc1","4cpu-i7",0.8,"locf",2,1.33
"pc1","4cpu-i7",0.8,"locf",1,1.38
"pc1","4cpu-i7",0.8,"locf",4,1.38
"pc1","4cpu-i7",0.8,"locf",3,1.38
"pc1","4cpu-i7",0.8,"locf",4,1.27
"pc1","4cpu-i7",0.8,"locf",3,1.35
"pc1","4cpu-i7",0.8,"locf",2,1.35
"pc1","4cpu-i7",0.8,"locf",1,1.35
"pc1","4cpu-i7",0.8,"locf",2,1.34
"pc1","4cpu-i7",0.8,"locf",3,1.34
"pc1","4cpu-i7",0.8,"locf",1,1.34
"pc1","4cpu-i7",0.8,"locf",4,1.34
"pc1","4cpu-i7",0.8,"locf",2,1.34
"pc1","4cpu-i7",0.8,"locf",1,1.37
"pc1","4cpu-i7",0.8,"locf",3,1.37
"pc1","4cpu-i7",0.8,"locf",4,1.37
"pc1","4cpu-i7",0.8,"locf",1,1.34
"pc1","4cpu-i7",0.8,"locf",2,1.37
"pc1","4cpu-i7",0.8,"locf",3,1.36
"pc1","4cpu-i7",0.8,"locf",4,1.36
"pc1","4cpu-i7",0.8,"locf",1,1.32
"pc1","4cpu-i7",0.8,"locf",3,1.35
"pc1","4cpu-i7",0.8,"locf",4,1.36
"pc1","4cpu-i7",0.8,"locf",2,1.39
"pc1","4cpu-i7",0.8,"locf",1,1.33
"pc1","4cpu-i7",0.8,"locf",4,1.35
"pc1","4cpu-i7",0.8,"locf",3,1.35
"pc1","4cpu-i7",0.8,"locf",2,1.35
"pc1","4cpu-i7",0.8,"locf",1,1.33
"pc1","4cpu-i7",0.8,"locf",2,1.34
"pc1","4cpu-i7",0.8,"locf",3,1.4
"pc1","4cpu-i7",0.8,"locf",4,1.4
"pc1","4cpu-i7",0.8,"locf",3,1.34
"pc1","4cpu-i7",0.8,"locf",1,1.36
"pc1","4cpu-i7",0.8,"locf",4,1.4
"pc1","4cpu-i7",0.8,"locf",2,1.4
"pc1","4cpu-i7",0.8,"locf",1,1.37
"pc1","4cpu-i7",0.8,"locf",2,1.4
"pc1","4cpu-i7",0.8,"locf",4,1.4
"pc1","4cpu-i7",0.8,"locf",3,1.4
"pc1","4cpu-i7",0.8,"locf",2,1.37
"pc1","4cpu-i7",0.8,"locf",3,1.35
"pc1","4cpu-i7",0.8,"locf",4,1.35
"pc1","4cpu-i7",0.8,"locf",1,1.35
"pc1","4cpu-i7",0.8,"locf",2,1.35
"pc1","4cpu-i7",0.8,"locf",1,1.39
"pc1","4cpu-i7",0.8,"locf",4,1.36
"pc1","4cpu-i7",0.8,"locf",3,1.38
"pc1","4cpu-i7",0.8,"locf",2,1.36
"pc1","4cpu-i7",0.8,"locf",1,1.37
"pc1","4cpu-i7",0.8,"locf",4,1.35
"pc1","4cpu-i7",0.8,"locf",3,1.35
"pc1","4cpu-i7",0.8,"locf",1,1.37
"pc1","4cpu-i7",0.8,"locf",4,1.35
"pc1","4cpu-i7",0.8,"locf",2,1.41
"pc1","4cpu-i7",0.8,"locf",3,1.41
"pc1","4cpu-i7",0.8,"locf",3,1.34
"pc1","4cpu-i7",0.8,"locf",1,1.39
"pc1","4cpu-i7",0.8,"locf",4,1.39
"pc1","4cpu-i7",0.8,"locf",2,1.39
"pc1","4cpu-i7",0.8,"locf",2,1.33
"pc1","4cpu-i7",0.8,"locf",3,1.36
"pc1","4cpu-i7",0.8,"locf",1,1.4
"pc1","4cpu-i7",0.8,"locf",4,1.37
"pc1","4cpu-i7",0.8,"locf",3,1.34
"pc1","4cpu-i7",0.8,"locf",1,1.36
"pc1","4cpu-i7",0.8,"locf",2,1.36
"pc1","4cpu-i7",0.8,"locf",4,1.36
"pc1","4cpu-i7",0.9,"locf",2,1.31
"pc1","4cpu-i7",0.9,"locf",1,1.33
"pc1","4cpu-i7",0.9,"locf",3,1.33
"pc1","4cpu-i7",0.9,"locf",4,1.33
"pc1","4cpu-i7",0.9,"locf",1,1.34
"pc1","4cpu-i7",0.9,"locf",4,1.35
"pc1","4cpu-i7",0.9,"locf",2,1.35
"pc1","4cpu-i7",0.9,"locf",3,1.35
"pc1","4cpu-i7",0.9,"locf",1,1.19
"pc1","4cpu-i7",0.9,"locf",3,1.2
"pc1","4cpu-i7",0.9,"locf",2,1.19
"pc1","4cpu-i7",0.9,"locf",4,1.2
"pc1","4cpu-i7",0.9,"locf",1,1.18
"pc1","4cpu-i7",0.9,"locf",2,1.18
"pc1","4cpu-i7",0.9,"locf",4,1.2
"pc1","4cpu-i7",0.9,"locf",3,1.2
"pc1","4cpu-i7",0.9,"locf",1,1.23
"pc1","4cpu-i7",0.9,"locf",4,1.23
"pc1","4cpu-i7",0.9,"locf",2,1.23
"pc1","4cpu-i7",0.9,"locf",3,1.23
"pc1","4cpu-i7",0.9,"locf",2,1.17
"pc1","4cpu-i7",0.9,"locf",4,1.18
"pc1","4cpu-i7",0.9,"locf",3,1.18
"pc1","4cpu-i7",0.9,"locf",1,1.18
"pc1","4cpu-i7",0.9,"locf",1,1.18
"pc1","4cpu-i7",0.9,"locf",3,1.2
"pc1","4cpu-i7",0.9,"locf",2,1.2
"pc1","4cpu-i7",0.9,"locf",4,1.2
"pc1","4cpu-i7",0.9,"locf",4,1.2
"pc1","4cpu-i7",0.9,"locf",3,1.2
"pc1","4cpu-i7",0.9,"locf",1,1.2
"pc1","4cpu-i7",0.9,"locf",2,1.2
"pc1","4cpu-i7",0.9,"locf",1,1.18
"pc1","4cpu-i7",0.9,"locf",2,1.17
"pc1","4cpu-i7",0.9,"locf",4,1.16
"pc1","4cpu-i7",0.9,"locf",3,1.16
"pc1","4cpu-i7",0.9,"locf",3,1.15
"pc1","4cpu-i7",0.9,"locf",4,1.15
"pc1","4cpu-i7",0.9,"locf",2,1.15
"pc1","4cpu-i7",0.9,"locf",2,1.18
"pc1","4cpu-i7",0.9,"locf",4,1.2
"pc1","4cpu-i7",0.9,"locf",1,1.2
"pc1","4cpu-i7",0.9,"locf",3,1.2
"pc1","4cpu-i7",0.9,"locf",3,1.18
"pc1","4cpu-i7",0.9,"locf",4,1.18
"pc1","4cpu-i7",0.9,"locf",1,1.18
"pc1","4cpu-i7",0.9,"locf",2,1.18
"pc1","4cpu-i7",0.9,"locf",2,1.17
"pc1","4cpu-i7",0.9,"locf",1,1.2
"pc1","4cpu-i7",0.9,"locf",4,1.19
"pc1","4cpu-i7",0.9,"locf",3,1.19
"pc1","4cpu-i7",0.9,"locf",1,1.2
"pc1","4cpu-i7",0.9,"locf",2,1.2
"pc1","4cpu-i7",0.9,"locf",3,1.2
"pc1","4cpu-i7",0.9,"locf",4,1.2
"pc1","4cpu-i7",0.9,"locf",1,1.18
"pc1","4cpu-i7",0.9,"locf",2,1.18
"pc1","4cpu-i7",0.9,"locf",3,1.18
"pc1","4cpu-i7",0.9,"locf",4,1.18
"pc1","4cpu-i7",0.9,"locf",2,1.17
"pc1","4cpu-i7",0.9,"locf",1,1.2
"pc1","4cpu-i7",0.9,"locf",3,1.2
"pc1","4cpu-i7",0.9,"locf",4,1.2
"pc1","4cpu-i7",0.9,"locf",1,1.72
"pc1","4cpu-i7",0.9,"locf",4,1.2
"pc1","4cpu-i7",0.9,"locf",3,1.2
"pc1","4cpu-i7",0.9,"locf",2,1.2
"pc1","4cpu-i7",0.9,"locf",1,1.16
"pc1","4cpu-i7",0.9,"locf",3,1.2
"pc1","4cpu-i7",0.9,"locf",2,1.2
"pc1","4cpu-i7",0.9,"locf",4,1.2
"pc1","4cpu-i7",0.9,"locf",1,1.22
"pc1","4cpu-i7",0.9,"locf",3,1.22
"pc1","4cpu-i7",0.9,"locf",2,1.24
"pc1","4cpu-i7",0.9,"locf",4,1.24
"pc1","4cpu-i7",0.9,"locf",1,1.19
"pc1","4cpu-i7",0.9,"locf",3,1.18
"pc1","4cpu-i7",0.9,"locf",4,1.18
"pc1","4cpu-i7",0.9,"locf",2,1.18
"pc1","4cpu-i7",0.9,"locf",2,1.21
"pc1","4cpu-i7",0.9,"locf",1,1.21
"pc1","4cpu-i7",0.9,"locf",4,1.21
"pc1","4cpu-i7",0.9,"locf",3,1.21
"pc1","4cpu-i7",0.9,"locf",4,1.2
"pc1","4cpu-i7",0.9,"locf",2,1.23
"pc1","4cpu-i7",0.9,"locf",3,1.23
"pc1","4cpu-i7",0.9,"locf",1,1.23
"pc1","4cpu-i7",0.9,"locf",1,1.2
"pc1","4cpu-i7",0.9,"locf",4,1.2
"pc1","4cpu-i7",0.9,"locf",3,1.2
"pc1","4cpu-i7",0.9,"locf",2,1.2
"pc1","4cpu-i7",0.9,"locf",2,1.2
"pc1","4cpu-i7",0.9,"locf",4,1.2
"pc1","4cpu-i7",0.9,"locf",1,1.2
"pc1","4cpu-i7",0.9,"locf",3,1.2
"pc1","4cpu-i7",0.9,"locf",3,1.19
"pc1","4cpu-i7",0.9,"locf",2,1.22
"pc1","4cpu-i7",0.9,"locf",4,1.22
"pc1","4cpu-i7",0.9,"locf",1,1.22
"pc1","4cpu-i7",0.9,"locf",4,1.19
"pc1","4cpu-i7",0.9,"locf",3,1.19
"pc1","4cpu-i7",0.9,"locf",1,1.19
"pc1","4cpu-i7",0.9,"locf",2,1.19
"pc1","4cpu-i7",0.9,"locf",2,1.18
"pc1","4cpu-i7",0.9,"locf",4,1.19
"pc1","4cpu-i7",0.9,"locf",3,1.19
"pc1","4cpu-i7",0.9,"locf",1,1.19
"pc1","4cpu-i7",0.9,"locf",1,1.19
"pc1","4cpu-i7",0.9,"locf",2,1.2
"pc1","4cpu-i7",0.9,"locf",3,1.2
"pc1","4cpu-i7",0.9,"locf",4,1.2
"pc1","4cpu-i7",0.9,"locf",1,1.22
"pc1","4cpu-i7",0.9,"locf",2,1.22
"pc1","4cpu-i7",0.9,"locf",3,1.23
"pc1","4cpu-i7",0.9,"locf",4,1.23
"pc1","4cpu-i7",0.9,"locf",1,1.18
"pc1","4cpu-i7",0.9,"locf",2,1.19
"pc1","4cpu-i7",0.9,"locf",4,1.19
"pc1","4cpu-i7",0.9,"locf",3,1.19
"pc1","4cpu-i7",1,"locf",3,1.17
"pc1","4cpu-i7",1,"locf",4,1.17
"pc1","4cpu-i7",1,"locf",1,1.26
"pc1","4cpu-i7",1,"locf",2,1.26
"pc1","4cpu-i7",1,"locf",2,1.2
"pc1","4cpu-i7",1,"locf",1,1.22
"pc1","4cpu-i7",1,"locf",3,1.21
"pc1","4cpu-i7",1,"locf",4,1.21
"pc1","4cpu-i7",1,"locf",2,1.07
"pc1","4cpu-i7",1,"locf",1,1.07
"pc1","4cpu-i7",1,"locf",4,1.07
"pc1","4cpu-i7",1,"locf",3,1.07
"pc1","4cpu-i7",1,"locf",1,1.06
"pc1","4cpu-i7",1,"locf",4,1.08
"pc1","4cpu-i7",1,"locf",3,1.08
"pc1","4cpu-i7",1,"locf",2,1.08
"pc1","4cpu-i7",1,"locf",1,1.07
"pc1","4cpu-i7",1,"locf",2,1.07
"pc1","4cpu-i7",1,"locf",3,1.07
"pc1","4cpu-i7",1,"locf",4,1.06
"pc1","4cpu-i7",1,"locf",1,1.05
"pc1","4cpu-i7",1,"locf",2,1.05
"pc1","4cpu-i7",1,"locf",3,1.07
"pc1","4cpu-i7",1,"locf",4,1.07
"pc1","4cpu-i7",1,"locf",3,1.06
"pc1","4cpu-i7",1,"locf",1,1.06
"pc1","4cpu-i7",1,"locf",4,1.06
"pc1","4cpu-i7",1,"locf",2,1.06
"pc1","4cpu-i7",1,"locf",3,1.1
"pc1","4cpu-i7",1,"locf",2,1.07
"pc1","4cpu-i7",1,"locf",1,1.1
"pc1","4cpu-i7",1,"locf",4,1.1
"pc1","4cpu-i7",1,"locf",1,1.06
"pc1","4cpu-i7",1,"locf",2,1.06
"pc1","4cpu-i7",1,"locf",4,1.06
"pc1","4cpu-i7",1,"locf",3,1.06
"pc1","4cpu-i7",1,"locf",1,1.07
"pc1","4cpu-i7",1,"locf",2,1.08
"pc1","4cpu-i7",1,"locf",3,1.08
"pc1","4cpu-i7",1,"locf",4,1.08
"pc1","4cpu-i7",1,"locf",1,1.06
"pc1","4cpu-i7",1,"locf",3,1.06
"pc1","4cpu-i7",1,"locf",2,1.06
"pc1","4cpu-i7",1,"locf",4,1.06
"pc1","4cpu-i7",1,"locf",1,1.06
"pc1","4cpu-i7",1,"locf",4,1.03
"pc1","4cpu-i7",1,"locf",3,1.07
"pc1","4cpu-i7",1,"locf",2,1.07
"pc1","4cpu-i7",1,"locf",2,1.05
"pc1","4cpu-i7",1,"locf",3,1.05
"pc1","4cpu-i7",1,"locf",4,1.05
"pc1","4cpu-i7",1,"locf",1,1.05
"pc1","4cpu-i7",1,"locf",2,1.04
"pc1","4cpu-i7",1,"locf",1,1.08
"pc1","4cpu-i7",1,"locf",4,1.08
"pc1","4cpu-i7",1,"locf",3,1.08
"pc1","4cpu-i7",1,"locf",2,1.08
"pc1","4cpu-i7",1,"locf",4,1.08
"pc1","4cpu-i7",1,"locf",1,1.08
"pc1","4cpu-i7",1,"locf",3,1.08
"pc1","4cpu-i7",1,"locf",2,1.04
"pc1","4cpu-i7",1,"locf",1,1.08
"pc1","4cpu-i7",1,"locf",3,1.08
"pc1","4cpu-i7",1,"locf",4,1.08
"pc1","4cpu-i7",1,"locf",2,1.05
"pc1","4cpu-i7",1,"locf",1,1.07
"pc1","4cpu-i7",1,"locf",3,1.08
"pc1","4cpu-i7",1,"locf",4,1.08
"pc1","4cpu-i7",1,"locf",1,1.05
"pc1","4cpu-i7",1,"locf",2,1.07
"pc1","4cpu-i7",1,"locf",3,1.09
"pc1","4cpu-i7",1,"locf",4,1.09
"pc1","4cpu-i7",1,"locf",1,1.06
"pc1","4cpu-i7",1,"locf",4,1.11
"pc1","4cpu-i7",1,"locf",3,1.11
"pc1","4cpu-i7",1,"locf",2,1.11
"pc1","4cpu-i7",1,"locf",1,1.09
"pc1","4cpu-i7",1,"locf",2,1.09
"pc1","4cpu-i7",1,"locf",4,1.08
"pc1","4cpu-i7",1,"locf",3,1.08
"pc1","4cpu-i7",1,"locf",1,1.06
"pc1","4cpu-i7",1,"locf",2,1.08
"pc1","4cpu-i7",1,"locf",3,1.09
"pc1","4cpu-i7",1,"locf",4,1.08
"pc1","4cpu-i7",1,"locf",1,1.09
"pc1","4cpu-i7",1,"locf",2,1.09
"pc1","4cpu-i7",1,"locf",4,1.09
"pc1","4cpu-i7",1,"locf",3,1.09
"pc1","4cpu-i7",1,"locf",1,1.08
"pc1","4cpu-i7",1,"locf",2,1.07
"pc1","4cpu-i7",1,"locf",4,1.1
"pc1","4cpu-i7",1,"locf",3,1.1
"pc1","4cpu-i7",1,"locf",1,1.08
"pc1","4cpu-i7",1,"locf",2,1.07
"pc1","4cpu-i7",1,"locf",4,1.08
"pc1","4cpu-i7",1,"locf",3,1.08
"pc1","4cpu-i7",1,"locf",2,1.1
"pc1","4cpu-i7",1,"locf",1,1.1
"pc1","4cpu-i7",1,"locf",3,1.1
"pc1","4cpu-i7",1,"locf",4,1.1
"pc1","4cpu-i7",1,"locf",1,1.07
"pc1","4cpu-i7",1,"locf",3,1.07
"pc1","4cpu-i7",1,"locf",2,1.07
"pc1","4cpu-i7",1,"locf",4,1.07
"pc1","4cpu-i7",1,"locf",2,1.09
"pc1","4cpu-i7",1,"locf",1,1.09
"pc1","4cpu-i7",1,"locf",3,1.09
"pc1","4cpu-i7",1,"locf",4,1.09
"pc1","4cpu-i7",1,"locf",2,1.1
"pc1","4cpu-i7",1,"locf",4,1.1
"pc1","4cpu-i7",1,"locf",3,1.09
"pc1","4cpu-i7",1,"locf",1,1.1
"pc1","4cpu-i7",1,"locf",2,1.07
"pc1","4cpu-i7",1,"locf",1,1.09
"pc1","4cpu-i7",1,"locf",3,1.08
"pc1","4cpu-i7",1,"locf",4,1.08
"pc1","4cpu-i7",1,"locf",1,1.08
"pc1","4cpu-i7",1,"locf",2,1.08
"pc1","4cpu-i7",1,"locf",4,1.06
"pc1","4cpu-i7",1,"locf",3,1.06
"pc1","4cpu-i7",0.1,"ssa",2,36.79
"pc1","4cpu-i7",0.1,"ssa",1,37.82
"pc1","4cpu-i7",0.1,"ssa",4,43.17
"pc1","4cpu-i7",0.1,"ssa",3,46.07
"pc1","4cpu-i7",0.1,"ssa",3,30.78
"pc1","4cpu-i7",0.1,"ssa",2,32.9
"pc1","4cpu-i7",0.1,"ssa",1,33.64
"pc1","4cpu-i7",0.1,"ssa",4,40.06
"pc1","4cpu-i7",0.1,"ssa",2,33.69
"pc1","4cpu-i7",0.1,"ssa",3,34.45
"pc1","4cpu-i7",0.1,"ssa",4,35.65
"pc1","4cpu-i7",0.1,"ssa",1,37.88
"pc1","4cpu-i7",0.1,"ssa",1,30.54
"pc1","4cpu-i7",0.1,"ssa",3,33.68
"pc1","4cpu-i7",0.1,"ssa",2,35.11
"pc1","4cpu-i7",0.1,"ssa",4,38.06
"pc1","4cpu-i7",0.1,"ssa",1,29.66
"pc1","4cpu-i7",0.1,"ssa",2,34.84
"pc1","4cpu-i7",0.1,"ssa",3,36.54
"pc1","4cpu-i7",0.1,"ssa",4,47.04
"pc1","4cpu-i7",0.1,"ssa",1,31.89
"pc1","4cpu-i7",0.1,"ssa",3,34.16
"pc1","4cpu-i7",0.1,"ssa",2,34.67
"pc1","4cpu-i7",0.1,"ssa",4,36.16
"pc1","4cpu-i7",0.1,"ssa",3,29.89
"pc1","4cpu-i7",0.1,"ssa",1,37.85
"pc1","4cpu-i7",0.1,"ssa",2,39.02
"pc1","4cpu-i7",0.1,"ssa",4,39.28
"pc1","4cpu-i7",0.1,"ssa",2,32.19
"pc1","4cpu-i7",0.1,"ssa",4,33.77
"pc1","4cpu-i7",0.1,"ssa",1,36.41
"pc1","4cpu-i7",0.1,"ssa",3,36.78
"pc1","4cpu-i7",0.1,"ssa",3,35.67
"pc1","4cpu-i7",0.1,"ssa",1,35.67
"pc1","4cpu-i7",0.1,"ssa",2,37.86
"pc1","4cpu-i7",0.1,"ssa",4,38.25
"pc1","4cpu-i7",0.1,"ssa",3,33.91
"pc1","4cpu-i7",0.1,"ssa",4,36.61
"pc1","4cpu-i7",0.1,"ssa",1,37.84
"pc1","4cpu-i7",0.1,"ssa",2,39.42
"pc1","4cpu-i7",0.1,"ssa",2,37.4
"pc1","4cpu-i7",0.1,"ssa",3,38.68
"pc1","4cpu-i7",0.1,"ssa",1,41.23
"pc1","4cpu-i7",0.1,"ssa",4,41.77
"pc1","4cpu-i7",0.1,"ssa",4,35.04
"pc1","4cpu-i7",0.1,"ssa",3,35.65
"pc1","4cpu-i7",0.1,"ssa",1,38.27
"pc1","4cpu-i7",0.1,"ssa",2,43.96
"pc1","4cpu-i7",0.1,"ssa",2,24.09
"pc1","4cpu-i7",0.1,"ssa",3,24.48
"pc1","4cpu-i7",0.1,"ssa",1,34.85
"pc1","4cpu-i7",0.1,"ssa",4,37.97
"pc1","4cpu-i7",0.1,"ssa",4,36.57
"pc1","4cpu-i7",0.1,"ssa",3,37.58
"pc1","4cpu-i7",0.1,"ssa",1,39.71
"pc1","4cpu-i7",0.1,"ssa",2,39.71
"pc1","4cpu-i7",0.1,"ssa",1,27.62
"pc1","4cpu-i7",0.1,"ssa",4,36.76
"pc1","4cpu-i7",0.1,"ssa",3,37.07
"pc1","4cpu-i7",0.1,"ssa",2,40.48
"pc1","4cpu-i7",0.1,"ssa",4,34.77
"pc1","4cpu-i7",0.1,"ssa",1,38.88
"pc1","4cpu-i7",0.1,"ssa",2,41.19
"pc1","4cpu-i7",0.1,"ssa",3,29.12
"pc1","4cpu-i7",0.1,"ssa",1,33.73
"pc1","4cpu-i7",0.1,"ssa",3,35.37
"pc1","4cpu-i7",0.1,"ssa",4,40.67
"pc1","4cpu-i7",0.1,"ssa",2,40.99
"pc1","4cpu-i7",0.1,"ssa",3,37.48
"pc1","4cpu-i7",0.1,"ssa",1,39.62
"pc1","4cpu-i7",0.1,"ssa",2,40.09
"pc1","4cpu-i7",0.1,"ssa",4,41.07
"pc1","4cpu-i7",0.1,"ssa",3,25.2
"pc1","4cpu-i7",0.1,"ssa",4,33.9
"pc1","4cpu-i7",0.1,"ssa",2,41.71
"pc1","4cpu-i7",0.1,"ssa",1,48.54
"pc1","4cpu-i7",0.1,"ssa",1,29.68
"pc1","4cpu-i7",0.1,"ssa",3,32.56
"pc1","4cpu-i7",0.1,"ssa",4,33.24
"pc1","4cpu-i7",0.1,"ssa",2,39.46
"pc1","4cpu-i7",0.1,"ssa",4,35.86
"pc1","4cpu-i7",0.1,"ssa",1,36.09
"pc1","4cpu-i7",0.1,"ssa",3,39.87
"pc1","4cpu-i7",0.1,"ssa",2,45.39
"pc1","4cpu-i7",0.1,"ssa",1,30.53
"pc1","4cpu-i7",0.1,"ssa",3,34.01
"pc1","4cpu-i7",0.1,"ssa",2,39.32
"pc1","4cpu-i7",0.1,"ssa",4,40.6
"pc1","4cpu-i7",0.1,"ssa",3,29.19
"pc1","4cpu-i7",0.1,"ssa",1,29.44
"pc1","4cpu-i7",0.1,"ssa",2,34.83
"pc1","4cpu-i7",0.1,"ssa",4,35.57
"pc1","4cpu-i7",0.1,"ssa",4,27.96
"pc1","4cpu-i7",0.1,"ssa",3,40.68
"pc1","4cpu-i7",0.1,"ssa",1,45.73
"pc1","4cpu-i7",0.1,"ssa",1,24.98
"pc1","4cpu-i7",0.1,"ssa",2,33.27
"pc1","4cpu-i7",0.1,"ssa",4,34.65
"pc1","4cpu-i7",0.1,"ssa",3,36.96
"pc1","4cpu-i7",0.1,"ssa",4,32.87
"pc1","4cpu-i7",0.1,"ssa",1,34.02
"pc1","4cpu-i7",0.1,"ssa",2,38.49
"pc1","4cpu-i7",0.1,"ssa",3,39.38
"pc1","4cpu-i7",0.1,"ssa",4,29.57
"pc1","4cpu-i7",0.1,"ssa",3,40.87
"pc1","4cpu-i7",0.1,"ssa",2,43.79
"pc1","4cpu-i7",0.1,"ssa",1,44.82
"pc1","4cpu-i7",0.1,"ssa",3,26.16
"pc1","4cpu-i7",0.1,"ssa",4,26.86
"pc1","4cpu-i7",0.1,"ssa",1,37.44
"pc1","4cpu-i7",0.1,"ssa",2,44.98
"pc1","4cpu-i7",0.1,"ssa",4,38.22
"pc1","4cpu-i7",0.1,"ssa",3,38.24
"pc1","4cpu-i7",0.1,"ssa",2,39.05
"pc1","4cpu-i7",0.1,"ssa",1,45.87
"pc1","4cpu-i7",0.1,"ssa",3,32.58
"pc1","4cpu-i7",0.1,"ssa",4,33.68
"pc1","4cpu-i7",0.1,"ssa",2,40.99
"pc1","4cpu-i7",0.1,"ssa",1,41.69
"pc1","4cpu-i7",0.2,"ssa",4,9.74
"pc1","4cpu-i7",0.2,"ssa",2,10.24
"pc1","4cpu-i7",0.2,"ssa",3,11.43
"pc1","4cpu-i7",0.2,"ssa",1,14.74
"pc1","4cpu-i7",0.2,"ssa",2,10.15
"pc1","4cpu-i7",0.2,"ssa",3,10.66
"pc1","4cpu-i7",0.2,"ssa",1,10.87
"pc1","4cpu-i7",0.2,"ssa",4,10.94
"pc1","4cpu-i7",0.2,"ssa",2,9.27
"pc1","4cpu-i7",0.2,"ssa",3,9.78
"pc1","4cpu-i7",0.2,"ssa",4,12.66
"pc1","4cpu-i7",0.2,"ssa",1,12.78
"pc1","4cpu-i7",0.2,"ssa",2,10.49
"pc1","4cpu-i7",0.2,"ssa",1,11.48
"pc1","4cpu-i7",0.2,"ssa",4,11.57
"pc1","4cpu-i7",0.2,"ssa",3,12.66
"pc1","4cpu-i7",0.2,"ssa",4,9.96
"pc1","4cpu-i7",0.2,"ssa",2,10.28
"pc1","4cpu-i7",0.2,"ssa",3,11.67
"pc1","4cpu-i7",0.2,"ssa",1,12.08
"pc1","4cpu-i7",0.2,"ssa",2,9.57
"pc1","4cpu-i7",0.2,"ssa",1,10.27
"pc1","4cpu-i7",0.2,"ssa",3,11.24
"pc1","4cpu-i7",0.2,"ssa",4,16.62
"pc1","4cpu-i7",0.2,"ssa",4,9.97
"pc1","4cpu-i7",0.2,"ssa",2,10.19
"pc1","4cpu-i7",0.2,"ssa",1,10.78
"pc1","4cpu-i7",0.2,"ssa",3,11.37
"pc1","4cpu-i7",0.2,"ssa",4,9.96
"pc1","4cpu-i7",0.2,"ssa",2,9.96
"pc1","4cpu-i7",0.2,"ssa",1,10.16
"pc1","4cpu-i7",0.2,"ssa",3,11.25
"pc1","4cpu-i7",0.2,"ssa",3,10.44
"pc1","4cpu-i7",0.2,"ssa",1,10.59
"pc1","4cpu-i7",0.2,"ssa",2,10.68
"pc1","4cpu-i7",0.2,"ssa",4,12.45
"pc1","4cpu-i7",0.2,"ssa",4,8.91
"pc1","4cpu-i7",0.2,"ssa",2,9.13
"pc1","4cpu-i7",0.2,"ssa",1,11.14
"pc1","4cpu-i7",0.2,"ssa",3,11.72
"pc1","4cpu-i7",0.2,"ssa",2,9.55
"pc1","4cpu-i7",0.2,"ssa",1,9.76
"pc1","4cpu-i7",0.2,"ssa",4,10.31
"pc1","4cpu-i7",0.2,"ssa",3,12.72
"pc1","4cpu-i7",0.2,"ssa",1,10.3
"pc1","4cpu-i7",0.2,"ssa",3,10.47
"pc1","4cpu-i7",0.2,"ssa",2,7.16
"pc1","4cpu-i7",0.2,"ssa",4,11.86
"pc1","4cpu-i7",0.2,"ssa",2,9.55
"pc1","4cpu-i7",0.2,"ssa",3,10.25
"pc1","4cpu-i7",0.2,"ssa",4,10.34
"pc1","4cpu-i7",0.2,"ssa",1,12.06
"pc1","4cpu-i7",0.2,"ssa",1,9.48
"pc1","4cpu-i7",0.2,"ssa",4,9.74
"pc1","4cpu-i7",0.2,"ssa",2,10.47
"pc1","4cpu-i7",0.2,"ssa",3,11.56
"pc1","4cpu-i7",0.2,"ssa",1,10.55
"pc1","4cpu-i7",0.2,"ssa",3,10.54
"pc1","4cpu-i7",0.2,"ssa",2,11.44
"pc1","4cpu-i7",0.2,"ssa",4,11.72
"pc1","4cpu-i7",0.2,"ssa",2,9.75
"pc1","4cpu-i7",0.2,"ssa",4,9.93
"pc1","4cpu-i7",0.2,"ssa",3,10.24
"pc1","4cpu-i7",0.2,"ssa",1,12.37
"pc1","4cpu-i7",0.2,"ssa",2,9.83
"pc1","4cpu-i7",0.2,"ssa",4,9.9
"pc1","4cpu-i7",0.2,"ssa",1,10.33
"pc1","4cpu-i7",0.2,"ssa",3,11.82
"pc1","4cpu-i7",0.2,"ssa",1,10.25
"pc1","4cpu-i7",0.2,"ssa",2,10.43
"pc1","4cpu-i7",0.2,"ssa",3,10.43
"pc1","4cpu-i7",0.2,"ssa",4,11.22
"pc1","4cpu-i7",0.2,"ssa",4,10.12
"pc1","4cpu-i7",0.2,"ssa",2,10.54
"pc1","4cpu-i7",0.2,"ssa",3,10.71
"pc1","4cpu-i7",0.2,"ssa",1,11.48
"pc1","4cpu-i7",0.2,"ssa",2,9.84
"pc1","4cpu-i7",0.2,"ssa",4,10.63
"pc1","4cpu-i7",0.2,"ssa",3,10.82
"pc1","4cpu-i7",0.2,"ssa",1,10.85
"pc1","4cpu-i7",0.2,"ssa",3,9.54
"pc1","4cpu-i7",0.2,"ssa",1,10.06
"pc1","4cpu-i7",0.2,"ssa",4,10.83
"pc1","4cpu-i7",0.2,"ssa",2,11.75
"pc1","4cpu-i7",0.2,"ssa",2,9.81
"pc1","4cpu-i7",0.2,"ssa",4,10.11
"pc1","4cpu-i7",0.2,"ssa",3,11.51
"pc1","4cpu-i7",0.2,"ssa",1,12.85
"pc1","4cpu-i7",0.2,"ssa",4,9.65
"pc1","4cpu-i7",0.2,"ssa",2,10.39
"pc1","4cpu-i7",0.2,"ssa",3,10.46
"pc1","4cpu-i7",0.2,"ssa",1,11.32
"pc1","4cpu-i7",0.2,"ssa",2,10.18
"pc1","4cpu-i7",0.2,"ssa",1,10.97
"pc1","4cpu-i7",0.2,"ssa",4,11.15
"pc1","4cpu-i7",0.2,"ssa",3,12.25
"pc1","4cpu-i7",0.2,"ssa",1,10.1
"pc1","4cpu-i7",0.2,"ssa",2,10.18
"pc1","4cpu-i7",0.2,"ssa",4,10.47
"pc1","4cpu-i7",0.2,"ssa",3,11.47
"pc1","4cpu-i7",0.2,"ssa",2,9.87
"pc1","4cpu-i7",0.2,"ssa",1,10.78
"pc1","4cpu-i7",0.2,"ssa",3,10.87
"pc1","4cpu-i7",0.2,"ssa",4,10.96
"pc1","4cpu-i7",0.2,"ssa",3,10.26
"pc1","4cpu-i7",0.2,"ssa",2,11.25
"pc1","4cpu-i7",0.2,"ssa",1,11.46
"pc1","4cpu-i7",0.2,"ssa",4,12.33
"pc1","4cpu-i7",0.2,"ssa",2,8.67
"pc1","4cpu-i7",0.2,"ssa",4,10.23
"pc1","4cpu-i7",0.2,"ssa",1,10.56
"pc1","4cpu-i7",0.2,"ssa",3,13.05
"pc1","4cpu-i7",0.2,"ssa",1,9.27
"pc1","4cpu-i7",0.2,"ssa",2,10.04
"pc1","4cpu-i7",0.2,"ssa",3,11.63
"pc1","4cpu-i7",0.2,"ssa",4,11.94
"pc1","4cpu-i7",0.2,"ssa",3,10.61
"pc1","4cpu-i7",0.2,"ssa",1,11.03
"pc1","4cpu-i7",0.2,"ssa",2,11.12
"pc1","4cpu-i7",0.2,"ssa",4,13.3
"pc1","4cpu-i7",0.3,"ssa",1,6.77
"pc1","4cpu-i7",0.3,"ssa",3,7.25
"pc1","4cpu-i7",0.3,"ssa",2,7.65
"pc1","4cpu-i7",0.3,"ssa",4,7.92
"pc1","4cpu-i7",0.3,"ssa",1,6.26
"pc1","4cpu-i7",0.3,"ssa",3,6.56
"pc1","4cpu-i7",0.3,"ssa",2,6.56
"pc1","4cpu-i7",0.3,"ssa",4,7.85
"pc1","4cpu-i7",0.3,"ssa",1,6.07
"pc1","4cpu-i7",0.3,"ssa",2,6.27
"pc1","4cpu-i7",0.3,"ssa",3,6.36
"pc1","4cpu-i7",0.3,"ssa",4,6.85
"pc1","4cpu-i7",0.3,"ssa",2,6.46
"pc1","4cpu-i7",0.3,"ssa",4,6.65
"pc1","4cpu-i7",0.3,"ssa",3,6.77
"pc1","4cpu-i7",0.3,"ssa",1,7.06
"pc1","4cpu-i7",0.3,"ssa",3,6.02
"pc1","4cpu-i7",0.3,"ssa",1,6.34
"pc1","4cpu-i7",0.3,"ssa",4,6.91
"pc1","4cpu-i7",0.3,"ssa",2,7.13
"pc1","4cpu-i7",0.3,"ssa",2,6.27
"pc1","4cpu-i7",0.3,"ssa",4,6.26
"pc1","4cpu-i7",0.3,"ssa",3,6.47
"pc1","4cpu-i7",0.3,"ssa",1,7.27
"pc1","4cpu-i7",0.3,"ssa",4,6.47
"pc1","4cpu-i7",0.3,"ssa",2,6.7
"pc1","4cpu-i7",0.3,"ssa",3,3.93
"pc1","4cpu-i7",0.3,"ssa",1,6.98
"pc1","4cpu-i7",0.3,"ssa",3,6.09
"pc1","4cpu-i7",0.3,"ssa",1,6.3
"pc1","4cpu-i7",0.3,"ssa",2,6.8
"pc1","4cpu-i7",0.3,"ssa",4,6.89
"pc1","4cpu-i7",0.3,"ssa",3,5.94
"pc1","4cpu-i7",0.3,"ssa",1,5.98
"pc1","4cpu-i7",0.3,"ssa",4,6.85
"pc1","4cpu-i7",0.3,"ssa",2,7.38
"pc1","4cpu-i7",0.3,"ssa",3,5.88
"pc1","4cpu-i7",0.3,"ssa",4,6.34
"pc1","4cpu-i7",0.3,"ssa",1,6.34
"pc1","4cpu-i7",0.3,"ssa",2,7.02
"pc1","4cpu-i7",0.3,"ssa",3,5.88
"pc1","4cpu-i7",0.3,"ssa",2,6.39
"pc1","4cpu-i7",0.3,"ssa",1,6.94
"pc1","4cpu-i7",0.3,"ssa",4,6.87
"pc1","4cpu-i7",0.3,"ssa",1,5.99
"pc1","4cpu-i7",0.3,"ssa",4,6.5
"pc1","4cpu-i7",0.3,"ssa",2,6.95
"pc1","4cpu-i7",0.3,"ssa",3,7.13
"pc1","4cpu-i7",0.3,"ssa",3,5.94
"pc1","4cpu-i7",0.3,"ssa",4,6.26
"pc1","4cpu-i7",0.3,"ssa",1,6.56
"pc1","4cpu-i7",0.3,"ssa",2,6.94
"pc1","4cpu-i7",0.3,"ssa",2,5.97
"pc1","4cpu-i7",0.3,"ssa",3,6.67
"pc1","4cpu-i7",0.3,"ssa",4,6.85
"pc1","4cpu-i7",0.3,"ssa",1,7.07
"pc1","4cpu-i7",0.3,"ssa",2,5.85
"pc1","4cpu-i7",0.3,"ssa",4,5.91
"pc1","4cpu-i7",0.3,"ssa",3,6.68
"pc1","4cpu-i7",0.3,"ssa",1,6.68
"pc1","4cpu-i7",0.3,"ssa",3,6.26
"pc1","4cpu-i7",0.3,"ssa",2,6.35
"pc1","4cpu-i7",0.3,"ssa",1,6.96
"pc1","4cpu-i7",0.3,"ssa",4,7.35
"pc1","4cpu-i7",0.3,"ssa",3,5.96
"pc1","4cpu-i7",0.3,"ssa",1,6.09
"pc1","4cpu-i7",0.3,"ssa",2,6.86
"pc1","4cpu-i7",0.3,"ssa",4,7.07
"pc1","4cpu-i7",0.3,"ssa",3,5.86
"pc1","4cpu-i7",0.3,"ssa",2,6.56
"pc1","4cpu-i7",0.3,"ssa",4,6.65
"pc1","4cpu-i7",0.3,"ssa",1,7.47
"pc1","4cpu-i7",0.3,"ssa",3,5.85
"pc1","4cpu-i7",0.3,"ssa",1,5.96
"pc1","4cpu-i7",0.3,"ssa",2,7.16
"pc1","4cpu-i7",0.3,"ssa",4,7.33
"pc1","4cpu-i7",0.3,"ssa",1,6.4
"pc1","4cpu-i7",0.3,"ssa",2,6.48
"pc1","4cpu-i7",0.3,"ssa",4,6.67
"pc1","4cpu-i7",0.3,"ssa",3,7.26
"pc1","4cpu-i7",0.3,"ssa",1,6.35
"pc1","4cpu-i7",0.3,"ssa",3,6.35
"pc1","4cpu-i7",0.3,"ssa",2,6.63
"pc1","4cpu-i7",0.3,"ssa",4,7.62
"pc1","4cpu-i7",0.3,"ssa",2,6.07
"pc1","4cpu-i7",0.3,"ssa",1,6.25
"pc1","4cpu-i7",0.3,"ssa",3,6.33
"pc1","4cpu-i7",0.3,"ssa",4,6.42
"pc1","4cpu-i7",0.3,"ssa",2,5.49
"pc1","4cpu-i7",0.3,"ssa",4,6.29
"pc1","4cpu-i7",0.3,"ssa",1,6.78
"pc1","4cpu-i7",0.3,"ssa",3,7.38
"pc1","4cpu-i7",0.3,"ssa",4,6.47
"pc1","4cpu-i7",0.3,"ssa",3,6.76
"pc1","4cpu-i7",0.3,"ssa",1,0.88
"pc1","4cpu-i7",0.3,"ssa",2,7.07
"pc1","4cpu-i7",0.3,"ssa",1,6.32
"pc1","4cpu-i7",0.3,"ssa",4,6.33
"pc1","4cpu-i7",0.3,"ssa",3,6.96
"pc1","4cpu-i7",0.3,"ssa",2,7.45
"pc1","4cpu-i7",0.3,"ssa",1,5.95
"pc1","4cpu-i7",0.3,"ssa",3,6.03
"pc1","4cpu-i7",0.3,"ssa",2,6.55
"pc1","4cpu-i7",0.3,"ssa",4,6.93
"pc1","4cpu-i7",0.3,"ssa",1,6.17
"pc1","4cpu-i7",0.3,"ssa",2,6.35
"pc1","4cpu-i7",0.3,"ssa",4,6.39
"pc1","4cpu-i7",0.3,"ssa",3,7
"pc1","4cpu-i7",0.3,"ssa",4,6.56
"pc1","4cpu-i7",0.3,"ssa",2,7.09
"pc1","4cpu-i7",0.3,"ssa",1,7.29
"pc1","4cpu-i7",0.3,"ssa",3,8.86
"pc1","4cpu-i7",0.3,"ssa",4,6.37
"pc1","4cpu-i7",0.3,"ssa",1,6.78
"pc1","4cpu-i7",0.3,"ssa",3,6.76
"pc1","4cpu-i7",0.3,"ssa",2,7.08
"pc1","4cpu-i7",0.3,"ssa",4,5.95
"pc1","4cpu-i7",0.3,"ssa",2,5.95
"pc1","4cpu-i7",0.3,"ssa",3,6.56
"pc1","4cpu-i7",0.3,"ssa",1,6.77
"pc1","4cpu-i7",0.4,"ssa",4,4.99
"pc1","4cpu-i7",0.4,"ssa",3,5.4
"pc1","4cpu-i7",0.4,"ssa",2,5.52
"pc1","4cpu-i7",0.4,"ssa",1,5.54
"pc1","4cpu-i7",0.4,"ssa",2,4.8
"pc1","4cpu-i7",0.4,"ssa",4,5.04
"pc1","4cpu-i7",0.4,"ssa",3,5.16
"pc1","4cpu-i7",0.4,"ssa",1,6.98
"pc1","4cpu-i7",0.4,"ssa",4,4.36
"pc1","4cpu-i7",0.4,"ssa",3,4.65
"pc1","4cpu-i7",0.4,"ssa",1,4.86
"pc1","4cpu-i7",0.4,"ssa",2,5.15
"pc1","4cpu-i7",0.4,"ssa",4,4.57
"pc1","4cpu-i7",0.4,"ssa",2,4.69
"pc1","4cpu-i7",0.4,"ssa",3,4.76
"pc1","4cpu-i7",0.4,"ssa",1,4.98
"pc1","4cpu-i7",0.4,"ssa",2,4.47
"pc1","4cpu-i7",0.4,"ssa",4,4.67
"pc1","4cpu-i7",0.4,"ssa",3,5.15
"pc1","4cpu-i7",0.4,"ssa",1,5.58
"pc1","4cpu-i7",0.4,"ssa",4,4.49
"pc1","4cpu-i7",0.4,"ssa",3,4.58
"pc1","4cpu-i7",0.4,"ssa",1,4.77
"pc1","4cpu-i7",0.4,"ssa",2,4.88
"pc1","4cpu-i7",0.4,"ssa",4,4.54
"pc1","4cpu-i7",0.4,"ssa",2,4.69
"pc1","4cpu-i7",0.4,"ssa",3,4.76
"pc1","4cpu-i7",0.4,"ssa",1,5.09
"pc1","4cpu-i7",0.4,"ssa",4,4.46
"pc1","4cpu-i7",0.4,"ssa",2,4.64
"pc1","4cpu-i7",0.4,"ssa",3,4.65
"pc1","4cpu-i7",0.4,"ssa",1,4.65
"pc1","4cpu-i7",0.4,"ssa",4,4.43
"pc1","4cpu-i7",0.4,"ssa",1,4.58
"pc1","4cpu-i7",0.4,"ssa",3,4.75
"pc1","4cpu-i7",0.4,"ssa",2,4.77
"pc1","4cpu-i7",0.4,"ssa",2,4.46
"pc1","4cpu-i7",0.4,"ssa",4,4.65
"pc1","4cpu-i7",0.4,"ssa",3,5.04
"pc1","4cpu-i7",0.4,"ssa",1,6.46
"pc1","4cpu-i7",0.4,"ssa",4,4.57
"pc1","4cpu-i7",0.4,"ssa",2,4.68
"pc1","4cpu-i7",0.4,"ssa",3,4.67
"pc1","4cpu-i7",0.4,"ssa",1,5.45
"pc1","4cpu-i7",0.4,"ssa",4,4.45
"pc1","4cpu-i7",0.4,"ssa",2,4.79
"pc1","4cpu-i7",0.4,"ssa",3,4.95
"pc1","4cpu-i7",0.4,"ssa",1,5.09
"pc1","4cpu-i7",0.4,"ssa",4,4.21
"pc1","4cpu-i7",0.4,"ssa",1,4.87
"pc1","4cpu-i7",0.4,"ssa",2,5.13
"pc1","4cpu-i7",0.4,"ssa",3,5.12
"pc1","4cpu-i7",0.4,"ssa",4,4.58
"pc1","4cpu-i7",0.4,"ssa",2,4.8
"pc1","4cpu-i7",0.4,"ssa",1,4.9
"pc1","4cpu-i7",0.4,"ssa",3,2.8
"pc1","4cpu-i7",0.4,"ssa",4,4.41
"pc1","4cpu-i7",0.4,"ssa",3,4.74
"pc1","4cpu-i7",0.4,"ssa",2,5.23
"pc1","4cpu-i7",0.4,"ssa",1,5.35
"pc1","4cpu-i7",0.4,"ssa",4,4.46
"pc1","4cpu-i7",0.4,"ssa",1,4.77
"pc1","4cpu-i7",0.4,"ssa",2,4.77
"pc1","4cpu-i7",0.4,"ssa",3,4.85
"pc1","4cpu-i7",0.4,"ssa",4,4.51
"pc1","4cpu-i7",0.4,"ssa",3,4.74
"pc1","4cpu-i7",0.4,"ssa",2,4.95
"pc1","4cpu-i7",0.4,"ssa",1,5.36
"pc1","4cpu-i7",0.4,"ssa",4,4.56
"pc1","4cpu-i7",0.4,"ssa",3,4.75
"pc1","4cpu-i7",0.4,"ssa",2,5.25
"pc1","4cpu-i7",0.4,"ssa",1,5.33
"pc1","4cpu-i7",0.4,"ssa",4,4.31
"pc1","4cpu-i7",0.4,"ssa",3,4.8
"pc1","4cpu-i7",0.4,"ssa",2,4.82
"pc1","4cpu-i7",0.4,"ssa",1,5.1
"pc1","4cpu-i7",0.4,"ssa",4,4.64
"pc1","4cpu-i7",0.4,"ssa",1,4.86
"pc1","4cpu-i7",0.4,"ssa",3,4.84
"pc1","4cpu-i7",0.4,"ssa",2,4.96
"pc1","4cpu-i7",0.4,"ssa",4,4.56
"pc1","4cpu-i7",0.4,"ssa",1,4.68
"pc1","4cpu-i7",0.4,"ssa",3,4.76
"pc1","4cpu-i7",0.4,"ssa",2,4.76
"pc1","4cpu-i7",0.4,"ssa",4,4.38
"pc1","4cpu-i7",0.4,"ssa",3,4.75
"pc1","4cpu-i7",0.4,"ssa",1,5.18
"pc1","4cpu-i7",0.4,"ssa",2,5.38
"pc1","4cpu-i7",0.4,"ssa",2,4.77
"pc1","4cpu-i7",0.4,"ssa",4,4.84
"pc1","4cpu-i7",0.4,"ssa",3,4.93
"pc1","4cpu-i7",0.4,"ssa",1,5.05
"pc1","4cpu-i7",0.4,"ssa",4,4.18
"pc1","4cpu-i7",0.4,"ssa",2,4.79
"pc1","4cpu-i7",0.4,"ssa",3,5.08
"pc1","4cpu-i7",0.4,"ssa",1,8
"pc1","4cpu-i7",0.4,"ssa",4,4.82
"pc1","4cpu-i7",0.4,"ssa",3,4.9
"pc1","4cpu-i7",0.4,"ssa",1,5.25
"pc1","4cpu-i7",0.4,"ssa",2,5.24
"pc1","4cpu-i7",0.4,"ssa",4,4.26
"pc1","4cpu-i7",0.4,"ssa",3,4.95
"pc1","4cpu-i7",0.4,"ssa",2,4.96
"pc1","4cpu-i7",0.4,"ssa",1,6.37
"pc1","4cpu-i7",0.4,"ssa",4,4.64
"pc1","4cpu-i7",0.4,"ssa",2,4.92
"pc1","4cpu-i7",0.4,"ssa",3,5.03
"pc1","4cpu-i7",0.4,"ssa",1,6.56
"pc1","4cpu-i7",0.4,"ssa",4,4.72
"pc1","4cpu-i7",0.4,"ssa",3,4.75
"pc1","4cpu-i7",0.4,"ssa",2,5.17
"pc1","4cpu-i7",0.4,"ssa",1,5.17
"pc1","4cpu-i7",0.4,"ssa",4,4.42
"pc1","4cpu-i7",0.4,"ssa",2,5.03
"pc1","4cpu-i7",0.4,"ssa",3,5.1
"pc1","4cpu-i7",0.4,"ssa",1,5.55
"pc1","4cpu-i7",0.4,"ssa",4,4.55
"pc1","4cpu-i7",0.4,"ssa",3,4.63
"pc1","4cpu-i7",0.4,"ssa",2,4.86
"pc1","4cpu-i7",0.4,"ssa",1,5.17
"pc1","4cpu-i7",0.5,"ssa",1,3.78
"pc1","4cpu-i7",0.5,"ssa",4,3.8
"pc1","4cpu-i7",0.5,"ssa",3,3.89
"pc1","4cpu-i7",0.5,"ssa",2,4.08
"pc1","4cpu-i7",0.5,"ssa",2,3.69
"pc1","4cpu-i7",0.5,"ssa",1,3.9
"pc1","4cpu-i7",0.5,"ssa",4,4.04
"pc1","4cpu-i7",0.5,"ssa",3,4.67
"pc1","4cpu-i7",0.5,"ssa",1,3.27
"pc1","4cpu-i7",0.5,"ssa",2,3.54
"pc1","4cpu-i7",0.5,"ssa",4,3.63
"pc1","4cpu-i7",0.5,"ssa",3,3.94
"pc1","4cpu-i7",0.5,"ssa",4,3.55
"pc1","4cpu-i7",0.5,"ssa",2,3.58
"pc1","4cpu-i7",0.5,"ssa",1,3.67
"pc1","4cpu-i7",0.5,"ssa",3,4.05
"pc1","4cpu-i7",0.5,"ssa",2,3.48
"pc1","4cpu-i7",0.5,"ssa",4,3.52
"pc1","4cpu-i7",0.5,"ssa",1,3.59
"pc1","4cpu-i7",0.5,"ssa",3,4.04
"pc1","4cpu-i7",0.5,"ssa",2,3.47
"pc1","4cpu-i7",0.5,"ssa",3,3.47
"pc1","4cpu-i7",0.5,"ssa",4,3.47
"pc1","4cpu-i7",0.5,"ssa",1,3.6
"pc1","4cpu-i7",0.5,"ssa",1,3.38
"pc1","4cpu-i7",0.5,"ssa",2,3.57
"pc1","4cpu-i7",0.5,"ssa",4,3.73
"pc1","4cpu-i7",0.5,"ssa",3,3.94
"pc1","4cpu-i7",0.5,"ssa",4,3.57
"pc1","4cpu-i7",0.5,"ssa",2,3.68
"pc1","4cpu-i7",0.5,"ssa",1,3.71
"pc1","4cpu-i7",0.5,"ssa",3,3.98
"pc1","4cpu-i7",0.5,"ssa",4,3.4
"pc1","4cpu-i7",0.5,"ssa",1,3.56
"pc1","4cpu-i7",0.5,"ssa",3,3.63
"pc1","4cpu-i7",0.5,"ssa",2,3.74
"pc1","4cpu-i7",0.5,"ssa",1,3.55
"pc1","4cpu-i7",0.5,"ssa",2,3.55
"pc1","4cpu-i7",0.5,"ssa",4,3.73
"pc1","4cpu-i7",0.5,"ssa",3,4.43
"pc1","4cpu-i7",0.5,"ssa",2,3.42
"pc1","4cpu-i7",0.5,"ssa",4,3.56
"pc1","4cpu-i7",0.5,"ssa",1,3.79
"pc1","4cpu-i7",0.5,"ssa",3,4.06
"pc1","4cpu-i7",0.5,"ssa",4,3.38
"pc1","4cpu-i7",0.5,"ssa",1,3.49
"pc1","4cpu-i7",0.5,"ssa",2,3.69
"pc1","4cpu-i7",0.5,"ssa",3,3.95
"pc1","4cpu-i7",0.5,"ssa",1,3.49
"pc1","4cpu-i7",0.5,"ssa",4,3.56
"pc1","4cpu-i7",0.5,"ssa",2,3.67
"pc1","4cpu-i7",0.5,"ssa",3,3.79
"pc1","4cpu-i7",0.5,"ssa",2,3.15
"pc1","4cpu-i7",0.5,"ssa",4,3.35
"pc1","4cpu-i7",0.5,"ssa",1,3.55
"pc1","4cpu-i7",0.5,"ssa",3,3.92
"pc1","4cpu-i7",0.5,"ssa",2,3.2
"pc1","4cpu-i7",0.5,"ssa",1,3.49
"pc1","4cpu-i7",0.5,"ssa",4,3.56
"pc1","4cpu-i7",0.5,"ssa",3,3.56
"pc1","4cpu-i7",0.5,"ssa",4,3.15
"pc1","4cpu-i7",0.5,"ssa",2,3.57
"pc1","4cpu-i7",0.5,"ssa",1,3.68
"pc1","4cpu-i7",0.5,"ssa",3,4.24
"pc1","4cpu-i7",0.5,"ssa",1,3.54
"pc1","4cpu-i7",0.5,"ssa",2,3.57
"pc1","4cpu-i7",0.5,"ssa",4,3.63
"pc1","4cpu-i7",0.5,"ssa",3,3.94
"pc1","4cpu-i7",0.5,"ssa",2,3.48
"pc1","4cpu-i7",0.5,"ssa",1,3.48
"pc1","4cpu-i7",0.5,"ssa",4,3.48
"pc1","4cpu-i7",0.5,"ssa",3,4.14
"pc1","4cpu-i7",0.5,"ssa",1,3.3
"pc1","4cpu-i7",0.5,"ssa",4,3.38
"pc1","4cpu-i7",0.5,"ssa",2,3.48
"pc1","4cpu-i7",0.5,"ssa",3,3.96
"pc1","4cpu-i7",0.5,"ssa",2,3.16
"pc1","4cpu-i7",0.5,"ssa",1,3.68
"pc1","4cpu-i7",0.5,"ssa",4,3.79
"pc1","4cpu-i7",0.5,"ssa",3,4.4
"pc1","4cpu-i7",0.5,"ssa",2,3.35
"pc1","4cpu-i7",0.5,"ssa",4,3.49
"pc1","4cpu-i7",0.5,"ssa",1,3.58
"pc1","4cpu-i7",0.5,"ssa",3,3.9
"pc1","4cpu-i7",0.5,"ssa",4,3.28
"pc1","4cpu-i7",0.5,"ssa",2,3.45
"pc1","4cpu-i7",0.5,"ssa",1,3.47
"pc1","4cpu-i7",0.5,"ssa",3,3.65
"pc1","4cpu-i7",0.5,"ssa",1,3.38
"pc1","4cpu-i7",0.5,"ssa",4,3.54
"pc1","4cpu-i7",0.5,"ssa",2,3.68
"pc1","4cpu-i7",0.5,"ssa",3,4.05
"pc1","4cpu-i7",0.5,"ssa",2,3.51
"pc1","4cpu-i7",0.5,"ssa",1,3.6
"pc1","4cpu-i7",0.5,"ssa",4,3.64
"pc1","4cpu-i7",0.5,"ssa",3,4.45
"pc1","4cpu-i7",0.5,"ssa",4,3.58
"pc1","4cpu-i7",0.5,"ssa",2,3.58
"pc1","4cpu-i7",0.5,"ssa",1,3.84
"pc1","4cpu-i7",0.5,"ssa",3,4.54
"pc1","4cpu-i7",0.5,"ssa",2,3.58
"pc1","4cpu-i7",0.5,"ssa",4,3.66
"pc1","4cpu-i7",0.5,"ssa",1,3.93
"pc1","4cpu-i7",0.5,"ssa",3,3.93
"pc1","4cpu-i7",0.5,"ssa",1,3.51
"pc1","4cpu-i7",0.5,"ssa",4,3.5
"pc1","4cpu-i7",0.5,"ssa",2,3.57
"pc1","4cpu-i7",0.5,"ssa",3,3.98
"pc1","4cpu-i7",0.5,"ssa",4,3.53
"pc1","4cpu-i7",0.5,"ssa",1,3.6
"pc1","4cpu-i7",0.5,"ssa",2,3.73
"pc1","4cpu-i7",0.5,"ssa",3,3.82
"pc1","4cpu-i7",0.5,"ssa",2,3.49
"pc1","4cpu-i7",0.5,"ssa",4,3.55
"pc1","4cpu-i7",0.5,"ssa",3,3.56
"pc1","4cpu-i7",0.5,"ssa",1,3.6
"pc1","4cpu-i7",0.5,"ssa",2,3.58
"pc1","4cpu-i7",0.5,"ssa",1,3.6
"pc1","4cpu-i7",0.5,"ssa",4,3.65
"pc1","4cpu-i7",0.5,"ssa",3,3.96
"pc1","4cpu-i7",0.6,"ssa",1,3.19
"pc1","4cpu-i7",0.6,"ssa",4,3.19
"pc1","4cpu-i7",0.6,"ssa",2,3.23
"pc1","4cpu-i7",0.6,"ssa",3,3.24
"pc1","4cpu-i7",0.6,"ssa",3,3.24
"pc1","4cpu-i7",0.6,"ssa",2,3.34
"pc1","4cpu-i7",0.6,"ssa",1,3.44
"pc1","4cpu-i7",0.6,"ssa",4,3.51
"pc1","4cpu-i7",0.6,"ssa",2,2.77
"pc1","4cpu-i7",0.6,"ssa",4,2.81
"pc1","4cpu-i7",0.6,"ssa",1,3.16
"pc1","4cpu-i7",0.6,"ssa",3,3.16
"pc1","4cpu-i7",0.6,"ssa",1,3.12
"pc1","4cpu-i7",0.6,"ssa",3,3.12
"pc1","4cpu-i7",0.6,"ssa",2,3.21
"pc1","4cpu-i7",0.6,"ssa",4,3.3
"pc1","4cpu-i7",0.6,"ssa",2,2.78
"pc1","4cpu-i7",0.6,"ssa",4,2.93
"pc1","4cpu-i7",0.6,"ssa",3,2.99
"pc1","4cpu-i7",0.6,"ssa",1,3.1
"pc1","4cpu-i7",0.6,"ssa",3,2.95
"pc1","4cpu-i7",0.6,"ssa",2,3.03
"pc1","4cpu-i7",0.6,"ssa",1,3.03
"pc1","4cpu-i7",0.6,"ssa",4,3.1
"pc1","4cpu-i7",0.6,"ssa",2,2.89
"pc1","4cpu-i7",0.6,"ssa",3,2.86
"pc1","4cpu-i7",0.6,"ssa",1,2.98
"pc1","4cpu-i7",0.6,"ssa",4,3.21
"pc1","4cpu-i7",0.6,"ssa",3,2.87
"pc1","4cpu-i7",0.6,"ssa",2,2.98
"pc1","4cpu-i7",0.6,"ssa",4,3.27
"pc1","4cpu-i7",0.6,"ssa",1,3.39
"pc1","4cpu-i7",0.6,"ssa",4,2.86
"pc1","4cpu-i7",0.6,"ssa",3,3.02
"pc1","4cpu-i7",0.6,"ssa",2,3.05
"pc1","4cpu-i7",0.6,"ssa",1,3.34
"pc1","4cpu-i7",0.6,"ssa",3,2.93
"pc1","4cpu-i7",0.6,"ssa",4,3.07
"pc1","4cpu-i7",0.6,"ssa",1,3.29
"pc1","4cpu-i7",0.6,"ssa",2,3.29
"pc1","4cpu-i7",0.6,"ssa",3,2.78
"pc1","4cpu-i7",0.6,"ssa",2,2.88
"pc1","4cpu-i7",0.6,"ssa",1,2.97
"pc1","4cpu-i7",0.6,"ssa",4,2.94
"pc1","4cpu-i7",0.6,"ssa",4,3
"pc1","4cpu-i7",0.6,"ssa",3,3.11
"pc1","4cpu-i7",0.6,"ssa",2,3.14
"pc1","4cpu-i7",0.6,"ssa",1,3.16
"pc1","4cpu-i7",0.6,"ssa",3,2.82
"pc1","4cpu-i7",0.6,"ssa",2,2.85
"pc1","4cpu-i7",0.6,"ssa",1,2.94
"pc1","4cpu-i7",0.6,"ssa",4,2.91
"pc1","4cpu-i7",0.6,"ssa",1,2.88
"pc1","4cpu-i7",0.6,"ssa",4,2.96
"pc1","4cpu-i7",0.6,"ssa",2,3.02
"pc1","4cpu-i7",0.6,"ssa",3,3.19
"pc1","4cpu-i7",0.6,"ssa",2,2.7
"pc1","4cpu-i7",0.6,"ssa",4,2.76
"pc1","4cpu-i7",0.6,"ssa",3,2.94
"pc1","4cpu-i7",0.6,"ssa",1,3.15
"pc1","4cpu-i7",0.6,"ssa",3,2.95
"pc1","4cpu-i7",0.6,"ssa",2,3.28
"pc1","4cpu-i7",0.6,"ssa",4,3.28
"pc1","4cpu-i7",0.6,"ssa",1,3.55
"pc1","4cpu-i7",0.6,"ssa",3,2.78
"pc1","4cpu-i7",0.6,"ssa",4,2.85
"pc1","4cpu-i7",0.6,"ssa",2,3.07
"pc1","4cpu-i7",0.6,"ssa",1,3.11
"pc1","4cpu-i7",0.6,"ssa",3,2.58
"pc1","4cpu-i7",0.6,"ssa",2,2.72
"pc1","4cpu-i7",0.6,"ssa",1,2.94
"pc1","4cpu-i7",0.6,"ssa",4,3.35
"pc1","4cpu-i7",0.6,"ssa",2,2.85
"pc1","4cpu-i7",0.6,"ssa",4,2.87
"pc1","4cpu-i7",0.6,"ssa",1,3.08
"pc1","4cpu-i7",0.6,"ssa",3,3.12
"pc1","4cpu-i7",0.6,"ssa",3,2.99
"pc1","4cpu-i7",0.6,"ssa",2,3.18
"pc1","4cpu-i7",0.6,"ssa",1,3.23
"pc1","4cpu-i7",0.6,"ssa",4,3.36
"pc1","4cpu-i7",0.6,"ssa",3,2.89
"pc1","4cpu-i7",0.6,"ssa",4,2.95
"pc1","4cpu-i7",0.6,"ssa",2,2.98
"pc1","4cpu-i7",0.6,"ssa",1,3.2
"pc1","4cpu-i7",0.6,"ssa",3,2.91
"pc1","4cpu-i7",0.6,"ssa",2,3.11
"pc1","4cpu-i7",0.6,"ssa",4,3.13
"pc1","4cpu-i7",0.6,"ssa",1,3.16
"pc1","4cpu-i7",0.6,"ssa",4,2.85
"pc1","4cpu-i7",0.6,"ssa",2,2.92
"pc1","4cpu-i7",0.6,"ssa",3,2.95
"pc1","4cpu-i7",0.6,"ssa",1,3.07
"pc1","4cpu-i7",0.6,"ssa",3,2.79
"pc1","4cpu-i7",0.6,"ssa",4,2.87
"pc1","4cpu-i7",0.6,"ssa",1,3.08
"pc1","4cpu-i7",0.6,"ssa",2,3.37
"pc1","4cpu-i7",0.6,"ssa",2,2.78
"pc1","4cpu-i7",0.6,"ssa",4,2.84
"pc1","4cpu-i7",0.6,"ssa",3,2.87
"pc1","4cpu-i7",0.6,"ssa",1,3.17
"pc1","4cpu-i7",0.6,"ssa",2,2.95
"pc1","4cpu-i7",0.6,"ssa",3,3.08
"pc1","4cpu-i7",0.6,"ssa",4,3.17
"pc1","4cpu-i7",0.6,"ssa",1,3.27
"pc1","4cpu-i7",0.6,"ssa",4,2.79
"pc1","4cpu-i7",0.6,"ssa",3,2.89
"pc1","4cpu-i7",0.6,"ssa",2,3.1
"pc1","4cpu-i7",0.6,"ssa",1,3.18
"pc1","4cpu-i7",0.6,"ssa",4,2.6
"pc1","4cpu-i7",0.6,"ssa",3,2.98
"pc1","4cpu-i7",0.6,"ssa",1,3.21
"pc1","4cpu-i7",0.6,"ssa",2,3.46
"pc1","4cpu-i7",0.6,"ssa",2,2.73
"pc1","4cpu-i7",0.6,"ssa",3,2.84
"pc1","4cpu-i7",0.6,"ssa",4,2.83
"pc1","4cpu-i7",0.6,"ssa",1,3.47
"pc1","4cpu-i7",0.6,"ssa",3,2.88
"pc1","4cpu-i7",0.6,"ssa",4,2.98
"pc1","4cpu-i7",0.6,"ssa",1,3.26
"pc1","4cpu-i7",0.6,"ssa",2,3.26
"pc1","4cpu-i7",0.7,"ssa",1,2.65
"pc1","4cpu-i7",0.7,"ssa",3,2.66
"pc1","4cpu-i7",0.7,"ssa",2,2.79
"pc1","4cpu-i7",0.7,"ssa",4,2.92
"pc1","4cpu-i7",0.7,"ssa",3,2.58
"pc1","4cpu-i7",0.7,"ssa",2,2.72
"pc1","4cpu-i7",0.7,"ssa",4,2.68
"pc1","4cpu-i7",0.7,"ssa",1,2.88
"pc1","4cpu-i7",0.7,"ssa",4,2.51
"pc1","4cpu-i7",0.7,"ssa",2,2.7
"pc1","4cpu-i7",0.7,"ssa",1,2.76
"pc1","4cpu-i7",0.7,"ssa",3,2.75
"pc1","4cpu-i7",0.7,"ssa",4,2.46
"pc1","4cpu-i7",0.7,"ssa",2,2.51
"pc1","4cpu-i7",0.7,"ssa",3,2.51
"pc1","4cpu-i7",0.7,"ssa",1,2.72
"pc1","4cpu-i7",0.7,"ssa",4,2.54
"pc1","4cpu-i7",0.7,"ssa",1,2.62
"pc1","4cpu-i7",0.7,"ssa",2,2.62
"pc1","4cpu-i7",0.7,"ssa",3,2.7
"pc1","4cpu-i7",0.7,"ssa",3,2.25
"pc1","4cpu-i7",0.7,"ssa",2,2.37
"pc1","4cpu-i7",0.7,"ssa",4,2.6
"pc1","4cpu-i7",0.7,"ssa",1,2.8
"pc1","4cpu-i7",0.7,"ssa",2,2.42
"pc1","4cpu-i7",0.7,"ssa",4,2.47
"pc1","4cpu-i7",0.7,"ssa",1,2.57
"pc1","4cpu-i7",0.7,"ssa",3,2.55
"pc1","4cpu-i7",0.7,"ssa",3,2.48
"pc1","4cpu-i7",0.7,"ssa",2,2.51
"pc1","4cpu-i7",0.7,"ssa",4,2.7
"pc1","4cpu-i7",0.7,"ssa",1,2.7
"pc1","4cpu-i7",0.7,"ssa",2,2.62
"pc1","4cpu-i7",0.7,"ssa",3,2.63
"pc1","4cpu-i7",0.7,"ssa",1,2.67
"pc1","4cpu-i7",0.7,"ssa",4,2.7
"pc1","4cpu-i7",0.7,"ssa",3,2.51
"pc1","4cpu-i7",0.7,"ssa",4,2.58
"pc1","4cpu-i7",0.7,"ssa",2,2.64
"pc1","4cpu-i7",0.7,"ssa",1,2.76
"pc1","4cpu-i7",0.7,"ssa",4,2.66
"pc1","4cpu-i7",0.7,"ssa",1,2.71
"pc1","4cpu-i7",0.7,"ssa",2,2.7
"pc1","4cpu-i7",0.7,"ssa",3,2.7
"pc1","4cpu-i7",0.7,"ssa",4,2.51
"pc1","4cpu-i7",0.7,"ssa",3,2.58
"pc1","4cpu-i7",0.7,"ssa",2,2.66
"pc1","4cpu-i7",0.7,"ssa",1,2.78
"pc1","4cpu-i7",0.7,"ssa",4,2.35
"pc1","4cpu-i7",0.7,"ssa",2,2.59
"pc1","4cpu-i7",0.7,"ssa",1,2.65
"pc1","4cpu-i7",0.7,"ssa",3,2.64
"pc1","4cpu-i7",0.7,"ssa",4,2.48
"pc1","4cpu-i7",0.7,"ssa",2,2.52
"pc1","4cpu-i7",0.7,"ssa",3,2.56
"pc1","4cpu-i7",0.7,"ssa",1,2.67
"pc1","4cpu-i7",0.7,"ssa",1,2.58
"pc1","4cpu-i7",0.7,"ssa",4,2.58
"pc1","4cpu-i7",0.7,"ssa",3,2.66
"pc1","4cpu-i7",0.7,"ssa",2,2.79
"pc1","4cpu-i7",0.7,"ssa",3,2.5
"pc1","4cpu-i7",0.7,"ssa",2,2.58
"pc1","4cpu-i7",0.7,"ssa",4,2.57
"pc1","4cpu-i7",0.7,"ssa",1,2.66
"pc1","4cpu-i7",0.7,"ssa",3,2.46
"pc1","4cpu-i7",0.7,"ssa",2,2.49
"pc1","4cpu-i7",0.7,"ssa",4,2.5
"pc1","4cpu-i7",0.7,"ssa",1,2.7
"pc1","4cpu-i7",0.7,"ssa",3,2.37
"pc1","4cpu-i7",0.7,"ssa",2,2.43
"pc1","4cpu-i7",0.7,"ssa",1,2.48
"pc1","4cpu-i7",0.7,"ssa",4,2.61
"pc1","4cpu-i7",0.7,"ssa",4,2.54
"pc1","4cpu-i7",0.7,"ssa",3,2.66
"pc1","4cpu-i7",0.7,"ssa",1,2.78
"pc1","4cpu-i7",0.7,"ssa",2,2.78
"pc1","4cpu-i7",0.7,"ssa",2,2.33
"pc1","4cpu-i7",0.7,"ssa",3,2.49
"pc1","4cpu-i7",0.7,"ssa",4,2.6
"pc1","4cpu-i7",0.7,"ssa",1,2.77
"pc1","4cpu-i7",0.7,"ssa",1,2.51
"pc1","4cpu-i7",0.7,"ssa",4,2.56
"pc1","4cpu-i7",0.7,"ssa",2,2.61
"pc1","4cpu-i7",0.7,"ssa",3,2.6
"pc1","4cpu-i7",0.7,"ssa",3,2.3
"pc1","4cpu-i7",0.7,"ssa",1,2.48
"pc1","4cpu-i7",0.7,"ssa",2,2.59
"pc1","4cpu-i7",0.7,"ssa",4,2.67
"pc1","4cpu-i7",0.7,"ssa",3,2.43
"pc1","4cpu-i7",0.7,"ssa",4,2.46
"pc1","4cpu-i7",0.7,"ssa",1,2.72
"pc1","4cpu-i7",0.7,"ssa",2,2.72
"pc1","4cpu-i7",0.7,"ssa",2,2.5
"pc1","4cpu-i7",0.7,"ssa",3,2.53
"pc1","4cpu-i7",0.7,"ssa",4,2.54
"pc1","4cpu-i7",0.7,"ssa",1,2.89
"pc1","4cpu-i7",0.7,"ssa",3,2.57
"pc1","4cpu-i7",0.7,"ssa",2,2.58
"pc1","4cpu-i7",0.7,"ssa",4,2.58
"pc1","4cpu-i7",0.7,"ssa",1,2.68
"pc1","4cpu-i7",0.7,"ssa",2,2.55
"pc1","4cpu-i7",0.7,"ssa",3,2.56
"pc1","4cpu-i7",0.7,"ssa",1,2.68
"pc1","4cpu-i7",0.7,"ssa",4,2.67
"pc1","4cpu-i7",0.7,"ssa",4,2.59
"pc1","4cpu-i7",0.7,"ssa",1,2.68
"pc1","4cpu-i7",0.7,"ssa",3,2.75
"pc1","4cpu-i7",0.7,"ssa",2,2.82
"pc1","4cpu-i7",0.7,"ssa",3,2.33
"pc1","4cpu-i7",0.7,"ssa",4,2.39
"pc1","4cpu-i7",0.7,"ssa",2,2.53
"pc1","4cpu-i7",0.7,"ssa",1,2.63
"pc1","4cpu-i7",0.7,"ssa",4,2.48
"pc1","4cpu-i7",0.7,"ssa",3,2.58
"pc1","4cpu-i7",0.7,"ssa",2,2.62
"pc1","4cpu-i7",0.7,"ssa",1,2.66
"pc1","4cpu-i7",0.7,"ssa",3,2.5
"pc1","4cpu-i7",0.7,"ssa",2,2.52
"pc1","4cpu-i7",0.7,"ssa",4,2.64
"pc1","4cpu-i7",0.7,"ssa",1,2.99
"pc1","4cpu-i7",0.8,"ssa",4,2.34
"pc1","4cpu-i7",0.8,"ssa",2,2.41
"pc1","4cpu-i7",0.8,"ssa",1,2.42
"pc1","4cpu-i7",0.8,"ssa",3,2.63
"pc1","4cpu-i7",0.8,"ssa",2,2.33
"pc1","4cpu-i7",0.8,"ssa",4,2.34
"pc1","4cpu-i7",0.8,"ssa",3,2.46
"pc1","4cpu-i7",0.8,"ssa",1,2.52
"pc1","4cpu-i7",0.8,"ssa",2,2.23
"pc1","4cpu-i7",0.8,"ssa",4,2.23
"pc1","4cpu-i7",0.8,"ssa",3,2.31
"pc1","4cpu-i7",0.8,"ssa",1,2.34
"pc1","4cpu-i7",0.8,"ssa",4,2.15
"pc1","4cpu-i7",0.8,"ssa",2,2.21
"pc1","4cpu-i7",0.8,"ssa",3,2.23
"pc1","4cpu-i7",0.8,"ssa",1,2.26
"pc1","4cpu-i7",0.8,"ssa",4,2.1
"pc1","4cpu-i7",0.8,"ssa",2,2.18
"pc1","4cpu-i7",0.8,"ssa",1,2.24
"pc1","4cpu-i7",0.8,"ssa",3,2.27
"pc1","4cpu-i7",0.8,"ssa",2,2.22
"pc1","4cpu-i7",0.8,"ssa",4,2.21
"pc1","4cpu-i7",0.8,"ssa",3,2.23
"pc1","4cpu-i7",0.8,"ssa",1,2.55
"pc1","4cpu-i7",0.8,"ssa",4,2.13
"pc1","4cpu-i7",0.8,"ssa",1,2.3
"pc1","4cpu-i7",0.8,"ssa",3,2.37
"pc1","4cpu-i7",0.8,"ssa",2,2.45
"pc1","4cpu-i7",0.8,"ssa",2,2.16
"pc1","4cpu-i7",0.8,"ssa",4,2.2
"pc1","4cpu-i7",0.8,"ssa",3,2.46
"pc1","4cpu-i7",0.8,"ssa",1,2.59
"pc1","4cpu-i7",0.8,"ssa",2,2.19
"pc1","4cpu-i7",0.8,"ssa",4,2.18
"pc1","4cpu-i7",0.8,"ssa",1,2.34
"pc1","4cpu-i7",0.8,"ssa",3,2.34
"pc1","4cpu-i7",0.8,"ssa",4,2.11
"pc1","4cpu-i7",0.8,"ssa",2,2.21
"pc1","4cpu-i7",0.8,"ssa",1,2.3
"pc1","4cpu-i7",0.8,"ssa",3,2.47
"pc1","4cpu-i7",0.8,"ssa",4,2.18
"pc1","4cpu-i7",0.8,"ssa",2,2.31
"pc1","4cpu-i7",0.8,"ssa",1,2.37
"pc1","4cpu-i7",0.8,"ssa",3,2.51
"pc1","4cpu-i7",0.8,"ssa",4,2.05
"pc1","4cpu-i7",0.8,"ssa",1,2.21
"pc1","4cpu-i7",0.8,"ssa",2,2.24
"pc1","4cpu-i7",0.8,"ssa",3,2.25
"pc1","4cpu-i7",0.8,"ssa",4,2.08
"pc1","4cpu-i7",0.8,"ssa",2,2.2
"pc1","4cpu-i7",0.8,"ssa",1,2.29
"pc1","4cpu-i7",0.8,"ssa",3,2.3
"pc1","4cpu-i7",0.8,"ssa",2,2.08
"pc1","4cpu-i7",0.8,"ssa",1,2.15
"pc1","4cpu-i7",0.8,"ssa",4,2.16
"pc1","4cpu-i7",0.8,"ssa",3,2.26
"pc1","4cpu-i7",0.8,"ssa",2,2.19
"pc1","4cpu-i7",0.8,"ssa",4,2.19
"pc1","4cpu-i7",0.8,"ssa",3,2.37
"pc1","4cpu-i7",0.8,"ssa",1,2.46
"pc1","4cpu-i7",0.8,"ssa",4,2.13
"pc1","4cpu-i7",0.8,"ssa",2,2.21
"pc1","4cpu-i7",0.8,"ssa",1,2.41
"pc1","4cpu-i7",0.8,"ssa",3,2.41
"pc1","4cpu-i7",0.8,"ssa",4,2.2
"pc1","4cpu-i7",0.8,"ssa",2,2.25
"pc1","4cpu-i7",0.8,"ssa",3,2.26
"pc1","4cpu-i7",0.8,"ssa",1,2.47
"pc1","4cpu-i7",0.8,"ssa",4,2.17
"pc1","4cpu-i7",0.8,"ssa",2,2.21
"pc1","4cpu-i7",0.8,"ssa",3,2.35
"pc1","4cpu-i7",0.8,"ssa",1,2.45
"pc1","4cpu-i7",0.8,"ssa",4,2.08
"pc1","4cpu-i7",0.8,"ssa",2,2.12
"pc1","4cpu-i7",0.8,"ssa",1,2.4
"pc1","4cpu-i7",0.8,"ssa",3,2.46
"pc1","4cpu-i7",0.8,"ssa",2,2.12
"pc1","4cpu-i7",0.8,"ssa",4,2.21
"pc1","4cpu-i7",0.8,"ssa",3,2.23
"pc1","4cpu-i7",0.8,"ssa",1,2.48
"pc1","4cpu-i7",0.8,"ssa",4,2.24
"pc1","4cpu-i7",0.8,"ssa",2,2.29
"pc1","4cpu-i7",0.8,"ssa",3,2.36
"pc1","4cpu-i7",0.8,"ssa",1,2.49
"pc1","4cpu-i7",0.8,"ssa",1,2.19
"pc1","4cpu-i7",0.8,"ssa",2,2.32
"pc1","4cpu-i7",0.8,"ssa",4,2.35
"pc1","4cpu-i7",0.8,"ssa",3,2.35
"pc1","4cpu-i7",0.8,"ssa",1,2.19
"pc1","4cpu-i7",0.8,"ssa",4,2.18
"pc1","4cpu-i7",0.8,"ssa",2,2.25
"pc1","4cpu-i7",0.8,"ssa",3,2.42
"pc1","4cpu-i7",0.8,"ssa",4,2.21
"pc1","4cpu-i7",0.8,"ssa",2,2.29
"pc1","4cpu-i7",0.8,"ssa",3,2.29
"pc1","4cpu-i7",0.8,"ssa",1,2.5
"pc1","4cpu-i7",0.8,"ssa",4,2.16
"pc1","4cpu-i7",0.8,"ssa",2,2.26
"pc1","4cpu-i7",0.8,"ssa",1,2.26
"pc1","4cpu-i7",0.8,"ssa",3,2.43
"pc1","4cpu-i7",0.8,"ssa",1,2.32
"pc1","4cpu-i7",0.8,"ssa",2,2.31
"pc1","4cpu-i7",0.8,"ssa",4,2.3
"pc1","4cpu-i7",0.8,"ssa",3,2.52
"pc1","4cpu-i7",0.8,"ssa",4,2.18
"pc1","4cpu-i7",0.8,"ssa",2,2.23
"pc1","4cpu-i7",0.8,"ssa",3,2.37
"pc1","4cpu-i7",0.8,"ssa",1,2.37
"pc1","4cpu-i7",0.8,"ssa",2,2.2
"pc1","4cpu-i7",0.8,"ssa",4,2.23
"pc1","4cpu-i7",0.8,"ssa",3,2.31
"pc1","4cpu-i7",0.8,"ssa",1,2.35
"pc1","4cpu-i7",0.8,"ssa",2,2.19
"pc1","4cpu-i7",0.8,"ssa",4,2.23
"pc1","4cpu-i7",0.8,"ssa",1,2.39
"pc1","4cpu-i7",0.8,"ssa",3,2.44
"pc1","4cpu-i7",0.8,"ssa",4,2.23
"pc1","4cpu-i7",0.8,"ssa",2,2.25
"pc1","4cpu-i7",0.8,"ssa",3,2.37
"pc1","4cpu-i7",0.8,"ssa",1,2.58
"pc1","4cpu-i7",0.9,"ssa",3,2.13
"pc1","4cpu-i7",0.9,"ssa",4,2.18
"pc1","4cpu-i7",0.9,"ssa",2,2.29
"pc1","4cpu-i7",0.9,"ssa",1,2.29
"pc1","4cpu-i7",0.9,"ssa",2,2.17
"pc1","4cpu-i7",0.9,"ssa",4,2.17
"pc1","4cpu-i7",0.9,"ssa",3,2.23
"pc1","4cpu-i7",0.9,"ssa",1,2.36
"pc1","4cpu-i7",0.9,"ssa",3,1.91
"pc1","4cpu-i7",0.9,"ssa",4,1.98
"pc1","4cpu-i7",0.9,"ssa",1,2.01
"pc1","4cpu-i7",0.9,"ssa",2,2.17
"pc1","4cpu-i7",0.9,"ssa",2,2.01
"pc1","4cpu-i7",0.9,"ssa",3,2.02
"pc1","4cpu-i7",0.9,"ssa",1,2.1
"pc1","4cpu-i7",0.9,"ssa",4,2.09
"pc1","4cpu-i7",0.9,"ssa",4,1.86
"pc1","4cpu-i7",0.9,"ssa",1,1.99
"pc1","4cpu-i7",0.9,"ssa",3,2.06
"pc1","4cpu-i7",0.9,"ssa",2,2.25
"pc1","4cpu-i7",0.9,"ssa",1,2.1
"pc1","4cpu-i7",0.9,"ssa",2,2.11
"pc1","4cpu-i7",0.9,"ssa",3,2.13
"pc1","4cpu-i7",0.9,"ssa",4,2.14
"pc1","4cpu-i7",0.9,"ssa",3,1.94
"pc1","4cpu-i7",0.9,"ssa",4,1.95
"pc1","4cpu-i7",0.9,"ssa",1,2.03
"pc1","4cpu-i7",0.9,"ssa",2,2.07
"pc1","4cpu-i7",0.9,"ssa",3,2.07
"pc1","4cpu-i7",0.9,"ssa",1,2.1
"pc1","4cpu-i7",0.9,"ssa",2,2.1
"pc1","4cpu-i7",0.9,"ssa",4,2.15
"pc1","4cpu-i7",0.9,"ssa",3,2
"pc1","4cpu-i7",0.9,"ssa",2,2.07
"pc1","4cpu-i7",0.9,"ssa",1,2.09
"pc1","4cpu-i7",0.9,"ssa",4,2.08
"pc1","4cpu-i7",0.9,"ssa",1,2.05
"pc1","4cpu-i7",0.9,"ssa",3,2.04
"pc1","4cpu-i7",0.9,"ssa",2,2.1
"pc1","4cpu-i7",0.9,"ssa",4,2.09
"pc1","4cpu-i7",0.9,"ssa",1,1.91
"pc1","4cpu-i7",0.9,"ssa",4,1.94
"pc1","4cpu-i7",0.9,"ssa",3,1.97
"pc1","4cpu-i7",0.9,"ssa",2,2.12
"pc1","4cpu-i7",0.9,"ssa",1,2.04
"pc1","4cpu-i7",0.9,"ssa",3,2.16
"pc1","4cpu-i7",0.9,"ssa",2,2.21
"pc1","4cpu-i7",0.9,"ssa",4,2.24
"pc1","4cpu-i7",0.9,"ssa",3,1.95
"pc1","4cpu-i7",0.9,"ssa",4,1.95
"pc1","4cpu-i7",0.9,"ssa",1,1.98
"pc1","4cpu-i7",0.9,"ssa",2,2.12
"pc1","4cpu-i7",0.9,"ssa",4,1.95
"pc1","4cpu-i7",0.9,"ssa",2,1.97
"pc1","4cpu-i7",0.9,"ssa",1,2.04
"pc1","4cpu-i7",0.9,"ssa",3,2.04
"pc1","4cpu-i7",0.9,"ssa",4,1.83
"pc1","4cpu-i7",0.9,"ssa",1,2.01
"pc1","4cpu-i7",0.9,"ssa",3,2.01
"pc1","4cpu-i7",0.9,"ssa",2,2.07
"pc1","4cpu-i7",0.9,"ssa",2,1.97
"pc1","4cpu-i7",0.9,"ssa",3,2
"pc1","4cpu-i7",0.9,"ssa",1,2.08
"pc1","4cpu-i7",0.9,"ssa",4,2.23
"pc1","4cpu-i7",0.9,"ssa",1,2.01
"pc1","4cpu-i7",0.9,"ssa",4,1.99
"pc1","4cpu-i7",0.9,"ssa",3,2
"pc1","4cpu-i7",0.9,"ssa",2,2.08
"pc1","4cpu-i7",0.9,"ssa",1,1.95
"pc1","4cpu-i7",0.9,"ssa",4,1.98
"pc1","4cpu-i7",0.9,"ssa",3,1.99
"pc1","4cpu-i7",0.9,"ssa",2,2.04
"pc1","4cpu-i7",0.9,"ssa",4,2
"pc1","4cpu-i7",0.9,"ssa",3,2.03
"pc1","4cpu-i7",0.9,"ssa",1,2.05
"pc1","4cpu-i7",0.9,"ssa",2,2.1
"pc1","4cpu-i7",0.9,"ssa",3,2.03
"pc1","4cpu-i7",0.9,"ssa",1,2.03
"pc1","4cpu-i7",0.9,"ssa",2,2.06
"pc1","4cpu-i7",0.9,"ssa",4,2.22
"pc1","4cpu-i7",0.9,"ssa",4,1.84
"pc1","4cpu-i7",0.9,"ssa",3,1.98
"pc1","4cpu-i7",0.9,"ssa",2,2.04
"pc1","4cpu-i7",0.9,"ssa",1,2.13
"pc1","4cpu-i7",0.9,"ssa",3,2.02
"pc1","4cpu-i7",0.9,"ssa",4,2.04
"pc1","4cpu-i7",0.9,"ssa",1,2.04
"pc1","4cpu-i7",0.9,"ssa",2,2.2
"pc1","4cpu-i7",0.9,"ssa",1,1.98
"pc1","4cpu-i7",0.9,"ssa",3,1.98
"pc1","4cpu-i7",0.9,"ssa",4,2.07
"pc1","4cpu-i7",0.9,"ssa",2,2.26
"pc1","4cpu-i7",0.9,"ssa",4,1.91
"pc1","4cpu-i7",0.9,"ssa",1,2.05
"pc1","4cpu-i7",0.9,"ssa",3,2.07
"pc1","4cpu-i7",0.9,"ssa",2,2.07
"pc1","4cpu-i7",0.9,"ssa",3,2.03
"pc1","4cpu-i7",0.9,"ssa",1,2.06
"pc1","4cpu-i7",0.9,"ssa",2,2.1
"pc1","4cpu-i7",0.9,"ssa",4,2.09
"pc1","4cpu-i7",0.9,"ssa",3,2
"pc1","4cpu-i7",0.9,"ssa",2,2.03
"pc1","4cpu-i7",0.9,"ssa",4,2.09
"pc1","4cpu-i7",0.9,"ssa",1,2.21
"pc1","4cpu-i7",0.9,"ssa",3,1.99
"pc1","4cpu-i7",0.9,"ssa",4,2.02
"pc1","4cpu-i7",0.9,"ssa",1,2.07
"pc1","4cpu-i7",0.9,"ssa",2,2.14
"pc1","4cpu-i7",0.9,"ssa",1,1.89
"pc1","4cpu-i7",0.9,"ssa",3,1.92
"pc1","4cpu-i7",0.9,"ssa",2,1.96
"pc1","4cpu-i7",0.9,"ssa",4,1.96
"pc1","4cpu-i7",0.9,"ssa",4,1.99
"pc1","4cpu-i7",0.9,"ssa",3,2.02
"pc1","4cpu-i7",0.9,"ssa",1,2.06
"pc1","4cpu-i7",0.9,"ssa",2,2.17
"pc1","4cpu-i7",0.9,"ssa",3,1.93
"pc1","4cpu-i7",0.9,"ssa",2,2.01
"pc1","4cpu-i7",0.9,"ssa",1,2.06
"pc1","4cpu-i7",0.9,"ssa",4,2.06
"pc1","4cpu-i7",1,"ssa",1,1.86
"pc1","4cpu-i7",1,"ssa",3,1.9
"pc1","4cpu-i7",1,"ssa",2,1.98
"pc1","4cpu-i7",1,"ssa",4,1.99
"pc1","4cpu-i7",1,"ssa",1,1.92
"pc1","4cpu-i7",1,"ssa",4,1.97
"pc1","4cpu-i7",1,"ssa",3,2
"pc1","4cpu-i7",1,"ssa",2,2.06
"pc1","4cpu-i7",1,"ssa",2,1.81
"pc1","4cpu-i7",1,"ssa",1,1.81
"pc1","4cpu-i7",1,"ssa",3,1.83
"pc1","4cpu-i7",1,"ssa",4,1.94
"pc1","4cpu-i7",1,"ssa",3,1.73
"pc1","4cpu-i7",1,"ssa",1,1.85
"pc1","4cpu-i7",1,"ssa",2,1.85
"pc1","4cpu-i7",1,"ssa",4,1.88
"pc1","4cpu-i7",1,"ssa",1,1.72
"pc1","4cpu-i7",1,"ssa",2,1.73
"pc1","4cpu-i7",1,"ssa",3,1.75
"pc1","4cpu-i7",1,"ssa",4,1.85
"pc1","4cpu-i7",1,"ssa",2,1.78
"pc1","4cpu-i7",1,"ssa",1,1.78
"pc1","4cpu-i7",1,"ssa",3,1.85
"pc1","4cpu-i7",1,"ssa",4,1.85
"pc1","4cpu-i7",1,"ssa",2,1.81
"pc1","4cpu-i7",1,"ssa",3,1.83
"pc1","4cpu-i7",1,"ssa",1,1.9
"pc1","4cpu-i7",1,"ssa",4,1.91
"pc1","4cpu-i7",1,"ssa",2,1.81
"pc1","4cpu-i7",1,"ssa",1,1.84
"pc1","4cpu-i7",1,"ssa",3,1.87
"pc1","4cpu-i7",1,"ssa",4,1.99
"pc1","4cpu-i7",1,"ssa",2,1.78
"pc1","4cpu-i7",1,"ssa",3,1.78
"pc1","4cpu-i7",1,"ssa",1,1.84
"pc1","4cpu-i7",1,"ssa",4,1.84
"pc1","4cpu-i7",1,"ssa",2,1.83
"pc1","4cpu-i7",1,"ssa",1,1.86
"pc1","4cpu-i7",1,"ssa",3,1.88
"pc1","4cpu-i7",1,"ssa",4,1.96
"pc1","4cpu-i7",1,"ssa",1,1.87
"pc1","4cpu-i7",1,"ssa",3,1.86
"pc1","4cpu-i7",1,"ssa",2,1.88
"pc1","4cpu-i7",1,"ssa",4,1.9
"pc1","4cpu-i7",1,"ssa",3,1.79
"pc1","4cpu-i7",1,"ssa",2,1.84
"pc1","4cpu-i7",1,"ssa",4,1.84
"pc1","4cpu-i7",1,"ssa",1,1.87
"pc1","4cpu-i7",1,"ssa",2,1.87
"pc1","4cpu-i7",1,"ssa",1,1.9
"pc1","4cpu-i7",1,"ssa",3,1.9
"pc1","4cpu-i7",1,"ssa",4,1.9
"pc1","4cpu-i7",1,"ssa",3,1.76
"pc1","4cpu-i7",1,"ssa",2,1.84
"pc1","4cpu-i7",1,"ssa",1,1.84
"pc1","4cpu-i7",1,"ssa",4,1.84
"pc1","4cpu-i7",1,"ssa",1,1.72
"pc1","4cpu-i7",1,"ssa",3,1.75
"pc1","4cpu-i7",1,"ssa",2,1.77
"pc1","4cpu-i7",1,"ssa",4,1.85
"pc1","4cpu-i7",1,"ssa",3,1.77
"pc1","4cpu-i7",1,"ssa",4,1.77
"pc1","4cpu-i7",1,"ssa",1,1.86
"pc1","4cpu-i7",1,"ssa",2,1.93
"pc1","4cpu-i7",1,"ssa",1,1.7
"pc1","4cpu-i7",1,"ssa",3,1.74
"pc1","4cpu-i7",1,"ssa",4,1.77
"pc1","4cpu-i7",1,"ssa",2,1.81
"pc1","4cpu-i7",1,"ssa",2,1.74
"pc1","4cpu-i7",1,"ssa",3,1.75
"pc1","4cpu-i7",1,"ssa",1,1.79
"pc1","4cpu-i7",1,"ssa",4,1.87
"pc1","4cpu-i7",1,"ssa",2,1.86
"pc1","4cpu-i7",1,"ssa",3,1.86
"pc1","4cpu-i7",1,"ssa",1,1.92
"pc1","4cpu-i7",1,"ssa",4,1.94
"pc1","4cpu-i7",1,"ssa",2,1.76
"pc1","4cpu-i7",1,"ssa",3,1.83
"pc1","4cpu-i7",1,"ssa",4,1.84
"pc1","4cpu-i7",1,"ssa",1,1.91
"pc1","4cpu-i7",1,"ssa",2,1.75
"pc1","4cpu-i7",1,"ssa",1,1.81
"pc1","4cpu-i7",1,"ssa",3,1.83
"pc1","4cpu-i7",1,"ssa",4,1.86
"pc1","4cpu-i7",1,"ssa",2,1.83
"pc1","4cpu-i7",1,"ssa",1,1.85
"pc1","4cpu-i7",1,"ssa",4,1.84
"pc1","4cpu-i7",1,"ssa",3,1.86
"pc1","4cpu-i7",1,"ssa",1,1.83
"pc1","4cpu-i7",1,"ssa",2,1.86
"pc1","4cpu-i7",1,"ssa",4,1.87
"pc1","4cpu-i7",1,"ssa",3,1.87
"pc1","4cpu-i7",1,"ssa",4,1.84
"pc1","4cpu-i7",1,"ssa",2,1.88
"pc1","4cpu-i7",1,"ssa",1,1.87
"pc1","4cpu-i7",1,"ssa",3,1.87
"pc1","4cpu-i7",1,"ssa",1,1.74
"pc1","4cpu-i7",1,"ssa",2,1.8
"pc1","4cpu-i7",1,"ssa",3,1.81
"pc1","4cpu-i7",1,"ssa",4,1.95
"pc1","4cpu-i7",1,"ssa",3,1.69
"pc1","4cpu-i7",1,"ssa",4,1.69
"pc1","4cpu-i7",1,"ssa",2,1.74
"pc1","4cpu-i7",1,"ssa",1,1.78
"pc1","4cpu-i7",1,"ssa",2,1.73
"pc1","4cpu-i7",1,"ssa",3,1.73
"pc1","4cpu-i7",1,"ssa",1,1.88
"pc1","4cpu-i7",1,"ssa",4,1.88
"pc1","4cpu-i7",1,"ssa",2,1.84
"pc1","4cpu-i7",1,"ssa",1,1.84
"pc1","4cpu-i7",1,"ssa",3,1.87
"pc1","4cpu-i7",1,"ssa",4,1.96
"pc1","4cpu-i7",1,"ssa",2,1.71
"pc1","4cpu-i7",1,"ssa",3,1.77
"pc1","4cpu-i7",1,"ssa",1,1.87
"pc1","4cpu-i7",1,"ssa",4,1.85
"pc1","4cpu-i7",1,"ssa",1,1.75
"pc1","4cpu-i7",1,"ssa",2,1.79
"pc1","4cpu-i7",1,"ssa",4,1.78
"pc1","4cpu-i7",1,"ssa",3,1.85
"pc1","4cpu-i7",0.1,"seadec",3,20.54
"pc1","4cpu-i7",0.1,"seadec",2,20.54
"pc1","4cpu-i7",0.1,"seadec",4,20.62
"pc1","4cpu-i7",0.1,"seadec",1,20.62
"pc1","4cpu-i7",0.1,"seadec",2,19.46
"pc1","4cpu-i7",0.1,"seadec",4,19.55
"pc1","4cpu-i7",0.1,"seadec",1,19.67
"pc1","4cpu-i7",0.1,"seadec",3,19.66
"pc1","4cpu-i7",0.1,"seadec",4,16.95
"pc1","4cpu-i7",0.1,"seadec",3,17.65
"pc1","4cpu-i7",0.1,"seadec",2,17.76
"pc1","4cpu-i7",0.1,"seadec",1,17.87
"pc1","4cpu-i7",0.1,"seadec",3,19.28
"pc1","4cpu-i7",0.1,"seadec",4,19.47
"pc1","4cpu-i7",0.1,"seadec",1,20.09
"pc1","4cpu-i7",0.1,"seadec",2,20.17
"pc1","4cpu-i7",0.1,"seadec",3,19.06
"pc1","4cpu-i7",0.1,"seadec",4,19.06
"pc1","4cpu-i7",0.1,"seadec",1,19.28
"pc1","4cpu-i7",0.1,"seadec",2,19.28
"pc1","4cpu-i7",0.1,"seadec",4,17.76
"pc1","4cpu-i7",0.1,"seadec",3,17.97
"pc1","4cpu-i7",0.1,"seadec",1,18.68
"pc1","4cpu-i7",0.1,"seadec",2,18.87
"pc1","4cpu-i7",0.1,"seadec",3,18.98
"pc1","4cpu-i7",0.1,"seadec",2,18.98
"pc1","4cpu-i7",0.1,"seadec",1,18.98
"pc1","4cpu-i7",0.1,"seadec",4,19.06
"pc1","4cpu-i7",0.1,"seadec",1,18.56
"pc1","4cpu-i7",0.1,"seadec",3,18.83
"pc1","4cpu-i7",0.1,"seadec",2,19.04
"pc1","4cpu-i7",0.1,"seadec",4,19.12
"pc1","4cpu-i7",0.1,"seadec",3,18.37
"pc1","4cpu-i7",0.1,"seadec",2,19.18
"pc1","4cpu-i7",0.1,"seadec",4,19.17
"pc1","4cpu-i7",0.1,"seadec",1,19.39
"pc1","4cpu-i7",0.1,"seadec",3,17.15
"pc1","4cpu-i7",0.1,"seadec",1,17.75
"pc1","4cpu-i7",0.1,"seadec",4,17.75
"pc1","4cpu-i7",0.1,"seadec",2,17.96
"pc1","4cpu-i7",0.1,"seadec",2,18.18
"pc1","4cpu-i7",0.1,"seadec",3,18.27
"pc1","4cpu-i7",0.1,"seadec",4,18.27
"pc1","4cpu-i7",0.1,"seadec",1,18.38
"pc1","4cpu-i7",0.1,"seadec",1,18.58
"pc1","4cpu-i7",0.1,"seadec",4,18.58
"pc1","4cpu-i7",0.1,"seadec",2,18.58
"pc1","4cpu-i7",0.1,"seadec",3,18.85
"pc1","4cpu-i7",0.1,"seadec",2,18.44
"pc1","4cpu-i7",0.1,"seadec",1,18.56
"pc1","4cpu-i7",0.1,"seadec",3,18.84
"pc1","4cpu-i7",0.1,"seadec",4,19.13
"pc1","4cpu-i7",0.1,"seadec",2,19.95
"pc1","4cpu-i7",0.1,"seadec",1,20.07
"pc1","4cpu-i7",0.1,"seadec",4,20.31
"pc1","4cpu-i7",0.1,"seadec",3,20.52
"pc1","4cpu-i7",0.1,"seadec",1,18.07
"pc1","4cpu-i7",0.1,"seadec",3,18.14
"pc1","4cpu-i7",0.1,"seadec",2,18.34
"pc1","4cpu-i7",0.1,"seadec",4,18.34
"pc1","4cpu-i7",0.1,"seadec",2,18.76
"pc1","4cpu-i7",0.1,"seadec",3,18.95
"pc1","4cpu-i7",0.1,"seadec",1,19.06
"pc1","4cpu-i7",0.1,"seadec",4,19.05
"pc1","4cpu-i7",0.1,"seadec",1,17.88
"pc1","4cpu-i7",0.1,"seadec",3,17.97
"pc1","4cpu-i7",0.1,"seadec",4,18.27
"pc1","4cpu-i7",0.1,"seadec",2,18.27
"pc1","4cpu-i7",0.1,"seadec",1,19.35
"pc1","4cpu-i7",0.1,"seadec",3,19.54
"pc1","4cpu-i7",0.1,"seadec",4,19.63
"pc1","4cpu-i7",0.1,"seadec",2,19.74
"pc1","4cpu-i7",0.1,"seadec",1,18.77
"pc1","4cpu-i7",0.1,"seadec",4,18.85
"pc1","4cpu-i7",0.1,"seadec",2,18.85
"pc1","4cpu-i7",0.1,"seadec",3,18.85
"pc1","4cpu-i7",0.1,"seadec",2,18.03
"pc1","4cpu-i7",0.1,"seadec",4,18.11
"pc1","4cpu-i7",0.1,"seadec",3,18.21
"pc1","4cpu-i7",0.1,"seadec",1,18.24
"pc1","4cpu-i7",0.1,"seadec",4,18.66
"pc1","4cpu-i7",0.1,"seadec",2,19.28
"pc1","4cpu-i7",0.1,"seadec",1,19.38
"pc1","4cpu-i7",0.1,"seadec",3,19.47
"pc1","4cpu-i7",0.1,"seadec",4,17.24
"pc1","4cpu-i7",0.1,"seadec",3,17.85
"pc1","4cpu-i7",0.1,"seadec",1,17.95
"pc1","4cpu-i7",0.1,"seadec",2,18.05
"pc1","4cpu-i7",0.1,"seadec",4,18.25
"pc1","4cpu-i7",0.1,"seadec",3,18.56
"pc1","4cpu-i7",0.1,"seadec",2,19.27
"pc1","4cpu-i7",0.1,"seadec",1,19.38
"pc1","4cpu-i7",0.1,"seadec",4,18.66
"pc1","4cpu-i7",0.1,"seadec",1,19.27
"pc1","4cpu-i7",0.1,"seadec",3,19.27
"pc1","4cpu-i7",0.1,"seadec",2,19.47
"pc1","4cpu-i7",0.1,"seadec",4,17.53
"pc1","4cpu-i7",0.1,"seadec",3,17.63
"pc1","4cpu-i7",0.1,"seadec",1,17.86
"pc1","4cpu-i7",0.1,"seadec",2,18.05
"pc1","4cpu-i7",0.1,"seadec",4,17.24
"pc1","4cpu-i7",0.1,"seadec",1,17.77
"pc1","4cpu-i7",0.1,"seadec",3,18.06
"pc1","4cpu-i7",0.1,"seadec",2,18.46
"pc1","4cpu-i7",0.1,"seadec",3,18.14
"pc1","4cpu-i7",0.1,"seadec",4,18.22
"pc1","4cpu-i7",0.1,"seadec",2,18.44
"pc1","4cpu-i7",0.1,"seadec",1,18.56
"pc1","4cpu-i7",0.1,"seadec",4,18.45
"pc1","4cpu-i7",0.1,"seadec",3,18.55
"pc1","4cpu-i7",0.1,"seadec",1,18.87
"pc1","4cpu-i7",0.1,"seadec",2,18.87
"pc1","4cpu-i7",0.1,"seadec",1,18.27
"pc1","4cpu-i7",0.1,"seadec",4,18.45
"pc1","4cpu-i7",0.1,"seadec",2,18.56
"pc1","4cpu-i7",0.1,"seadec",3,18.56
"pc1","4cpu-i7",0.1,"seadec",4,19.04
"pc1","4cpu-i7",0.1,"seadec",3,19.14
"pc1","4cpu-i7",0.1,"seadec",2,19.25
"pc1","4cpu-i7",0.1,"seadec",1,19.36
"pc1","4cpu-i7",0.2,"seadec",2,7.17
"pc1","4cpu-i7",0.2,"seadec",1,7.17
"pc1","4cpu-i7",0.2,"seadec",4,7.34
"pc1","4cpu-i7",0.2,"seadec",3,7.35
"pc1","4cpu-i7",0.2,"seadec",4,7.55
"pc1","4cpu-i7",0.2,"seadec",2,7.67
"pc1","4cpu-i7",0.2,"seadec",1,7.67
"pc1","4cpu-i7",0.2,"seadec",3,7.86
"pc1","4cpu-i7",0.2,"seadec",3,6.86
"pc1","4cpu-i7",0.2,"seadec",1,6.96
"pc1","4cpu-i7",0.2,"seadec",2,6.97
"pc1","4cpu-i7",0.2,"seadec",4,7.05
"pc1","4cpu-i7",0.2,"seadec",1,6.48
"pc1","4cpu-i7",0.2,"seadec",4,6.49
"pc1","4cpu-i7",0.2,"seadec",2,6.62
"pc1","4cpu-i7",0.2,"seadec",3,6.69
"pc1","4cpu-i7",0.2,"seadec",4,6.59
"pc1","4cpu-i7",0.2,"seadec",2,6.68
"pc1","4cpu-i7",0.2,"seadec",1,6.89
"pc1","4cpu-i7",0.2,"seadec",3,6.89
"pc1","4cpu-i7",0.2,"seadec",4,6.82
"pc1","4cpu-i7",0.2,"seadec",3,6.92
"pc1","4cpu-i7",0.2,"seadec",1,7.16
"pc1","4cpu-i7",0.2,"seadec",2,7.24
"pc1","4cpu-i7",0.2,"seadec",3,6.46
"pc1","4cpu-i7",0.2,"seadec",1,6.58
"pc1","4cpu-i7",0.2,"seadec",4,6.65
"pc1","4cpu-i7",0.2,"seadec",2,6.77
"pc1","4cpu-i7",0.2,"seadec",4,6.65
"pc1","4cpu-i7",0.2,"seadec",3,6.75
"pc1","4cpu-i7",0.2,"seadec",1,6.77
"pc1","4cpu-i7",0.2,"seadec",2,6.87
"pc1","4cpu-i7",0.2,"seadec",4,6.24
"pc1","4cpu-i7",0.2,"seadec",1,6.35
"pc1","4cpu-i7",0.2,"seadec",3,6.43
"pc1","4cpu-i7",0.2,"seadec",2,6.53
"pc1","4cpu-i7",0.2,"seadec",4,6.96
"pc1","4cpu-i7",0.2,"seadec",1,6.96
"pc1","4cpu-i7",0.2,"seadec",2,6.96
"pc1","4cpu-i7",0.2,"seadec",3,7.05
"pc1","4cpu-i7",0.2,"seadec",1,6.59
"pc1","4cpu-i7",0.2,"seadec",2,6.67
"pc1","4cpu-i7",0.2,"seadec",3,6.78
"pc1","4cpu-i7",0.2,"seadec",4,6.86
"pc1","4cpu-i7",0.2,"seadec",2,6.49
"pc1","4cpu-i7",0.2,"seadec",1,6.58
"pc1","4cpu-i7",0.2,"seadec",4,6.68
"pc1","4cpu-i7",0.2,"seadec",3,6.68
"pc1","4cpu-i7",0.2,"seadec",2,6.37
"pc1","4cpu-i7",0.2,"seadec",4,6.68
"pc1","4cpu-i7",0.2,"seadec",1,6.68
"pc1","4cpu-i7",0.2,"seadec",3,6.77
"pc1","4cpu-i7",0.2,"seadec",2,6.56
"pc1","4cpu-i7",0.2,"seadec",4,6.64
"pc1","4cpu-i7",0.2,"seadec",1,6.85
"pc1","4cpu-i7",0.2,"seadec",3,6.95
"pc1","4cpu-i7",0.2,"seadec",4,6.36
"pc1","4cpu-i7",0.2,"seadec",2,6.45
"pc1","4cpu-i7",0.2,"seadec",1,6.47
"pc1","4cpu-i7",0.2,"seadec",3,6.56
"pc1","4cpu-i7",0.2,"seadec",2,7.06
"pc1","4cpu-i7",0.2,"seadec",1,7.08
"pc1","4cpu-i7",0.2,"seadec",4,7.15
"pc1","4cpu-i7",0.2,"seadec",3,7.16
"pc1","4cpu-i7",0.2,"seadec",2,6.48
"pc1","4cpu-i7",0.2,"seadec",1,6.77
"pc1","4cpu-i7",0.2,"seadec",4,6.76
"pc1","4cpu-i7",0.2,"seadec",3,6.96
"pc1","4cpu-i7",0.2,"seadec",2,6.95
"pc1","4cpu-i7",0.2,"seadec",4,6.95
"pc1","4cpu-i7",0.2,"seadec",3,6.96
"pc1","4cpu-i7",0.2,"seadec",1,6.97
"pc1","4cpu-i7",0.2,"seadec",3,6.67
"pc1","4cpu-i7",0.2,"seadec",2,6.68
"pc1","4cpu-i7",0.2,"seadec",1,6.88
"pc1","4cpu-i7",0.2,"seadec",4,6.97
"pc1","4cpu-i7",0.2,"seadec",2,6.75
"pc1","4cpu-i7",0.2,"seadec",1,6.85
"pc1","4cpu-i7",0.2,"seadec",4,6.83
"pc1","4cpu-i7",0.2,"seadec",3,6.84
"pc1","4cpu-i7",0.2,"seadec",4,6.67
"pc1","4cpu-i7",0.2,"seadec",2,6.77
"pc1","4cpu-i7",0.2,"seadec",3,6.77
"pc1","4cpu-i7",0.2,"seadec",1,6.79
"pc1","4cpu-i7",0.2,"seadec",4,6.86
"pc1","4cpu-i7",0.2,"seadec",1,7.18
"pc1","4cpu-i7",0.2,"seadec",3,7.27
"pc1","4cpu-i7",0.2,"seadec",2,7.36
"pc1","4cpu-i7",0.2,"seadec",2,6.35
"pc1","4cpu-i7",0.2,"seadec",4,6.53
"pc1","4cpu-i7",0.2,"seadec",3,6.67
"pc1","4cpu-i7",0.2,"seadec",1,6.67
"pc1","4cpu-i7",0.2,"seadec",2,6.66
"pc1","4cpu-i7",0.2,"seadec",3,6.73
"pc1","4cpu-i7",0.2,"seadec",1,6.77
"pc1","4cpu-i7",0.2,"seadec",4,6.73
"pc1","4cpu-i7",0.2,"seadec",2,6.57
"pc1","4cpu-i7",0.2,"seadec",4,6.66
"pc1","4cpu-i7",0.2,"seadec",3,6.66
"pc1","4cpu-i7",0.2,"seadec",1,6.79
"pc1","4cpu-i7",0.2,"seadec",3,6.14
"pc1","4cpu-i7",0.2,"seadec",2,6.16
"pc1","4cpu-i7",0.2,"seadec",4,6.24
"pc1","4cpu-i7",0.2,"seadec",1,6.37
"pc1","4cpu-i7",0.2,"seadec",3,6.83
"pc1","4cpu-i7",0.2,"seadec",2,6.83
"pc1","4cpu-i7",0.2,"seadec",4,6.83
"pc1","4cpu-i7",0.2,"seadec",1,6.96
"pc1","4cpu-i7",0.2,"seadec",4,6.55
"pc1","4cpu-i7",0.2,"seadec",2,6.66
"pc1","4cpu-i7",0.2,"seadec",3,6.84
"pc1","4cpu-i7",0.2,"seadec",1,6.87
"pc1","4cpu-i7",0.2,"seadec",4,6.77
"pc1","4cpu-i7",0.2,"seadec",3,6.74
"pc1","4cpu-i7",0.2,"seadec",2,6.77
"pc1","4cpu-i7",0.2,"seadec",1,6.77
"pc1","4cpu-i7",0.2,"seadec",2,6.65
"pc1","4cpu-i7",0.2,"seadec",1,6.86
"pc1","4cpu-i7",0.2,"seadec",4,6.92
"pc1","4cpu-i7",0.2,"seadec",3,6.94
"pc1","4cpu-i7",0.3,"seadec",3,4.65
"pc1","4cpu-i7",0.3,"seadec",4,4.71
"pc1","4cpu-i7",0.3,"seadec",1,4.74
"pc1","4cpu-i7",0.3,"seadec",2,4.74
"pc1","4cpu-i7",0.3,"seadec",4,4.48
"pc1","4cpu-i7",0.3,"seadec",3,4.56
"pc1","4cpu-i7",0.3,"seadec",2,4.69
"pc1","4cpu-i7",0.3,"seadec",1,4.78
"pc1","4cpu-i7",0.3,"seadec",3,4.07
"pc1","4cpu-i7",0.3,"seadec",4,4.07
"pc1","4cpu-i7",0.3,"seadec",2,4.18
"pc1","4cpu-i7",0.3,"seadec",1,4.2
"pc1","4cpu-i7",0.3,"seadec",3,3.97
"pc1","4cpu-i7",0.3,"seadec",4,4.05
"pc1","4cpu-i7",0.3,"seadec",2,4.08
"pc1","4cpu-i7",0.3,"seadec",1,4.18
"pc1","4cpu-i7",0.3,"seadec",4,4.17
"pc1","4cpu-i7",0.3,"seadec",2,4.27
"pc1","4cpu-i7",0.3,"seadec",3,4.26
"pc1","4cpu-i7",0.3,"seadec",1,4.38
"pc1","4cpu-i7",0.3,"seadec",3,4.08
"pc1","4cpu-i7",0.3,"seadec",2,4.08
"pc1","4cpu-i7",0.3,"seadec",4,4.16
"pc1","4cpu-i7",0.3,"seadec",1,4.19
"pc1","4cpu-i7",0.3,"seadec",2,4.06
"pc1","4cpu-i7",0.3,"seadec",4,4.05
"pc1","4cpu-i7",0.3,"seadec",3,4.07
"pc1","4cpu-i7",0.3,"seadec",1,4.16
"pc1","4cpu-i7",0.3,"seadec",4,4.18
"pc1","4cpu-i7",0.3,"seadec",3,4.26
"pc1","4cpu-i7",0.3,"seadec",1,4.29
"pc1","4cpu-i7",0.3,"seadec",2,4.29
"pc1","4cpu-i7",0.3,"seadec",4,3.97
"pc1","4cpu-i7",0.3,"seadec",3,4.06
"pc1","4cpu-i7",0.3,"seadec",1,4.08
"pc1","4cpu-i7",0.3,"seadec",2,4.09
"pc1","4cpu-i7",0.3,"seadec",3,4.06
"pc1","4cpu-i7",0.3,"seadec",2,4.16
"pc1","4cpu-i7",0.3,"seadec",1,4.25
"pc1","4cpu-i7",0.3,"seadec",4,4.23
"pc1","4cpu-i7",0.3,"seadec",3,4.16
"pc1","4cpu-i7",0.3,"seadec",1,4.18
"pc1","4cpu-i7",0.3,"seadec",4,4.27
"pc1","4cpu-i7",0.3,"seadec",2,4.27
"pc1","4cpu-i7",0.3,"seadec",2,4.08
"pc1","4cpu-i7",0.3,"seadec",4,4.17
"pc1","4cpu-i7",0.3,"seadec",3,4.19
"pc1","4cpu-i7",0.3,"seadec",1,4.19
"pc1","4cpu-i7",0.3,"seadec",2,4.06
"pc1","4cpu-i7",0.3,"seadec",3,4.15
"pc1","4cpu-i7",0.3,"seadec",1,4.16
"pc1","4cpu-i7",0.3,"seadec",4,4.15
"pc1","4cpu-i7",0.3,"seadec",2,4.16
"pc1","4cpu-i7",0.3,"seadec",1,4.26
"pc1","4cpu-i7",0.3,"seadec",4,4.35
"pc1","4cpu-i7",0.3,"seadec",3,4.36
"pc1","4cpu-i7",0.3,"seadec",1,3.99
"pc1","4cpu-i7",0.3,"seadec",2,4.04
"pc1","4cpu-i7",0.3,"seadec",4,4.12
"pc1","4cpu-i7",0.3,"seadec",3,4.12
"pc1","4cpu-i7",0.3,"seadec",1,4.07
"pc1","4cpu-i7",0.3,"seadec",2,4.14
"pc1","4cpu-i7",0.3,"seadec",4,4.16
"pc1","4cpu-i7",0.3,"seadec",3,4.16
"pc1","4cpu-i7",0.3,"seadec",1,4.07
"pc1","4cpu-i7",0.3,"seadec",2,4.16
"pc1","4cpu-i7",0.3,"seadec",3,4.24
"pc1","4cpu-i7",0.3,"seadec",4,4.24
"pc1","4cpu-i7",0.3,"seadec",1,4.17
"pc1","4cpu-i7",0.3,"seadec",3,4.17
"pc1","4cpu-i7",0.3,"seadec",2,4.17
"pc1","4cpu-i7",0.3,"seadec",4,4.25
"pc1","4cpu-i7",0.3,"seadec",3,4.26
"pc1","4cpu-i7",0.3,"seadec",2,4.26
"pc1","4cpu-i7",0.3,"seadec",1,4.26
"pc1","4cpu-i7",0.3,"seadec",4,4.31
"pc1","4cpu-i7",0.3,"seadec",2,4.19
"pc1","4cpu-i7",0.3,"seadec",4,4.2
"pc1","4cpu-i7",0.3,"seadec",1,4.2
"pc1","4cpu-i7",0.3,"seadec",3,4.2
"pc1","4cpu-i7",0.3,"seadec",4,4.2
"pc1","4cpu-i7",0.3,"seadec",2,4.32
"pc1","4cpu-i7",0.3,"seadec",1,4.35
"pc1","4cpu-i7",0.3,"seadec",3,4.35
"pc1","4cpu-i7",0.3,"seadec",4,4.06
"pc1","4cpu-i7",0.3,"seadec",2,4.16
"pc1","4cpu-i7",0.3,"seadec",3,4.25
"pc1","4cpu-i7",0.3,"seadec",1,4.28
"pc1","4cpu-i7",0.3,"seadec",3,4.05
"pc1","4cpu-i7",0.3,"seadec",2,4.13
"pc1","4cpu-i7",0.3,"seadec",4,4.12
"pc1","4cpu-i7",0.3,"seadec",1,4.15
"pc1","4cpu-i7",0.3,"seadec",3,4.19
"pc1","4cpu-i7",0.3,"seadec",2,4.19
"pc1","4cpu-i7",0.3,"seadec",4,4.25
"pc1","4cpu-i7",0.3,"seadec",1,4.29
"pc1","4cpu-i7",0.3,"seadec",3,4.17
"pc1","4cpu-i7",0.3,"seadec",2,4.27
"pc1","4cpu-i7",0.3,"seadec",4,4.26
"pc1","4cpu-i7",0.3,"seadec",1,4.28
"pc1","4cpu-i7",0.3,"seadec",3,3.96
"pc1","4cpu-i7",0.3,"seadec",2,3.99
"pc1","4cpu-i7",0.3,"seadec",1,4.09
"pc1","4cpu-i7",0.3,"seadec",4,4.07
"pc1","4cpu-i7",0.3,"seadec",2,4.08
"pc1","4cpu-i7",0.3,"seadec",3,4.14
"pc1","4cpu-i7",0.3,"seadec",4,4.15
"pc1","4cpu-i7",0.3,"seadec",1,4.25
"pc1","4cpu-i7",0.3,"seadec",2,4.29
"pc1","4cpu-i7",0.3,"seadec",3,4.29
"pc1","4cpu-i7",0.3,"seadec",4,4.29
"pc1","4cpu-i7",0.3,"seadec",1,4.41
"pc1","4cpu-i7",0.3,"seadec",4,4.06
"pc1","4cpu-i7",0.3,"seadec",2,4.16
"pc1","4cpu-i7",0.3,"seadec",3,4.16
"pc1","4cpu-i7",0.3,"seadec",1,4.27
"pc1","4cpu-i7",0.3,"seadec",1,4.16
"pc1","4cpu-i7",0.3,"seadec",3,4.12
"pc1","4cpu-i7",0.3,"seadec",2,4.16
"pc1","4cpu-i7",0.3,"seadec",4,4.11
"pc1","4cpu-i7",0.4,"seadec",1,3.28
"pc1","4cpu-i7",0.4,"seadec",4,3.27
"pc1","4cpu-i7",0.4,"seadec",2,3.27
"pc1","4cpu-i7",0.4,"seadec",3,3.27
"pc1","4cpu-i7",0.4,"seadec",4,3.25
"pc1","4cpu-i7",0.4,"seadec",3,3.25
"pc1","4cpu-i7",0.4,"seadec",1,3.28
"pc1","4cpu-i7",0.4,"seadec",2,3.28
"pc1","4cpu-i7",0.4,"seadec",3,2.85
"pc1","4cpu-i7",0.4,"seadec",1,2.87
"pc1","4cpu-i7",0.4,"seadec",4,2.94
"pc1","4cpu-i7",0.4,"seadec",2,2.96
"pc1","4cpu-i7",0.4,"seadec",3,2.79
"pc1","4cpu-i7",0.4,"seadec",1,2.88
"pc1","4cpu-i7",0.4,"seadec",4,2.87
"pc1","4cpu-i7",0.4,"seadec",2,2.9
"pc1","4cpu-i7",0.4,"seadec",3,2.77
"pc1","4cpu-i7",0.4,"seadec",1,2.86
"pc1","4cpu-i7",0.4,"seadec",4,2.84
"pc1","4cpu-i7",0.4,"seadec",2,2.87
"pc1","4cpu-i7",0.4,"seadec",3,2.77
"pc1","4cpu-i7",0.4,"seadec",2,2.88
"pc1","4cpu-i7",0.4,"seadec",1,2.88
"pc1","4cpu-i7",0.4,"seadec",4,2.95
"pc1","4cpu-i7",0.4,"seadec",1,2.84
"pc1","4cpu-i7",0.4,"seadec",2,2.85
"pc1","4cpu-i7",0.4,"seadec",3,2.84
"pc1","4cpu-i7",0.4,"seadec",4,2.82
"pc1","4cpu-i7",0.4,"seadec",4,2.81
"pc1","4cpu-i7",0.4,"seadec",1,2.81
"pc1","4cpu-i7",0.4,"seadec",3,2.82
"pc1","4cpu-i7",0.4,"seadec",2,2.82
"pc1","4cpu-i7",0.4,"seadec",4,2.82
"pc1","4cpu-i7",0.4,"seadec",2,2.84
"pc1","4cpu-i7",0.4,"seadec",3,2.84
"pc1","4cpu-i7",0.4,"seadec",1,2.94
"pc1","4cpu-i7",0.4,"seadec",2,2.69
"pc1","4cpu-i7",0.4,"seadec",3,2.76
"pc1","4cpu-i7",0.4,"seadec",1,2.79
"pc1","4cpu-i7",0.4,"seadec",4,2.85
"pc1","4cpu-i7",0.4,"seadec",2,2.73
"pc1","4cpu-i7",0.4,"seadec",1,2.73
"pc1","4cpu-i7",0.4,"seadec",4,2.72
"pc1","4cpu-i7",0.4,"seadec",3,2.73
"pc1","4cpu-i7",0.4,"seadec",1,2.83
"pc1","4cpu-i7",0.4,"seadec",2,2.83
"pc1","4cpu-i7",0.4,"seadec",4,2.83
"pc1","4cpu-i7",0.4,"seadec",3,2.83
"pc1","4cpu-i7",0.4,"seadec",1,2.83
"pc1","4cpu-i7",0.4,"seadec",2,2.83
"pc1","4cpu-i7",0.4,"seadec",3,2.8
"pc1","4cpu-i7",0.4,"seadec",4,2.8
"pc1","4cpu-i7",0.4,"seadec",1,2.8
"pc1","4cpu-i7",0.4,"seadec",4,2.8
"pc1","4cpu-i7",0.4,"seadec",3,2.81
"pc1","4cpu-i7",0.4,"seadec",2,2.81
"pc1","4cpu-i7",0.4,"seadec",1,2.93
"pc1","4cpu-i7",0.4,"seadec",3,2.96
"pc1","4cpu-i7",0.4,"seadec",4,2.96
"pc1","4cpu-i7",0.4,"seadec",2,2.96
"pc1","4cpu-i7",0.4,"seadec",1,2.8
"pc1","4cpu-i7",0.4,"seadec",2,2.87
"pc1","4cpu-i7",0.4,"seadec",3,2.93
"pc1","4cpu-i7",0.4,"seadec",4,2.94
"pc1","4cpu-i7",0.4,"seadec",1,2.76
"pc1","4cpu-i7",0.4,"seadec",2,2.75
"pc1","4cpu-i7",0.4,"seadec",4,2.82
"pc1","4cpu-i7",0.4,"seadec",3,2.92
"pc1","4cpu-i7",0.4,"seadec",1,2.9
"pc1","4cpu-i7",0.4,"seadec",4,2.98
"pc1","4cpu-i7",0.4,"seadec",3,2.98
"pc1","4cpu-i7",0.4,"seadec",2,2.98
"pc1","4cpu-i7",0.4,"seadec",2,2.83
"pc1","4cpu-i7",0.4,"seadec",4,2.88
"pc1","4cpu-i7",0.4,"seadec",3,2.88
"pc1","4cpu-i7",0.4,"seadec",1,2.95
"pc1","4cpu-i7",0.4,"seadec",2,2.91
"pc1","4cpu-i7",0.4,"seadec",4,2.97
"pc1","4cpu-i7",0.4,"seadec",1,2.97
"pc1","4cpu-i7",0.4,"seadec",3,2.97
"pc1","4cpu-i7",0.4,"seadec",1,2.94
"pc1","4cpu-i7",0.4,"seadec",2,2.94
"pc1","4cpu-i7",0.4,"seadec",3,2.98
"pc1","4cpu-i7",0.4,"seadec",4,2.98
"pc1","4cpu-i7",0.4,"seadec",1,2.78
"pc1","4cpu-i7",0.4,"seadec",4,2.85
"pc1","4cpu-i7",0.4,"seadec",2,2.94
"pc1","4cpu-i7",0.4,"seadec",3,2.95
"pc1","4cpu-i7",0.4,"seadec",3,2.86
"pc1","4cpu-i7",0.4,"seadec",4,2.89
"pc1","4cpu-i7",0.4,"seadec",1,2.89
"pc1","4cpu-i7",0.4,"seadec",2,2.89
"pc1","4cpu-i7",0.4,"seadec",2,2.95
"pc1","4cpu-i7",0.4,"seadec",1,2.96
"pc1","4cpu-i7",0.4,"seadec",3,2.96
"pc1","4cpu-i7",0.4,"seadec",4,2.96
"pc1","4cpu-i7",0.4,"seadec",4,2.87
"pc1","4cpu-i7",0.4,"seadec",2,2.91
"pc1","4cpu-i7",0.4,"seadec",3,2.91
"pc1","4cpu-i7",0.4,"seadec",1,3.01
"pc1","4cpu-i7",0.4,"seadec",2,2.88
"pc1","4cpu-i7",0.4,"seadec",1,2.97
"pc1","4cpu-i7",0.4,"seadec",4,2.98
"pc1","4cpu-i7",0.4,"seadec",3,2.98
"pc1","4cpu-i7",0.4,"seadec",2,2.8
"pc1","4cpu-i7",0.4,"seadec",3,2.8
"pc1","4cpu-i7",0.4,"seadec",1,2.88
"pc1","4cpu-i7",0.4,"seadec",4,2.88
"pc1","4cpu-i7",0.4,"seadec",1,2.86
"pc1","4cpu-i7",0.4,"seadec",2,2.85
"pc1","4cpu-i7",0.4,"seadec",3,2.85
"pc1","4cpu-i7",0.4,"seadec",4,2.92
"pc1","4cpu-i7",0.4,"seadec",2,2.92
"pc1","4cpu-i7",0.4,"seadec",4,2.98
"pc1","4cpu-i7",0.4,"seadec",3,2.98
"pc1","4cpu-i7",0.4,"seadec",1,3
"pc1","4cpu-i7",0.4,"seadec",1,2.89
"pc1","4cpu-i7",0.4,"seadec",4,2.94
"pc1","4cpu-i7",0.4,"seadec",2,2.96
"pc1","4cpu-i7",0.4,"seadec",3,2.96
"pc1","4cpu-i7",0.5,"seadec",4,2.52
"pc1","4cpu-i7",0.5,"seadec",2,2.54
"pc1","4cpu-i7",0.5,"seadec",3,2.54
"pc1","4cpu-i7",0.5,"seadec",1,2.58
"pc1","4cpu-i7",0.5,"seadec",1,2.57
"pc1","4cpu-i7",0.5,"seadec",2,2.57
"pc1","4cpu-i7",0.5,"seadec",4,2.57
"pc1","4cpu-i7",0.5,"seadec",3,2.64
"pc1","4cpu-i7",0.5,"seadec",1,2.27
"pc1","4cpu-i7",0.5,"seadec",4,2.26
"pc1","4cpu-i7",0.5,"seadec",2,2.3
"pc1","4cpu-i7",0.5,"seadec",3,2.35
"pc1","4cpu-i7",0.5,"seadec",1,2.21
"pc1","4cpu-i7",0.5,"seadec",3,2.24
"pc1","4cpu-i7",0.5,"seadec",2,2.26
"pc1","4cpu-i7",0.5,"seadec",4,2.23
"pc1","4cpu-i7",0.5,"seadec",1,2.26
"pc1","4cpu-i7",0.5,"seadec",4,2.26
"pc1","4cpu-i7",0.5,"seadec",3,2.28
"pc1","4cpu-i7",0.5,"seadec",2,2.35
"pc1","4cpu-i7",0.5,"seadec",1,2.3
"pc1","4cpu-i7",0.5,"seadec",3,2.37
"pc1","4cpu-i7",0.5,"seadec",2,2.37
"pc1","4cpu-i7",0.5,"seadec",4,2.36
"pc1","4cpu-i7",0.5,"seadec",2,2.29
"pc1","4cpu-i7",0.5,"seadec",1,2.31
"pc1","4cpu-i7",0.5,"seadec",3,2.36
"pc1","4cpu-i7",0.5,"seadec",4,2.36
"pc1","4cpu-i7",0.5,"seadec",1,2.2
"pc1","4cpu-i7",0.5,"seadec",2,2.2
"pc1","4cpu-i7",0.5,"seadec",4,2.27
"pc1","4cpu-i7",0.5,"seadec",3,2.29
"pc1","4cpu-i7",0.5,"seadec",1,2.33
"pc1","4cpu-i7",0.5,"seadec",3,2.33
"pc1","4cpu-i7",0.5,"seadec",2,2.33
"pc1","4cpu-i7",0.5,"seadec",4,2.33
"pc1","4cpu-i7",0.5,"seadec",1,2.26
"pc1","4cpu-i7",0.5,"seadec",2,2.27
"pc1","4cpu-i7",0.5,"seadec",3,2.27
"pc1","4cpu-i7",0.5,"seadec",4,2.27
"pc1","4cpu-i7",0.5,"seadec",2,2.25
"pc1","4cpu-i7",0.5,"seadec",3,2.26
"pc1","4cpu-i7",0.5,"seadec",1,2.28
"pc1","4cpu-i7",0.5,"seadec",4,2.33
"pc1","4cpu-i7",0.5,"seadec",3,2.29
"pc1","4cpu-i7",0.5,"seadec",1,2.3
"pc1","4cpu-i7",0.5,"seadec",2,2.31
"pc1","4cpu-i7",0.5,"seadec",4,2.3
"pc1","4cpu-i7",0.5,"seadec",1,2.22
"pc1","4cpu-i7",0.5,"seadec",2,2.29
"pc1","4cpu-i7",0.5,"seadec",3,2.29
"pc1","4cpu-i7",0.5,"seadec",4,2.34
"pc1","4cpu-i7",0.5,"seadec",2,2.3
"pc1","4cpu-i7",0.5,"seadec",4,2.29
"pc1","4cpu-i7",0.5,"seadec",1,2.3
"pc1","4cpu-i7",0.5,"seadec",3,2.3
"pc1","4cpu-i7",0.5,"seadec",2,2.28
"pc1","4cpu-i7",0.5,"seadec",1,2.29
"pc1","4cpu-i7",0.5,"seadec",3,2.35
"pc1","4cpu-i7",0.5,"seadec",4,1.58
"pc1","4cpu-i7",0.5,"seadec",1,2.21
"pc1","4cpu-i7",0.5,"seadec",4,2.27
"pc1","4cpu-i7",0.5,"seadec",3,2.29
"pc1","4cpu-i7",0.5,"seadec",2,2.29
"pc1","4cpu-i7",0.5,"seadec",4,2.22
"pc1","4cpu-i7",0.5,"seadec",3,2.31
"pc1","4cpu-i7",0.5,"seadec",2,2.31
"pc1","4cpu-i7",0.5,"seadec",1,2.32
"pc1","4cpu-i7",0.5,"seadec",2,2.28
"pc1","4cpu-i7",0.5,"seadec",1,2.3
"pc1","4cpu-i7",0.5,"seadec",4,2.3
"pc1","4cpu-i7",0.5,"seadec",3,2.3
"pc1","4cpu-i7",0.5,"seadec",3,2.23
"pc1","4cpu-i7",0.5,"seadec",1,2.32
"pc1","4cpu-i7",0.5,"seadec",4,2.29
"pc1","4cpu-i7",0.5,"seadec",2,2.31
"pc1","4cpu-i7",0.5,"seadec",3,2.27
"pc1","4cpu-i7",0.5,"seadec",1,2.29
"pc1","4cpu-i7",0.5,"seadec",4,2.36
"pc1","4cpu-i7",0.5,"seadec",2,2.36
"pc1","4cpu-i7",0.5,"seadec",3,2.33
"pc1","4cpu-i7",0.5,"seadec",4,2.33
"pc1","4cpu-i7",0.5,"seadec",2,2.33
"pc1","4cpu-i7",0.5,"seadec",1,2.33
"pc1","4cpu-i7",0.5,"seadec",1,2.25
"pc1","4cpu-i7",0.5,"seadec",4,2.27
"pc1","4cpu-i7",0.5,"seadec",2,2.27
"pc1","4cpu-i7",0.5,"seadec",3,2.33
"pc1","4cpu-i7",0.5,"seadec",1,2.29
"pc1","4cpu-i7",0.5,"seadec",2,2.29
"pc1","4cpu-i7",0.5,"seadec",3,2.27
"pc1","4cpu-i7",0.5,"seadec",4,2.27
"pc1","4cpu-i7",0.5,"seadec",2,2.33
"pc1","4cpu-i7",0.5,"seadec",3,2.35
"pc1","4cpu-i7",0.5,"seadec",4,2.35
"pc1","4cpu-i7",0.5,"seadec",1,2.35
"pc1","4cpu-i7",0.5,"seadec",4,2.23
"pc1","4cpu-i7",0.5,"seadec",1,2.33
"pc1","4cpu-i7",0.5,"seadec",3,2.32
"pc1","4cpu-i7",0.5,"seadec",2,2.34
"pc1","4cpu-i7",0.5,"seadec",3,2.26
"pc1","4cpu-i7",0.5,"seadec",4,2.3
"pc1","4cpu-i7",0.5,"seadec",2,2.3
"pc1","4cpu-i7",0.5,"seadec",1,2.3
"pc1","4cpu-i7",0.5,"seadec",2,2.26
"pc1","4cpu-i7",0.5,"seadec",3,2.26
"pc1","4cpu-i7",0.5,"seadec",4,2.27
"pc1","4cpu-i7",0.5,"seadec",1,2.35
"pc1","4cpu-i7",0.5,"seadec",3,2.25
"pc1","4cpu-i7",0.5,"seadec",2,2.29
"pc1","4cpu-i7",0.5,"seadec",4,2.35
"pc1","4cpu-i7",0.5,"seadec",1,2.38
"pc1","4cpu-i7",0.5,"seadec",3,2.3
"pc1","4cpu-i7",0.5,"seadec",4,2.36
"pc1","4cpu-i7",0.5,"seadec",1,2.38
"pc1","4cpu-i7",0.5,"seadec",2,2.38
"pc1","4cpu-i7",0.5,"seadec",3,2.27
"pc1","4cpu-i7",0.5,"seadec",1,2.31
"pc1","4cpu-i7",0.5,"seadec",4,2.32
"pc1","4cpu-i7",0.5,"seadec",2,2.31
"pc1","4cpu-i7",0.6,"seadec",3,1.99
"pc1","4cpu-i7",0.6,"seadec",1,2.07
"pc1","4cpu-i7",0.6,"seadec",4,2.05
"pc1","4cpu-i7",0.6,"seadec",2,2.08
"pc1","4cpu-i7",0.6,"seadec",1,2.05
"pc1","4cpu-i7",0.6,"seadec",3,2.05
"pc1","4cpu-i7",0.6,"seadec",4,2.06
"pc1","4cpu-i7",0.6,"seadec",2,2.08
"pc1","4cpu-i7",0.6,"seadec",2,1.88
"pc1","4cpu-i7",0.6,"seadec",1,1.87
"pc1","4cpu-i7",0.6,"seadec",3,1.88
"pc1","4cpu-i7",0.6,"seadec",4,1.87
"pc1","4cpu-i7",0.6,"seadec",1,1.82
"pc1","4cpu-i7",0.6,"seadec",4,1.81
"pc1","4cpu-i7",0.6,"seadec",2,1.81
"pc1","4cpu-i7",0.6,"seadec",3,1.81
"pc1","4cpu-i7",0.6,"seadec",3,1.76
"pc1","4cpu-i7",0.6,"seadec",2,1.78
"pc1","4cpu-i7",0.6,"seadec",4,1.83
"pc1","4cpu-i7",0.6,"seadec",1,1.83
"pc1","4cpu-i7",0.6,"seadec",2,1.78
"pc1","4cpu-i7",0.6,"seadec",4,1.77
"pc1","4cpu-i7",0.6,"seadec",3,1.81
"pc1","4cpu-i7",0.6,"seadec",1,1.85
"pc1","4cpu-i7",0.6,"seadec",1,1.79
"pc1","4cpu-i7",0.6,"seadec",2,1.79
"pc1","4cpu-i7",0.6,"seadec",3,1.79
"pc1","4cpu-i7",0.6,"seadec",4,1.79
"pc1","4cpu-i7",0.6,"seadec",4,1.84
"pc1","4cpu-i7",0.6,"seadec",3,1.85
"pc1","4cpu-i7",0.6,"seadec",1,1.87
"pc1","4cpu-i7",0.6,"seadec",2,1.87
"pc1","4cpu-i7",0.6,"seadec",4,1.76
"pc1","4cpu-i7",0.6,"seadec",2,1.85
"pc1","4cpu-i7",0.6,"seadec",1,1.86
"pc1","4cpu-i7",0.6,"seadec",3,1.84
"pc1","4cpu-i7",0.6,"seadec",3,1.8
"pc1","4cpu-i7",0.6,"seadec",4,1.84
"pc1","4cpu-i7",0.6,"seadec",2,1.84
"pc1","4cpu-i7",0.6,"seadec",1,1.84
"pc1","4cpu-i7",0.6,"seadec",1,1.85
"pc1","4cpu-i7",0.6,"seadec",3,1.86
"pc1","4cpu-i7",0.6,"seadec",4,1.86
"pc1","4cpu-i7",0.6,"seadec",2,1.86
"pc1","4cpu-i7",0.6,"seadec",1,1.84
"pc1","4cpu-i7",0.6,"seadec",2,1.87
"pc1","4cpu-i7",0.6,"seadec",4,1.85
"pc1","4cpu-i7",0.6,"seadec",3,1.87
"pc1","4cpu-i7",0.6,"seadec",1,1.8
"pc1","4cpu-i7",0.6,"seadec",2,1.85
"pc1","4cpu-i7",0.6,"seadec",4,1.84
"pc1","4cpu-i7",0.6,"seadec",3,1.87
"pc1","4cpu-i7",0.6,"seadec",1,1.85
"pc1","4cpu-i7",0.6,"seadec",2,1.85
"pc1","4cpu-i7",0.6,"seadec",4,1.86
"pc1","4cpu-i7",0.6,"seadec",3,1.86
"pc1","4cpu-i7",0.6,"seadec",2,1.76
"pc1","4cpu-i7",0.6,"seadec",1,1.84
"pc1","4cpu-i7",0.6,"seadec",4,1.82
"pc1","4cpu-i7",0.6,"seadec",3,1.83
"pc1","4cpu-i7",0.6,"seadec",1,1.82
"pc1","4cpu-i7",0.6,"seadec",2,1.87
"pc1","4cpu-i7",0.6,"seadec",4,1.86
"pc1","4cpu-i7",0.6,"seadec",3,1.87
"pc1","4cpu-i7",0.6,"seadec",2,1.79
"pc1","4cpu-i7",0.6,"seadec",1,1.82
"pc1","4cpu-i7",0.6,"seadec",3,1.85
"pc1","4cpu-i7",0.6,"seadec",4,1.86
"pc1","4cpu-i7",0.6,"seadec",1,1.88
"pc1","4cpu-i7",0.6,"seadec",4,1.88
"pc1","4cpu-i7",0.6,"seadec",2,1.88
"pc1","4cpu-i7",0.6,"seadec",3,1.88
"pc1","4cpu-i7",0.6,"seadec",4,1.9
"pc1","4cpu-i7",0.6,"seadec",3,1.9
"pc1","4cpu-i7",0.6,"seadec",1,1.9
"pc1","4cpu-i7",0.6,"seadec",2,1.9
"pc1","4cpu-i7",0.6,"seadec",1,1.79
"pc1","4cpu-i7",0.6,"seadec",3,1.78
"pc1","4cpu-i7",0.6,"seadec",4,1.78
"pc1","4cpu-i7",0.6,"seadec",2,1.86
"pc1","4cpu-i7",0.6,"seadec",2,1.87
"pc1","4cpu-i7",0.6,"seadec",1,1.89
"pc1","4cpu-i7",0.6,"seadec",3,1.89
"pc1","4cpu-i7",0.6,"seadec",4,1.86
"pc1","4cpu-i7",0.6,"seadec",1,1.84
"pc1","4cpu-i7",0.6,"seadec",4,1.81
"pc1","4cpu-i7",0.6,"seadec",2,1.87
"pc1","4cpu-i7",0.6,"seadec",3,1.86
"pc1","4cpu-i7",0.6,"seadec",4,1.81
"pc1","4cpu-i7",0.6,"seadec",1,1.85
"pc1","4cpu-i7",0.6,"seadec",3,1.85
"pc1","4cpu-i7",0.6,"seadec",2,1.86
"pc1","4cpu-i7",0.6,"seadec",4,1.88
"pc1","4cpu-i7",0.6,"seadec",2,1.92
"pc1","4cpu-i7",0.6,"seadec",3,1.92
"pc1","4cpu-i7",0.6,"seadec",1,1.92
"pc1","4cpu-i7",0.6,"seadec",1,1.81
"pc1","4cpu-i7",0.6,"seadec",2,1.81
"pc1","4cpu-i7",0.6,"seadec",3,1.87
"pc1","4cpu-i7",0.6,"seadec",4,1.85
"pc1","4cpu-i7",0.6,"seadec",4,1.88
"pc1","4cpu-i7",0.6,"seadec",2,1.88
"pc1","4cpu-i7",0.6,"seadec",1,1.88
"pc1","4cpu-i7",0.6,"seadec",3,1.88
"pc1","4cpu-i7",0.6,"seadec",2,1.86
"pc1","4cpu-i7",0.6,"seadec",4,1.89
"pc1","4cpu-i7",0.6,"seadec",1,1.89
"pc1","4cpu-i7",0.6,"seadec",3,1.89
"pc1","4cpu-i7",0.6,"seadec",4,1.82
"pc1","4cpu-i7",0.6,"seadec",1,1.87
"pc1","4cpu-i7",0.6,"seadec",2,1.88
"pc1","4cpu-i7",0.6,"seadec",3,1.91
"pc1","4cpu-i7",0.6,"seadec",1,1.8
"pc1","4cpu-i7",0.6,"seadec",4,1.83
"pc1","4cpu-i7",0.6,"seadec",2,1.83
"pc1","4cpu-i7",0.6,"seadec",3,1.83
"pc1","4cpu-i7",0.6,"seadec",1,1.86
"pc1","4cpu-i7",0.6,"seadec",4,1.86
"pc1","4cpu-i7",0.6,"seadec",2,1.86
"pc1","4cpu-i7",0.6,"seadec",3,1.86
"pc1","4cpu-i7",0.7,"seadec",3,1.76
"pc1","4cpu-i7",0.7,"seadec",1,1.8
"pc1","4cpu-i7",0.7,"seadec",2,1.8
"pc1","4cpu-i7",0.7,"seadec",4,1.8
"pc1","4cpu-i7",0.7,"seadec",4,1.76
"pc1","4cpu-i7",0.7,"seadec",3,1.8
"pc1","4cpu-i7",0.7,"seadec",2,1.82
"pc1","4cpu-i7",0.7,"seadec",1,1.82
"pc1","4cpu-i7",0.7,"seadec",4,1.6
"pc1","4cpu-i7",0.7,"seadec",1,1.6
"pc1","4cpu-i7",0.7,"seadec",2,1.6
"pc1","4cpu-i7",0.7,"seadec",3,1.6
"pc1","4cpu-i7",0.7,"seadec",2,1.57
"pc1","4cpu-i7",0.7,"seadec",1,1.57
"pc1","4cpu-i7",0.7,"seadec",3,1.57
"pc1","4cpu-i7",0.7,"seadec",4,1.57
"pc1","4cpu-i7",0.7,"seadec",1,1.57
"pc1","4cpu-i7",0.7,"seadec",4,1.56
"pc1","4cpu-i7",0.7,"seadec",3,1.58
"pc1","4cpu-i7",0.7,"seadec",2,1.59
"pc1","4cpu-i7",0.7,"seadec",3,1.57
"pc1","4cpu-i7",0.7,"seadec",4,1.57
"pc1","4cpu-i7",0.7,"seadec",1,1.57
"pc1","4cpu-i7",0.7,"seadec",2,1.57
"pc1","4cpu-i7",0.7,"seadec",4,1.4
"pc1","4cpu-i7",0.7,"seadec",2,1.53
"pc1","4cpu-i7",0.7,"seadec",1,1.56
"pc1","4cpu-i7",0.7,"seadec",3,1.64
"pc1","4cpu-i7",0.7,"seadec",4,1.54
"pc1","4cpu-i7",0.7,"seadec",3,1.55
"pc1","4cpu-i7",0.7,"seadec",1,1.63
"pc1","4cpu-i7",0.7,"seadec",2,1.61
"pc1","4cpu-i7",0.7,"seadec",2,1.56
"pc1","4cpu-i7",0.7,"seadec",3,1.6
"pc1","4cpu-i7",0.7,"seadec",4,1.6
"pc1","4cpu-i7",0.7,"seadec",1,1.6
"pc1","4cpu-i7",0.7,"seadec",3,1.57
"pc1","4cpu-i7",0.7,"seadec",1,1.6
"pc1","4cpu-i7",0.7,"seadec",4,1.57
"pc1","4cpu-i7",0.7,"seadec",2,1.62
"pc1","4cpu-i7",0.7,"seadec",1,1.58
"pc1","4cpu-i7",0.7,"seadec",3,1.59
"pc1","4cpu-i7",0.7,"seadec",4,1.58
"pc1","4cpu-i7",0.7,"seadec",2,1.58
"pc1","4cpu-i7",0.7,"seadec",2,1.58
"pc1","4cpu-i7",0.7,"seadec",1,1.58
"pc1","4cpu-i7",0.7,"seadec",4,1.59
"pc1","4cpu-i7",0.7,"seadec",3,1.59
"pc1","4cpu-i7",0.7,"seadec",2,1.56
"pc1","4cpu-i7",0.7,"seadec",3,1.56
"pc1","4cpu-i7",0.7,"seadec",4,1.63
"pc1","4cpu-i7",0.7,"seadec",1,1.63
"pc1","4cpu-i7",0.7,"seadec",2,1.54
"pc1","4cpu-i7",0.7,"seadec",1,1.57
"pc1","4cpu-i7",0.7,"seadec",3,1.58
"pc1","4cpu-i7",0.7,"seadec",4,1.58
"pc1","4cpu-i7",0.7,"seadec",1,1.59
"pc1","4cpu-i7",0.7,"seadec",3,1.6
"pc1","4cpu-i7",0.7,"seadec",2,1.6
"pc1","4cpu-i7",0.7,"seadec",4,1.59
"pc1","4cpu-i7",0.7,"seadec",2,1.52
"pc1","4cpu-i7",0.7,"seadec",3,1.55
"pc1","4cpu-i7",0.7,"seadec",1,1.52
"pc1","4cpu-i7",0.7,"seadec",4,1.52
"pc1","4cpu-i7",0.7,"seadec",1,1.51
"pc1","4cpu-i7",0.7,"seadec",4,1.5
"pc1","4cpu-i7",0.7,"seadec",3,1.5
"pc1","4cpu-i7",0.7,"seadec",2,1.52
"pc1","4cpu-i7",0.7,"seadec",1,1.51
"pc1","4cpu-i7",0.7,"seadec",2,1.53
"pc1","4cpu-i7",0.7,"seadec",3,1.53
"pc1","4cpu-i7",0.7,"seadec",4,1.53
"pc1","4cpu-i7",0.7,"seadec",2,1.48
"pc1","4cpu-i7",0.7,"seadec",1,1.51
"pc1","4cpu-i7",0.7,"seadec",4,1.49
"pc1","4cpu-i7",0.7,"seadec",3,1.5
"pc1","4cpu-i7",0.7,"seadec",1,1.48
"pc1","4cpu-i7",0.7,"seadec",3,1.55
"pc1","4cpu-i7",0.7,"seadec",2,1.56
"pc1","4cpu-i7",0.7,"seadec",4,1.55
"pc1","4cpu-i7",0.7,"seadec",1,1.5
"pc1","4cpu-i7",0.7,"seadec",4,1.52
"pc1","4cpu-i7",0.7,"seadec",2,1.55
"pc1","4cpu-i7",0.7,"seadec",3,1.55
"pc1","4cpu-i7",0.7,"seadec",3,1.51
"pc1","4cpu-i7",0.7,"seadec",2,1.51
"pc1","4cpu-i7",0.7,"seadec",1,1.57
"pc1","4cpu-i7",0.7,"seadec",4,1.56
"pc1","4cpu-i7",0.7,"seadec",1,1.51
"pc1","4cpu-i7",0.7,"seadec",3,1.54
"pc1","4cpu-i7",0.7,"seadec",2,1.55
"pc1","4cpu-i7",0.7,"seadec",4,1.55
"pc1","4cpu-i7",0.7,"seadec",2,1.48
"pc1","4cpu-i7",0.7,"seadec",1,1.54
"pc1","4cpu-i7",0.7,"seadec",3,1.54
"pc1","4cpu-i7",0.7,"seadec",4,1.54
"pc1","4cpu-i7",0.7,"seadec",3,1.5
"pc1","4cpu-i7",0.7,"seadec",2,1.58
"pc1","4cpu-i7",0.7,"seadec",4,1.58
"pc1","4cpu-i7",0.7,"seadec",1,1.6
"pc1","4cpu-i7",0.7,"seadec",3,1.53
"pc1","4cpu-i7",0.7,"seadec",4,1.53
"pc1","4cpu-i7",0.7,"seadec",1,1.57
"pc1","4cpu-i7",0.7,"seadec",2,1.57
"pc1","4cpu-i7",0.7,"seadec",2,1.57
"pc1","4cpu-i7",0.7,"seadec",4,1.6
"pc1","4cpu-i7",0.7,"seadec",1,1.6
"pc1","4cpu-i7",0.7,"seadec",3,1.6
"pc1","4cpu-i7",0.7,"seadec",2,1.53
"pc1","4cpu-i7",0.7,"seadec",3,1.56
"pc1","4cpu-i7",0.7,"seadec",4,1.59
"pc1","4cpu-i7",0.7,"seadec",1,1.63
"pc1","4cpu-i7",0.7,"seadec",3,1.52
"pc1","4cpu-i7",0.7,"seadec",4,1.52
"pc1","4cpu-i7",0.7,"seadec",1,1.63
"pc1","4cpu-i7",0.7,"seadec",2,1.63
"pc1","4cpu-i7",0.7,"seadec",2,1.56
"pc1","4cpu-i7",0.7,"seadec",3,1.56
"pc1","4cpu-i7",0.7,"seadec",4,1.57
"pc1","4cpu-i7",0.7,"seadec",1,1.6
"pc1","4cpu-i7",0.8,"seadec",1,1.54
"pc1","4cpu-i7",0.8,"seadec",2,1.52
"pc1","4cpu-i7",0.8,"seadec",3,1.5
"pc1","4cpu-i7",0.8,"seadec",4,1.52
"pc1","4cpu-i7",0.8,"seadec",1,1.58
"pc1","4cpu-i7",0.8,"seadec",4,1.56
"pc1","4cpu-i7",0.8,"seadec",2,1.59
"pc1","4cpu-i7",0.8,"seadec",3,1.59
"pc1","4cpu-i7",0.8,"seadec",2,1.32
"pc1","4cpu-i7",0.8,"seadec",1,1.34
"pc1","4cpu-i7",0.8,"seadec",4,1.35
"pc1","4cpu-i7",0.8,"seadec",3,1.36
"pc1","4cpu-i7",0.8,"seadec",3,1.32
"pc1","4cpu-i7",0.8,"seadec",2,1.37
"pc1","4cpu-i7",0.8,"seadec",4,1.35
"pc1","4cpu-i7",0.8,"seadec",1,1.35
"pc1","4cpu-i7",0.8,"seadec",3,1.35
"pc1","4cpu-i7",0.8,"seadec",4,1.35
"pc1","4cpu-i7",0.8,"seadec",1,1.38
"pc1","4cpu-i7",0.8,"seadec",2,1.38
"pc1","4cpu-i7",0.8,"seadec",3,1.38
"pc1","4cpu-i7",0.8,"seadec",1,1.38
"pc1","4cpu-i7",0.8,"seadec",4,1.38
"pc1","4cpu-i7",0.8,"seadec",2,1.38
"pc1","4cpu-i7",0.8,"seadec",1,1.39
"pc1","4cpu-i7",0.8,"seadec",3,1.38
"pc1","4cpu-i7",0.8,"seadec",2,1.38
"pc1","4cpu-i7",0.8,"seadec",4,1.38
"pc1","4cpu-i7",0.8,"seadec",1,1.34
"pc1","4cpu-i7",0.8,"seadec",3,1.36
"pc1","4cpu-i7",0.8,"seadec",4,1.37
"pc1","4cpu-i7",0.8,"seadec",2,1.39
"pc1","4cpu-i7",0.8,"seadec",3,1.35
"pc1","4cpu-i7",0.8,"seadec",2,1.4
"pc1","4cpu-i7",0.8,"seadec",1,1.4
"pc1","4cpu-i7",0.8,"seadec",4,1.39
"pc1","4cpu-i7",0.8,"seadec",2,1.37
"pc1","4cpu-i7",0.8,"seadec",3,1.37
"pc1","4cpu-i7",0.8,"seadec",1,1.41
"pc1","4cpu-i7",0.8,"seadec",4,1.4
"pc1","4cpu-i7",0.8,"seadec",4,1.4
"pc1","4cpu-i7",0.8,"seadec",1,1.4
"pc1","4cpu-i7",0.8,"seadec",2,1.4
"pc1","4cpu-i7",0.8,"seadec",3,1.4
"pc1","4cpu-i7",0.8,"seadec",1,1.36
"pc1","4cpu-i7",0.8,"seadec",2,1.4
"pc1","4cpu-i7",0.8,"seadec",3,1.4
"pc1","4cpu-i7",0.8,"seadec",4,1.4
"pc1","4cpu-i7",0.8,"seadec",2,1.38
"pc1","4cpu-i7",0.8,"seadec",1,1.42
"pc1","4cpu-i7",0.8,"seadec",4,1.39
"pc1","4cpu-i7",0.8,"seadec",3,1.42
"pc1","4cpu-i7",0.8,"seadec",2,1.34
"pc1","4cpu-i7",0.8,"seadec",1,1.38
"pc1","4cpu-i7",0.8,"seadec",4,1.39
"pc1","4cpu-i7",0.8,"seadec",3,1.42
"pc1","4cpu-i7",0.8,"seadec",1,1.39
"pc1","4cpu-i7",0.8,"seadec",3,1.39
"pc1","4cpu-i7",0.8,"seadec",4,1.4
"pc1","4cpu-i7",0.8,"seadec",2,1.42
"pc1","4cpu-i7",0.8,"seadec",3,1.39
"pc1","4cpu-i7",0.8,"seadec",4,1.41
"pc1","4cpu-i7",0.8,"seadec",1,1.41
"pc1","4cpu-i7",0.8,"seadec",2,1.41
"pc1","4cpu-i7",0.8,"seadec",1,1.39
"pc1","4cpu-i7",0.8,"seadec",2,1.39
"pc1","4cpu-i7",0.8,"seadec",4,1.39
"pc1","4cpu-i7",0.8,"seadec",3,1.41
"pc1","4cpu-i7",0.8,"seadec",1,1.38
"pc1","4cpu-i7",0.8,"seadec",2,1.39
"pc1","4cpu-i7",0.8,"seadec",4,1.39
"pc1","4cpu-i7",0.8,"seadec",3,1.41
"pc1","4cpu-i7",0.8,"seadec",1,1.4
"pc1","4cpu-i7",0.8,"seadec",3,1.4
"pc1","4cpu-i7",0.8,"seadec",2,1.4
"pc1","4cpu-i7",0.8,"seadec",4,1.4
"pc1","4cpu-i7",0.8,"seadec",4,1.39
"pc1","4cpu-i7",0.8,"seadec",2,1.4
"pc1","4cpu-i7",0.8,"seadec",1,1.44
"pc1","4cpu-i7",0.8,"seadec",3,1.46
"pc1","4cpu-i7",0.8,"seadec",3,1.36
"pc1","4cpu-i7",0.8,"seadec",4,1.37
"pc1","4cpu-i7",0.8,"seadec",2,1.4
"pc1","4cpu-i7",0.8,"seadec",1,1.4
"pc1","4cpu-i7",0.8,"seadec",3,1.35
"pc1","4cpu-i7",0.8,"seadec",2,1.39
"pc1","4cpu-i7",0.8,"seadec",1,1.39
"pc1","4cpu-i7",0.8,"seadec",4,1.39
"pc1","4cpu-i7",0.8,"seadec",3,1.38
"pc1","4cpu-i7",0.8,"seadec",2,1.38
"pc1","4cpu-i7",0.8,"seadec",1,1.41
"pc1","4cpu-i7",0.8,"seadec",4,1.41
"pc1","4cpu-i7",0.8,"seadec",3,1.38
"pc1","4cpu-i7",0.8,"seadec",1,1.42
"pc1","4cpu-i7",0.8,"seadec",4,1.41
"pc1","4cpu-i7",0.8,"seadec",2,1.43
"pc1","4cpu-i7",0.8,"seadec",2,1.39
"pc1","4cpu-i7",0.8,"seadec",1,1.41
"pc1","4cpu-i7",0.8,"seadec",3,1.4
"pc1","4cpu-i7",0.8,"seadec",4,1.4
"pc1","4cpu-i7",0.8,"seadec",4,1.39
"pc1","4cpu-i7",0.8,"seadec",1,1.39
"pc1","4cpu-i7",0.8,"seadec",3,1.39
"pc1","4cpu-i7",0.8,"seadec",2,1.4
"pc1","4cpu-i7",0.8,"seadec",3,1.37
"pc1","4cpu-i7",0.8,"seadec",4,1.4
"pc1","4cpu-i7",0.8,"seadec",1,1.42
"pc1","4cpu-i7",0.8,"seadec",2,1.43
"pc1","4cpu-i7",0.8,"seadec",1,1.37
"pc1","4cpu-i7",0.8,"seadec",2,1.38
"pc1","4cpu-i7",0.8,"seadec",3,1.38
"pc1","4cpu-i7",0.8,"seadec",4,1.38
"pc1","4cpu-i7",0.8,"seadec",1,1.38
"pc1","4cpu-i7",0.8,"seadec",3,1.37
"pc1","4cpu-i7",0.8,"seadec",4,1.4
"pc1","4cpu-i7",0.8,"seadec",2,1.4
"pc1","4cpu-i7",0.8,"seadec",1,1.39
"pc1","4cpu-i7",0.8,"seadec",3,1.39
"pc1","4cpu-i7",0.8,"seadec",2,1.41
"pc1","4cpu-i7",0.8,"seadec",4,1.4
"pc1","4cpu-i7",0.9,"seadec",1,1.38
"pc1","4cpu-i7",0.9,"seadec",4,1.39
"pc1","4cpu-i7",0.9,"seadec",3,1.39
"pc1","4cpu-i7",0.9,"seadec",2,1.39
"pc1","4cpu-i7",0.9,"seadec",1,1.38
"pc1","4cpu-i7",0.9,"seadec",3,1.38
"pc1","4cpu-i7",0.9,"seadec",4,1.39
"pc1","4cpu-i7",0.9,"seadec",2,1.41
"pc1","4cpu-i7",0.9,"seadec",1,1.18
"pc1","4cpu-i7",0.9,"seadec",2,1.19
"pc1","4cpu-i7",0.9,"seadec",4,1.19
"pc1","4cpu-i7",0.9,"seadec",3,1.19
"pc1","4cpu-i7",0.9,"seadec",1,1.24
"pc1","4cpu-i7",0.9,"seadec",2,1.23
"pc1","4cpu-i7",0.9,"seadec",3,1.21
"pc1","4cpu-i7",0.9,"seadec",4,1.21
"pc1","4cpu-i7",0.9,"seadec",1,1.21
"pc1","4cpu-i7",0.9,"seadec",3,1.21
"pc1","4cpu-i7",0.9,"seadec",2,1.22
"pc1","4cpu-i7",0.9,"seadec",4,1.22
"pc1","4cpu-i7",0.9,"seadec",1,1.21
"pc1","4cpu-i7",0.9,"seadec",3,1.22
"pc1","4cpu-i7",0.9,"seadec",2,1.22
"pc1","4cpu-i7",0.9,"seadec",4,1.22
"pc1","4cpu-i7",0.9,"seadec",1,1.23
"pc1","4cpu-i7",0.9,"seadec",3,1.2
"pc1","4cpu-i7",0.9,"seadec",2,1.2
"pc1","4cpu-i7",0.9,"seadec",4,1.2
"pc1","4cpu-i7",0.9,"seadec",2,1.2
"pc1","4cpu-i7",0.9,"seadec",1,1.24
"pc1","4cpu-i7",0.9,"seadec",4,1.22
"pc1","4cpu-i7",0.9,"seadec",3,1.22
"pc1","4cpu-i7",0.9,"seadec",2,1.21
"pc1","4cpu-i7",0.9,"seadec",4,1.21
"pc1","4cpu-i7",0.9,"seadec",3,1.23
"pc1","4cpu-i7",0.9,"seadec",1,1.23
"pc1","4cpu-i7",0.9,"seadec",1,1.24
"pc1","4cpu-i7",0.9,"seadec",2,1.25
"pc1","4cpu-i7",0.9,"seadec",3,1.25
"pc1","4cpu-i7",0.9,"seadec",4,1.26
"pc1","4cpu-i7",0.9,"seadec",1,1.22
"pc1","4cpu-i7",0.9,"seadec",2,1.23
"pc1","4cpu-i7",0.9,"seadec",3,1.24
"pc1","4cpu-i7",0.9,"seadec",4,1.23
"pc1","4cpu-i7",0.9,"seadec",1,1.25
"pc1","4cpu-i7",0.9,"seadec",3,1.21
"pc1","4cpu-i7",0.9,"seadec",2,1.25
"pc1","4cpu-i7",0.9,"seadec",4,1.25
"pc1","4cpu-i7",0.9,"seadec",1,1.23
"pc1","4cpu-i7",0.9,"seadec",4,1.21
"pc1","4cpu-i7",0.9,"seadec",2,1.25
"pc1","4cpu-i7",0.9,"seadec",3,1.25
"pc1","4cpu-i7",0.9,"seadec",1,1.2
"pc1","4cpu-i7",0.9,"seadec",2,1.2
"pc1","4cpu-i7",0.9,"seadec",4,1.22
"pc1","4cpu-i7",0.9,"seadec",3,1.23
"pc1","4cpu-i7",0.9,"seadec",2,1.22
"pc1","4cpu-i7",0.9,"seadec",1,1.24
"pc1","4cpu-i7",0.9,"seadec",4,1.24
"pc1","4cpu-i7",0.9,"seadec",3,1.25
"pc1","4cpu-i7",0.9,"seadec",2,1.23
"pc1","4cpu-i7",0.9,"seadec",1,1.21
"pc1","4cpu-i7",0.9,"seadec",4,1.21
"pc1","4cpu-i7",0.9,"seadec",3,1.24
"pc1","4cpu-i7",0.9,"seadec",1,1.22
"pc1","4cpu-i7",0.9,"seadec",2,1.24
"pc1","4cpu-i7",0.9,"seadec",4,1.24
"pc1","4cpu-i7",0.9,"seadec",3,1.24
"pc1","4cpu-i7",0.9,"seadec",1,1.23
"pc1","4cpu-i7",0.9,"seadec",4,1.22
"pc1","4cpu-i7",0.9,"seadec",2,1.22
"pc1","4cpu-i7",0.9,"seadec",3,1.23
"pc1","4cpu-i7",0.9,"seadec",1,1.19
"pc1","4cpu-i7",0.9,"seadec",2,1.2
"pc1","4cpu-i7",0.9,"seadec",3,1.21
"pc1","4cpu-i7",0.9,"seadec",4,1.2
"pc1","4cpu-i7",0.9,"seadec",2,1.27
"pc1","4cpu-i7",0.9,"seadec",1,1.27
"pc1","4cpu-i7",0.9,"seadec",3,1.24
"pc1","4cpu-i7",0.9,"seadec",4,1.23
"pc1","4cpu-i7",0.9,"seadec",1,1.23
"pc1","4cpu-i7",0.9,"seadec",4,1.23
"pc1","4cpu-i7",0.9,"seadec",2,1.25
"pc1","4cpu-i7",0.9,"seadec",3,1.27
"pc1","4cpu-i7",0.9,"seadec",1,1.24
"pc1","4cpu-i7",0.9,"seadec",3,1.24
"pc1","4cpu-i7",0.9,"seadec",2,1.25
"pc1","4cpu-i7",0.9,"seadec",4,1.27
"pc1","4cpu-i7",0.9,"seadec",3,1.2
"pc1","4cpu-i7",0.9,"seadec",4,1.2
"pc1","4cpu-i7",0.9,"seadec",1,1.23
"pc1","4cpu-i7",0.9,"seadec",2,1.23
"pc1","4cpu-i7",0.9,"seadec",3,1.2
"pc1","4cpu-i7",0.9,"seadec",2,1.21
"pc1","4cpu-i7",0.9,"seadec",4,1.22
"pc1","4cpu-i7",0.9,"seadec",1,1.25
"pc1","4cpu-i7",0.9,"seadec",1,1.21
"pc1","4cpu-i7",0.9,"seadec",3,1.23
"pc1","4cpu-i7",0.9,"seadec",2,1.23
"pc1","4cpu-i7",0.9,"seadec",4,1.24
"pc1","4cpu-i7",0.9,"seadec",1,1.23
"pc1","4cpu-i7",0.9,"seadec",4,1.23
"pc1","4cpu-i7",0.9,"seadec",3,1.23
"pc1","4cpu-i7",0.9,"seadec",2,1.23
"pc1","4cpu-i7",0.9,"seadec",2,1.24
"pc1","4cpu-i7",0.9,"seadec",1,1.24
"pc1","4cpu-i7",0.9,"seadec",4,1.25
"pc1","4cpu-i7",0.9,"seadec",3,1.25
"pc1","4cpu-i7",0.9,"seadec",1,1.24
"pc1","4cpu-i7",0.9,"seadec",4,1.2
"pc1","4cpu-i7",0.9,"seadec",3,1.22
"pc1","4cpu-i7",0.9,"seadec",2,1.26
"pc1","4cpu-i7",0.9,"seadec",3,1.23
"pc1","4cpu-i7",0.9,"seadec",2,1.26
"pc1","4cpu-i7",0.9,"seadec",4,1.25
"pc1","4cpu-i7",0.9,"seadec",1,1.25
"pc1","4cpu-i7",0.9,"seadec",2,1.25
"pc1","4cpu-i7",0.9,"seadec",3,1.23
"pc1","4cpu-i7",0.9,"seadec",1,1.25
"pc1","4cpu-i7",0.9,"seadec",4,1.24
"pc1","4cpu-i7",1,"seadec",2,1.07
"pc1","4cpu-i7",1,"seadec",3,1.07
"pc1","4cpu-i7",1,"seadec",1,1.1
"pc1","4cpu-i7",1,"seadec",4,1.08
"pc1","4cpu-i7",1,"seadec",1,1.06
"pc1","4cpu-i7",1,"seadec",4,1.07
"pc1","4cpu-i7",1,"seadec",2,1.1
"pc1","4cpu-i7",1,"seadec",3,1.1
"pc1","4cpu-i7",1,"seadec",2,1.07
"pc1","4cpu-i7",1,"seadec",1,1.09
"pc1","4cpu-i7",1,"seadec",3,1.1
"pc1","4cpu-i7",1,"seadec",4,1.1
"pc1","4cpu-i7",1,"seadec",1,1.08
"pc1","4cpu-i7",1,"seadec",3,1.08
"pc1","4cpu-i7",1,"seadec",2,1.1
"pc1","4cpu-i7",1,"seadec",4,1.1
"pc1","4cpu-i7",1,"seadec",2,1.07
"pc1","4cpu-i7",1,"seadec",3,1.11
"pc1","4cpu-i7",1,"seadec",1,1.11
"pc1","4cpu-i7",1,"seadec",4,1.1
"pc1","4cpu-i7",1,"seadec",3,1.08
"pc1","4cpu-i7",1,"seadec",4,1.08
"pc1","4cpu-i7",1,"seadec",1,1.12
"pc1","4cpu-i7",1,"seadec",2,1.12
"pc1","4cpu-i7",1,"seadec",2,1.12
"pc1","4cpu-i7",1,"seadec",1,1.12
"pc1","4cpu-i7",1,"seadec",4,1.12
"pc1","4cpu-i7",1,"seadec",3,1.12
"pc1","4cpu-i7",1,"seadec",1,1.12
"pc1","4cpu-i7",1,"seadec",2,1.1
"pc1","4cpu-i7",1,"seadec",4,1.11
"pc1","4cpu-i7",1,"seadec",3,1.11
"pc1","4cpu-i7",1,"seadec",3,1.09
"pc1","4cpu-i7",1,"seadec",4,1.09
"pc1","4cpu-i7",1,"seadec",1,1.15
"pc1","4cpu-i7",1,"seadec",2,1.15
"pc1","4cpu-i7",1,"seadec",3,1.1
"pc1","4cpu-i7",1,"seadec",2,1.1
"pc1","4cpu-i7",1,"seadec",1,1.12
"pc1","4cpu-i7",1,"seadec",4,1.11
"pc1","4cpu-i7",1,"seadec",1,1.09
"pc1","4cpu-i7",1,"seadec",4,1.09
"pc1","4cpu-i7",1,"seadec",2,1.12
"pc1","4cpu-i7",1,"seadec",3,1.12
"pc1","4cpu-i7",1,"seadec",1,1.08
"pc1","4cpu-i7",1,"seadec",3,1.09
"pc1","4cpu-i7",1,"seadec",2,1.13
"pc1","4cpu-i7",1,"seadec",4,1.12
"pc1","4cpu-i7",1,"seadec",1,1.11
"pc1","4cpu-i7",1,"seadec",2,1.1
"pc1","4cpu-i7",1,"seadec",4,1.1
"pc1","4cpu-i7",1,"seadec",3,1.11
"pc1","4cpu-i7",1,"seadec",1,1.1
"pc1","4cpu-i7",1,"seadec",4,1.09
"pc1","4cpu-i7",1,"seadec",3,1.11
"pc1","4cpu-i7",1,"seadec",2,1.12
"pc1","4cpu-i7",1,"seadec",1,1.1
"pc1","4cpu-i7",1,"seadec",4,1.12
"pc1","4cpu-i7",1,"seadec",3,1.12
"pc1","4cpu-i7",1,"seadec",2,1.12
"pc1","4cpu-i7",1,"seadec",2,1.09
"pc1","4cpu-i7",1,"seadec",3,1.09
"pc1","4cpu-i7",1,"seadec",1,1.12
"pc1","4cpu-i7",1,"seadec",4,1.1
"pc1","4cpu-i7",1,"seadec",3,1.1
"pc1","4cpu-i7",1,"seadec",2,1.1
"pc1","4cpu-i7",1,"seadec",4,1.1
"pc1","4cpu-i7",1,"seadec",1,1.1
"pc1","4cpu-i7",1,"seadec",2,1.1
"pc1","4cpu-i7",1,"seadec",3,1.13
"pc1","4cpu-i7",1,"seadec",1,1.13
"pc1","4cpu-i7",1,"seadec",4,1.1
"pc1","4cpu-i7",1,"seadec",1,1.1
"pc1","4cpu-i7",1,"seadec",3,1.1
"pc1","4cpu-i7",1,"seadec",4,1.12
"pc1","4cpu-i7",1,"seadec",2,1.12
"pc1","4cpu-i7",1,"seadec",2,1.07
"pc1","4cpu-i7",1,"seadec",1,1.09
"pc1","4cpu-i7",1,"seadec",3,1.12
"pc1","4cpu-i7",1,"seadec",4,1.13
"pc1","4cpu-i7",1,"seadec",4,1.07
"pc1","4cpu-i7",1,"seadec",3,1.07
"pc1","4cpu-i7",1,"seadec",1,1.13
"pc1","4cpu-i7",1,"seadec",2,1.13
"pc1","4cpu-i7",1,"seadec",1,1.1
"pc1","4cpu-i7",1,"seadec",2,1.1
"pc1","4cpu-i7",1,"seadec",4,1.1
"pc1","4cpu-i7",1,"seadec",3,1.1
"pc1","4cpu-i7",0.1,"SMA",4,20.11
"pc1","4cpu-i7",0.1,"SMA",2,20.32
"pc1","4cpu-i7",0.1,"SMA",3,20.32
"pc1","4cpu-i7",0.1,"SMA",1,20.43
"pc1","4cpu-i7",0.1,"SMA",1,20.69
"pc1","4cpu-i7",0.1,"SMA",2,20.86
"pc1","4cpu-i7",0.1,"SMA",3,20.86
"pc1","4cpu-i7",0.1,"SMA",4,20.86
"pc1","4cpu-i7",0.1,"SMA",4,17.87
"pc1","4cpu-i7",0.1,"SMA",2,17.87
"pc1","4cpu-i7",0.1,"SMA",1,18.07
"pc1","4cpu-i7",0.1,"SMA",3,18.25
"pc1","4cpu-i7",0.1,"SMA",2,19.36
"pc1","4cpu-i7",0.1,"SMA",3,19.55
"pc1","4cpu-i7",0.1,"SMA",4,19.58
"pc1","4cpu-i7",0.1,"SMA",1,19.58
"pc1","4cpu-i7",0.1,"SMA",3,19.27
"pc1","4cpu-i7",0.1,"SMA",4,19.27
"pc1","4cpu-i7",0.1,"SMA",2,19.29
"pc1","4cpu-i7",0.1,"SMA",1,19.29
"pc1","4cpu-i7",0.1,"SMA",3,17.28
"pc1","4cpu-i7",0.1,"SMA",2,17.46
"pc1","4cpu-i7",0.1,"SMA",1,17.56
"pc1","4cpu-i7",0.1,"SMA",4,17.56
"pc1","4cpu-i7",0.1,"SMA",1,18.07
"pc1","4cpu-i7",0.1,"SMA",2,18.16
"pc1","4cpu-i7",0.1,"SMA",3,18.35
"pc1","4cpu-i7",0.1,"SMA",4,18.54
"pc1","4cpu-i7",0.1,"SMA",4,18.62
"pc1","4cpu-i7",0.1,"SMA",3,18.71
"pc1","4cpu-i7",0.1,"SMA",2,18.73
"pc1","4cpu-i7",0.1,"SMA",1,18.95
"pc1","4cpu-i7",0.1,"SMA",2,17.36
"pc1","4cpu-i7",0.1,"SMA",4,17.74
"pc1","4cpu-i7",0.1,"SMA",1,17.97
"pc1","4cpu-i7",0.1,"SMA",3,17.96
"pc1","4cpu-i7",0.1,"SMA",4,18.14
"pc1","4cpu-i7",0.1,"SMA",2,18.37
"pc1","4cpu-i7",0.1,"SMA",3,18.35
"pc1","4cpu-i7",0.1,"SMA",1,18.35
"pc1","4cpu-i7",0.1,"SMA",4,18.34
"pc1","4cpu-i7",0.1,"SMA",1,18.46
"pc1","4cpu-i7",0.1,"SMA",2,18.65
"pc1","4cpu-i7",0.1,"SMA",3,18.75
"pc1","4cpu-i7",0.1,"SMA",4,17.27
"pc1","4cpu-i7",0.1,"SMA",1,17.69
"pc1","4cpu-i7",0.1,"SMA",2,17.77
"pc1","4cpu-i7",0.1,"SMA",3,18.07
"pc1","4cpu-i7",0.1,"SMA",2,18.68
"pc1","4cpu-i7",0.1,"SMA",3,18.87
"pc1","4cpu-i7",0.1,"SMA",1,19.08
"pc1","4cpu-i7",0.1,"SMA",4,19.07
"pc1","4cpu-i7",0.1,"SMA",1,19.47
"pc1","4cpu-i7",0.1,"SMA",3,19.54
"pc1","4cpu-i7",0.1,"SMA",2,19.66
"pc1","4cpu-i7",0.1,"SMA",4,19.85
"pc1","4cpu-i7",0.1,"SMA",3,17.84
"pc1","4cpu-i7",0.1,"SMA",2,18.05
"pc1","4cpu-i7",0.1,"SMA",1,18.16
"pc1","4cpu-i7",0.1,"SMA",4,18.64
"pc1","4cpu-i7",0.1,"SMA",2,17.35
"pc1","4cpu-i7",0.1,"SMA",1,17.47
"pc1","4cpu-i7",0.1,"SMA",3,17.75
"pc1","4cpu-i7",0.1,"SMA",4,17.94
"pc1","4cpu-i7",0.1,"SMA",1,17.85
"pc1","4cpu-i7",0.1,"SMA",3,17.85
"pc1","4cpu-i7",0.1,"SMA",2,17.94
"pc1","4cpu-i7",0.1,"SMA",4,17.94
"pc1","4cpu-i7",0.1,"SMA",1,19.18
"pc1","4cpu-i7",0.1,"SMA",3,19.36
"pc1","4cpu-i7",0.1,"SMA",4,19.58
"pc1","4cpu-i7",0.1,"SMA",2,19.58
"pc1","4cpu-i7",0.1,"SMA",1,18.67
"pc1","4cpu-i7",0.1,"SMA",4,18.95
"pc1","4cpu-i7",0.1,"SMA",2,19.16
"pc1","4cpu-i7",0.1,"SMA",3,19.25
"pc1","4cpu-i7",0.1,"SMA",1,18.48
"pc1","4cpu-i7",0.1,"SMA",4,18.67
"pc1","4cpu-i7",0.1,"SMA",2,19.27
"pc1","4cpu-i7",0.1,"SMA",3,19.27
"pc1","4cpu-i7",0.1,"SMA",1,18.66
"pc1","4cpu-i7",0.1,"SMA",2,19.14
"pc1","4cpu-i7",0.1,"SMA",3,19.14
"pc1","4cpu-i7",0.1,"SMA",4,19.14
"pc1","4cpu-i7",0.1,"SMA",1,18.26
"pc1","4cpu-i7",0.1,"SMA",2,18.34
"pc1","4cpu-i7",0.1,"SMA",4,18.55
"pc1","4cpu-i7",0.1,"SMA",3,18.55
"pc1","4cpu-i7",0.1,"SMA",2,18.74
"pc1","4cpu-i7",0.1,"SMA",4,18.77
"pc1","4cpu-i7",0.1,"SMA",1,18.77
"pc1","4cpu-i7",0.1,"SMA",3,18.84
"pc1","4cpu-i7",0.1,"SMA",4,17.91
"pc1","4cpu-i7",0.1,"SMA",3,18.33
"pc1","4cpu-i7",0.1,"SMA",1,18.33
"pc1","4cpu-i7",0.1,"SMA",2,18.65
"pc1","4cpu-i7",0.1,"SMA",2,16.94
"pc1","4cpu-i7",0.1,"SMA",1,17.05
"pc1","4cpu-i7",0.1,"SMA",3,17.13
"pc1","4cpu-i7",0.1,"SMA",4,17.23
"pc1","4cpu-i7",0.1,"SMA",4,20.26
"pc1","4cpu-i7",0.1,"SMA",3,20.26
"pc1","4cpu-i7",0.1,"SMA",2,20.36
"pc1","4cpu-i7",0.1,"SMA",1,20.39
"pc1","4cpu-i7",0.1,"SMA",3,17.35
"pc1","4cpu-i7",0.1,"SMA",2,17.76
"pc1","4cpu-i7",0.1,"SMA",4,17.84
"pc1","4cpu-i7",0.1,"SMA",1,18.27
"pc1","4cpu-i7",0.1,"SMA",3,17.75
"pc1","4cpu-i7",0.1,"SMA",4,17.94
"pc1","4cpu-i7",0.1,"SMA",1,18.27
"pc1","4cpu-i7",0.1,"SMA",2,18.27
"pc1","4cpu-i7",0.1,"SMA",4,19.14
"pc1","4cpu-i7",0.1,"SMA",2,19.56
"pc1","4cpu-i7",0.1,"SMA",3,19.65
"pc1","4cpu-i7",0.1,"SMA",1,19.87
"pc1","4cpu-i7",0.1,"SMA",4,18.92
"pc1","4cpu-i7",0.1,"SMA",1,19.16
"pc1","4cpu-i7",0.1,"SMA",3,19.16
"pc1","4cpu-i7",0.1,"SMA",2,19.24
"pc1","4cpu-i7",0.2,"SMA",4,7.25
"pc1","4cpu-i7",0.2,"SMA",1,7.28
"pc1","4cpu-i7",0.2,"SMA",2,7.28
"pc1","4cpu-i7",0.2,"SMA",3,7.37
"pc1","4cpu-i7",0.2,"SMA",1,7.86
"pc1","4cpu-i7",0.2,"SMA",2,7.86
"pc1","4cpu-i7",0.2,"SMA",3,7.86
"pc1","4cpu-i7",0.2,"SMA",4,7.93
"pc1","4cpu-i7",0.2,"SMA",1,6.77
"pc1","4cpu-i7",0.2,"SMA",2,6.86
"pc1","4cpu-i7",0.2,"SMA",3,6.96
"pc1","4cpu-i7",0.2,"SMA",4,7.15
"pc1","4cpu-i7",0.2,"SMA",1,6.89
"pc1","4cpu-i7",0.2,"SMA",2,6.89
"pc1","4cpu-i7",0.2,"SMA",4,7.06
"pc1","4cpu-i7",0.2,"SMA",3,7.25
"pc1","4cpu-i7",0.2,"SMA",3,6.96
"pc1","4cpu-i7",0.2,"SMA",4,7.06
"pc1","4cpu-i7",0.2,"SMA",2,7.06
"pc1","4cpu-i7",0.2,"SMA",1,7.07
"pc1","4cpu-i7",0.2,"SMA",4,6.76
"pc1","4cpu-i7",0.2,"SMA",3,6.87
"pc1","4cpu-i7",0.2,"SMA",1,7.08
"pc1","4cpu-i7",0.2,"SMA",2,7.08
"pc1","4cpu-i7",0.2,"SMA",2,6.65
"pc1","4cpu-i7",0.2,"SMA",1,6.67
"pc1","4cpu-i7",0.2,"SMA",3,6.75
"pc1","4cpu-i7",0.2,"SMA",4,6.75
"pc1","4cpu-i7",0.2,"SMA",1,6.47
"pc1","4cpu-i7",0.2,"SMA",2,6.57
"pc1","4cpu-i7",0.2,"SMA",4,6.76
"pc1","4cpu-i7",0.2,"SMA",3,6.86
"pc1","4cpu-i7",0.2,"SMA",4,7.06
"pc1","4cpu-i7",0.2,"SMA",3,7.25
"pc1","4cpu-i7",0.2,"SMA",2,7.38
"pc1","4cpu-i7",0.2,"SMA",1,7.47
"pc1","4cpu-i7",0.2,"SMA",3,6.58
"pc1","4cpu-i7",0.2,"SMA",4,6.66
"pc1","4cpu-i7",0.2,"SMA",2,6.69
"pc1","4cpu-i7",0.2,"SMA",1,6.81
"pc1","4cpu-i7",0.2,"SMA",4,6.64
"pc1","4cpu-i7",0.2,"SMA",2,6.74
"pc1","4cpu-i7",0.2,"SMA",3,6.74
"pc1","4cpu-i7",0.2,"SMA",1,6.85
"pc1","4cpu-i7",0.2,"SMA",2,7.09
"pc1","4cpu-i7",0.2,"SMA",3,7.19
"pc1","4cpu-i7",0.2,"SMA",4,7.3
"pc1","4cpu-i7",0.2,"SMA",1,7.3
"pc1","4cpu-i7",0.2,"SMA",3,6.66
"pc1","4cpu-i7",0.2,"SMA",2,6.66
"pc1","4cpu-i7",0.2,"SMA",1,6.77
"pc1","4cpu-i7",0.2,"SMA",4,6.84
"pc1","4cpu-i7",0.2,"SMA",2,6.38
"pc1","4cpu-i7",0.2,"SMA",1,6.58
"pc1","4cpu-i7",0.2,"SMA",3,6.58
"pc1","4cpu-i7",0.2,"SMA",4,6.66
"pc1","4cpu-i7",0.2,"SMA",3,6.76
"pc1","4cpu-i7",0.2,"SMA",4,6.76
"pc1","4cpu-i7",0.2,"SMA",2,6.98
"pc1","4cpu-i7",0.2,"SMA",1,7.09
"pc1","4cpu-i7",0.2,"SMA",3,6.47
"pc1","4cpu-i7",0.2,"SMA",1,6.58
"pc1","4cpu-i7",0.2,"SMA",2,6.78
"pc1","4cpu-i7",0.2,"SMA",4,6.86
"pc1","4cpu-i7",0.2,"SMA",3,6.75
"pc1","4cpu-i7",0.2,"SMA",2,6.87
"pc1","4cpu-i7",0.2,"SMA",1,7.16
"pc1","4cpu-i7",0.2,"SMA",4,7.25
"pc1","4cpu-i7",0.2,"SMA",1,6.66
"pc1","4cpu-i7",0.2,"SMA",4,6.85
"pc1","4cpu-i7",0.2,"SMA",3,6.96
"pc1","4cpu-i7",0.2,"SMA",2,6.96
"pc1","4cpu-i7",0.2,"SMA",1,6.77
"pc1","4cpu-i7",0.2,"SMA",2,6.95
"pc1","4cpu-i7",0.2,"SMA",3,6.96
"pc1","4cpu-i7",0.2,"SMA",4,6.96
"pc1","4cpu-i7",0.2,"SMA",1,7.06
"pc1","4cpu-i7",0.2,"SMA",2,7.15
"pc1","4cpu-i7",0.2,"SMA",3,7.15
"pc1","4cpu-i7",0.2,"SMA",4,7.15
"pc1","4cpu-i7",0.2,"SMA",4,7.04
"pc1","4cpu-i7",0.2,"SMA",3,7.04
"pc1","4cpu-i7",0.2,"SMA",1,7.06
"pc1","4cpu-i7",0.2,"SMA",2,7.16
"pc1","4cpu-i7",0.2,"SMA",1,6.66
"pc1","4cpu-i7",0.2,"SMA",4,6.64
"pc1","4cpu-i7",0.2,"SMA",3,6.94
"pc1","4cpu-i7",0.2,"SMA",2,6.96
"pc1","4cpu-i7",0.2,"SMA",3,6.66
"pc1","4cpu-i7",0.2,"SMA",1,6.99
"pc1","4cpu-i7",0.2,"SMA",2,6.99
"pc1","4cpu-i7",0.2,"SMA",4,6.99
"pc1","4cpu-i7",0.2,"SMA",4,6.83
"pc1","4cpu-i7",0.2,"SMA",1,6.95
"pc1","4cpu-i7",0.2,"SMA",2,7.24
"pc1","4cpu-i7",0.2,"SMA",3,7.32
"pc1","4cpu-i7",0.2,"SMA",4,7.08
"pc1","4cpu-i7",0.2,"SMA",3,7.26
"pc1","4cpu-i7",0.2,"SMA",2,7.3
"pc1","4cpu-i7",0.2,"SMA",1,7.4
"pc1","4cpu-i7",0.2,"SMA",4,7.35
"pc1","4cpu-i7",0.2,"SMA",1,7.48
"pc1","4cpu-i7",0.2,"SMA",3,7.85
"pc1","4cpu-i7",0.2,"SMA",2,7.96
"pc1","4cpu-i7",0.2,"SMA",4,6.86
"pc1","4cpu-i7",0.2,"SMA",2,6.88
"pc1","4cpu-i7",0.2,"SMA",3,6.96
"pc1","4cpu-i7",0.2,"SMA",1,7.08
"pc1","4cpu-i7",0.2,"SMA",2,6.77
"pc1","4cpu-i7",0.2,"SMA",4,6.97
"pc1","4cpu-i7",0.2,"SMA",1,6.97
"pc1","4cpu-i7",0.2,"SMA",3,6.97
"pc1","4cpu-i7",0.2,"SMA",2,6.23
"pc1","4cpu-i7",0.2,"SMA",1,6.45
"pc1","4cpu-i7",0.2,"SMA",4,6.52
"pc1","4cpu-i7",0.2,"SMA",3,6.55
"pc1","4cpu-i7",0.2,"SMA",3,6.44
"pc1","4cpu-i7",0.2,"SMA",4,6.43
"pc1","4cpu-i7",0.2,"SMA",1,6.55
"pc1","4cpu-i7",0.2,"SMA",2,6.55
"pc1","4cpu-i7",0.3,"SMA",3,4.46
"pc1","4cpu-i7",0.3,"SMA",1,4.55
"pc1","4cpu-i7",0.3,"SMA",2,4.56
"pc1","4cpu-i7",0.3,"SMA",4,4.56
"pc1","4cpu-i7",0.3,"SMA",4,4.67
"pc1","4cpu-i7",0.3,"SMA",1,4.66
"pc1","4cpu-i7",0.3,"SMA",3,4.66
"pc1","4cpu-i7",0.3,"SMA",2,4.76
"pc1","4cpu-i7",0.3,"SMA",1,4.06
"pc1","4cpu-i7",0.3,"SMA",2,4.07
"pc1","4cpu-i7",0.3,"SMA",3,4.05
"pc1","4cpu-i7",0.3,"SMA",4,4.05
"pc1","4cpu-i7",0.3,"SMA",1,4.34
"pc1","4cpu-i7",0.3,"SMA",2,4.43
"pc1","4cpu-i7",0.3,"SMA",3,4.45
"pc1","4cpu-i7",0.3,"SMA",4,4.52
"pc1","4cpu-i7",0.3,"SMA",2,4.19
"pc1","4cpu-i7",0.3,"SMA",3,4.2
"pc1","4cpu-i7",0.3,"SMA",4,4.2
"pc1","4cpu-i7",0.3,"SMA",1,4.29
"pc1","4cpu-i7",0.3,"SMA",3,4.27
"pc1","4cpu-i7",0.3,"SMA",2,4.29
"pc1","4cpu-i7",0.3,"SMA",4,4.27
"pc1","4cpu-i7",0.3,"SMA",1,4.38
"pc1","4cpu-i7",0.3,"SMA",2,4.28
"pc1","4cpu-i7",0.3,"SMA",4,4.35
"pc1","4cpu-i7",0.3,"SMA",3,4.37
"pc1","4cpu-i7",0.3,"SMA",1,4.37
"pc1","4cpu-i7",0.3,"SMA",2,4.16
"pc1","4cpu-i7",0.3,"SMA",4,4.23
"pc1","4cpu-i7",0.3,"SMA",1,4.27
"pc1","4cpu-i7",0.3,"SMA",3,4.35
"pc1","4cpu-i7",0.3,"SMA",4,4.16
"pc1","4cpu-i7",0.3,"SMA",2,4.25
"pc1","4cpu-i7",0.3,"SMA",1,4.28
"pc1","4cpu-i7",0.3,"SMA",3,4.28
"pc1","4cpu-i7",0.3,"SMA",1,4.14
"pc1","4cpu-i7",0.3,"SMA",4,4.14
"pc1","4cpu-i7",0.3,"SMA",2,4.15
"pc1","4cpu-i7",0.3,"SMA",3,4.22
"pc1","4cpu-i7",0.3,"SMA",4,4.19
"pc1","4cpu-i7",0.3,"SMA",3,4.27
"pc1","4cpu-i7",0.3,"SMA",1,4.3
"pc1","4cpu-i7",0.3,"SMA",2,4.3
"pc1","4cpu-i7",0.3,"SMA",4,4.16
"pc1","4cpu-i7",0.3,"SMA",3,4.26
"pc1","4cpu-i7",0.3,"SMA",1,4.27
"pc1","4cpu-i7",0.3,"SMA",2,4.27
"pc1","4cpu-i7",0.3,"SMA",3,4.22
"pc1","4cpu-i7",0.3,"SMA",2,4.24
"pc1","4cpu-i7",0.3,"SMA",4,4.21
"pc1","4cpu-i7",0.3,"SMA",1,4.35
"pc1","4cpu-i7",0.3,"SMA",4,4.16
"pc1","4cpu-i7",0.3,"SMA",1,4.19
"pc1","4cpu-i7",0.3,"SMA",3,4.18
"pc1","4cpu-i7",0.3,"SMA",2,4.27
"pc1","4cpu-i7",0.3,"SMA",2,4.28
"pc1","4cpu-i7",0.3,"SMA",1,4.28
"pc1","4cpu-i7",0.3,"SMA",3,4.27
"pc1","4cpu-i7",0.3,"SMA",4,4.27
"pc1","4cpu-i7",0.3,"SMA",1,4.06
"pc1","4cpu-i7",0.3,"SMA",2,4.12
"pc1","4cpu-i7",0.3,"SMA",4,4.24
"pc1","4cpu-i7",0.3,"SMA",3,4.24
"pc1","4cpu-i7",0.3,"SMA",1,4.17
"pc1","4cpu-i7",0.3,"SMA",2,4.35
"pc1","4cpu-i7",0.3,"SMA",4,4.35
"pc1","4cpu-i7",0.3,"SMA",3,4.35
"pc1","4cpu-i7",0.3,"SMA",1,4.07
"pc1","4cpu-i7",0.3,"SMA",2,4.16
"pc1","4cpu-i7",0.3,"SMA",4,4.25
"pc1","4cpu-i7",0.3,"SMA",3,4.25
"pc1","4cpu-i7",0.3,"SMA",2,4.23
"pc1","4cpu-i7",0.3,"SMA",1,4.27
"pc1","4cpu-i7",0.3,"SMA",3,4.32
"pc1","4cpu-i7",0.3,"SMA",4,4.34
"pc1","4cpu-i7",0.3,"SMA",3,4.19
"pc1","4cpu-i7",0.3,"SMA",2,4.19
"pc1","4cpu-i7",0.3,"SMA",1,4.19
"pc1","4cpu-i7",0.3,"SMA",4,4.26
"pc1","4cpu-i7",0.3,"SMA",3,4.36
"pc1","4cpu-i7",0.3,"SMA",4,4.47
"pc1","4cpu-i7",0.3,"SMA",2,4.48
"pc1","4cpu-i7",0.3,"SMA",1,4.48
"pc1","4cpu-i7",0.3,"SMA",3,4.23
"pc1","4cpu-i7",0.3,"SMA",2,4.25
"pc1","4cpu-i7",0.3,"SMA",4,4.25
"pc1","4cpu-i7",0.3,"SMA",1,4.35
"pc1","4cpu-i7",0.3,"SMA",4,4.28
"pc1","4cpu-i7",0.3,"SMA",2,4.4
"pc1","4cpu-i7",0.3,"SMA",3,4.47
"pc1","4cpu-i7",0.3,"SMA",1,4.5
"pc1","4cpu-i7",0.3,"SMA",4,4.16
"pc1","4cpu-i7",0.3,"SMA",2,4.25
"pc1","4cpu-i7",0.3,"SMA",3,4.25
"pc1","4cpu-i7",0.3,"SMA",1,4.36
"pc1","4cpu-i7",0.3,"SMA",4,4.19
"pc1","4cpu-i7",0.3,"SMA",3,4.29
"pc1","4cpu-i7",0.3,"SMA",2,4.41
"pc1","4cpu-i7",0.3,"SMA",1,4.49
"pc1","4cpu-i7",0.3,"SMA",4,4.19
"pc1","4cpu-i7",0.3,"SMA",3,4.28
"pc1","4cpu-i7",0.3,"SMA",2,4.37
"pc1","4cpu-i7",0.3,"SMA",1,4.39
"pc1","4cpu-i7",0.3,"SMA",3,3.97
"pc1","4cpu-i7",0.3,"SMA",1,4.15
"pc1","4cpu-i7",0.3,"SMA",4,4.15
"pc1","4cpu-i7",0.3,"SMA",2,4.19
"pc1","4cpu-i7",0.3,"SMA",4,4.19
"pc1","4cpu-i7",0.3,"SMA",1,4.26
"pc1","4cpu-i7",0.3,"SMA",3,4.31
"pc1","4cpu-i7",0.3,"SMA",2,4.33
"pc1","4cpu-i7",0.3,"SMA",3,4.27
"pc1","4cpu-i7",0.3,"SMA",4,4.27
"pc1","4cpu-i7",0.3,"SMA",1,4.3
"pc1","4cpu-i7",0.3,"SMA",2,4.37
"pc1","4cpu-i7",0.3,"SMA",4,4.17
"pc1","4cpu-i7",0.3,"SMA",3,4.28
"pc1","4cpu-i7",0.3,"SMA",1,4.3
"pc1","4cpu-i7",0.3,"SMA",2,4.3
"pc1","4cpu-i7",0.4,"SMA",2,3.19
"pc1","4cpu-i7",0.4,"SMA",4,3.21
"pc1","4cpu-i7",0.4,"SMA",1,3.28
"pc1","4cpu-i7",0.4,"SMA",3,3.28
"pc1","4cpu-i7",0.4,"SMA",3,3.27
"pc1","4cpu-i7",0.4,"SMA",1,3.31
"pc1","4cpu-i7",0.4,"SMA",4,3.36
"pc1","4cpu-i7",0.4,"SMA",3,2.95
"pc1","4cpu-i7",0.4,"SMA",1,2.95
"pc1","4cpu-i7",0.4,"SMA",4,2.92
"pc1","4cpu-i7",0.4,"SMA",2,3.02
"pc1","4cpu-i7",0.4,"SMA",4,2.9
"pc1","4cpu-i7",0.4,"SMA",3,2.9
"pc1","4cpu-i7",0.4,"SMA",2,2.91
"pc1","4cpu-i7",0.4,"SMA",1,2.92
"pc1","4cpu-i7",0.4,"SMA",1,3.08
"pc1","4cpu-i7",0.4,"SMA",4,3.08
"pc1","4cpu-i7",0.4,"SMA",2,3.08
"pc1","4cpu-i7",0.4,"SMA",3,3.08
"pc1","4cpu-i7",0.4,"SMA",3,3.01
"pc1","4cpu-i7",0.4,"SMA",4,3.04
"pc1","4cpu-i7",0.4,"SMA",1,3.04
"pc1","4cpu-i7",0.4,"SMA",2,3.04
"pc1","4cpu-i7",0.4,"SMA",3,2.92
"pc1","4cpu-i7",0.4,"SMA",4,2.95
"pc1","4cpu-i7",0.4,"SMA",1,2.92
"pc1","4cpu-i7",0.4,"SMA",2,2.95
"pc1","4cpu-i7",0.4,"SMA",3,2.94
"pc1","4cpu-i7",0.4,"SMA",2,2.96
"pc1","4cpu-i7",0.4,"SMA",4,2.95
"pc1","4cpu-i7",0.4,"SMA",1,3.05
"pc1","4cpu-i7",0.4,"SMA",2,2.88
"pc1","4cpu-i7",0.4,"SMA",4,2.9
"pc1","4cpu-i7",0.4,"SMA",3,2.9
"pc1","4cpu-i7",0.4,"SMA",1,2.98
"pc1","4cpu-i7",0.4,"SMA",2,2.88
"pc1","4cpu-i7",0.4,"SMA",3,2.88
"pc1","4cpu-i7",0.4,"SMA",4,2.88
"pc1","4cpu-i7",0.4,"SMA",1,2.98
"pc1","4cpu-i7",0.4,"SMA",1,2.98
"pc1","4cpu-i7",0.4,"SMA",4,2.99
"pc1","4cpu-i7",0.4,"SMA",3,2.99
"pc1","4cpu-i7",0.4,"SMA",2,2.99
"pc1","4cpu-i7",0.4,"SMA",1,2.97
"pc1","4cpu-i7",0.4,"SMA",4,2.97
"pc1","4cpu-i7",0.4,"SMA",2,2.97
"pc1","4cpu-i7",0.4,"SMA",3,2.97
"pc1","4cpu-i7",0.4,"SMA",2,2.85
"pc1","4cpu-i7",0.4,"SMA",3,2.93
"pc1","4cpu-i7",0.4,"SMA",1,2.96
"pc1","4cpu-i7",0.4,"SMA",4,2.95
"pc1","4cpu-i7",0.4,"SMA",1,2.86
"pc1","4cpu-i7",0.4,"SMA",2,2.86
"pc1","4cpu-i7",0.4,"SMA",3,3.02
"pc1","4cpu-i7",0.4,"SMA",4,3.02
"pc1","4cpu-i7",0.4,"SMA",1,2.98
"pc1","4cpu-i7",0.4,"SMA",3,2.98
"pc1","4cpu-i7",0.4,"SMA",4,2.98
"pc1","4cpu-i7",0.4,"SMA",2,2.98
"pc1","4cpu-i7",0.4,"SMA",3,2.93
"pc1","4cpu-i7",0.4,"SMA",4,2.91
"pc1","4cpu-i7",0.4,"SMA",2,3.02
"pc1","4cpu-i7",0.4,"SMA",1,3.03
"pc1","4cpu-i7",0.4,"SMA",2,2.97
"pc1","4cpu-i7",0.4,"SMA",1,2.99
"pc1","4cpu-i7",0.4,"SMA",3,3.03
"pc1","4cpu-i7",0.4,"SMA",4,3.03
"pc1","4cpu-i7",0.4,"SMA",2,2.97
"pc1","4cpu-i7",0.4,"SMA",4,2.97
"pc1","4cpu-i7",0.4,"SMA",1,3
"pc1","4cpu-i7",0.4,"SMA",3,2.99
"pc1","4cpu-i7",0.4,"SMA",2,2.97
"pc1","4cpu-i7",0.4,"SMA",4,2.97
"pc1","4cpu-i7",0.4,"SMA",1,3.05
"pc1","4cpu-i7",0.4,"SMA",3,3.05
"pc1","4cpu-i7",0.4,"SMA",3,3.03
"pc1","4cpu-i7",0.4,"SMA",4,3.06
"pc1","4cpu-i7",0.4,"SMA",2,3.06
"pc1","4cpu-i7",0.4,"SMA",1,3.06
"pc1","4cpu-i7",0.4,"SMA",3,2.97
"pc1","4cpu-i7",0.4,"SMA",4,3.03
"pc1","4cpu-i7",0.4,"SMA",1,3.07
"pc1","4cpu-i7",0.4,"SMA",2,3.08
"pc1","4cpu-i7",0.4,"SMA",4,2.96
"pc1","4cpu-i7",0.4,"SMA",1,3.05
"pc1","4cpu-i7",0.4,"SMA",2,3.05
"pc1","4cpu-i7",0.4,"SMA",3,3.03
"pc1","4cpu-i7",0.4,"SMA",3,2.96
"pc1","4cpu-i7",0.4,"SMA",4,2.98
"pc1","4cpu-i7",0.4,"SMA",2,3.07
"pc1","4cpu-i7",0.4,"SMA",1,3.08
"pc1","4cpu-i7",0.4,"SMA",3,2.95
"pc1","4cpu-i7",0.4,"SMA",4,3
"pc1","4cpu-i7",0.4,"SMA",1,3
"pc1","4cpu-i7",0.4,"SMA",2,3.07
"pc1","4cpu-i7",0.4,"SMA",4,2.87
"pc1","4cpu-i7",0.4,"SMA",3,2.95
"pc1","4cpu-i7",0.4,"SMA",1,2.99
"pc1","4cpu-i7",0.4,"SMA",2,2.98
"pc1","4cpu-i7",0.4,"SMA",4,2.94
"pc1","4cpu-i7",0.4,"SMA",1,3.06
"pc1","4cpu-i7",0.4,"SMA",2,3.05
"pc1","4cpu-i7",0.4,"SMA",3,3.05
"pc1","4cpu-i7",0.4,"SMA",4,2.88
"pc1","4cpu-i7",0.4,"SMA",3,2.99
"pc1","4cpu-i7",0.4,"SMA",2,3.06
"pc1","4cpu-i7",0.4,"SMA",1,3.08
"pc1","4cpu-i7",0.4,"SMA",4,2.88
"pc1","4cpu-i7",0.4,"SMA",2,2.97
"pc1","4cpu-i7",0.4,"SMA",3,2.98
"pc1","4cpu-i7",0.4,"SMA",1,3
"pc1","4cpu-i7",0.4,"SMA",2,2.96
"pc1","4cpu-i7",0.4,"SMA",4,2.96
"pc1","4cpu-i7",0.4,"SMA",3,3.04
"pc1","4cpu-i7",0.4,"SMA",1,3.09
"pc1","4cpu-i7",0.4,"SMA",4,2.95
"pc1","4cpu-i7",0.4,"SMA",2,2.97
"pc1","4cpu-i7",0.4,"SMA",3,2.96
"pc1","4cpu-i7",0.4,"SMA",1,3.05
"pc1","4cpu-i7",0.5,"SMA",4,2.48
"pc1","4cpu-i7",0.5,"SMA",3,2.49
"pc1","4cpu-i7",0.5,"SMA",2,2.52
"pc1","4cpu-i7",0.5,"SMA",1,2.6
"pc1","4cpu-i7",0.5,"SMA",1,2.63
"pc1","4cpu-i7",0.5,"SMA",4,2.66
"pc1","4cpu-i7",0.5,"SMA",3,2.67
"pc1","4cpu-i7",0.5,"SMA",2,2.69
"pc1","4cpu-i7",0.5,"SMA",2,2.3
"pc1","4cpu-i7",0.5,"SMA",1,2.31
"pc1","4cpu-i7",0.5,"SMA",4,2.34
"pc1","4cpu-i7",0.5,"SMA",3,2.36
"pc1","4cpu-i7",0.5,"SMA",2,2.21
"pc1","4cpu-i7",0.5,"SMA",1,2.29
"pc1","4cpu-i7",0.5,"SMA",3,2.27
"pc1","4cpu-i7",0.5,"SMA",4,2.27
"pc1","4cpu-i7",0.5,"SMA",2,2.28
"pc1","4cpu-i7",0.5,"SMA",1,2.3
"pc1","4cpu-i7",0.5,"SMA",3,2.35
"pc1","4cpu-i7",0.5,"SMA",4,2.35
"pc1","4cpu-i7",0.5,"SMA",2,2.3
"pc1","4cpu-i7",0.5,"SMA",1,2.28
"pc1","4cpu-i7",0.5,"SMA",3,2.28
"pc1","4cpu-i7",0.5,"SMA",4,2.34
"pc1","4cpu-i7",0.5,"SMA",1,2.3
"pc1","4cpu-i7",0.5,"SMA",3,2.3
"pc1","4cpu-i7",0.5,"SMA",2,2.37
"pc1","4cpu-i7",0.5,"SMA",4,2.37
"pc1","4cpu-i7",0.5,"SMA",1,2.29
"pc1","4cpu-i7",0.5,"SMA",2,2.29
"pc1","4cpu-i7",0.5,"SMA",4,2.33
"pc1","4cpu-i7",0.5,"SMA",3,2.35
"pc1","4cpu-i7",0.5,"SMA",3,2.39
"pc1","4cpu-i7",0.5,"SMA",1,2.4
"pc1","4cpu-i7",0.5,"SMA",2,2.4
"pc1","4cpu-i7",0.5,"SMA",4,2.4
"pc1","4cpu-i7",0.5,"SMA",3,2.41
"pc1","4cpu-i7",0.5,"SMA",2,2.43
"pc1","4cpu-i7",0.5,"SMA",1,2.44
"pc1","4cpu-i7",0.5,"SMA",4,2.42
"pc1","4cpu-i7",0.5,"SMA",3,2.34
"pc1","4cpu-i7",0.5,"SMA",4,2.35
"pc1","4cpu-i7",0.5,"SMA",2,2.37
"pc1","4cpu-i7",0.5,"SMA",1,2.38
"pc1","4cpu-i7",0.5,"SMA",3,2.29
"pc1","4cpu-i7",0.5,"SMA",2,2.36
"pc1","4cpu-i7",0.5,"SMA",1,2.37
"pc1","4cpu-i7",0.5,"SMA",4,2.36
"pc1","4cpu-i7",0.5,"SMA",2,2.28
"pc1","4cpu-i7",0.5,"SMA",3,2.29
"pc1","4cpu-i7",0.5,"SMA",1,2.37
"pc1","4cpu-i7",0.5,"SMA",4,2.36
"pc1","4cpu-i7",0.5,"SMA",1,2.35
"pc1","4cpu-i7",0.5,"SMA",2,2.34
"pc1","4cpu-i7",0.5,"SMA",3,2.36
"pc1","4cpu-i7",0.5,"SMA",4,2.35
"pc1","4cpu-i7",0.5,"SMA",1,2.28
"pc1","4cpu-i7",0.5,"SMA",2,2.28
"pc1","4cpu-i7",0.5,"SMA",4,2.37
"pc1","4cpu-i7",0.5,"SMA",3,2.37
"pc1","4cpu-i7",0.5,"SMA",1,2.33
"pc1","4cpu-i7",0.5,"SMA",3,2.34
"pc1","4cpu-i7",0.5,"SMA",2,2.35
"pc1","4cpu-i7",0.5,"SMA",4,2.35
"pc1","4cpu-i7",0.5,"SMA",1,2.35
"pc1","4cpu-i7",0.5,"SMA",3,2.35
"pc1","4cpu-i7",0.5,"SMA",4,2.4
"pc1","4cpu-i7",0.5,"SMA",2,2.42
"pc1","4cpu-i7",0.5,"SMA",1,2.31
"pc1","4cpu-i7",0.5,"SMA",3,2.36
"pc1","4cpu-i7",0.5,"SMA",4,2.37
"pc1","4cpu-i7",0.5,"SMA",2,2.37
"pc1","4cpu-i7",0.5,"SMA",4,2.36
"pc1","4cpu-i7",0.5,"SMA",3,2.38
"pc1","4cpu-i7",0.5,"SMA",1,2.41
"pc1","4cpu-i7",0.5,"SMA",2,2.41
"pc1","4cpu-i7",0.5,"SMA",1,2.38
"pc1","4cpu-i7",0.5,"SMA",2,2.38
"pc1","4cpu-i7",0.5,"SMA",4,2.38
"pc1","4cpu-i7",0.5,"SMA",3,2.43
"pc1","4cpu-i7",0.5,"SMA",2,2.31
"pc1","4cpu-i7",0.5,"SMA",1,2.38
"pc1","4cpu-i7",0.5,"SMA",4,2.37
"pc1","4cpu-i7",0.5,"SMA",3,2.39
"pc1","4cpu-i7",0.5,"SMA",1,2.29
"pc1","4cpu-i7",0.5,"SMA",4,2.28
"pc1","4cpu-i7",0.5,"SMA",2,2.35
"pc1","4cpu-i7",0.5,"SMA",3,2.36
"pc1","4cpu-i7",0.5,"SMA",2,2.35
"pc1","4cpu-i7",0.5,"SMA",1,2.37
"pc1","4cpu-i7",0.5,"SMA",3,2.36
"pc1","4cpu-i7",0.5,"SMA",4,2.36
"pc1","4cpu-i7",0.5,"SMA",4,2.39
"pc1","4cpu-i7",0.5,"SMA",1,2.39
"pc1","4cpu-i7",0.5,"SMA",3,2.39
"pc1","4cpu-i7",0.5,"SMA",2,2.39
"pc1","4cpu-i7",0.5,"SMA",4,2.31
"pc1","4cpu-i7",0.5,"SMA",2,2.34
"pc1","4cpu-i7",0.5,"SMA",1,2.35
"pc1","4cpu-i7",0.5,"SMA",3,2.34
"pc1","4cpu-i7",0.5,"SMA",3,2.35
"pc1","4cpu-i7",0.5,"SMA",2,2.36
"pc1","4cpu-i7",0.5,"SMA",4,2.37
"pc1","4cpu-i7",0.5,"SMA",1,2.37
"pc1","4cpu-i7",0.5,"SMA",3,2.3
"pc1","4cpu-i7",0.5,"SMA",4,2.38
"pc1","4cpu-i7",0.5,"SMA",2,2.38
"pc1","4cpu-i7",0.5,"SMA",1,2.39
"pc1","4cpu-i7",0.5,"SMA",2,2.28
"pc1","4cpu-i7",0.5,"SMA",3,2.34
"pc1","4cpu-i7",0.5,"SMA",4,2.34
"pc1","4cpu-i7",0.5,"SMA",1,2.37
"pc1","4cpu-i7",0.5,"SMA",2,2.36
"pc1","4cpu-i7",0.5,"SMA",3,2.36
"pc1","4cpu-i7",0.5,"SMA",4,2.36
"pc1","4cpu-i7",0.5,"SMA",1,2.39
"pc1","4cpu-i7",0.5,"SMA",2,2.35
"pc1","4cpu-i7",0.5,"SMA",3,2.36
"pc1","4cpu-i7",0.5,"SMA",4,2.42
"pc1","4cpu-i7",0.5,"SMA",1,2.46
"pc1","4cpu-i7",0.6,"SMA",2,2.05
"pc1","4cpu-i7",0.6,"SMA",1,2.08
"pc1","4cpu-i7",0.6,"SMA",4,2.07
"pc1","4cpu-i7",0.6,"SMA",3,2.07
"pc1","4cpu-i7",0.6,"SMA",4,2.08
"pc1","4cpu-i7",0.6,"SMA",3,2.09
"pc1","4cpu-i7",0.6,"SMA",2,2.16
"pc1","4cpu-i7",0.6,"SMA",1,2.16
"pc1","4cpu-i7",0.6,"SMA",4,1.87
"pc1","4cpu-i7",0.6,"SMA",3,1.91
"pc1","4cpu-i7",0.6,"SMA",1,1.91
"pc1","4cpu-i7",0.6,"SMA",2,1.89
"pc1","4cpu-i7",0.6,"SMA",1,1.85
"pc1","4cpu-i7",0.6,"SMA",2,1.83
"pc1","4cpu-i7",0.6,"SMA",3,1.82
"pc1","4cpu-i7",0.6,"SMA",4,1.82
"pc1","4cpu-i7",0.6,"SMA",4,1.84
"pc1","4cpu-i7",0.6,"SMA",1,1.85
"pc1","4cpu-i7",0.6,"SMA",3,1.85
"pc1","4cpu-i7",0.6,"SMA",2,1.85
"pc1","4cpu-i7",0.6,"SMA",3,1.85
"pc1","4cpu-i7",0.6,"SMA",2,1.87
"pc1","4cpu-i7",0.6,"SMA",1,1.87
"pc1","4cpu-i7",0.6,"SMA",4,1.87
"pc1","4cpu-i7",0.6,"SMA",4,1.91
"pc1","4cpu-i7",0.6,"SMA",1,1.93
"pc1","4cpu-i7",0.6,"SMA",3,1.93
"pc1","4cpu-i7",0.6,"SMA",2,1.93
"pc1","4cpu-i7",0.6,"SMA",2,1.82
"pc1","4cpu-i7",0.6,"SMA",4,1.8
"pc1","4cpu-i7",0.6,"SMA",1,1.89
"pc1","4cpu-i7",0.6,"SMA",3,3.18
"pc1","4cpu-i7",0.6,"SMA",4,1.83
"pc1","4cpu-i7",0.6,"SMA",3,1.86
"pc1","4cpu-i7",0.6,"SMA",2,1.85
"pc1","4cpu-i7",0.6,"SMA",1,1.92
"pc1","4cpu-i7",0.6,"SMA",3,1.82
"pc1","4cpu-i7",0.6,"SMA",4,1.82
"pc1","4cpu-i7",0.6,"SMA",1,1.89
"pc1","4cpu-i7",0.6,"SMA",2,1.89
"pc1","4cpu-i7",0.6,"SMA",2,1.83
"pc1","4cpu-i7",0.6,"SMA",1,1.83
"pc1","4cpu-i7",0.6,"SMA",3,1.85
"pc1","4cpu-i7",0.6,"SMA",4,1.86
"pc1","4cpu-i7",0.6,"SMA",1,1.88
"pc1","4cpu-i7",0.6,"SMA",2,1.88
"pc1","4cpu-i7",0.6,"SMA",3,1.89
"pc1","4cpu-i7",0.6,"SMA",4,1.89
"pc1","4cpu-i7",0.6,"SMA",1,1.86
"pc1","4cpu-i7",0.6,"SMA",2,1.86
"pc1","4cpu-i7",0.6,"SMA",3,1.86
"pc1","4cpu-i7",0.6,"SMA",4,1.93
"pc1","4cpu-i7",0.6,"SMA",1,1.89
"pc1","4cpu-i7",0.6,"SMA",2,1.88
"pc1","4cpu-i7",0.6,"SMA",3,1.88
"pc1","4cpu-i7",0.6,"SMA",4,1.87
"pc1","4cpu-i7",0.6,"SMA",1,1.88
"pc1","4cpu-i7",0.6,"SMA",4,1.89
"pc1","4cpu-i7",0.6,"SMA",2,1.91
"pc1","4cpu-i7",0.6,"SMA",3,1.91
"pc1","4cpu-i7",0.6,"SMA",1,1.85
"pc1","4cpu-i7",0.6,"SMA",2,1.85
"pc1","4cpu-i7",0.6,"SMA",4,1.85
"pc1","4cpu-i7",0.6,"SMA",3,1.86
"pc1","4cpu-i7",0.6,"SMA",1,1.86
"pc1","4cpu-i7",0.6,"SMA",4,1.86
"pc1","4cpu-i7",0.6,"SMA",2,1.93
"pc1","4cpu-i7",0.6,"SMA",3,1.94
"pc1","4cpu-i7",0.6,"SMA",1,1.91
"pc1","4cpu-i7",0.6,"SMA",3,1.9
"pc1","4cpu-i7",0.6,"SMA",4,1.9
"pc1","4cpu-i7",0.6,"SMA",2,1.96
"pc1","4cpu-i7",0.6,"SMA",1,1.84
"pc1","4cpu-i7",0.6,"SMA",4,1.83
"pc1","4cpu-i7",0.6,"SMA",3,1.89
"pc1","4cpu-i7",0.6,"SMA",2,1.9
"pc1","4cpu-i7",0.6,"SMA",4,1.91
"pc1","4cpu-i7",0.6,"SMA",3,1.91
"pc1","4cpu-i7",0.6,"SMA",1,1.91
"pc1","4cpu-i7",0.6,"SMA",2,1.95
"pc1","4cpu-i7",0.6,"SMA",1,1.92
"pc1","4cpu-i7",0.6,"SMA",3,1.92
"pc1","4cpu-i7",0.6,"SMA",4,1.92
"pc1","4cpu-i7",0.6,"SMA",2,1.92
"pc1","4cpu-i7",0.6,"SMA",4,1.85
"pc1","4cpu-i7",0.6,"SMA",2,1.93
"pc1","4cpu-i7",0.6,"SMA",1,1.93
"pc1","4cpu-i7",0.6,"SMA",3,1.93
"pc1","4cpu-i7",0.6,"SMA",3,1.89
"pc1","4cpu-i7",0.6,"SMA",1,1.9
"pc1","4cpu-i7",0.6,"SMA",2,1.9
"pc1","4cpu-i7",0.6,"SMA",4,1.94
"pc1","4cpu-i7",0.6,"SMA",2,1.89
"pc1","4cpu-i7",0.6,"SMA",1,1.91
"pc1","4cpu-i7",0.6,"SMA",4,1.91
"pc1","4cpu-i7",0.6,"SMA",3,1.94
"pc1","4cpu-i7",0.6,"SMA",4,1.81
"pc1","4cpu-i7",0.6,"SMA",3,1.82
"pc1","4cpu-i7",0.6,"SMA",2,1.89
"pc1","4cpu-i7",0.6,"SMA",1,1.9
"pc1","4cpu-i7",0.6,"SMA",3,1.93
"pc1","4cpu-i7",0.6,"SMA",2,1.93
"pc1","4cpu-i7",0.6,"SMA",4,1.87
"pc1","4cpu-i7",0.6,"SMA",1,1.93
"pc1","4cpu-i7",0.6,"SMA",4,1.84
"pc1","4cpu-i7",0.6,"SMA",2,1.87
"pc1","4cpu-i7",0.6,"SMA",1,1.93
"pc1","4cpu-i7",0.6,"SMA",3,1.93
"pc1","4cpu-i7",0.6,"SMA",2,1.86
"pc1","4cpu-i7",0.6,"SMA",3,1.87
"pc1","4cpu-i7",0.6,"SMA",4,1.91
"pc1","4cpu-i7",0.6,"SMA",1,1.91
"pc1","4cpu-i7",0.6,"SMA",2,1.94
"pc1","4cpu-i7",0.6,"SMA",1,1.94
"pc1","4cpu-i7",0.6,"SMA",3,1.94
"pc1","4cpu-i7",0.6,"SMA",4,1.94
"pc1","4cpu-i7",0.6,"SMA",3,1.86
"pc1","4cpu-i7",0.6,"SMA",1,1.9
"pc1","4cpu-i7",0.6,"SMA",2,1.88
"pc1","4cpu-i7",0.6,"SMA",4,1.9
"pc1","4cpu-i7",0.7,"SMA",4,1.74
"pc1","4cpu-i7",0.7,"SMA",3,1.75
"pc1","4cpu-i7",0.7,"SMA",2,1.78
"pc1","4cpu-i7",0.7,"SMA",1,1.83
"pc1","4cpu-i7",0.7,"SMA",1,1.84
"pc1","4cpu-i7",0.7,"SMA",4,1.84
"pc1","4cpu-i7",0.7,"SMA",3,1.84
"pc1","4cpu-i7",0.7,"SMA",2,1.84
"pc1","4cpu-i7",0.7,"SMA",1,1.55
"pc1","4cpu-i7",0.7,"SMA",3,1.56
"pc1","4cpu-i7",0.7,"SMA",2,1.57
"pc1","4cpu-i7",0.7,"SMA",4,1.57
"pc1","4cpu-i7",0.7,"SMA",2,1.58
"pc1","4cpu-i7",0.7,"SMA",4,1.58
"pc1","4cpu-i7",0.7,"SMA",1,1.61
"pc1","4cpu-i7",0.7,"SMA",3,1.61
"pc1","4cpu-i7",0.7,"SMA",2,1.63
"pc1","4cpu-i7",0.7,"SMA",3,1.64
"pc1","4cpu-i7",0.7,"SMA",1,1.64
"pc1","4cpu-i7",0.7,"SMA",4,1.63
"pc1","4cpu-i7",0.7,"SMA",1,1.59
"pc1","4cpu-i7",0.7,"SMA",4,1.59
"pc1","4cpu-i7",0.7,"SMA",3,1.59
"pc1","4cpu-i7",0.7,"SMA",2,1.59
"pc1","4cpu-i7",0.7,"SMA",2,1.58
"pc1","4cpu-i7",0.7,"SMA",3,1.6
"pc1","4cpu-i7",0.7,"SMA",4,1.61
"pc1","4cpu-i7",0.7,"SMA",1,1.63
"pc1","4cpu-i7",0.7,"SMA",2,1.56
"pc1","4cpu-i7",0.7,"SMA",4,1.57
"pc1","4cpu-i7",0.7,"SMA",3,1.6
"pc1","4cpu-i7",0.7,"SMA",1,1.6
"pc1","4cpu-i7",0.7,"SMA",2,1.6
"pc1","4cpu-i7",0.7,"SMA",4,1.59
"pc1","4cpu-i7",0.7,"SMA",1,1.6
"pc1","4cpu-i7",0.7,"SMA",3,1.6
"pc1","4cpu-i7",0.7,"SMA",3,1.55
"pc1","4cpu-i7",0.7,"SMA",4,1.57
"pc1","4cpu-i7",0.7,"SMA",1,1.57
"pc1","4cpu-i7",0.7,"SMA",2,1.57
"pc1","4cpu-i7",0.7,"SMA",1,1.57
"pc1","4cpu-i7",0.7,"SMA",3,1.6
"pc1","4cpu-i7",0.7,"SMA",4,1.6
"pc1","4cpu-i7",0.7,"SMA",2,1.62
"pc1","4cpu-i7",0.7,"SMA",1,1.53
"pc1","4cpu-i7",0.7,"SMA",2,1.58
"pc1","4cpu-i7",0.7,"SMA",3,1.58
"pc1","4cpu-i7",0.7,"SMA",4,1.58
"pc1","4cpu-i7",0.7,"SMA",1,1.58
"pc1","4cpu-i7",0.7,"SMA",2,1.6
"pc1","4cpu-i7",0.7,"SMA",3,1.6
"pc1","4cpu-i7",0.7,"SMA",4,1.63
"pc1","4cpu-i7",0.7,"SMA",2,1.56
"pc1","4cpu-i7",0.7,"SMA",1,1.58
"pc1","4cpu-i7",0.7,"SMA",3,1.58
"pc1","4cpu-i7",0.7,"SMA",4,1.58
"pc1","4cpu-i7",0.7,"SMA",1,1.57
"pc1","4cpu-i7",0.7,"SMA",2,1.57
"pc1","4cpu-i7",0.7,"SMA",3,1.63
"pc1","4cpu-i7",0.7,"SMA",4,1.63
"pc1","4cpu-i7",0.7,"SMA",2,1.61
"pc1","4cpu-i7",0.7,"SMA",1,1.61
"pc1","4cpu-i7",0.7,"SMA",3,1.61
"pc1","4cpu-i7",0.7,"SMA",4,1.6
"pc1","4cpu-i7",0.7,"SMA",4,1.61
"pc1","4cpu-i7",0.7,"SMA",3,1.64
"pc1","4cpu-i7",0.7,"SMA",1,1.64
"pc1","4cpu-i7",0.7,"SMA",2,1.64
"pc1","4cpu-i7",0.7,"SMA",1,1.59
"pc1","4cpu-i7",0.7,"SMA",3,1.61
"pc1","4cpu-i7",0.7,"SMA",2,1.61
"pc1","4cpu-i7",0.7,"SMA",4,1.6
"pc1","4cpu-i7",0.7,"SMA",1,1.6
"pc1","4cpu-i7",0.7,"SMA",4,1.64
"pc1","4cpu-i7",0.7,"SMA",2,1.64
"pc1","4cpu-i7",0.7,"SMA",3,1.64
"pc1","4cpu-i7",0.7,"SMA",3,1.63
"pc1","4cpu-i7",0.7,"SMA",4,1.63
"pc1","4cpu-i7",0.7,"SMA",2,1.67
"pc1","4cpu-i7",0.7,"SMA",1,1.67
"pc1","4cpu-i7",0.7,"SMA",2,1.63
"pc1","4cpu-i7",0.7,"SMA",3,1.64
"pc1","4cpu-i7",0.7,"SMA",1,1.66
"pc1","4cpu-i7",0.7,"SMA",4,1.65
"pc1","4cpu-i7",0.7,"SMA",4,1.6
"pc1","4cpu-i7",0.7,"SMA",1,1.66
"pc1","4cpu-i7",0.7,"SMA",3,1.66
"pc1","4cpu-i7",0.7,"SMA",2,1.66
"pc1","4cpu-i7",0.7,"SMA",1,1.66
"pc1","4cpu-i7",0.7,"SMA",4,1.65
"pc1","4cpu-i7",0.7,"SMA",2,1.67
"pc1","4cpu-i7",0.7,"SMA",3,1.68
"pc1","4cpu-i7",0.7,"SMA",3,1.64
"pc1","4cpu-i7",0.7,"SMA",1,1.64
"pc1","4cpu-i7",0.7,"SMA",2,1.64
"pc1","4cpu-i7",0.7,"SMA",4,1.64
"pc1","4cpu-i7",0.7,"SMA",1,1.6
"pc1","4cpu-i7",0.7,"SMA",2,1.61
"pc1","4cpu-i7",0.7,"SMA",4,1.61
"pc1","4cpu-i7",0.7,"SMA",3,1.65
"pc1","4cpu-i7",0.7,"SMA",2,1.61
"pc1","4cpu-i7",0.7,"SMA",4,1.6
"pc1","4cpu-i7",0.7,"SMA",1,1.62
"pc1","4cpu-i7",0.7,"SMA",3,1.62
"pc1","4cpu-i7",0.7,"SMA",1,1.63
"pc1","4cpu-i7",0.7,"SMA",2,1.64
"pc1","4cpu-i7",0.7,"SMA",4,1.64
"pc1","4cpu-i7",0.7,"SMA",3,1.64
"pc1","4cpu-i7",0.7,"SMA",3,1.63
"pc1","4cpu-i7",0.7,"SMA",4,1.63
"pc1","4cpu-i7",0.7,"SMA",2,1.65
"pc1","4cpu-i7",0.7,"SMA",1,1.67
"pc1","4cpu-i7",0.7,"SMA",2,1.62
"pc1","4cpu-i7",0.7,"SMA",1,1.63
"pc1","4cpu-i7",0.7,"SMA",3,1.64
"pc1","4cpu-i7",0.7,"SMA",4,1.64
"pc1","4cpu-i7",0.7,"SMA",3,1.6
"pc1","4cpu-i7",0.7,"SMA",4,1.6
"pc1","4cpu-i7",0.7,"SMA",2,1.6
"pc1","4cpu-i7",0.7,"SMA",1,1.61
"pc1","4cpu-i7",0.8,"SMA",3,1.56
"pc1","4cpu-i7",0.8,"SMA",2,1.6
"pc1","4cpu-i7",0.8,"SMA",1,1.6
"pc1","4cpu-i7",0.8,"SMA",4,1.57
"pc1","4cpu-i7",0.8,"SMA",2,1.57
"pc1","4cpu-i7",0.8,"SMA",4,1.56
"pc1","4cpu-i7",0.8,"SMA",3,1.59
"pc1","4cpu-i7",0.8,"SMA",1,1.6
"pc1","4cpu-i7",0.8,"SMA",3,1.38
"pc1","4cpu-i7",0.8,"SMA",1,1.38
"pc1","4cpu-i7",0.8,"SMA",4,1.42
"pc1","4cpu-i7",0.8,"SMA",2,1.42
"pc1","4cpu-i7",0.8,"SMA",3,1.37
"pc1","4cpu-i7",0.8,"SMA",1,1.39
"pc1","4cpu-i7",0.8,"SMA",2,1.41
"pc1","4cpu-i7",0.8,"SMA",4,1.41
"pc1","4cpu-i7",0.8,"SMA",4,1.34
"pc1","4cpu-i7",0.8,"SMA",1,1.37
"pc1","4cpu-i7",0.8,"SMA",2,1.37
"pc1","4cpu-i7",0.8,"SMA",3,1.37
"pc1","4cpu-i7",0.8,"SMA",3,1.4
"pc1","4cpu-i7",0.8,"SMA",4,1.42
"pc1","4cpu-i7",0.8,"SMA",1,1.42
"pc1","4cpu-i7",0.8,"SMA",2,1.42
"pc1","4cpu-i7",0.8,"SMA",1,1.4
"pc1","4cpu-i7",0.8,"SMA",2,1.4
"pc1","4cpu-i7",0.8,"SMA",3,1.43
"pc1","4cpu-i7",0.8,"SMA",4,1.43
"pc1","4cpu-i7",0.8,"SMA",4,1.38
"pc1","4cpu-i7",0.8,"SMA",3,1.39
"pc1","4cpu-i7",0.8,"SMA",1,1.41
"pc1","4cpu-i7",0.8,"SMA",2,1.41
"pc1","4cpu-i7",0.8,"SMA",2,1.38
"pc1","4cpu-i7",0.8,"SMA",3,1.4
"pc1","4cpu-i7",0.8,"SMA",1,1.42
"pc1","4cpu-i7",0.8,"SMA",4,1.42
"pc1","4cpu-i7",0.8,"SMA",1,1.34
"pc1","4cpu-i7",0.8,"SMA",3,1.36
"pc1","4cpu-i7",0.8,"SMA",2,1.41
"pc1","4cpu-i7",0.8,"SMA",4,1.39
"pc1","4cpu-i7",0.8,"SMA",4,1.34
"pc1","4cpu-i7",0.8,"SMA",3,1.38
"pc1","4cpu-i7",0.8,"SMA",1,1.38
"pc1","4cpu-i7",0.8,"SMA",2,1.41
"pc1","4cpu-i7",0.8,"SMA",1,1.39
"pc1","4cpu-i7",0.8,"SMA",2,1.39
"pc1","4cpu-i7",0.8,"SMA",4,1.39
"pc1","4cpu-i7",0.8,"SMA",3,1.41
"pc1","4cpu-i7",0.8,"SMA",3,1.4
"pc1","4cpu-i7",0.8,"SMA",2,1.4
"pc1","4cpu-i7",0.8,"SMA",1,1.44
"pc1","4cpu-i7",0.8,"SMA",4,1.44
"pc1","4cpu-i7",0.8,"SMA",2,1.39
"pc1","4cpu-i7",0.8,"SMA",1,1.41
"pc1","4cpu-i7",0.8,"SMA",4,1.43
"pc1","4cpu-i7",0.8,"SMA",3,1.45
"pc1","4cpu-i7",0.8,"SMA",2,1.37
"pc1","4cpu-i7",0.8,"SMA",1,1.39
"pc1","4cpu-i7",0.8,"SMA",3,1.41
"pc1","4cpu-i7",0.8,"SMA",4,1.39
"pc1","4cpu-i7",0.8,"SMA",2,1.39
"pc1","4cpu-i7",0.8,"SMA",1,1.41
"pc1","4cpu-i7",0.8,"SMA",4,1.44
"pc1","4cpu-i7",0.8,"SMA",3,1.44
"pc1","4cpu-i7",0.8,"SMA",2,1.39
"pc1","4cpu-i7",0.8,"SMA",3,1.44
"pc1","4cpu-i7",0.8,"SMA",1,1.44
"pc1","4cpu-i7",0.8,"SMA",4,1.44
"pc1","4cpu-i7",0.8,"SMA",1,1.41
"pc1","4cpu-i7",0.8,"SMA",3,1.41
"pc1","4cpu-i7",0.8,"SMA",4,1.41
"pc1","4cpu-i7",0.8,"SMA",2,1.45
"pc1","4cpu-i7",0.8,"SMA",3,1.41
"pc1","4cpu-i7",0.8,"SMA",1,1.45
"pc1","4cpu-i7",0.8,"SMA",4,1.45
"pc1","4cpu-i7",0.8,"SMA",2,1.45
"pc1","4cpu-i7",0.8,"SMA",4,1.4
"pc1","4cpu-i7",0.8,"SMA",3,1.42
"pc1","4cpu-i7",0.8,"SMA",1,1.45
"pc1","4cpu-i7",0.8,"SMA",2,1.44
"pc1","4cpu-i7",0.8,"SMA",2,1.39
"pc1","4cpu-i7",0.8,"SMA",3,1.39
"pc1","4cpu-i7",0.8,"SMA",1,1.43
"pc1","4cpu-i7",0.8,"SMA",4,1.43
"pc1","4cpu-i7",0.8,"SMA",2,1.41
"pc1","4cpu-i7",0.8,"SMA",1,1.45
"pc1","4cpu-i7",0.8,"SMA",4,1.42
"pc1","4cpu-i7",0.8,"SMA",3,1.45
"pc1","4cpu-i7",0.8,"SMA",1,1.39
"pc1","4cpu-i7",0.8,"SMA",4,1.39
"pc1","4cpu-i7",0.8,"SMA",2,1.43
"pc1","4cpu-i7",0.8,"SMA",3,1.43
"pc1","4cpu-i7",0.8,"SMA",1,1.44
"pc1","4cpu-i7",0.8,"SMA",2,1.43
"pc1","4cpu-i7",0.8,"SMA",3,1.4
"pc1","4cpu-i7",0.8,"SMA",4,1.4
"pc1","4cpu-i7",0.8,"SMA",3,1.39
"pc1","4cpu-i7",0.8,"SMA",2,1.42
"pc1","4cpu-i7",0.8,"SMA",1,1.41
"pc1","4cpu-i7",0.8,"SMA",4,1.41
"pc1","4cpu-i7",0.8,"SMA",3,1.39
"pc1","4cpu-i7",0.8,"SMA",2,1.43
"pc1","4cpu-i7",0.8,"SMA",4,1.43
"pc1","4cpu-i7",0.8,"SMA",1,1.46
"pc1","4cpu-i7",0.8,"SMA",3,1.37
"pc1","4cpu-i7",0.8,"SMA",2,1.4
"pc1","4cpu-i7",0.8,"SMA",1,1.42
"pc1","4cpu-i7",0.8,"SMA",4,1.4
"pc1","4cpu-i7",0.8,"SMA",4,1.36
"pc1","4cpu-i7",0.8,"SMA",3,1.38
"pc1","4cpu-i7",0.8,"SMA",2,1.44
"pc1","4cpu-i7",0.8,"SMA",1,1.45
"pc1","4cpu-i7",0.8,"SMA",4,1.36
"pc1","4cpu-i7",0.8,"SMA",3,1.38
"pc1","4cpu-i7",0.8,"SMA",1,1.42
"pc1","4cpu-i7",0.8,"SMA",2,1.42
"pc1","4cpu-i7",0.8,"SMA",3,1.36
"pc1","4cpu-i7",0.8,"SMA",4,1.36
"pc1","4cpu-i7",0.8,"SMA",2,1.41
"pc1","4cpu-i7",0.8,"SMA",1,1.43
"pc1","4cpu-i7",0.9,"SMA",1,1.37
"pc1","4cpu-i7",0.9,"SMA",3,1.37
"pc1","4cpu-i7",0.9,"SMA",4,1.39
"pc1","4cpu-i7",0.9,"SMA",2,1.4
"pc1","4cpu-i7",0.9,"SMA",3,1.37
"pc1","4cpu-i7",0.9,"SMA",1,1.38
"pc1","4cpu-i7",0.9,"SMA",4,1.37
"pc1","4cpu-i7",0.9,"SMA",2,1.39
"pc1","4cpu-i7",0.9,"SMA",1,1.22
"pc1","4cpu-i7",0.9,"SMA",2,1.23
"pc1","4cpu-i7",0.9,"SMA",3,1.22
"pc1","4cpu-i7",0.9,"SMA",4,1.22
"pc1","4cpu-i7",0.9,"SMA",2,1.21
"pc1","4cpu-i7",0.9,"SMA",3,1.24
"pc1","4cpu-i7",0.9,"SMA",1,1.24
"pc1","4cpu-i7",0.9,"SMA",4,1.24
"pc1","4cpu-i7",0.9,"SMA",2,1.22
"pc1","4cpu-i7",0.9,"SMA",1,1.22
"pc1","4cpu-i7",0.9,"SMA",3,1.21
"pc1","4cpu-i7",0.9,"SMA",4,1.22
"pc1","4cpu-i7",0.9,"SMA",2,1.2
"pc1","4cpu-i7",0.9,"SMA",1,1.22
"pc1","4cpu-i7",0.9,"SMA",3,1.22
"pc1","4cpu-i7",0.9,"SMA",4,1.22
"pc1","4cpu-i7",0.9,"SMA",3,1.23
"pc1","4cpu-i7",0.9,"SMA",1,1.24
"pc1","4cpu-i7",0.9,"SMA",4,1.24
"pc1","4cpu-i7",0.9,"SMA",2,1.27
"pc1","4cpu-i7",0.9,"SMA",2,1.21
"pc1","4cpu-i7",0.9,"SMA",1,1.21
"pc1","4cpu-i7",0.9,"SMA",4,1.23
"pc1","4cpu-i7",0.9,"SMA",3,1.23
"pc1","4cpu-i7",0.9,"SMA",4,1.2
"pc1","4cpu-i7",0.9,"SMA",2,1.22
"pc1","4cpu-i7",0.9,"SMA",1,1.22
"pc1","4cpu-i7",0.9,"SMA",3,1.22
"pc1","4cpu-i7",0.9,"SMA",1,1.26
"pc1","4cpu-i7",0.9,"SMA",3,1.26
"pc1","4cpu-i7",0.9,"SMA",2,1.27
"pc1","4cpu-i7",0.9,"SMA",4,1.27
"pc1","4cpu-i7",0.9,"SMA",1,1.21
"pc1","4cpu-i7",0.9,"SMA",2,1.22
"pc1","4cpu-i7",0.9,"SMA",4,1.22
"pc1","4cpu-i7",0.9,"SMA",3,1.22
"pc1","4cpu-i7",0.9,"SMA",2,1.24
"pc1","4cpu-i7",0.9,"SMA",1,1.24
"pc1","4cpu-i7",0.9,"SMA",3,1.24
"pc1","4cpu-i7",0.9,"SMA",4,1.24
"pc1","4cpu-i7",0.9,"SMA",3,1.22
"pc1","4cpu-i7",0.9,"SMA",2,1.22
"pc1","4cpu-i7",0.9,"SMA",1,1.25
"pc1","4cpu-i7",0.9,"SMA",4,1.25
"pc1","4cpu-i7",0.9,"SMA",2,1.21
"pc1","4cpu-i7",0.9,"SMA",1,1.22
"pc1","4cpu-i7",0.9,"SMA",3,1.22
"pc1","4cpu-i7",0.9,"SMA",4,1.23
"pc1","4cpu-i7",0.9,"SMA",2,1.2
"pc1","4cpu-i7",0.9,"SMA",4,1.2
"pc1","4cpu-i7",0.9,"SMA",1,1.24
"pc1","4cpu-i7",0.9,"SMA",3,1.23
"pc1","4cpu-i7",0.9,"SMA",1,1.24
"pc1","4cpu-i7",0.9,"SMA",2,1.26
"pc1","4cpu-i7",0.9,"SMA",4,1.26
"pc1","4cpu-i7",0.9,"SMA",3,1.27
"pc1","4cpu-i7",0.9,"SMA",1,1.26
"pc1","4cpu-i7",0.9,"SMA",3,1.26
"pc1","4cpu-i7",0.9,"SMA",2,1.27
"pc1","4cpu-i7",0.9,"SMA",4,1.27
"pc1","4cpu-i7",0.9,"SMA",1,1.24
"pc1","4cpu-i7",0.9,"SMA",2,1.25
"pc1","4cpu-i7",0.9,"SMA",4,1.25
"pc1","4cpu-i7",0.9,"SMA",3,1.26
"pc1","4cpu-i7",0.9,"SMA",1,1.22
"pc1","4cpu-i7",0.9,"SMA",3,1.22
"pc1","4cpu-i7",0.9,"SMA",2,1.24
"pc1","4cpu-i7",0.9,"SMA",4,1.25
"pc1","4cpu-i7",0.9,"SMA",2,1.24
"pc1","4cpu-i7",0.9,"SMA",4,1.25
"pc1","4cpu-i7",0.9,"SMA",1,1.28
"pc1","4cpu-i7",0.9,"SMA",3,1.28
"pc1","4cpu-i7",0.9,"SMA",2,1.24
"pc1","4cpu-i7",0.9,"SMA",1,1.25
"pc1","4cpu-i7",0.9,"SMA",3,1.25
"pc1","4cpu-i7",0.9,"SMA",4,1.24
"pc1","4cpu-i7",0.9,"SMA",2,1.27
"pc1","4cpu-i7",0.9,"SMA",4,1.28
"pc1","4cpu-i7",0.9,"SMA",3,1.29
"pc1","4cpu-i7",0.9,"SMA",1,1.3
"pc1","4cpu-i7",0.9,"SMA",4,1.22
"pc1","4cpu-i7",0.9,"SMA",2,1.24
"pc1","4cpu-i7",0.9,"SMA",3,1.27
"pc1","4cpu-i7",0.9,"SMA",1,1.27
"pc1","4cpu-i7",0.9,"SMA",3,1.25
"pc1","4cpu-i7",0.9,"SMA",2,1.27
"pc1","4cpu-i7",0.9,"SMA",1,1.29
"pc1","4cpu-i7",0.9,"SMA",4,1.29
"pc1","4cpu-i7",0.9,"SMA",4,1.25
"pc1","4cpu-i7",0.9,"SMA",2,1.27
"pc1","4cpu-i7",0.9,"SMA",3,1.27
"pc1","4cpu-i7",0.9,"SMA",1,1.29
"pc1","4cpu-i7",0.9,"SMA",3,1.21
"pc1","4cpu-i7",0.9,"SMA",4,1.22
"pc1","4cpu-i7",0.9,"SMA",1,1.24
"pc1","4cpu-i7",0.9,"SMA",2,1.24
"pc1","4cpu-i7",0.9,"SMA",3,1.22
"pc1","4cpu-i7",0.9,"SMA",2,1.24
"pc1","4cpu-i7",0.9,"SMA",1,1.26
"pc1","4cpu-i7",0.9,"SMA",4,1.25
"pc1","4cpu-i7",0.9,"SMA",2,1.21
"pc1","4cpu-i7",0.9,"SMA",4,1.22
"pc1","4cpu-i7",0.9,"SMA",3,1.23
"pc1","4cpu-i7",0.9,"SMA",1,1.27
"pc1","4cpu-i7",0.9,"SMA",2,1.23
"pc1","4cpu-i7",0.9,"SMA",4,1.23
"pc1","4cpu-i7",0.9,"SMA",3,1.27
"pc1","4cpu-i7",0.9,"SMA",1,1.3
"pc1","4cpu-i7",0.9,"SMA",2,1.26
"pc1","4cpu-i7",0.9,"SMA",1,1.28
"pc1","4cpu-i7",0.9,"SMA",4,1.27
"pc1","4cpu-i7",0.9,"SMA",3,1.28
"pc1","4cpu-i7",1,"SMA",2,1.22
"pc1","4cpu-i7",1,"SMA",4,1.22
"pc1","4cpu-i7",1,"SMA",3,1.24
"pc1","4cpu-i7",1,"SMA",1,1.29
"pc1","4cpu-i7",1,"SMA",1,1.26
"pc1","4cpu-i7",1,"SMA",2,1.25
"pc1","4cpu-i7",1,"SMA",3,1.25
"pc1","4cpu-i7",1,"SMA",4,1.25
"pc1","4cpu-i7",1,"SMA",2,1.09
"pc1","4cpu-i7",1,"SMA",4,1.08
"pc1","4cpu-i7",1,"SMA",1,1.12
"pc1","4cpu-i7",1,"SMA",3,1.11
"pc1","4cpu-i7",1,"SMA",4,1.12
"pc1","4cpu-i7",1,"SMA",1,1.12
"pc1","4cpu-i7",1,"SMA",3,1.12
"pc1","4cpu-i7",1,"SMA",2,1.12
"pc1","4cpu-i7",1,"SMA",2,1.11
"pc1","4cpu-i7",1,"SMA",4,1.11
"pc1","4cpu-i7",1,"SMA",3,1.11
"pc1","4cpu-i7",1,"SMA",1,1.11
"pc1","4cpu-i7",1,"SMA",3,1.1
"pc1","4cpu-i7",1,"SMA",2,1.12
"pc1","4cpu-i7",1,"SMA",1,1.12
"pc1","4cpu-i7",1,"SMA",4,1.12
"pc1","4cpu-i7",1,"SMA",1,1.11
"pc1","4cpu-i7",1,"SMA",4,1.14
"pc1","4cpu-i7",1,"SMA",2,1.14
"pc1","4cpu-i7",1,"SMA",3,1.11
"pc1","4cpu-i7",1,"SMA",2,1.1
"pc1","4cpu-i7",1,"SMA",3,1.1
"pc1","4cpu-i7",1,"SMA",1,1.12
"pc1","4cpu-i7",1,"SMA",4,1.11
"pc1","4cpu-i7",1,"SMA",1,1.1
"pc1","4cpu-i7",1,"SMA",2,1.1
"pc1","4cpu-i7",1,"SMA",4,1.1
"pc1","4cpu-i7",1,"SMA",3,1.1
"pc1","4cpu-i7",1,"SMA",1,1.1
"pc1","4cpu-i7",1,"SMA",2,1.1
"pc1","4cpu-i7",1,"SMA",3,1.1
"pc1","4cpu-i7",1,"SMA",4,1.1
"pc1","4cpu-i7",1,"SMA",1,1.11
"pc1","4cpu-i7",1,"SMA",2,1.11
"pc1","4cpu-i7",1,"SMA",3,1.11
"pc1","4cpu-i7",1,"SMA",4,1.11
"pc1","4cpu-i7",1,"SMA",1,1.1
"pc1","4cpu-i7",1,"SMA",2,1.11
"pc1","4cpu-i7",1,"SMA",3,1.11
"pc1","4cpu-i7",1,"SMA",4,1.12
"pc1","4cpu-i7",1,"SMA",1,1.12
"pc1","4cpu-i7",1,"SMA",2,1.11
"pc1","4cpu-i7",1,"SMA",3,1.12
"pc1","4cpu-i7",1,"SMA",4,1.13
"pc1","4cpu-i7",1,"SMA",1,1.11
"pc1","4cpu-i7",1,"SMA",2,1.11
"pc1","4cpu-i7",1,"SMA",4,1.12
"pc1","4cpu-i7",1,"SMA",3,1.12
"pc1","4cpu-i7",1,"SMA",1,1.1
"pc1","4cpu-i7",1,"SMA",2,1.1
"pc1","4cpu-i7",1,"SMA",3,1.12
"pc1","4cpu-i7",1,"SMA",4,1.12
"pc1","4cpu-i7",1,"SMA",1,1.11
"pc1","4cpu-i7",1,"SMA",2,1.12
"pc1","4cpu-i7",1,"SMA",3,1.12
"pc1","4cpu-i7",1,"SMA",4,1.12
"pc1","4cpu-i7",1,"SMA",1,1.11
"pc1","4cpu-i7",1,"SMA",2,1.11
"pc1","4cpu-i7",1,"SMA",4,1.11
"pc1","4cpu-i7",1,"SMA",3,1.57
"pc1","4cpu-i7",1,"SMA",1,1.1
"pc1","4cpu-i7",1,"SMA",2,1.11
"pc1","4cpu-i7",1,"SMA",3,1.12
"pc1","4cpu-i7",1,"SMA",4,1.12
"pc1","4cpu-i7",1,"SMA",1,1.13
"pc1","4cpu-i7",1,"SMA",2,1.14
"pc1","4cpu-i7",1,"SMA",4,1.14
"pc1","4cpu-i7",1,"SMA",3,1.14
"pc1","4cpu-i7",1,"SMA",1,1.13
"pc1","4cpu-i7",1,"SMA",4,1.11
"pc1","4cpu-i7",1,"SMA",2,1.13
"pc1","4cpu-i7",1,"SMA",3,1.13
"pc1","4cpu-i7",1,"SMA",2,1.13
"pc1","4cpu-i7",1,"SMA",1,1.13
"pc1","4cpu-i7",1,"SMA",3,1.13
"pc1","4cpu-i7",1,"SMA",4,1.13
"pc1","4cpu-i7",1,"SMA",3,1.13
"pc1","4cpu-i7",1,"SMA",2,1.13
"pc1","4cpu-i7",1,"SMA",4,1.12
"pc1","4cpu-i7",1,"SMA",1,1.12
"pc1","4cpu-i7",1,"SMA",1,1.14
"pc1","4cpu-i7",1,"SMA",2,1.13
"pc1","4cpu-i7",1,"SMA",4,1.11
"pc1","4cpu-i7",1,"SMA",3,1.11
"pc1","4cpu-i7",1,"SMA",1,1.14
"pc1","4cpu-i7",1,"SMA",4,1.12
"pc1","4cpu-i7",1,"SMA",3,1.14
"pc1","4cpu-i7",1,"SMA",2,1.14
"pc1","4cpu-i7",1,"SMA",4,1.12
"pc1","4cpu-i7",1,"SMA",3,1.12
"pc1","4cpu-i7",1,"SMA",1,1.13
"pc1","4cpu-i7",1,"SMA",2,1.13
"pc1","4cpu-i7",1,"SMA",3,1.1
"pc1","4cpu-i7",1,"SMA",2,1.12
"pc1","4cpu-i7",1,"SMA",4,1.12
"pc1","4cpu-i7",1,"SMA",1,1.15
"pc1","4cpu-i7",1,"SMA",4,1.1
"pc1","4cpu-i7",1,"SMA",2,1.14
"pc1","4cpu-i7",1,"SMA",3,1.14
"pc1","4cpu-i7",1,"SMA",1,1.14
"pc1","4cpu-i7",1,"SMA",2,1.11
"pc1","4cpu-i7",1,"SMA",3,1.12
"pc1","4cpu-i7",1,"SMA",4,1.12
"pc1","4cpu-i7",1,"SMA",2,1.15
"pc1","4cpu-i7",1,"SMA",1,1.15
"pc1","4cpu-i7",1,"SMA",1,1.13
"pc1","4cpu-i7",1,"SMA",2,1.13
"pc1","4cpu-i7",1,"SMA",4,1.14
"pc1","4cpu-i7",1,"SMA",3,1.14
"pc2","4cpu-amd",0.1,"stine",4,21.47
"pc2","4cpu-amd",0.1,"stine",3,22.29
"pc2","4cpu-amd",0.1,"stine",2,22.38
"pc2","4cpu-amd",0.1,"stine",1,22.79
"pc2","4cpu-amd",0.1,"stine",2,19.81
"pc2","4cpu-amd",0.1,"stine",3,19.99
"pc2","4cpu-amd",0.1,"stine",4,22.27
"pc2","4cpu-amd",0.1,"stine",1,22.44
"pc2","4cpu-amd",0.1,"stine",3,18.94
"pc2","4cpu-amd",0.1,"stine",2,20.15
"pc2","4cpu-amd",0.1,"stine",1,20.27
"pc2","4cpu-amd",0.1,"stine",4,21.34
"pc2","4cpu-amd",0.1,"stine",2,19.13
"pc2","4cpu-amd",0.1,"stine",3,19.52
"pc2","4cpu-amd",0.1,"stine",1,19.96
"pc2","4cpu-amd",0.1,"stine",4,21.1
"pc2","4cpu-amd",0.1,"stine",2,19.06
"pc2","4cpu-amd",0.1,"stine",3,19.25
"pc2","4cpu-amd",0.1,"stine",4,19.43
"pc2","4cpu-amd",0.1,"stine",1,20.65
"pc2","4cpu-amd",0.1,"stine",2,19.09
"pc2","4cpu-amd",0.1,"stine",4,19.57
"pc2","4cpu-amd",0.1,"stine",1,21.09
"pc2","4cpu-amd",0.1,"stine",3,21.47
"pc2","4cpu-amd",0.1,"stine",3,19.05
"pc2","4cpu-amd",0.1,"stine",1,19.86
"pc2","4cpu-amd",0.1,"stine",2,20.56
"pc2","4cpu-amd",0.1,"stine",4,22.45
"pc2","4cpu-amd",0.1,"stine",1,19.75
"pc2","4cpu-amd",0.1,"stine",2,20.53
"pc2","4cpu-amd",0.1,"stine",4,21.99
"pc2","4cpu-amd",0.1,"stine",3,23.32
"pc2","4cpu-amd",0.1,"stine",1,19.86
"pc2","4cpu-amd",0.1,"stine",2,19.95
"pc2","4cpu-amd",0.1,"stine",3,20.24
"pc2","4cpu-amd",0.1,"stine",4,20.74
"pc2","4cpu-amd",0.1,"stine",4,18.74
"pc2","4cpu-amd",0.1,"stine",3,20.43
"pc2","4cpu-amd",0.1,"stine",1,21.06
"pc2","4cpu-amd",0.1,"stine",2,22.25
"pc2","4cpu-amd",0.1,"stine",1,19.46
"pc2","4cpu-amd",0.1,"stine",4,19.84
"pc2","4cpu-amd",0.1,"stine",2,20.44
"pc2","4cpu-amd",0.1,"stine",3,20.64
"pc2","4cpu-amd",0.1,"stine",3,19.44
"pc2","4cpu-amd",0.1,"stine",2,20.25
"pc2","4cpu-amd",0.1,"stine",1,20.46
"pc2","4cpu-amd",0.1,"stine",4,21.33
"pc2","4cpu-amd",0.1,"stine",4,20.5
"pc2","4cpu-amd",0.1,"stine",3,21.02
"pc2","4cpu-amd",0.1,"stine",2,21.24
"pc2","4cpu-amd",0.1,"stine",1,22.06
"pc2","4cpu-amd",0.1,"stine",2,19.76
"pc2","4cpu-amd",0.1,"stine",3,20.64
"pc2","4cpu-amd",0.1,"stine",4,20.84
"pc2","4cpu-amd",0.1,"stine",1,21.87
"pc2","4cpu-amd",0.1,"stine",3,19.84
"pc2","4cpu-amd",0.1,"stine",2,20.14
"pc2","4cpu-amd",0.1,"stine",1,20.35
"pc2","4cpu-amd",0.1,"stine",4,21.03
"pc2","4cpu-amd",0.1,"stine",1,20.26
"pc2","4cpu-amd",0.1,"stine",4,20.64
"pc2","4cpu-amd",0.1,"stine",3,21.45
"pc2","4cpu-amd",0.1,"stine",2,22.75
"pc2","4cpu-amd",0.1,"stine",3,20.06
"pc2","4cpu-amd",0.1,"stine",1,21.37
"pc2","4cpu-amd",0.1,"stine",4,21.66
"pc2","4cpu-amd",0.1,"stine",2,23.48
"pc2","4cpu-amd",0.1,"stine",1,20.27
"pc2","4cpu-amd",0.1,"stine",2,20.54
"pc2","4cpu-amd",0.1,"stine",4,21.4
"pc2","4cpu-amd",0.1,"stine",3,22.41
"pc2","4cpu-amd",0.1,"stine",1,19.67
"pc2","4cpu-amd",0.1,"stine",3,20.35
"pc2","4cpu-amd",0.1,"stine",2,20.55
"pc2","4cpu-amd",0.1,"stine",4,20.74
"pc2","4cpu-amd",0.1,"stine",3,20.55
"pc2","4cpu-amd",0.1,"stine",2,21.46
"pc2","4cpu-amd",0.1,"stine",4,21.93
"pc2","4cpu-amd",0.1,"stine",1,22.56
"pc2","4cpu-amd",0.1,"stine",4,19.12
"pc2","4cpu-amd",0.1,"stine",1,19.64
"pc2","4cpu-amd",0.1,"stine",3,19.73
"pc2","4cpu-amd",0.1,"stine",2,20.94
"pc2","4cpu-amd",0.1,"stine",1,20.54
"pc2","4cpu-amd",0.1,"stine",4,21.12
"pc2","4cpu-amd",0.1,"stine",3,21.72
"pc2","4cpu-amd",0.1,"stine",2,22.14
"pc2","4cpu-amd",0.1,"stine",2,19.87
"pc2","4cpu-amd",0.1,"stine",1,19.98
"pc2","4cpu-amd",0.1,"stine",4,20.46
"pc2","4cpu-amd",0.1,"stine",3,22.27
"pc2","4cpu-amd",0.1,"stine",2,19.74
"pc2","4cpu-amd",0.1,"stine",4,20.06
"pc2","4cpu-amd",0.1,"stine",1,20.06
"pc2","4cpu-amd",0.1,"stine",3,20.93
"pc2","4cpu-amd",0.1,"stine",1,18.58
"pc2","4cpu-amd",0.1,"stine",3,20.26
"pc2","4cpu-amd",0.1,"stine",4,20.26
"pc2","4cpu-amd",0.1,"stine",2,20.78
"pc2","4cpu-amd",0.1,"stine",3,19.86
"pc2","4cpu-amd",0.1,"stine",1,20.38
"pc2","4cpu-amd",0.1,"stine",4,20.36
"pc2","4cpu-amd",0.1,"stine",2,21.37
"pc2","4cpu-amd",0.1,"stine",2,19.45
"pc2","4cpu-amd",0.1,"stine",4,19.74
"pc2","4cpu-amd",0.1,"stine",1,20.45
"pc2","4cpu-amd",0.1,"stine",3,20.74
"pc2","4cpu-amd",0.1,"stine",3,19.54
"pc2","4cpu-amd",0.1,"stine",2,20.54
"pc2","4cpu-amd",0.1,"stine",4,20.54
"pc2","4cpu-amd",0.1,"stine",1,22.57
"pc2","4cpu-amd",0.1,"stine",2,19.93
"pc2","4cpu-amd",0.1,"stine",1,20.36
"pc2","4cpu-amd",0.1,"stine",4,20.59
"pc2","4cpu-amd",0.1,"stine",3,20.92
"pc2","4cpu-amd",0.1,"stine",2,19.64
"pc2","4cpu-amd",0.1,"stine",1,20.56
"pc2","4cpu-amd",0.1,"stine",3,20.73
"pc2","4cpu-amd",0.1,"stine",4,20.82
"pc2","4cpu-amd",0.2,"stine",1,6.85
"pc2","4cpu-amd",0.2,"stine",4,7.34
"pc2","4cpu-amd",0.2,"stine",3,7.44
"pc2","4cpu-amd",0.2,"stine",2,7.53
"pc2","4cpu-amd",0.2,"stine",3,6.85
"pc2","4cpu-amd",0.2,"stine",4,7.43
"pc2","4cpu-amd",0.2,"stine",1,7.48
"pc2","4cpu-amd",0.2,"stine",2,7.66
"pc2","4cpu-amd",0.2,"stine",4,6.04
"pc2","4cpu-amd",0.2,"stine",1,6.26
"pc2","4cpu-amd",0.2,"stine",3,6.25
"pc2","4cpu-amd",0.2,"stine",2,6.65
"pc2","4cpu-amd",0.2,"stine",4,6.03
"pc2","4cpu-amd",0.2,"stine",3,6.13
"pc2","4cpu-amd",0.2,"stine",1,6.27
"pc2","4cpu-amd",0.2,"stine",2,6.36
"pc2","4cpu-amd",0.2,"stine",1,6.26
"pc2","4cpu-amd",0.2,"stine",2,6.34
"pc2","4cpu-amd",0.2,"stine",4,6.52
"pc2","4cpu-amd",0.2,"stine",3,6.62
"pc2","4cpu-amd",0.2,"stine",2,6.38
"pc2","4cpu-amd",0.2,"stine",1,6.49
"pc2","4cpu-amd",0.2,"stine",3,6.67
"pc2","4cpu-amd",0.2,"stine",4,6.67
"pc2","4cpu-amd",0.2,"stine",2,6.23
"pc2","4cpu-amd",0.2,"stine",3,6.23
"pc2","4cpu-amd",0.2,"stine",1,6.36
"pc2","4cpu-amd",0.2,"stine",4,6.36
"pc2","4cpu-amd",0.2,"stine",4,6.23
"pc2","4cpu-amd",0.2,"stine",3,6.64
"pc2","4cpu-amd",0.2,"stine",1,6.67
"pc2","4cpu-amd",0.2,"stine",2,6.74
"pc2","4cpu-amd",0.2,"stine",4,6.28
"pc2","4cpu-amd",0.2,"stine",1,6.28
"pc2","4cpu-amd",0.2,"stine",2,6.34
"pc2","4cpu-amd",0.2,"stine",3,6.62
"pc2","4cpu-amd",0.2,"stine",3,6.14
"pc2","4cpu-amd",0.2,"stine",1,6.27
"pc2","4cpu-amd",0.2,"stine",4,6.44
"pc2","4cpu-amd",0.2,"stine",2,6.54
"pc2","4cpu-amd",0.2,"stine",1,6.27
"pc2","4cpu-amd",0.2,"stine",3,6.27
"pc2","4cpu-amd",0.2,"stine",4,6.36
"pc2","4cpu-amd",0.2,"stine",2,6.57
"pc2","4cpu-amd",0.2,"stine",2,6.04
"pc2","4cpu-amd",0.2,"stine",3,6.14
"pc2","4cpu-amd",0.2,"stine",4,6.23
"pc2","4cpu-amd",0.2,"stine",1,6.46
"pc2","4cpu-amd",0.2,"stine",3,6.22
"pc2","4cpu-amd",0.2,"stine",4,6.22
"pc2","4cpu-amd",0.2,"stine",1,6.67
"pc2","4cpu-amd",0.2,"stine",2,6.84
"pc2","4cpu-amd",0.2,"stine",4,6.39
"pc2","4cpu-amd",0.2,"stine",1,6.39
"pc2","4cpu-amd",0.2,"stine",3,6.75
"pc2","4cpu-amd",0.2,"stine",2,6.96
"pc2","4cpu-amd",0.2,"stine",4,6.15
"pc2","4cpu-amd",0.2,"stine",2,6.45
"pc2","4cpu-amd",0.2,"stine",1,6.66
"pc2","4cpu-amd",0.2,"stine",3,6.74
"pc2","4cpu-amd",0.2,"stine",4,6.28
"pc2","4cpu-amd",0.2,"stine",2,6.4
"pc2","4cpu-amd",0.2,"stine",3,6.58
"pc2","4cpu-amd",0.2,"stine",1,6.88
"pc2","4cpu-amd",0.2,"stine",2,6.48
"pc2","4cpu-amd",0.2,"stine",1,6.48
"pc2","4cpu-amd",0.2,"stine",3,6.85
"pc2","4cpu-amd",0.2,"stine",4,7.06
"pc2","4cpu-amd",0.2,"stine",4,6.22
"pc2","4cpu-amd",0.2,"stine",1,6.34
"pc2","4cpu-amd",0.2,"stine",2,6.44
"pc2","4cpu-amd",0.2,"stine",3,6.63
"pc2","4cpu-amd",0.2,"stine",3,6.22
"pc2","4cpu-amd",0.2,"stine",2,6.32
"pc2","4cpu-amd",0.2,"stine",1,6.44
"pc2","4cpu-amd",0.2,"stine",4,6.5
"pc2","4cpu-amd",0.2,"stine",2,6.56
"pc2","4cpu-amd",0.2,"stine",3,6.84
"pc2","4cpu-amd",0.2,"stine",1,6.88
"pc2","4cpu-amd",0.2,"stine",4,6.94
"pc2","4cpu-amd",0.2,"stine",4,6.21
"pc2","4cpu-amd",0.2,"stine",1,6.41
"pc2","4cpu-amd",0.2,"stine",3,6.41
"pc2","4cpu-amd",0.2,"stine",2,6.54
"pc2","4cpu-amd",0.2,"stine",1,6.36
"pc2","4cpu-amd",0.2,"stine",2,6.43
"pc2","4cpu-amd",0.2,"stine",4,6.52
"pc2","4cpu-amd",0.2,"stine",3,6.93
"pc2","4cpu-amd",0.2,"stine",1,6.48
"pc2","4cpu-amd",0.2,"stine",2,6.65
"pc2","4cpu-amd",0.2,"stine",4,6.95
"pc2","4cpu-amd",0.2,"stine",3,7.15
"pc2","4cpu-amd",0.2,"stine",3,6.22
"pc2","4cpu-amd",0.2,"stine",2,6.36
"pc2","4cpu-amd",0.2,"stine",4,6.43
"pc2","4cpu-amd",0.2,"stine",1,6.87
"pc2","4cpu-amd",0.2,"stine",3,6.48
"pc2","4cpu-amd",0.2,"stine",4,6.48
"pc2","4cpu-amd",0.2,"stine",2,6.83
"pc2","4cpu-amd",0.2,"stine",1,6.95
"pc2","4cpu-amd",0.2,"stine",3,6.17
"pc2","4cpu-amd",0.2,"stine",1,6.57
"pc2","4cpu-amd",0.2,"stine",4,6.57
"pc2","4cpu-amd",0.2,"stine",2,6.78
"pc2","4cpu-amd",0.2,"stine",2,6.13
"pc2","4cpu-amd",0.2,"stine",1,6.44
"pc2","4cpu-amd",0.2,"stine",3,6.44
"pc2","4cpu-amd",0.2,"stine",4,6.92
"pc2","4cpu-amd",0.2,"stine",1,6.07
"pc2","4cpu-amd",0.2,"stine",2,6.35
"pc2","4cpu-amd",0.2,"stine",4,6.35
"pc2","4cpu-amd",0.2,"stine",3,6.44
"pc2","4cpu-amd",0.2,"stine",4,6.32
"pc2","4cpu-amd",0.2,"stine",2,6.45
"pc2","4cpu-amd",0.2,"stine",1,6.55
"pc2","4cpu-amd",0.2,"stine",3,6.93
"pc2","4cpu-amd",0.2,"stine",3,6.41
"pc2","4cpu-amd",0.2,"stine",4,6.41
"pc2","4cpu-amd",0.2,"stine",1,6.66
"pc2","4cpu-amd",0.2,"stine",2,6.64
"pc2","4cpu-amd",0.3,"stine",2,3.93
"pc2","4cpu-amd",0.3,"stine",4,3.91
"pc2","4cpu-amd",0.3,"stine",3,4.01
"pc2","4cpu-amd",0.3,"stine",1,4.15
"pc2","4cpu-amd",0.3,"stine",4,3.92
"pc2","4cpu-amd",0.3,"stine",3,4
"pc2","4cpu-amd",0.3,"stine",1,4.07
"pc2","4cpu-amd",0.3,"stine",2,4.05
"pc2","4cpu-amd",0.3,"stine",3,3.34
"pc2","4cpu-amd",0.3,"stine",1,3.47
"pc2","4cpu-amd",0.3,"stine",4,3.54
"pc2","4cpu-amd",0.3,"stine",2,3.56
"pc2","4cpu-amd",0.3,"stine",4,3.41
"pc2","4cpu-amd",0.3,"stine",3,3.51
"pc2","4cpu-amd",0.3,"stine",2,3.52
"pc2","4cpu-amd",0.3,"stine",1,3.52
"pc2","4cpu-amd",0.3,"stine",3,3.33
"pc2","4cpu-amd",0.3,"stine",4,3.54
"pc2","4cpu-amd",0.3,"stine",1,3.66
"pc2","4cpu-amd",0.3,"stine",2,3.76
"pc2","4cpu-amd",0.3,"stine",3,3.35
"pc2","4cpu-amd",0.3,"stine",1,3.46
"pc2","4cpu-amd",0.3,"stine",4,3.51
"pc2","4cpu-amd",0.3,"stine",2,3.64
"pc2","4cpu-amd",0.3,"stine",1,3.37
"pc2","4cpu-amd",0.3,"stine",4,3.43
"pc2","4cpu-amd",0.3,"stine",3,3.43
"pc2","4cpu-amd",0.3,"stine",2,3.54
"pc2","4cpu-amd",0.3,"stine",3,3.33
"pc2","4cpu-amd",0.3,"stine",1,3.41
"pc2","4cpu-amd",0.3,"stine",4,3.41
"pc2","4cpu-amd",0.3,"stine",2,3.62
"pc2","4cpu-amd",0.3,"stine",3,3.5
"pc2","4cpu-amd",0.3,"stine",4,3.5
"pc2","4cpu-amd",0.3,"stine",1,3.5
"pc2","4cpu-amd",0.3,"stine",2,3.67
"pc2","4cpu-amd",0.3,"stine",1,3.39
"pc2","4cpu-amd",0.3,"stine",4,3.47
"pc2","4cpu-amd",0.3,"stine",2,3.47
"pc2","4cpu-amd",0.3,"stine",3,3.56
"pc2","4cpu-amd",0.3,"stine",1,3.37
"pc2","4cpu-amd",0.3,"stine",3,3.46
"pc2","4cpu-amd",0.3,"stine",2,3.46
"pc2","4cpu-amd",0.3,"stine",4,3.5
"pc2","4cpu-amd",0.3,"stine",2,3.38
"pc2","4cpu-amd",0.3,"stine",1,3.47
"pc2","4cpu-amd",0.3,"stine",3,3.47
"pc2","4cpu-amd",0.3,"stine",4,3.76
"pc2","4cpu-amd",0.3,"stine",3,3.27
"pc2","4cpu-amd",0.3,"stine",1,3.27
"pc2","4cpu-amd",0.3,"stine",4,3.42
"pc2","4cpu-amd",0.3,"stine",2,3.55
"pc2","4cpu-amd",0.3,"stine",1,3.27
"pc2","4cpu-amd",0.3,"stine",4,3.44
"pc2","4cpu-amd",0.3,"stine",3,3.45
"pc2","4cpu-amd",0.3,"stine",2,3.47
"pc2","4cpu-amd",0.3,"stine",2,3.38
"pc2","4cpu-amd",0.3,"stine",1,3.47
"pc2","4cpu-amd",0.3,"stine",4,3.47
"pc2","4cpu-amd",0.3,"stine",3,3.65
"pc2","4cpu-amd",0.3,"stine",1,3.47
"pc2","4cpu-amd",0.3,"stine",2,3.48
"pc2","4cpu-amd",0.3,"stine",3,3.48
"pc2","4cpu-amd",0.3,"stine",4,3.55
"pc2","4cpu-amd",0.3,"stine",1,3.36
"pc2","4cpu-amd",0.3,"stine",4,3.45
"pc2","4cpu-amd",0.3,"stine",2,3.45
"pc2","4cpu-amd",0.3,"stine",3,3.45
"pc2","4cpu-amd",0.3,"stine",1,3.45
"pc2","4cpu-amd",0.3,"stine",4,3.54
"pc2","4cpu-amd",0.3,"stine",3,3.65
"pc2","4cpu-amd",0.3,"stine",2,3.84
"pc2","4cpu-amd",0.3,"stine",3,3.51
"pc2","4cpu-amd",0.3,"stine",4,3.51
"pc2","4cpu-amd",0.3,"stine",1,3.67
"pc2","4cpu-amd",0.3,"stine",2,3.65
"pc2","4cpu-amd",0.3,"stine",4,3.35
"pc2","4cpu-amd",0.3,"stine",2,3.46
"pc2","4cpu-amd",0.3,"stine",3,3.54
"pc2","4cpu-amd",0.3,"stine",1,3.57
"pc2","4cpu-amd",0.3,"stine",2,3.44
"pc2","4cpu-amd",0.3,"stine",4,3.44
"pc2","4cpu-amd",0.3,"stine",3,3.53
"pc2","4cpu-amd",0.3,"stine",1,3.57
"pc2","4cpu-amd",0.3,"stine",2,3.46
"pc2","4cpu-amd",0.3,"stine",4,3.46
"pc2","4cpu-amd",0.3,"stine",1,3.57
"pc2","4cpu-amd",0.3,"stine",3,3.75
"pc2","4cpu-amd",0.3,"stine",4,3.54
"pc2","4cpu-amd",0.3,"stine",3,3.57
"pc2","4cpu-amd",0.3,"stine",1,3.65
"pc2","4cpu-amd",0.3,"stine",2,3.67
"pc2","4cpu-amd",0.3,"stine",4,3.58
"pc2","4cpu-amd",0.3,"stine",1,3.66
"pc2","4cpu-amd",0.3,"stine",2,3.72
"pc2","4cpu-amd",0.3,"stine",3,3.72
"pc2","4cpu-amd",0.3,"stine",2,3.46
"pc2","4cpu-amd",0.3,"stine",1,3.56
"pc2","4cpu-amd",0.3,"stine",3,3.64
"pc2","4cpu-amd",0.3,"stine",4,3.72
"pc2","4cpu-amd",0.3,"stine",1,3.5
"pc2","4cpu-amd",0.3,"stine",3,3.56
"pc2","4cpu-amd",0.3,"stine",2,3.67
"pc2","4cpu-amd",0.3,"stine",4,3.74
"pc2","4cpu-amd",0.3,"stine",1,3.5
"pc2","4cpu-amd",0.3,"stine",2,3.57
"pc2","4cpu-amd",0.3,"stine",4,3.66
"pc2","4cpu-amd",0.3,"stine",3,3.77
"pc2","4cpu-amd",0.3,"stine",1,3.46
"pc2","4cpu-amd",0.3,"stine",3,3.45
"pc2","4cpu-amd",0.3,"stine",2,3.55
"pc2","4cpu-amd",0.3,"stine",4,3.55
"pc2","4cpu-amd",0.3,"stine",2,3.52
"pc2","4cpu-amd",0.3,"stine",3,3.58
"pc2","4cpu-amd",0.3,"stine",4,3.59
"pc2","4cpu-amd",0.3,"stine",1,3.73
"pc2","4cpu-amd",0.3,"stine",2,3.38
"pc2","4cpu-amd",0.3,"stine",4,3.57
"pc2","4cpu-amd",0.3,"stine",1,3.57
"pc2","4cpu-amd",0.3,"stine",3,3.76
"pc2","4cpu-amd",0.4,"stine",1,2.83
"pc2","4cpu-amd",0.4,"stine",4,2.85
"pc2","4cpu-amd",0.4,"stine",3,2.84
"pc2","4cpu-amd",0.4,"stine",2,2.84
"pc2","4cpu-amd",0.4,"stine",2,2.82
"pc2","4cpu-amd",0.4,"stine",3,2.83
"pc2","4cpu-amd",0.4,"stine",4,2.83
"pc2","4cpu-amd",0.4,"stine",1,2.95
"pc2","4cpu-amd",0.4,"stine",2,2.34
"pc2","4cpu-amd",0.4,"stine",4,2.42
"pc2","4cpu-amd",0.4,"stine",1,2.55
"pc2","4cpu-amd",0.4,"stine",3,2.55
"pc2","4cpu-amd",0.4,"stine",4,2.29
"pc2","4cpu-amd",0.4,"stine",3,2.3
"pc2","4cpu-amd",0.4,"stine",2,2.31
"pc2","4cpu-amd",0.4,"stine",1,2.52
"pc2","4cpu-amd",0.4,"stine",3,2.35
"pc2","4cpu-amd",0.4,"stine",2,2.43
"pc2","4cpu-amd",0.4,"stine",1,2.45
"pc2","4cpu-amd",0.4,"stine",4,2.45
"pc2","4cpu-amd",0.4,"stine",3,2.37
"pc2","4cpu-amd",0.4,"stine",1,2.46
"pc2","4cpu-amd",0.4,"stine",2,2.47
"pc2","4cpu-amd",0.4,"stine",4,2.46
"pc2","4cpu-amd",0.4,"stine",3,2.35
"pc2","4cpu-amd",0.4,"stine",1,2.39
"pc2","4cpu-amd",0.4,"stine",2,2.47
"pc2","4cpu-amd",0.4,"stine",4,2.47
"pc2","4cpu-amd",0.4,"stine",4,2.41
"pc2","4cpu-amd",0.4,"stine",3,2.41
"pc2","4cpu-amd",0.4,"stine",1,2.44
"pc2","4cpu-amd",0.4,"stine",2,2.53
"pc2","4cpu-amd",0.4,"stine",3,2.37
"pc2","4cpu-amd",0.4,"stine",4,2.37
"pc2","4cpu-amd",0.4,"stine",1,2.6
"pc2","4cpu-amd",0.4,"stine",4,2.34
"pc2","4cpu-amd",0.4,"stine",2,2.43
"pc2","4cpu-amd",0.4,"stine",3,2.43
"pc2","4cpu-amd",0.4,"stine",1,2.47
"pc2","4cpu-amd",0.4,"stine",4,2.24
"pc2","4cpu-amd",0.4,"stine",2,2.36
"pc2","4cpu-amd",0.4,"stine",3,2.45
"pc2","4cpu-amd",0.4,"stine",1,2.56
"pc2","4cpu-amd",0.4,"stine",2,2.38
"pc2","4cpu-amd",0.4,"stine",4,2.36
"pc2","4cpu-amd",0.4,"stine",3,2.47
"pc2","4cpu-amd",0.4,"stine",1,2.47
"pc2","4cpu-amd",0.4,"stine",2,2.28
"pc2","4cpu-amd",0.4,"stine",4,2.36
"pc2","4cpu-amd",0.4,"stine",3,2.36
"pc2","4cpu-amd",0.4,"stine",1,2.46
"pc2","4cpu-amd",0.4,"stine",3,2.37
"pc2","4cpu-amd",0.4,"stine",4,2.37
"pc2","4cpu-amd",0.4,"stine",1,2.49
"pc2","4cpu-amd",0.4,"stine",2,2.49
"pc2","4cpu-amd",0.4,"stine",4,2.44
"pc2","4cpu-amd",0.4,"stine",2,2.44
"pc2","4cpu-amd",0.4,"stine",1,2.44
"pc2","4cpu-amd",0.4,"stine",3,2.44
"pc2","4cpu-amd",0.4,"stine",2,2.44
"pc2","4cpu-amd",0.4,"stine",1,2.44
"pc2","4cpu-amd",0.4,"stine",4,2.48
"pc2","4cpu-amd",0.4,"stine",3,2.52
"pc2","4cpu-amd",0.4,"stine",4,2.35
"pc2","4cpu-amd",0.4,"stine",2,2.37
"pc2","4cpu-amd",0.4,"stine",1,2.38
"pc2","4cpu-amd",0.4,"stine",3,2.74
"pc2","4cpu-amd",0.4,"stine",1,2.39
"pc2","4cpu-amd",0.4,"stine",4,2.41
"pc2","4cpu-amd",0.4,"stine",3,2.43
"pc2","4cpu-amd",0.4,"stine",2,2.55
"pc2","4cpu-amd",0.4,"stine",4,2.41
"pc2","4cpu-amd",0.4,"stine",1,2.53
"pc2","4cpu-amd",0.4,"stine",2,2.53
"pc2","4cpu-amd",0.4,"stine",3,2.51
"pc2","4cpu-amd",0.4,"stine",1,2.47
"pc2","4cpu-amd",0.4,"stine",2,2.48
"pc2","4cpu-amd",0.4,"stine",4,2.47
"pc2","4cpu-amd",0.4,"stine",3,2.56
"pc2","4cpu-amd",0.4,"stine",1,2.37
"pc2","4cpu-amd",0.4,"stine",2,2.35
"pc2","4cpu-amd",0.4,"stine",3,2.46
"pc2","4cpu-amd",0.4,"stine",4,2.46
"pc2","4cpu-amd",0.4,"stine",2,2.44
"pc2","4cpu-amd",0.4,"stine",1,2.45
"pc2","4cpu-amd",0.4,"stine",3,2.53
"pc2","4cpu-amd",0.4,"stine",4,2.53
"pc2","4cpu-amd",0.4,"stine",1,2.4
"pc2","4cpu-amd",0.4,"stine",4,2.48
"pc2","4cpu-amd",0.4,"stine",2,2.48
"pc2","4cpu-amd",0.4,"stine",3,2.46
"pc2","4cpu-amd",0.4,"stine",1,2.46
"pc2","4cpu-amd",0.4,"stine",2,2.47
"pc2","4cpu-amd",0.4,"stine",4,2.54
"pc2","4cpu-amd",0.4,"stine",3,2.56
"pc2","4cpu-amd",0.4,"stine",1,2.48
"pc2","4cpu-amd",0.4,"stine",2,2.48
"pc2","4cpu-amd",0.4,"stine",4,2.48
"pc2","4cpu-amd",0.4,"stine",3,2.48
"pc2","4cpu-amd",0.4,"stine",4,2.44
"pc2","4cpu-amd",0.4,"stine",3,2.44
"pc2","4cpu-amd",0.4,"stine",1,2.44
"pc2","4cpu-amd",0.4,"stine",2,2.44
"pc2","4cpu-amd",0.4,"stine",3,2.45
"pc2","4cpu-amd",0.4,"stine",4,2.45
"pc2","4cpu-amd",0.4,"stine",2,2.48
"pc2","4cpu-amd",0.4,"stine",1,2.48
"pc2","4cpu-amd",0.4,"stine",1,2.48
"pc2","4cpu-amd",0.4,"stine",2,2.54
"pc2","4cpu-amd",0.4,"stine",4,2.53
"pc2","4cpu-amd",0.4,"stine",3,2.53
"pc2","4cpu-amd",0.4,"stine",1,2.39
"pc2","4cpu-amd",0.4,"stine",2,2.47
"pc2","4cpu-amd",0.4,"stine",4,2.56
"pc2","4cpu-amd",0.4,"stine",3,2.56
"pc2","4cpu-amd",0.4,"stine",2,2.39
"pc2","4cpu-amd",0.4,"stine",1,2.41
"pc2","4cpu-amd",0.4,"stine",4,2.48
"pc2","4cpu-amd",0.4,"stine",3,2.56
"pc2","4cpu-amd",0.5,"stine",3,2.04
"pc2","4cpu-amd",0.5,"stine",2,2.12
"pc2","4cpu-amd",0.5,"stine",4,2.12
"pc2","4cpu-amd",0.5,"stine",1,2.15
"pc2","4cpu-amd",0.5,"stine",1,2.16
"pc2","4cpu-amd",0.5,"stine",2,2.16
"pc2","4cpu-amd",0.5,"stine",3,2.16
"pc2","4cpu-amd",0.5,"stine",4,2.16
"pc2","4cpu-amd",0.5,"stine",3,1.83
"pc2","4cpu-amd",0.5,"stine",2,1.85
"pc2","4cpu-amd",0.5,"stine",4,1.9
"pc2","4cpu-amd",0.5,"stine",1,2.06
"pc2","4cpu-amd",0.5,"stine",3,1.75
"pc2","4cpu-amd",0.5,"stine",2,1.83
"pc2","4cpu-amd",0.5,"stine",4,1.83
"pc2","4cpu-amd",0.5,"stine",1,1.83
"pc2","4cpu-amd",0.5,"stine",1,1.84
"pc2","4cpu-amd",0.5,"stine",4,1.84
"pc2","4cpu-amd",0.5,"stine",2,1.84
"pc2","4cpu-amd",0.5,"stine",3,1.84
"pc2","4cpu-amd",0.5,"stine",3,1.76
"pc2","4cpu-amd",0.5,"stine",1,1.85
"pc2","4cpu-amd",0.5,"stine",2,1.85
"pc2","4cpu-amd",0.5,"stine",4,1.86
"pc2","4cpu-amd",0.5,"stine",2,1.78
"pc2","4cpu-amd",0.5,"stine",3,1.85
"pc2","4cpu-amd",0.5,"stine",1,1.85
"pc2","4cpu-amd",0.5,"stine",4,1.83
"pc2","4cpu-amd",0.5,"stine",2,1.8
"pc2","4cpu-amd",0.5,"stine",3,1.84
"pc2","4cpu-amd",0.5,"stine",1,1.84
"pc2","4cpu-amd",0.5,"stine",4,1.87
"pc2","4cpu-amd",0.5,"stine",1,1.85
"pc2","4cpu-amd",0.5,"stine",2,1.86
"pc2","4cpu-amd",0.5,"stine",3,1.86
"pc2","4cpu-amd",0.5,"stine",4,1.87
"pc2","4cpu-amd",0.5,"stine",2,1.85
"pc2","4cpu-amd",0.5,"stine",1,1.87
"pc2","4cpu-amd",0.5,"stine",4,1.87
"pc2","4cpu-amd",0.5,"stine",3,1.87
"pc2","4cpu-amd",0.5,"stine",4,1.82
"pc2","4cpu-amd",0.5,"stine",2,1.85
"pc2","4cpu-amd",0.5,"stine",3,1.91
"pc2","4cpu-amd",0.5,"stine",1,1.91
"pc2","4cpu-amd",0.5,"stine",4,1.77
"pc2","4cpu-amd",0.5,"stine",2,1.8
"pc2","4cpu-amd",0.5,"stine",1,1.82
"pc2","4cpu-amd",0.5,"stine",3,1.8
"pc2","4cpu-amd",0.5,"stine",2,1.84
"pc2","4cpu-amd",0.5,"stine",4,1.84
"pc2","4cpu-amd",0.5,"stine",3,1.84
"pc2","4cpu-amd",0.5,"stine",1,1.88
"pc2","4cpu-amd",0.5,"stine",4,1.83
"pc2","4cpu-amd",0.5,"stine",2,1.86
"pc2","4cpu-amd",0.5,"stine",3,1.86
"pc2","4cpu-amd",0.5,"stine",1,1.94
"pc2","4cpu-amd",0.5,"stine",3,1.79
"pc2","4cpu-amd",0.5,"stine",4,1.82
"pc2","4cpu-amd",0.5,"stine",2,1.82
"pc2","4cpu-amd",0.5,"stine",1,1.82
"pc2","4cpu-amd",0.5,"stine",1,1.86
"pc2","4cpu-amd",0.5,"stine",2,1.89
"pc2","4cpu-amd",0.5,"stine",4,1.85
"pc2","4cpu-amd",0.5,"stine",3,1.86
"pc2","4cpu-amd",0.5,"stine",3,1.87
"pc2","4cpu-amd",0.5,"stine",1,1.87
"pc2","4cpu-amd",0.5,"stine",4,1.87
"pc2","4cpu-amd",0.5,"stine",2,1.9
"pc2","4cpu-amd",0.5,"stine",3,1.84
"pc2","4cpu-amd",0.5,"stine",4,1.88
"pc2","4cpu-amd",0.5,"stine",2,1.87
"pc2","4cpu-amd",0.5,"stine",1,1.87
"pc2","4cpu-amd",0.5,"stine",4,1.84
"pc2","4cpu-amd",0.5,"stine",1,1.84
"pc2","4cpu-amd",0.5,"stine",2,1.94
"pc2","4cpu-amd",0.5,"stine",3,1.94
"pc2","4cpu-amd",0.5,"stine",1,1.84
"pc2","4cpu-amd",0.5,"stine",3,1.9
"pc2","4cpu-amd",0.5,"stine",2,1.9
"pc2","4cpu-amd",0.5,"stine",4,1.9
"pc2","4cpu-amd",0.5,"stine",1,1.8
"pc2","4cpu-amd",0.5,"stine",3,1.88
"pc2","4cpu-amd",0.5,"stine",2,1.96
"pc2","4cpu-amd",0.5,"stine",4,1.95
"pc2","4cpu-amd",0.5,"stine",1,1.87
"pc2","4cpu-amd",0.5,"stine",3,1.87
"pc2","4cpu-amd",0.5,"stine",2,1.87
"pc2","4cpu-amd",0.5,"stine",4,1.88
"pc2","4cpu-amd",0.5,"stine",1,1.85
"pc2","4cpu-amd",0.5,"stine",2,1.85
"pc2","4cpu-amd",0.5,"stine",3,1.86
"pc2","4cpu-amd",0.5,"stine",4,1.91
"pc2","4cpu-amd",0.5,"stine",1,1.9
"pc2","4cpu-amd",0.5,"stine",4,1.91
"pc2","4cpu-amd",0.5,"stine",2,1.96
"pc2","4cpu-amd",0.5,"stine",3,1.94
"pc2","4cpu-amd",0.5,"stine",1,1.86
"pc2","4cpu-amd",0.5,"stine",3,1.88
"pc2","4cpu-amd",0.5,"stine",2,1.89
"pc2","4cpu-amd",0.5,"stine",4,1.94
"pc2","4cpu-amd",0.5,"stine",1,1.87
"pc2","4cpu-amd",0.5,"stine",2,1.88
"pc2","4cpu-amd",0.5,"stine",4,1.93
"pc2","4cpu-amd",0.5,"stine",3,1.96
"pc2","4cpu-amd",0.5,"stine",4,1.86
"pc2","4cpu-amd",0.5,"stine",1,1.9
"pc2","4cpu-amd",0.5,"stine",3,1.96
"pc2","4cpu-amd",0.5,"stine",2,1.98
"pc2","4cpu-amd",0.5,"stine",4,1.87
"pc2","4cpu-amd",0.5,"stine",1,1.94
"pc2","4cpu-amd",0.5,"stine",3,1.95
"pc2","4cpu-amd",0.5,"stine",2,1.96
"pc2","4cpu-amd",0.5,"stine",1,1.88
"pc2","4cpu-amd",0.5,"stine",2,1.88
"pc2","4cpu-amd",0.5,"stine",3,1.88
"pc2","4cpu-amd",0.5,"stine",4,1.95
"pc2","4cpu-amd",0.5,"stine",1,1.81
"pc2","4cpu-amd",0.5,"stine",2,1.86
"pc2","4cpu-amd",0.5,"stine",4,1.92
"pc2","4cpu-amd",0.5,"stine",3,1.97
"pc2","4cpu-amd",0.6,"stine",4,1.69
"pc2","4cpu-amd",0.6,"stine",1,1.75
"pc2","4cpu-amd",0.6,"stine",3,1.75
"pc2","4cpu-amd",0.6,"stine",2,1.75
"pc2","4cpu-amd",0.6,"stine",4,1.68
"pc2","4cpu-amd",0.6,"stine",3,1.76
"pc2","4cpu-amd",0.6,"stine",1,1.76
"pc2","4cpu-amd",0.6,"stine",2,1.76
"pc2","4cpu-amd",0.6,"stine",4,1.46
"pc2","4cpu-amd",0.6,"stine",3,1.46
"pc2","4cpu-amd",0.6,"stine",1,1.52
"pc2","4cpu-amd",0.6,"stine",2,1.53
"pc2","4cpu-amd",0.6,"stine",3,1.47
"pc2","4cpu-amd",0.6,"stine",4,1.48
"pc2","4cpu-amd",0.6,"stine",1,1.51
"pc2","4cpu-amd",0.6,"stine",2,1.51
"pc2","4cpu-amd",0.6,"stine",3,1.46
"pc2","4cpu-amd",0.6,"stine",4,1.47
"pc2","4cpu-amd",0.6,"stine",1,1.48
"pc2","4cpu-amd",0.6,"stine",2,1.53
"pc2","4cpu-amd",0.6,"stine",2,1.48
"pc2","4cpu-amd",0.6,"stine",1,1.49
"pc2","4cpu-amd",0.6,"stine",3,1.49
"pc2","4cpu-amd",0.6,"stine",4,1.49
"pc2","4cpu-amd",0.6,"stine",3,1.44
"pc2","4cpu-amd",0.6,"stine",4,1.5
"pc2","4cpu-amd",0.6,"stine",2,1.55
"pc2","4cpu-amd",0.6,"stine",1,1.55
"pc2","4cpu-amd",0.6,"stine",4,1.42
"pc2","4cpu-amd",0.6,"stine",3,1.49
"pc2","4cpu-amd",0.6,"stine",2,1.53
"pc2","4cpu-amd",0.6,"stine",1,1.56
"pc2","4cpu-amd",0.6,"stine",4,1.47
"pc2","4cpu-amd",0.6,"stine",2,1.47
"pc2","4cpu-amd",0.6,"stine",3,1.47
"pc2","4cpu-amd",0.6,"stine",1,1.56
"pc2","4cpu-amd",0.6,"stine",2,1.47
"pc2","4cpu-amd",0.6,"stine",3,1.48
"pc2","4cpu-amd",0.6,"stine",1,1.5
"pc2","4cpu-amd",0.6,"stine",4,1.5
"pc2","4cpu-amd",0.6,"stine",3,1.47
"pc2","4cpu-amd",0.6,"stine",4,1.53
"pc2","4cpu-amd",0.6,"stine",2,1.53
"pc2","4cpu-amd",0.6,"stine",1,1.56
"pc2","4cpu-amd",0.6,"stine",4,1.44
"pc2","4cpu-amd",0.6,"stine",1,1.48
"pc2","4cpu-amd",0.6,"stine",3,1.51
"pc2","4cpu-amd",0.6,"stine",2,1.54
"pc2","4cpu-amd",0.6,"stine",3,1.44
"pc2","4cpu-amd",0.6,"stine",4,1.44
"pc2","4cpu-amd",0.6,"stine",1,1.54
"pc2","4cpu-amd",0.6,"stine",2,1.54
"pc2","4cpu-amd",0.6,"stine",3,1.44
"pc2","4cpu-amd",0.6,"stine",2,1.44
"pc2","4cpu-amd",0.6,"stine",4,1.44
"pc2","4cpu-amd",0.6,"stine",1,1.54
"pc2","4cpu-amd",0.6,"stine",3,1.49
"pc2","4cpu-amd",0.6,"stine",2,1.49
"pc2","4cpu-amd",0.6,"stine",1,1.52
"pc2","4cpu-amd",0.6,"stine",4,1.5
"pc2","4cpu-amd",0.6,"stine",3,1.52
"pc2","4cpu-amd",0.6,"stine",4,1.52
"pc2","4cpu-amd",0.6,"stine",2,1.52
"pc2","4cpu-amd",0.6,"stine",1,1.56
"pc2","4cpu-amd",0.6,"stine",2,1.5
"pc2","4cpu-amd",0.6,"stine",3,1.5
"pc2","4cpu-amd",0.6,"stine",1,1.5
"pc2","4cpu-amd",0.6,"stine",4,1.54
"pc2","4cpu-amd",0.6,"stine",1,1.54
"pc2","4cpu-amd",0.6,"stine",3,1.51
"pc2","4cpu-amd",0.6,"stine",2,1.53
"pc2","4cpu-amd",0.6,"stine",4,1.53
"pc2","4cpu-amd",0.6,"stine",1,1.48
"pc2","4cpu-amd",0.6,"stine",3,1.55
"pc2","4cpu-amd",0.6,"stine",2,1.56
"pc2","4cpu-amd",0.6,"stine",4,1.56
"pc2","4cpu-amd",0.6,"stine",1,1.48
"pc2","4cpu-amd",0.6,"stine",3,1.52
"pc2","4cpu-amd",0.6,"stine",4,1.53
"pc2","4cpu-amd",0.6,"stine",2,1.57
"pc2","4cpu-amd",0.6,"stine",3,1.53
"pc2","4cpu-amd",0.6,"stine",2,1.55
"pc2","4cpu-amd",0.6,"stine",1,1.55
"pc2","4cpu-amd",0.6,"stine",4,1.55
"pc2","4cpu-amd",0.6,"stine",1,1.53
"pc2","4cpu-amd",0.6,"stine",3,1.53
"pc2","4cpu-amd",0.6,"stine",2,1.55
"pc2","4cpu-amd",0.6,"stine",4,1.55
"pc2","4cpu-amd",0.6,"stine",2,1.51
"pc2","4cpu-amd",0.6,"stine",1,1.55
"pc2","4cpu-amd",0.6,"stine",3,1.57
"pc2","4cpu-amd",0.6,"stine",1,1.51
"pc2","4cpu-amd",0.6,"stine",2,1.56
"pc2","4cpu-amd",0.6,"stine",3,1.56
"pc2","4cpu-amd",0.6,"stine",4,1.55
"pc2","4cpu-amd",0.6,"stine",1,1.51
"pc2","4cpu-amd",0.6,"stine",2,1.57
"pc2","4cpu-amd",0.6,"stine",4,1.56
"pc2","4cpu-amd",0.6,"stine",3,1.58
"pc2","4cpu-amd",0.6,"stine",2,1.55
"pc2","4cpu-amd",0.6,"stine",4,1.56
"pc2","4cpu-amd",0.6,"stine",3,1.56
"pc2","4cpu-amd",0.6,"stine",1,1.56
"pc2","4cpu-amd",0.6,"stine",4,1.56
"pc2","4cpu-amd",0.6,"stine",2,1.56
"pc2","4cpu-amd",0.6,"stine",3,1.56
"pc2","4cpu-amd",0.6,"stine",1,1.56
"pc2","4cpu-amd",0.6,"stine",4,1.5
"pc2","4cpu-amd",0.6,"stine",3,1.53
"pc2","4cpu-amd",0.6,"stine",2,1.53
"pc2","4cpu-amd",0.6,"stine",1,1.56
"pc2","4cpu-amd",0.6,"stine",2,1.5
"pc2","4cpu-amd",0.6,"stine",1,1.55
"pc2","4cpu-amd",0.6,"stine",3,1.57
"pc2","4cpu-amd",0.6,"stine",4,1.57
"pc2","4cpu-amd",0.6,"stine",1,1.56
"pc2","4cpu-amd",0.6,"stine",2,1.56
"pc2","4cpu-amd",0.6,"stine",3,1.56
"pc2","4cpu-amd",0.6,"stine",4,1.56
"pc2","4cpu-amd",0.7,"stine",4,1.48
"pc2","4cpu-amd",0.7,"stine",1,1.48
"pc2","4cpu-amd",0.7,"stine",2,1.48
"pc2","4cpu-amd",0.7,"stine",3,1.49
"pc2","4cpu-amd",0.7,"stine",4,1.46
"pc2","4cpu-amd",0.7,"stine",2,1.49
"pc2","4cpu-amd",0.7,"stine",1,1.49
"pc2","4cpu-amd",0.7,"stine",3,1.52
"pc2","4cpu-amd",0.7,"stine",2,1.28
"pc2","4cpu-amd",0.7,"stine",1,1.28
"pc2","4cpu-amd",0.7,"stine",3,1.27
"pc2","4cpu-amd",0.7,"stine",4,1.27
"pc2","4cpu-amd",0.7,"stine",2,1.26
"pc2","4cpu-amd",0.7,"stine",3,1.29
"pc2","4cpu-amd",0.7,"stine",1,1.29
"pc2","4cpu-amd",0.7,"stine",4,1.29
"pc2","4cpu-amd",0.7,"stine",2,1.23
"pc2","4cpu-amd",0.7,"stine",3,1.23
"pc2","4cpu-amd",0.7,"stine",4,1.24
"pc2","4cpu-amd",0.7,"stine",1,1.28
"pc2","4cpu-amd",0.7,"stine",4,1.23
"pc2","4cpu-amd",0.7,"stine",3,1.23
"pc2","4cpu-amd",0.7,"stine",2,1.26
"pc2","4cpu-amd",0.7,"stine",1,1.33
"pc2","4cpu-amd",0.7,"stine",4,1.26
"pc2","4cpu-amd",0.7,"stine",2,1.28
"pc2","4cpu-amd",0.7,"stine",3,1.28
"pc2","4cpu-amd",0.7,"stine",1,1.28
"pc2","4cpu-amd",0.7,"stine",1,1.25
"pc2","4cpu-amd",0.7,"stine",2,1.3
"pc2","4cpu-amd",0.7,"stine",3,1.29
"pc2","4cpu-amd",0.7,"stine",4,1.28
"pc2","4cpu-amd",0.7,"stine",4,1.23
"pc2","4cpu-amd",0.7,"stine",3,1.28
"pc2","4cpu-amd",0.7,"stine",2,1.28
"pc2","4cpu-amd",0.7,"stine",1,1.28
"pc2","4cpu-amd",0.7,"stine",3,1.21
"pc2","4cpu-amd",0.7,"stine",4,1.26
"pc2","4cpu-amd",0.7,"stine",2,1.26
"pc2","4cpu-amd",0.7,"stine",1,1.31
"pc2","4cpu-amd",0.7,"stine",2,1.22
"pc2","4cpu-amd",0.7,"stine",1,1.25
"pc2","4cpu-amd",0.7,"stine",3,1.25
"pc2","4cpu-amd",0.7,"stine",4,1.28
"pc2","4cpu-amd",0.7,"stine",3,1.28
"pc2","4cpu-amd",0.7,"stine",1,1.28
"pc2","4cpu-amd",0.7,"stine",4,1.28
"pc2","4cpu-amd",0.7,"stine",2,1.28
"pc2","4cpu-amd",0.7,"stine",1,1.26
"pc2","4cpu-amd",0.7,"stine",2,1.26
"pc2","4cpu-amd",0.7,"stine",3,1.27
"pc2","4cpu-amd",0.7,"stine",4,1.27
"pc2","4cpu-amd",0.7,"stine",3,1.26
"pc2","4cpu-amd",0.7,"stine",1,1.26
"pc2","4cpu-amd",0.7,"stine",4,1.28
"pc2","4cpu-amd",0.7,"stine",2,1.28
"pc2","4cpu-amd",0.7,"stine",1,1.25
"pc2","4cpu-amd",0.7,"stine",3,1.27
"pc2","4cpu-amd",0.7,"stine",4,1.27
"pc2","4cpu-amd",0.7,"stine",2,1.27
"pc2","4cpu-amd",0.7,"stine",1,1.31
"pc2","4cpu-amd",0.7,"stine",3,1.28
"pc2","4cpu-amd",0.7,"stine",2,1.28
"pc2","4cpu-amd",0.7,"stine",4,1.28
"pc2","4cpu-amd",0.7,"stine",1,1.25
"pc2","4cpu-amd",0.7,"stine",2,1.27
"pc2","4cpu-amd",0.7,"stine",4,1.27
"pc2","4cpu-amd",0.7,"stine",3,1.27
"pc2","4cpu-amd",0.7,"stine",4,1.27
"pc2","4cpu-amd",0.7,"stine",1,1.28
"pc2","4cpu-amd",0.7,"stine",2,1.28
"pc2","4cpu-amd",0.7,"stine",3,1.3
"pc2","4cpu-amd",0.7,"stine",1,1.25
"pc2","4cpu-amd",0.7,"stine",3,1.25
"pc2","4cpu-amd",0.7,"stine",4,1.28
"pc2","4cpu-amd",0.7,"stine",2,1.28
"pc2","4cpu-amd",0.7,"stine",1,1.24
"pc2","4cpu-amd",0.7,"stine",3,1.26
"pc2","4cpu-amd",0.7,"stine",4,1.26
"pc2","4cpu-amd",0.7,"stine",2,1.33
"pc2","4cpu-amd",0.7,"stine",1,1.27
"pc2","4cpu-amd",0.7,"stine",2,1.27
"pc2","4cpu-amd",0.7,"stine",4,1.28
"pc2","4cpu-amd",0.7,"stine",3,1.28
"pc2","4cpu-amd",0.7,"stine",3,1.26
"pc2","4cpu-amd",0.7,"stine",2,1.28
"pc2","4cpu-amd",0.7,"stine",1,1.28
"pc2","4cpu-amd",0.7,"stine",4,1.28
"pc2","4cpu-amd",0.7,"stine",3,1.26
"pc2","4cpu-amd",0.7,"stine",1,1.26
"pc2","4cpu-amd",0.7,"stine",2,1.28
"pc2","4cpu-amd",0.7,"stine",4,1.33
"pc2","4cpu-amd",0.7,"stine",1,1.29
"pc2","4cpu-amd",0.7,"stine",3,1.29
"pc2","4cpu-amd",0.7,"stine",2,1.28
"pc2","4cpu-amd",0.7,"stine",4,1.28
"pc2","4cpu-amd",0.7,"stine",1,1.28
"pc2","4cpu-amd",0.7,"stine",3,1.28
"pc2","4cpu-amd",0.7,"stine",4,1.29
"pc2","4cpu-amd",0.7,"stine",2,1.29
"pc2","4cpu-amd",0.7,"stine",4,1.22
"pc2","4cpu-amd",0.7,"stine",1,1.29
"pc2","4cpu-amd",0.7,"stine",2,1.32
"pc2","4cpu-amd",0.7,"stine",3,1.31
"pc2","4cpu-amd",0.7,"stine",1,1.24
"pc2","4cpu-amd",0.7,"stine",4,1.27
"pc2","4cpu-amd",0.7,"stine",3,1.27
"pc2","4cpu-amd",0.7,"stine",2,1.31
"pc2","4cpu-amd",0.7,"stine",3,1.28
"pc2","4cpu-amd",0.7,"stine",1,1.28
"pc2","4cpu-amd",0.7,"stine",4,2.27
"pc2","4cpu-amd",0.7,"stine",2,2.27
"pc2","4cpu-amd",0.7,"stine",3,1.27
"pc2","4cpu-amd",0.7,"stine",1,1.34
"pc2","4cpu-amd",0.7,"stine",4,1.35
"pc2","4cpu-amd",0.7,"stine",2,1.35
"pc2","4cpu-amd",0.7,"stine",1,1.31
"pc2","4cpu-amd",0.7,"stine",2,1.31
"pc2","4cpu-amd",0.7,"stine",4,1.31
"pc2","4cpu-amd",0.7,"stine",3,1.36
"pc2","4cpu-amd",0.8,"stine",2,1.29
"pc2","4cpu-amd",0.8,"stine",1,1.27
"pc2","4cpu-amd",0.8,"stine",3,1.29
"pc2","4cpu-amd",0.8,"stine",4,1.29
"pc2","4cpu-amd",0.8,"stine",1,1.27
"pc2","4cpu-amd",0.8,"stine",3,1.31
"pc2","4cpu-amd",0.8,"stine",2,1.31
"pc2","4cpu-amd",0.8,"stine",4,1.28
"pc2","4cpu-amd",0.8,"stine",1,1.11
"pc2","4cpu-amd",0.8,"stine",4,1.1
"pc2","4cpu-amd",0.8,"stine",2,1.1
"pc2","4cpu-amd",0.8,"stine",3,1.1
"pc2","4cpu-amd",0.8,"stine",1,1.1
"pc2","4cpu-amd",0.8,"stine",4,1.11
"pc2","4cpu-amd",0.8,"stine",2,1.1
"pc2","4cpu-amd",0.8,"stine",3,1.1
"pc2","4cpu-amd",0.8,"stine",4,1.13
"pc2","4cpu-amd",0.8,"stine",1,1.13
"pc2","4cpu-amd",0.8,"stine",2,1.09
"pc2","4cpu-amd",0.8,"stine",3,1.12
"pc2","4cpu-amd",0.8,"stine",3,1.08
"pc2","4cpu-amd",0.8,"stine",2,1.08
"pc2","4cpu-amd",0.8,"stine",4,1.09
"pc2","4cpu-amd",0.8,"stine",1,1.15
"pc2","4cpu-amd",0.8,"stine",4,1.09
"pc2","4cpu-amd",0.8,"stine",3,1.14
"pc2","4cpu-amd",0.8,"stine",1,1.14
"pc2","4cpu-amd",0.8,"stine",2,1.15
"pc2","4cpu-amd",0.8,"stine",2,1.08
"pc2","4cpu-amd",0.8,"stine",1,1.11
"pc2","4cpu-amd",0.8,"stine",3,1.11
"pc2","4cpu-amd",0.8,"stine",4,1.12
"pc2","4cpu-amd",0.8,"stine",3,1.11
"pc2","4cpu-amd",0.8,"stine",2,1.11
"pc2","4cpu-amd",0.8,"stine",4,1.11
"pc2","4cpu-amd",0.8,"stine",1,1.11
"pc2","4cpu-amd",0.8,"stine",1,1.11
"pc2","4cpu-amd",0.8,"stine",2,1.11
"pc2","4cpu-amd",0.8,"stine",3,1.12
"pc2","4cpu-amd",0.8,"stine",4,1.12
"pc2","4cpu-amd",0.8,"stine",1,1.12
"pc2","4cpu-amd",0.8,"stine",4,1.12
"pc2","4cpu-amd",0.8,"stine",3,1.12
"pc2","4cpu-amd",0.8,"stine",2,1.12
"pc2","4cpu-amd",0.8,"stine",2,1.08
"pc2","4cpu-amd",0.8,"stine",3,1.1
"pc2","4cpu-amd",0.8,"stine",4,1.1
"pc2","4cpu-amd",0.8,"stine",1,1.14
"pc2","4cpu-amd",0.8,"stine",4,1.08
"pc2","4cpu-amd",0.8,"stine",3,1.08
"pc2","4cpu-amd",0.8,"stine",2,1.08
"pc2","4cpu-amd",0.8,"stine",1,1.09
"pc2","4cpu-amd",0.8,"stine",1,1.08
"pc2","4cpu-amd",0.8,"stine",3,1.09
"pc2","4cpu-amd",0.8,"stine",4,1.1
"pc2","4cpu-amd",0.8,"stine",2,1.09
"pc2","4cpu-amd",0.8,"stine",2,1.1
"pc2","4cpu-amd",0.8,"stine",4,1.09
"pc2","4cpu-amd",0.8,"stine",1,1.09
"pc2","4cpu-amd",0.8,"stine",3,1.11
"pc2","4cpu-amd",0.8,"stine",1,1.13
"pc2","4cpu-amd",0.8,"stine",2,1.13
"pc2","4cpu-amd",0.8,"stine",3,1.1
"pc2","4cpu-amd",0.8,"stine",4,1.1
"pc2","4cpu-amd",0.8,"stine",3,1.08
"pc2","4cpu-amd",0.8,"stine",4,1.1
"pc2","4cpu-amd",0.8,"stine",1,1.13
"pc2","4cpu-amd",0.8,"stine",2,1.13
"pc2","4cpu-amd",0.8,"stine",1,1.09
"pc2","4cpu-amd",0.8,"stine",2,1.11
"pc2","4cpu-amd",0.8,"stine",3,1.11
"pc2","4cpu-amd",0.8,"stine",4,1.91
"pc2","4cpu-amd",0.8,"stine",2,1.09
"pc2","4cpu-amd",0.8,"stine",1,1.12
"pc2","4cpu-amd",0.8,"stine",3,1.1
"pc2","4cpu-amd",0.8,"stine",4,1.09
"pc2","4cpu-amd",0.8,"stine",1,1.07
"pc2","4cpu-amd",0.8,"stine",4,1.09
"pc2","4cpu-amd",0.8,"stine",2,1.09
"pc2","4cpu-amd",0.8,"stine",3,1.11
"pc2","4cpu-amd",0.8,"stine",1,1.11
"pc2","4cpu-amd",0.8,"stine",2,1.11
"pc2","4cpu-amd",0.8,"stine",4,1.09
"pc2","4cpu-amd",0.8,"stine",3,1.13
"pc2","4cpu-amd",0.8,"stine",2,1.1
"pc2","4cpu-amd",0.8,"stine",1,1.1
"pc2","4cpu-amd",0.8,"stine",3,1.1
"pc2","4cpu-amd",0.8,"stine",4,1.1
"pc2","4cpu-amd",0.8,"stine",1,1.08
"pc2","4cpu-amd",0.8,"stine",4,1.09
"pc2","4cpu-amd",0.8,"stine",3,1.12
"pc2","4cpu-amd",0.8,"stine",2,1.9
"pc2","4cpu-amd",0.8,"stine",4,1.1
"pc2","4cpu-amd",0.8,"stine",3,1.1
"pc2","4cpu-amd",0.8,"stine",2,1.16
"pc2","4cpu-amd",0.8,"stine",1,1.16
"pc2","4cpu-amd",0.8,"stine",4,1.09
"pc2","4cpu-amd",0.8,"stine",2,1.09
"pc2","4cpu-amd",0.8,"stine",1,1.13
"pc2","4cpu-amd",0.8,"stine",3,1.13
"pc2","4cpu-amd",0.8,"stine",4,1.12
"pc2","4cpu-amd",0.8,"stine",3,1.12
"pc2","4cpu-amd",0.8,"stine",1,1.17
"pc2","4cpu-amd",0.8,"stine",2,1.16
"pc2","4cpu-amd",0.8,"stine",3,1.1
"pc2","4cpu-amd",0.8,"stine",1,1.12
"pc2","4cpu-amd",0.8,"stine",2,1.12
"pc2","4cpu-amd",0.8,"stine",4,1.12
"pc2","4cpu-amd",0.8,"stine",2,1.12
"pc2","4cpu-amd",0.8,"stine",3,1.12
"pc2","4cpu-amd",0.8,"stine",1,1.12
"pc2","4cpu-amd",0.8,"stine",4,1.12
"pc2","4cpu-amd",0.8,"stine",1,1.1
"pc2","4cpu-amd",0.8,"stine",3,1.1
"pc2","4cpu-amd",0.8,"stine",2,1.12
"pc2","4cpu-amd",0.8,"stine",4,1.11
"pc2","4cpu-amd",0.8,"stine",1,1.11
"pc2","4cpu-amd",0.8,"stine",2,1.11
"pc2","4cpu-amd",0.8,"stine",3,1.14
"pc2","4cpu-amd",0.8,"stine",4,1.14
"pc2","4cpu-amd",0.9,"stine",1,1.15
"pc2","4cpu-amd",0.9,"stine",2,1.14
"pc2","4cpu-amd",0.9,"stine",3,1.14
"pc2","4cpu-amd",0.9,"stine",4,1.13
"pc2","4cpu-amd",0.9,"stine",1,1.15
"pc2","4cpu-amd",0.9,"stine",2,1.12
"pc2","4cpu-amd",0.9,"stine",3,1.12
"pc2","4cpu-amd",0.9,"stine",4,1.12
"pc2","4cpu-amd",0.9,"stine",2,0.97
"pc2","4cpu-amd",0.9,"stine",4,0.97
"pc2","4cpu-amd",0.9,"stine",1,0.97
"pc2","4cpu-amd",0.9,"stine",3,0.97
"pc2","4cpu-amd",0.9,"stine",2,0.96
"pc2","4cpu-amd",0.9,"stine",3,0.96
"pc2","4cpu-amd",0.9,"stine",4,1
"pc2","4cpu-amd",0.9,"stine",1,1
"pc2","4cpu-amd",0.9,"stine",1,0.97
"pc2","4cpu-amd",0.9,"stine",2,0.96
"pc2","4cpu-amd",0.9,"stine",3,0.96
"pc2","4cpu-amd",0.9,"stine",4,0.98
"pc2","4cpu-amd",0.9,"stine",3,0.97
"pc2","4cpu-amd",0.9,"stine",1,0.97
"pc2","4cpu-amd",0.9,"stine",4,0.97
"pc2","4cpu-amd",0.9,"stine",2,0.99
"pc2","4cpu-amd",0.9,"stine",3,0.94
"pc2","4cpu-amd",0.9,"stine",1,0.96
"pc2","4cpu-amd",0.9,"stine",2,0.96
"pc2","4cpu-amd",0.9,"stine",4,0.96
"pc2","4cpu-amd",0.9,"stine",1,0.98
"pc2","4cpu-amd",0.9,"stine",3,0.98
"pc2","4cpu-amd",0.9,"stine",2,0.98
"pc2","4cpu-amd",0.9,"stine",4,0.98
"pc2","4cpu-amd",0.9,"stine",4,0.97
"pc2","4cpu-amd",0.9,"stine",1,0.97
"pc2","4cpu-amd",0.9,"stine",3,0.99
"pc2","4cpu-amd",0.9,"stine",2,0.99
"pc2","4cpu-amd",0.9,"stine",1,0.98
"pc2","4cpu-amd",0.9,"stine",3,0.96
"pc2","4cpu-amd",0.9,"stine",2,0.96
"pc2","4cpu-amd",0.9,"stine",4,0.96
"pc2","4cpu-amd",0.9,"stine",2,1.01
"pc2","4cpu-amd",0.9,"stine",1,0.98
"pc2","4cpu-amd",0.9,"stine",3,0.98
"pc2","4cpu-amd",0.9,"stine",4,0.98
"pc2","4cpu-amd",0.9,"stine",1,0.94
"pc2","4cpu-amd",0.9,"stine",2,0.94
"pc2","4cpu-amd",0.9,"stine",4,0.97
"pc2","4cpu-amd",0.9,"stine",3,0.97
"pc2","4cpu-amd",0.9,"stine",1,1
"pc2","4cpu-amd",0.9,"stine",4,0.99
"pc2","4cpu-amd",0.9,"stine",2,0.99
"pc2","4cpu-amd",0.9,"stine",3,0.97
"pc2","4cpu-amd",0.9,"stine",1,0.96
"pc2","4cpu-amd",0.9,"stine",4,0.94
"pc2","4cpu-amd",0.9,"stine",2,0.98
"pc2","4cpu-amd",0.9,"stine",3,0.99
"pc2","4cpu-amd",0.9,"stine",1,0.97
"pc2","4cpu-amd",0.9,"stine",2,0.97
"pc2","4cpu-amd",0.9,"stine",3,0.99
"pc2","4cpu-amd",0.9,"stine",4,1.69
"pc2","4cpu-amd",0.9,"stine",1,0.97
"pc2","4cpu-amd",0.9,"stine",2,0.98
"pc2","4cpu-amd",0.9,"stine",3,0.99
"pc2","4cpu-amd",0.9,"stine",4,0.99
"pc2","4cpu-amd",0.9,"stine",2,0.95
"pc2","4cpu-amd",0.9,"stine",3,0.96
"pc2","4cpu-amd",0.9,"stine",4,0.98
"pc2","4cpu-amd",0.9,"stine",1,0.98
"pc2","4cpu-amd",0.9,"stine",1,0.95
"pc2","4cpu-amd",0.9,"stine",2,0.96
"pc2","4cpu-amd",0.9,"stine",4,0.98
"pc2","4cpu-amd",0.9,"stine",3,1
"pc2","4cpu-amd",0.9,"stine",1,0.96
"pc2","4cpu-amd",0.9,"stine",2,0.97
"pc2","4cpu-amd",0.9,"stine",4,0.97
"pc2","4cpu-amd",0.9,"stine",3,1
"pc2","4cpu-amd",0.9,"stine",1,0.97
"pc2","4cpu-amd",0.9,"stine",3,0.99
"pc2","4cpu-amd",0.9,"stine",2,0.99
"pc2","4cpu-amd",0.9,"stine",4,0.99
"pc2","4cpu-amd",0.9,"stine",1,0.98
"pc2","4cpu-amd",0.9,"stine",2,0.99
"pc2","4cpu-amd",0.9,"stine",3,0.99
"pc2","4cpu-amd",0.9,"stine",4,1
"pc2","4cpu-amd",0.9,"stine",1,0.99
"pc2","4cpu-amd",0.9,"stine",3,0.99
"pc2","4cpu-amd",0.9,"stine",4,0.99
"pc2","4cpu-amd",0.9,"stine",2,0.99
"pc2","4cpu-amd",0.9,"stine",2,0.97
"pc2","4cpu-amd",0.9,"stine",1,0.97
"pc2","4cpu-amd",0.9,"stine",4,0.99
"pc2","4cpu-amd",0.9,"stine",3,0.99
"pc2","4cpu-amd",0.9,"stine",4,1.03
"pc2","4cpu-amd",0.9,"stine",1,1
"pc2","4cpu-amd",0.9,"stine",3,1
"pc2","4cpu-amd",0.9,"stine",2,1
"pc2","4cpu-amd",0.9,"stine",2,1
"pc2","4cpu-amd",0.9,"stine",1,1
"pc2","4cpu-amd",0.9,"stine",3,0.98
"pc2","4cpu-amd",0.9,"stine",4,1
"pc2","4cpu-amd",0.9,"stine",4,0.98
"pc2","4cpu-amd",0.9,"stine",3,0.99
"pc2","4cpu-amd",0.9,"stine",2,0.99
"pc2","4cpu-amd",0.9,"stine",1,0.99
"pc2","4cpu-amd",0.9,"stine",3,0.97
"pc2","4cpu-amd",0.9,"stine",1,0.99
"pc2","4cpu-amd",0.9,"stine",2,0.99
"pc2","4cpu-amd",0.9,"stine",4,1
"pc2","4cpu-amd",0.9,"stine",1,0.98
"pc2","4cpu-amd",0.9,"stine",4,0.99
"pc2","4cpu-amd",0.9,"stine",3,0.98
"pc2","4cpu-amd",0.9,"stine",2,0.99
"pc2","4cpu-amd",0.9,"stine",1,1
"pc2","4cpu-amd",0.9,"stine",2,1.02
"pc2","4cpu-amd",0.9,"stine",3,1
"pc2","4cpu-amd",0.9,"stine",4,1.01
"pc2","4cpu-amd",0.9,"stine",1,0.99
"pc2","4cpu-amd",0.9,"stine",4,0.98
"pc2","4cpu-amd",0.9,"stine",2,1
"pc2","4cpu-amd",0.9,"stine",3,1.01
"pc2","4cpu-amd",1,"stine",3,1.08
"pc2","4cpu-amd",1,"stine",1,1.08
"pc2","4cpu-amd",1,"stine",2,1.76
"pc2","4cpu-amd",1,"stine",4,1.76
"pc2","4cpu-amd",1,"stine",1,1
"pc2","4cpu-amd",1,"stine",2,1
"pc2","4cpu-amd",1,"stine",3,0.99
"pc2","4cpu-amd",1,"stine",4,0.98
"pc2","4cpu-amd",1,"stine",2,0.85
"pc2","4cpu-amd",1,"stine",1,0.85
"pc2","4cpu-amd",1,"stine",3,0.84
"pc2","4cpu-amd",1,"stine",4,0.84
"pc2","4cpu-amd",1,"stine",1,0.84
"pc2","4cpu-amd",1,"stine",2,0.84
"pc2","4cpu-amd",1,"stine",3,0.84
"pc2","4cpu-amd",1,"stine",4,0.84
"pc2","4cpu-amd",1,"stine",1,0.85
"pc2","4cpu-amd",1,"stine",2,0.85
"pc2","4cpu-amd",1,"stine",4,0.86
"pc2","4cpu-amd",1,"stine",3,0.86
"pc2","4cpu-amd",1,"stine",3,0.85
"pc2","4cpu-amd",1,"stine",1,0.85
"pc2","4cpu-amd",1,"stine",4,0.84
"pc2","4cpu-amd",1,"stine",2,0.85
"pc2","4cpu-amd",1,"stine",3,0.84
"pc2","4cpu-amd",1,"stine",1,0.87
"pc2","4cpu-amd",1,"stine",2,0.87
"pc2","4cpu-amd",1,"stine",3,0.86
"pc2","4cpu-amd",1,"stine",4,0.86
"pc2","4cpu-amd",1,"stine",4,0.88
"pc2","4cpu-amd",1,"stine",3,0.88
"pc2","4cpu-amd",1,"stine",2,0.88
"pc2","4cpu-amd",1,"stine",1,0.88
"pc2","4cpu-amd",1,"stine",1,0.88
"pc2","4cpu-amd",1,"stine",4,0.84
"pc2","4cpu-amd",1,"stine",2,0.86
"pc2","4cpu-amd",1,"stine",3,0.84
"pc2","4cpu-amd",1,"stine",2,0.85
"pc2","4cpu-amd",1,"stine",3,0.86
"pc2","4cpu-amd",1,"stine",4,0.86
"pc2","4cpu-amd",1,"stine",1,1.1
"pc2","4cpu-amd",1,"stine",2,0.89
"pc2","4cpu-amd",1,"stine",1,0.89
"pc2","4cpu-amd",1,"stine",3,0.89
"pc2","4cpu-amd",1,"stine",4,0.89
"pc2","4cpu-amd",1,"stine",1,0.85
"pc2","4cpu-amd",1,"stine",2,0.85
"pc2","4cpu-amd",1,"stine",3,0.85
"pc2","4cpu-amd",1,"stine",4,0.85
"pc2","4cpu-amd",1,"stine",2,0.88
"pc2","4cpu-amd",1,"stine",4,0.88
"pc2","4cpu-amd",1,"stine",3,0.88
"pc2","4cpu-amd",1,"stine",1,0.88
"pc2","4cpu-amd",1,"stine",1,0.85
"pc2","4cpu-amd",1,"stine",2,0.85
"pc2","4cpu-amd",1,"stine",4,0.85
"pc2","4cpu-amd",1,"stine",3,0.85
"pc2","4cpu-amd",1,"stine",2,0.85
"pc2","4cpu-amd",1,"stine",1,0.85
"pc2","4cpu-amd",1,"stine",4,0.87
"pc2","4cpu-amd",1,"stine",3,0.87
"pc2","4cpu-amd",1,"stine",1,0.86
"pc2","4cpu-amd",1,"stine",2,0.85
"pc2","4cpu-amd",1,"stine",4,0.85
"pc2","4cpu-amd",1,"stine",3,0.86
"pc2","4cpu-amd",1,"stine",2,0.85
"pc2","4cpu-amd",1,"stine",1,0.85
"pc2","4cpu-amd",1,"stine",3,0.86
"pc2","4cpu-amd",1,"stine",4,0.86
"pc2","4cpu-amd",1,"stine",1,0.85
"pc2","4cpu-amd",1,"stine",2,0.85
"pc2","4cpu-amd",1,"stine",3,0.87
"pc2","4cpu-amd",1,"stine",4,0.87
"pc2","4cpu-amd",1,"stine",1,0.85
"pc2","4cpu-amd",1,"stine",3,0.87
"pc2","4cpu-amd",1,"stine",4,0.87
"pc2","4cpu-amd",1,"stine",2,0.87
"pc2","4cpu-amd",1,"stine",1,0.86
"pc2","4cpu-amd",1,"stine",2,0.87
"pc2","4cpu-amd",1,"stine",3,0.87
"pc2","4cpu-amd",1,"stine",4,0.87
"pc2","4cpu-amd",1,"stine",1,0.87
"pc2","4cpu-amd",1,"stine",2,0.87
"pc2","4cpu-amd",1,"stine",3,0.87
"pc2","4cpu-amd",1,"stine",4,0.86
"pc2","4cpu-amd",1,"stine",1,0.86
"pc2","4cpu-amd",1,"stine",4,0.88
"pc2","4cpu-amd",1,"stine",3,0.88
"pc2","4cpu-amd",1,"stine",2,0.88
"pc2","4cpu-amd",1,"stine",1,0.86
"pc2","4cpu-amd",1,"stine",2,0.86
"pc2","4cpu-amd",1,"stine",4,0.86
"pc2","4cpu-amd",1,"stine",3,0.86
"pc2","4cpu-amd",1,"stine",1,0.87
"pc2","4cpu-amd",1,"stine",2,0.87
"pc2","4cpu-amd",1,"stine",3,0.86
"pc2","4cpu-amd",1,"stine",4,0.86
"pc2","4cpu-amd",1,"stine",4,0.88
"pc2","4cpu-amd",1,"stine",1,0.86
"pc2","4cpu-amd",1,"stine",3,0.87
"pc2","4cpu-amd",1,"stine",2,0.87
"pc2","4cpu-amd",1,"stine",2,0.87
"pc2","4cpu-amd",1,"stine",4,0.87
"pc2","4cpu-amd",1,"stine",3,0.87
"pc2","4cpu-amd",1,"stine",1,0.87
"pc2","4cpu-amd",1,"stine",1,0.88
"pc2","4cpu-amd",1,"stine",2,0.89
"pc2","4cpu-amd",1,"stine",4,0.89
"pc2","4cpu-amd",1,"stine",3,0.89
"pc2","4cpu-amd",1,"stine",1,0.89
"pc2","4cpu-amd",1,"stine",2,0.89
"pc2","4cpu-amd",1,"stine",3,0.87
"pc2","4cpu-amd",1,"stine",4,0.85
"pc2","4cpu-amd",1,"stine",2,0.86
"pc2","4cpu-amd",1,"stine",1,0.88
"pc2","4cpu-amd",1,"stine",3,0.87
"pc2","4cpu-amd",1,"stine",4,0.87
"pc2","4cpu-amd",0.1,"locf",2,20.51
"pc2","4cpu-amd",0.1,"locf",3,20.51
"pc2","4cpu-amd",0.1,"locf",1,20.85
"pc2","4cpu-amd",0.1,"locf",4,42.98
"pc2","4cpu-amd",0.1,"locf",1,18.96
"pc2","4cpu-amd",0.1,"locf",4,19.46
"pc2","4cpu-amd",0.1,"locf",3,19.88
"pc2","4cpu-amd",0.1,"locf",2,21.81
"pc2","4cpu-amd",0.1,"locf",2,16.95
"pc2","4cpu-amd",0.1,"locf",4,19.22
"pc2","4cpu-amd",0.1,"locf",1,20.47
"pc2","4cpu-amd",0.1,"locf",3,21.03
"pc2","4cpu-amd",0.1,"locf",3,18.02
"pc2","4cpu-amd",0.1,"locf",1,18.55
"pc2","4cpu-amd",0.1,"locf",2,18.64
"pc2","4cpu-amd",0.1,"locf",4,19.61
"pc2","4cpu-amd",0.1,"locf",2,17.56
"pc2","4cpu-amd",0.1,"locf",1,18.48
"pc2","4cpu-amd",0.1,"locf",3,19.25
"pc2","4cpu-amd",0.1,"locf",4,19.63
"pc2","4cpu-amd",0.1,"locf",3,18.79
"pc2","4cpu-amd",0.1,"locf",1,19.05
"pc2","4cpu-amd",0.1,"locf",4,19.68
"pc2","4cpu-amd",0.1,"locf",2,20
"pc2","4cpu-amd",0.1,"locf",3,18.98
"pc2","4cpu-amd",0.1,"locf",4,18.98
"pc2","4cpu-amd",0.1,"locf",1,19.14
"pc2","4cpu-amd",0.1,"locf",2,19.11
"pc2","4cpu-amd",0.1,"locf",3,16.76
"pc2","4cpu-amd",0.1,"locf",2,17.77
"pc2","4cpu-amd",0.1,"locf",4,18.16
"pc2","4cpu-amd",0.1,"locf",1,19.39
"pc2","4cpu-amd",0.1,"locf",3,17.8
"pc2","4cpu-amd",0.1,"locf",2,18.21
"pc2","4cpu-amd",0.1,"locf",1,18.43
"pc2","4cpu-amd",0.1,"locf",4,18.49
"pc2","4cpu-amd",0.1,"locf",1,16.46
"pc2","4cpu-amd",0.1,"locf",4,18.53
"pc2","4cpu-amd",0.1,"locf",2,19.65
"pc2","4cpu-amd",0.1,"locf",3,20.24
"pc2","4cpu-amd",0.1,"locf",3,18.07
"pc2","4cpu-amd",0.1,"locf",2,18.21
"pc2","4cpu-amd",0.1,"locf",1,18.73
"pc2","4cpu-amd",0.1,"locf",4,19.58
"pc2","4cpu-amd",0.1,"locf",1,17.65
"pc2","4cpu-amd",0.1,"locf",4,18.13
"pc2","4cpu-amd",0.1,"locf",2,18.35
"pc2","4cpu-amd",0.1,"locf",3,17.4
"pc2","4cpu-amd",0.1,"locf",4,17.93
"pc2","4cpu-amd",0.1,"locf",2,17.93
"pc2","4cpu-amd",0.1,"locf",1,18.33
"pc2","4cpu-amd",0.1,"locf",2,17.7
"pc2","4cpu-amd",0.1,"locf",4,19.58
"pc2","4cpu-amd",0.1,"locf",3,19.69
"pc2","4cpu-amd",0.1,"locf",1,21.33
"pc2","4cpu-amd",0.1,"locf",2,17.33
"pc2","4cpu-amd",0.1,"locf",1,17.75
"pc2","4cpu-amd",0.1,"locf",3,17.93
"pc2","4cpu-amd",0.1,"locf",4,19.22
"pc2","4cpu-amd",0.1,"locf",4,17.81
"pc2","4cpu-amd",0.1,"locf",1,18.14
"pc2","4cpu-amd",0.1,"locf",3,18.23
"pc2","4cpu-amd",0.1,"locf",2,20.74
"pc2","4cpu-amd",0.1,"locf",1,17.53
"pc2","4cpu-amd",0.1,"locf",2,19.2
"pc2","4cpu-amd",0.1,"locf",4,19.76
"pc2","4cpu-amd",0.1,"locf",3,20.48
"pc2","4cpu-amd",0.1,"locf",2,16.88
"pc2","4cpu-amd",0.1,"locf",1,19.32
"pc2","4cpu-amd",0.1,"locf",3,19.37
"pc2","4cpu-amd",0.1,"locf",4,19.86
"pc2","4cpu-amd",0.1,"locf",1,19.08
"pc2","4cpu-amd",0.1,"locf",4,19.47
"pc2","4cpu-amd",0.1,"locf",3,19.47
"pc2","4cpu-amd",0.1,"locf",2,19.47
"pc2","4cpu-amd",0.1,"locf",3,18.08
"pc2","4cpu-amd",0.1,"locf",1,18.08
"pc2","4cpu-amd",0.1,"locf",4,19.05
"pc2","4cpu-amd",0.1,"locf",2,19.36
"pc2","4cpu-amd",0.1,"locf",2,17.5
"pc2","4cpu-amd",0.1,"locf",1,19.24
"pc2","4cpu-amd",0.1,"locf",3,20.68
"pc2","4cpu-amd",0.1,"locf",4,20.78
"pc2","4cpu-amd",0.1,"locf",2,18.15
"pc2","4cpu-amd",0.1,"locf",4,19.03
"pc2","4cpu-amd",0.1,"locf",1,19.25
"pc2","4cpu-amd",0.1,"locf",3,20.54
"pc2","4cpu-amd",0.1,"locf",3,18.81
"pc2","4cpu-amd",0.1,"locf",1,18.94
"pc2","4cpu-amd",0.1,"locf",4,19.15
"pc2","4cpu-amd",0.1,"locf",2,20.42
"pc2","4cpu-amd",0.1,"locf",3,18.36
"pc2","4cpu-amd",0.1,"locf",1,18.59
"pc2","4cpu-amd",0.1,"locf",4,18.76
"pc2","4cpu-amd",0.1,"locf",2,19.37
"pc2","4cpu-amd",0.1,"locf",2,18.9
"pc2","4cpu-amd",0.1,"locf",3,19.68
"pc2","4cpu-amd",0.1,"locf",4,19.68
"pc2","4cpu-amd",0.1,"locf",1,19.95
"pc2","4cpu-amd",0.1,"locf",1,18.62
"pc2","4cpu-amd",0.1,"locf",2,18.88
"pc2","4cpu-amd",0.1,"locf",3,18.88
"pc2","4cpu-amd",0.1,"locf",4,19.08
"pc2","4cpu-amd",0.1,"locf",2,18.62
"pc2","4cpu-amd",0.1,"locf",3,19.09
"pc2","4cpu-amd",0.1,"locf",1,19.43
"pc2","4cpu-amd",0.1,"locf",4,19.48
"pc2","4cpu-amd",0.1,"locf",3,17.68
"pc2","4cpu-amd",0.1,"locf",4,18.07
"pc2","4cpu-amd",0.1,"locf",2,18.3
"pc2","4cpu-amd",0.1,"locf",1,20.71
"pc2","4cpu-amd",0.1,"locf",4,17.14
"pc2","4cpu-amd",0.1,"locf",2,18.05
"pc2","4cpu-amd",0.1,"locf",3,18.05
"pc2","4cpu-amd",0.1,"locf",1,21.17
"pc2","4cpu-amd",0.1,"locf",4,16.78
"pc2","4cpu-amd",0.1,"locf",3,17.5
"pc2","4cpu-amd",0.1,"locf",1,18.84
"pc2","4cpu-amd",0.1,"locf",2,20.12
"pc2","4cpu-amd",0.2,"locf",4,6.54
"pc2","4cpu-amd",0.2,"locf",2,6.88
"pc2","4cpu-amd",0.2,"locf",3,7.13
"pc2","4cpu-amd",0.2,"locf",2,6.69
"pc2","4cpu-amd",0.2,"locf",3,6.88
"pc2","4cpu-amd",0.2,"locf",1,6.92
"pc2","4cpu-amd",0.2,"locf",4,7.26
"pc2","4cpu-amd",0.2,"locf",2,6.11
"pc2","4cpu-amd",0.2,"locf",4,6.11
"pc2","4cpu-amd",0.2,"locf",3,6.32
"pc2","4cpu-amd",0.2,"locf",1,7.14
"pc2","4cpu-amd",0.2,"locf",3,5.91
"pc2","4cpu-amd",0.2,"locf",2,5.93
"pc2","4cpu-amd",0.2,"locf",4,6.01
"pc2","4cpu-amd",0.2,"locf",1,6.14
"pc2","4cpu-amd",0.2,"locf",3,5.63
"pc2","4cpu-amd",0.2,"locf",4,6.03
"pc2","4cpu-amd",0.2,"locf",2,6.14
"pc2","4cpu-amd",0.2,"locf",1,6.65
"pc2","4cpu-amd",0.2,"locf",4,5.98
"pc2","4cpu-amd",0.2,"locf",3,6.17
"pc2","4cpu-amd",0.2,"locf",1,6.34
"pc2","4cpu-amd",0.2,"locf",2,6.59
"pc2","4cpu-amd",0.2,"locf",4,5.98
"pc2","4cpu-amd",0.2,"locf",3,6.18
"pc2","4cpu-amd",0.2,"locf",1,6.32
"pc2","4cpu-amd",0.2,"locf",2,6.62
"pc2","4cpu-amd",0.2,"locf",3,5.89
"pc2","4cpu-amd",0.2,"locf",2,6.21
"pc2","4cpu-amd",0.2,"locf",4,6.48
"pc2","4cpu-amd",0.2,"locf",1,6.54
"pc2","4cpu-amd",0.2,"locf",1,6.28
"pc2","4cpu-amd",0.2,"locf",3,6.28
"pc2","4cpu-amd",0.2,"locf",4,6.35
"pc2","4cpu-amd",0.2,"locf",2,6.72
"pc2","4cpu-amd",0.2,"locf",2,6.03
"pc2","4cpu-amd",0.2,"locf",3,6.22
"pc2","4cpu-amd",0.2,"locf",4,6.31
"pc2","4cpu-amd",0.2,"locf",1,6.73
"pc2","4cpu-amd",0.2,"locf",4,6.2
"pc2","4cpu-amd",0.2,"locf",2,6.26
"pc2","4cpu-amd",0.2,"locf",3,6.26
"pc2","4cpu-amd",0.2,"locf",1,6.68
"pc2","4cpu-amd",0.2,"locf",4,5.86
"pc2","4cpu-amd",0.2,"locf",3,6.06
"pc2","4cpu-amd",0.2,"locf",1,6.54
"pc2","4cpu-amd",0.2,"locf",2,6.57
"pc2","4cpu-amd",0.2,"locf",1,5.86
"pc2","4cpu-amd",0.2,"locf",2,5.96
"pc2","4cpu-amd",0.2,"locf",4,5.96
"pc2","4cpu-amd",0.2,"locf",3,6.14
"pc2","4cpu-amd",0.2,"locf",4,6.07
"pc2","4cpu-amd",0.2,"locf",3,6.18
"pc2","4cpu-amd",0.2,"locf",1,6.33
"pc2","4cpu-amd",0.2,"locf",2,6.39
"pc2","4cpu-amd",0.2,"locf",3,5.83
"pc2","4cpu-amd",0.2,"locf",4,6
"pc2","4cpu-amd",0.2,"locf",1,6.06
"pc2","4cpu-amd",0.2,"locf",2,6.14
"pc2","4cpu-amd",0.2,"locf",3,5.56
"pc2","4cpu-amd",0.2,"locf",2,6.17
"pc2","4cpu-amd",0.2,"locf",4,6.45
"pc2","4cpu-amd",0.2,"locf",1,6.45
"pc2","4cpu-amd",0.2,"locf",4,5.88
"pc2","4cpu-amd",0.2,"locf",2,5.99
"pc2","4cpu-amd",0.2,"locf",1,6.31
"pc2","4cpu-amd",0.2,"locf",3,6.27
"pc2","4cpu-amd",0.2,"locf",1,5.78
"pc2","4cpu-amd",0.2,"locf",4,5.85
"pc2","4cpu-amd",0.2,"locf",2,6.06
"pc2","4cpu-amd",0.2,"locf",3,6.06
"pc2","4cpu-amd",0.2,"locf",3,5.82
"pc2","4cpu-amd",0.2,"locf",1,5.95
"pc2","4cpu-amd",0.2,"locf",4,6.1
"pc2","4cpu-amd",0.2,"locf",2,6.31
"pc2","4cpu-amd",0.2,"locf",4,5.96
"pc2","4cpu-amd",0.2,"locf",3,5.99
"pc2","4cpu-amd",0.2,"locf",2,6.2
"pc2","4cpu-amd",0.2,"locf",1,6.49
"pc2","4cpu-amd",0.2,"locf",4,6.11
"pc2","4cpu-amd",0.2,"locf",2,6.29
"pc2","4cpu-amd",0.2,"locf",1,6.29
"pc2","4cpu-amd",0.2,"locf",3,6.29
"pc2","4cpu-amd",0.2,"locf",1,5.93
"pc2","4cpu-amd",0.2,"locf",3,6.1
"pc2","4cpu-amd",0.2,"locf",2,6.21
"pc2","4cpu-amd",0.2,"locf",4,6.39
"pc2","4cpu-amd",0.2,"locf",2,5.99
"pc2","4cpu-amd",0.2,"locf",4,6.06
"pc2","4cpu-amd",0.2,"locf",3,6.16
"pc2","4cpu-amd",0.2,"locf",1,6.53
"pc2","4cpu-amd",0.2,"locf",2,6.16
"pc2","4cpu-amd",0.2,"locf",1,6.26
"pc2","4cpu-amd",0.2,"locf",3,6.34
"pc2","4cpu-amd",0.2,"locf",4,6.44
"pc2","4cpu-amd",0.2,"locf",2,6.25
"pc2","4cpu-amd",0.2,"locf",3,6.24
"pc2","4cpu-amd",0.2,"locf",4,6.24
"pc2","4cpu-amd",0.2,"locf",1,6.45
"pc2","4cpu-amd",0.2,"locf",4,6.04
"pc2","4cpu-amd",0.2,"locf",2,6.17
"pc2","4cpu-amd",0.2,"locf",1,6.38
"pc2","4cpu-amd",0.2,"locf",3,6.45
"pc2","4cpu-amd",0.2,"locf",1,6.09
"pc2","4cpu-amd",0.2,"locf",2,6.26
"pc2","4cpu-amd",0.2,"locf",3,6.24
"pc2","4cpu-amd",0.2,"locf",4,6.42
"pc2","4cpu-amd",0.2,"locf",2,6.06
"pc2","4cpu-amd",0.2,"locf",3,6.23
"pc2","4cpu-amd",0.2,"locf",1,6.31
"pc2","4cpu-amd",0.2,"locf",4,6.31
"pc2","4cpu-amd",0.2,"locf",2,5.86
"pc2","4cpu-amd",0.2,"locf",1,6.18
"pc2","4cpu-amd",0.2,"locf",3,6.44
"pc2","4cpu-amd",0.2,"locf",4,6.65
"pc2","4cpu-amd",0.2,"locf",4,5.86
"pc2","4cpu-amd",0.2,"locf",2,6.28
"pc2","4cpu-amd",0.2,"locf",3,6.37
"pc2","4cpu-amd",0.2,"locf",1,6.37
"pc2","4cpu-amd",0.3,"locf",3,3.86
"pc2","4cpu-amd",0.3,"locf",4,3.86
"pc2","4cpu-amd",0.3,"locf",1,3.86
"pc2","4cpu-amd",0.3,"locf",2,3.86
"pc2","4cpu-amd",0.3,"locf",2,3.94
"pc2","4cpu-amd",0.3,"locf",1,3.94
"pc2","4cpu-amd",0.3,"locf",4,4.03
"pc2","4cpu-amd",0.3,"locf",3,4.03
"pc2","4cpu-amd",0.3,"locf",3,3.32
"pc2","4cpu-amd",0.3,"locf",2,3.39
"pc2","4cpu-amd",0.3,"locf",4,3.4
"pc2","4cpu-amd",0.3,"locf",1,3.85
"pc2","4cpu-amd",0.3,"locf",4,3.29
"pc2","4cpu-amd",0.3,"locf",2,3.49
"pc2","4cpu-amd",0.3,"locf",3,3.49
"pc2","4cpu-amd",0.3,"locf",1,3.66
"pc2","4cpu-amd",0.3,"locf",2,3.24
"pc2","4cpu-amd",0.3,"locf",1,3.33
"pc2","4cpu-amd",0.3,"locf",4,3.33
"pc2","4cpu-amd",0.3,"locf",3,3.53
"pc2","4cpu-amd",0.3,"locf",4,3.41
"pc2","4cpu-amd",0.3,"locf",1,3.46
"pc2","4cpu-amd",0.3,"locf",2,3.52
"pc2","4cpu-amd",0.3,"locf",3,3.63
"pc2","4cpu-amd",0.3,"locf",3,3.41
"pc2","4cpu-amd",0.3,"locf",4,3.41
"pc2","4cpu-amd",0.3,"locf",1,3.54
"pc2","4cpu-amd",0.3,"locf",2,3.53
"pc2","4cpu-amd",0.3,"locf",1,3.45
"pc2","4cpu-amd",0.3,"locf",4,3.52
"pc2","4cpu-amd",0.3,"locf",3,3.54
"pc2","4cpu-amd",0.3,"locf",2,3.63
"pc2","4cpu-amd",0.3,"locf",2,3.5
"pc2","4cpu-amd",0.3,"locf",1,3.59
"pc2","4cpu-amd",0.3,"locf",4,3.59
"pc2","4cpu-amd",0.3,"locf",3,3.58
"pc2","4cpu-amd",0.3,"locf",2,3.36
"pc2","4cpu-amd",0.3,"locf",4,3.43
"pc2","4cpu-amd",0.3,"locf",1,3.55
"pc2","4cpu-amd",0.3,"locf",3,3.55
"pc2","4cpu-amd",0.3,"locf",2,3.37
"pc2","4cpu-amd",0.3,"locf",4,3.48
"pc2","4cpu-amd",0.3,"locf",3,3.45
"pc2","4cpu-amd",0.3,"locf",1,3.48
"pc2","4cpu-amd",0.3,"locf",2,3.38
"pc2","4cpu-amd",0.3,"locf",3,3.45
"pc2","4cpu-amd",0.3,"locf",4,3.55
"pc2","4cpu-amd",0.3,"locf",1,3.77
"pc2","4cpu-amd",0.3,"locf",3,3.28
"pc2","4cpu-amd",0.3,"locf",1,3.41
"pc2","4cpu-amd",0.3,"locf",2,3.51
"pc2","4cpu-amd",0.3,"locf",4,3.68
"pc2","4cpu-amd",0.3,"locf",1,3.46
"pc2","4cpu-amd",0.3,"locf",3,3.46
"pc2","4cpu-amd",0.3,"locf",4,3.47
"pc2","4cpu-amd",0.3,"locf",2,3.58
"pc2","4cpu-amd",0.3,"locf",2,3.35
"pc2","4cpu-amd",0.3,"locf",1,3.45
"pc2","4cpu-amd",0.3,"locf",4,3.43
"pc2","4cpu-amd",0.3,"locf",3,3.43
"pc2","4cpu-amd",0.3,"locf",3,3.46
"pc2","4cpu-amd",0.3,"locf",1,3.46
"pc2","4cpu-amd",0.3,"locf",2,3.55
"pc2","4cpu-amd",0.3,"locf",4,3.55
"pc2","4cpu-amd",0.3,"locf",4,3.42
"pc2","4cpu-amd",0.3,"locf",3,3.42
"pc2","4cpu-amd",0.3,"locf",1,3.55
"pc2","4cpu-amd",0.3,"locf",2,3.63
"pc2","4cpu-amd",0.3,"locf",2,3.37
"pc2","4cpu-amd",0.3,"locf",1,3.49
"pc2","4cpu-amd",0.3,"locf",4,3.46
"pc2","4cpu-amd",0.3,"locf",3,3.67
"pc2","4cpu-amd",0.3,"locf",1,3.34
"pc2","4cpu-amd",0.3,"locf",3,3.4
"pc2","4cpu-amd",0.3,"locf",4,3.49
"pc2","4cpu-amd",0.3,"locf",2,3.61
"pc2","4cpu-amd",0.3,"locf",1,3.47
"pc2","4cpu-amd",0.3,"locf",3,3.53
"pc2","4cpu-amd",0.3,"locf",4,3.53
"pc2","4cpu-amd",0.3,"locf",2,3.56
"pc2","4cpu-amd",0.3,"locf",4,3.42
"pc2","4cpu-amd",0.3,"locf",1,3.48
"pc2","4cpu-amd",0.3,"locf",3,3.53
"pc2","4cpu-amd",0.3,"locf",2,3.56
"pc2","4cpu-amd",0.3,"locf",2,3.45
"pc2","4cpu-amd",0.3,"locf",3,3.5
"pc2","4cpu-amd",0.3,"locf",1,3.54
"pc2","4cpu-amd",0.3,"locf",4,3.53
"pc2","4cpu-amd",0.3,"locf",3,3.34
"pc2","4cpu-amd",0.3,"locf",1,3.45
"pc2","4cpu-amd",0.3,"locf",2,3.52
"pc2","4cpu-amd",0.3,"locf",4,3.52
"pc2","4cpu-amd",0.3,"locf",1,3.57
"pc2","4cpu-amd",0.3,"locf",3,3.57
"pc2","4cpu-amd",0.3,"locf",2,3.59
"pc2","4cpu-amd",0.3,"locf",4,3.66
"pc2","4cpu-amd",0.3,"locf",1,3.45
"pc2","4cpu-amd",0.3,"locf",2,3.5
"pc2","4cpu-amd",0.3,"locf",3,3.5
"pc2","4cpu-amd",0.3,"locf",4,3.6
"pc2","4cpu-amd",0.3,"locf",1,3.54
"pc2","4cpu-amd",0.3,"locf",3,3.57
"pc2","4cpu-amd",0.3,"locf",4,3.56
"pc2","4cpu-amd",0.3,"locf",2,3.72
"pc2","4cpu-amd",0.3,"locf",1,3.45
"pc2","4cpu-amd",0.3,"locf",3,3.45
"pc2","4cpu-amd",0.3,"locf",4,3.46
"pc2","4cpu-amd",0.3,"locf",2,3.65
"pc2","4cpu-amd",0.3,"locf",3,3.47
"pc2","4cpu-amd",0.3,"locf",4,3.47
"pc2","4cpu-amd",0.3,"locf",1,3.6
"pc2","4cpu-amd",0.3,"locf",2,3.59
"pc2","4cpu-amd",0.3,"locf",1,3.48
"pc2","4cpu-amd",0.3,"locf",3,3.53
"pc2","4cpu-amd",0.3,"locf",4,3.54
"pc2","4cpu-amd",0.3,"locf",2,3.65
"pc2","4cpu-amd",0.3,"locf",3,3.49
"pc2","4cpu-amd",0.3,"locf",1,3.49
"pc2","4cpu-amd",0.3,"locf",4,3.64
"pc2","4cpu-amd",0.3,"locf",2,3.74
"pc2","4cpu-amd",0.4,"locf",3,2.72
"pc2","4cpu-amd",0.4,"locf",4,2.78
"pc2","4cpu-amd",0.4,"locf",2,2.9
"pc2","4cpu-amd",0.4,"locf",1,2.9
"pc2","4cpu-amd",0.4,"locf",2,2.77
"pc2","4cpu-amd",0.4,"locf",1,2.79
"pc2","4cpu-amd",0.4,"locf",3,2.79
"pc2","4cpu-amd",0.4,"locf",4,2.87
"pc2","4cpu-amd",0.4,"locf",3,2.37
"pc2","4cpu-amd",0.4,"locf",2,2.38
"pc2","4cpu-amd",0.4,"locf",1,2.39
"pc2","4cpu-amd",0.4,"locf",4,2.46
"pc2","4cpu-amd",0.4,"locf",3,2.28
"pc2","4cpu-amd",0.4,"locf",4,2.34
"pc2","4cpu-amd",0.4,"locf",2,2.37
"pc2","4cpu-amd",0.4,"locf",1,2.48
"pc2","4cpu-amd",0.4,"locf",4,2.27
"pc2","4cpu-amd",0.4,"locf",3,2.28
"pc2","4cpu-amd",0.4,"locf",2,2.36
"pc2","4cpu-amd",0.4,"locf",1,2.6
"pc2","4cpu-amd",0.4,"locf",2,2.37
"pc2","4cpu-amd",0.4,"locf",4,2.37
"pc2","4cpu-amd",0.4,"locf",3,2.37
"pc2","4cpu-amd",0.4,"locf",1,2.49
"pc2","4cpu-amd",0.4,"locf",2,2.36
"pc2","4cpu-amd",0.4,"locf",3,2.36
"pc2","4cpu-amd",0.4,"locf",1,2.46
"pc2","4cpu-amd",0.4,"locf",4,2.45
"pc2","4cpu-amd",0.4,"locf",2,2.37
"pc2","4cpu-amd",0.4,"locf",1,2.44
"pc2","4cpu-amd",0.4,"locf",3,2.44
"pc2","4cpu-amd",0.4,"locf",4,2.45
"pc2","4cpu-amd",0.4,"locf",1,2.37
"pc2","4cpu-amd",0.4,"locf",2,2.47
"pc2","4cpu-amd",0.4,"locf",4,2.47
"pc2","4cpu-amd",0.4,"locf",3,2.47
"pc2","4cpu-amd",0.4,"locf",1,2.37
"pc2","4cpu-amd",0.4,"locf",2,2.37
"pc2","4cpu-amd",0.4,"locf",4,2.45
"pc2","4cpu-amd",0.4,"locf",3,2.55
"pc2","4cpu-amd",0.4,"locf",4,2.37
"pc2","4cpu-amd",0.4,"locf",1,2.37
"pc2","4cpu-amd",0.4,"locf",3,2.42
"pc2","4cpu-amd",0.4,"locf",2,2.45
"pc2","4cpu-amd",0.4,"locf",4,2.37
"pc2","4cpu-amd",0.4,"locf",1,2.41
"pc2","4cpu-amd",0.4,"locf",3,2.46
"pc2","4cpu-amd",0.4,"locf",2,2.48
"pc2","4cpu-amd",0.4,"locf",1,2.39
"pc2","4cpu-amd",0.4,"locf",4,2.47
"pc2","4cpu-amd",0.4,"locf",2,2.47
"pc2","4cpu-amd",0.4,"locf",3,2.47
"pc2","4cpu-amd",0.4,"locf",1,2.29
"pc2","4cpu-amd",0.4,"locf",2,2.36
"pc2","4cpu-amd",0.4,"locf",3,2.45
"pc2","4cpu-amd",0.4,"locf",4,2.45
"pc2","4cpu-amd",0.4,"locf",1,2.36
"pc2","4cpu-amd",0.4,"locf",3,2.36
"pc2","4cpu-amd",0.4,"locf",4,2.43
"pc2","4cpu-amd",0.4,"locf",2,2.45
"pc2","4cpu-amd",0.4,"locf",1,2.38
"pc2","4cpu-amd",0.4,"locf",3,2.37
"pc2","4cpu-amd",0.4,"locf",4,2.44
"pc2","4cpu-amd",0.4,"locf",2,2.47
"pc2","4cpu-amd",0.4,"locf",1,2.37
"pc2","4cpu-amd",0.4,"locf",4,2.35
"pc2","4cpu-amd",0.4,"locf",2,2.45
"pc2","4cpu-amd",0.4,"locf",3,2.44
"pc2","4cpu-amd",0.4,"locf",2,2.36
"pc2","4cpu-amd",0.4,"locf",1,2.44
"pc2","4cpu-amd",0.4,"locf",3,2.43
"pc2","4cpu-amd",0.4,"locf",4,2.43
"pc2","4cpu-amd",0.4,"locf",4,2.36
"pc2","4cpu-amd",0.4,"locf",1,2.39
"pc2","4cpu-amd",0.4,"locf",2,2.46
"pc2","4cpu-amd",0.4,"locf",3,2.45
"pc2","4cpu-amd",0.4,"locf",4,2.37
"pc2","4cpu-amd",0.4,"locf",1,2.37
"pc2","4cpu-amd",0.4,"locf",3,2.46
"pc2","4cpu-amd",0.4,"locf",2,2.48
"pc2","4cpu-amd",0.4,"locf",2,2.36
"pc2","4cpu-amd",0.4,"locf",1,2.39
"pc2","4cpu-amd",0.4,"locf",4,2.44
"pc2","4cpu-amd",0.4,"locf",3,2.56
"pc2","4cpu-amd",0.4,"locf",2,2.48
"pc2","4cpu-amd",0.4,"locf",4,2.48
"pc2","4cpu-amd",0.4,"locf",1,2.48
"pc2","4cpu-amd",0.4,"locf",3,2.48
"pc2","4cpu-amd",0.4,"locf",3,2.44
"pc2","4cpu-amd",0.4,"locf",2,2.47
"pc2","4cpu-amd",0.4,"locf",4,2.47
"pc2","4cpu-amd",0.4,"locf",1,2.55
"pc2","4cpu-amd",0.4,"locf",3,2.38
"pc2","4cpu-amd",0.4,"locf",2,2.39
"pc2","4cpu-amd",0.4,"locf",4,2.48
"pc2","4cpu-amd",0.4,"locf",1,2.48
"pc2","4cpu-amd",0.4,"locf",3,2.37
"pc2","4cpu-amd",0.4,"locf",2,2.39
"pc2","4cpu-amd",0.4,"locf",4,2.48
"pc2","4cpu-amd",0.4,"locf",1,2.5
"pc2","4cpu-amd",0.4,"locf",2,2.36
"pc2","4cpu-amd",0.4,"locf",3,2.46
"pc2","4cpu-amd",0.4,"locf",1,2.58
"pc2","4cpu-amd",0.4,"locf",4,2.64
"pc2","4cpu-amd",0.4,"locf",3,2.39
"pc2","4cpu-amd",0.4,"locf",4,2.39
"pc2","4cpu-amd",0.4,"locf",2,2.52
"pc2","4cpu-amd",0.4,"locf",1,2.52
"pc2","4cpu-amd",0.4,"locf",4,2.46
"pc2","4cpu-amd",0.4,"locf",1,2.46
"pc2","4cpu-amd",0.4,"locf",3,2.47
"pc2","4cpu-amd",0.4,"locf",2,2.47
"pc2","4cpu-amd",0.4,"locf",3,2.37
"pc2","4cpu-amd",0.4,"locf",4,2.45
"pc2","4cpu-amd",0.4,"locf",2,2.5
"pc2","4cpu-amd",0.4,"locf",1,2.62
"pc2","4cpu-amd",0.4,"locf",2,2.46
"pc2","4cpu-amd",0.4,"locf",3,2.46
"pc2","4cpu-amd",0.4,"locf",1,2.57
"pc2","4cpu-amd",0.4,"locf",4,2.56
"pc2","4cpu-amd",0.5,"locf",4,2.06
"pc2","4cpu-amd",0.5,"locf",1,2.08
"pc2","4cpu-amd",0.5,"locf",3,2.08
"pc2","4cpu-amd",0.5,"locf",2,2.17
"pc2","4cpu-amd",0.5,"locf",2,2.14
"pc2","4cpu-amd",0.5,"locf",1,2.14
"pc2","4cpu-amd",0.5,"locf",4,2.13
"pc2","4cpu-amd",0.5,"locf",3,2.21
"pc2","4cpu-amd",0.5,"locf",1,1.79
"pc2","4cpu-amd",0.5,"locf",2,1.81
"pc2","4cpu-amd",0.5,"locf",3,1.81
"pc2","4cpu-amd",0.5,"locf",4,1.86
"pc2","4cpu-amd",0.5,"locf",4,1.87
"pc2","4cpu-amd",0.5,"locf",1,1.86
"pc2","4cpu-amd",0.5,"locf",3,1.87
"pc2","4cpu-amd",0.5,"locf",2,1.86
"pc2","4cpu-amd",0.5,"locf",1,1.83
"pc2","4cpu-amd",0.5,"locf",3,1.83
"pc2","4cpu-amd",0.5,"locf",4,1.83
"pc2","4cpu-amd",0.5,"locf",2,1.83
"pc2","4cpu-amd",0.5,"locf",3,1.85
"pc2","4cpu-amd",0.5,"locf",4,1.85
"pc2","4cpu-amd",0.5,"locf",2,1.88
"pc2","4cpu-amd",0.5,"locf",1,1.94
"pc2","4cpu-amd",0.5,"locf",2,1.79
"pc2","4cpu-amd",0.5,"locf",4,1.79
"pc2","4cpu-amd",0.5,"locf",3,1.82
"pc2","4cpu-amd",0.5,"locf",1,1.91
"pc2","4cpu-amd",0.5,"locf",2,1.85
"pc2","4cpu-amd",0.5,"locf",3,1.85
"pc2","4cpu-amd",0.5,"locf",1,1.88
"pc2","4cpu-amd",0.5,"locf",4,1.93
"pc2","4cpu-amd",0.5,"locf",2,1.79
"pc2","4cpu-amd",0.5,"locf",1,1.81
"pc2","4cpu-amd",0.5,"locf",3,1.81
"pc2","4cpu-amd",0.5,"locf",4,1.85
"pc2","4cpu-amd",0.5,"locf",1,1.85
"pc2","4cpu-amd",0.5,"locf",4,1.84
"pc2","4cpu-amd",0.5,"locf",2,1.87
"pc2","4cpu-amd",0.5,"locf",3,1.86
"pc2","4cpu-amd",0.5,"locf",3,1.85
"pc2","4cpu-amd",0.5,"locf",4,1.88
"pc2","4cpu-amd",0.5,"locf",2,1.87
"pc2","4cpu-amd",0.5,"locf",1,1.88
"pc2","4cpu-amd",0.5,"locf",2,1.85
"pc2","4cpu-amd",0.5,"locf",3,1.84
"pc2","4cpu-amd",0.5,"locf",4,1.86
"pc2","4cpu-amd",0.5,"locf",1,1.86
"pc2","4cpu-amd",0.5,"locf",4,1.84
"pc2","4cpu-amd",0.5,"locf",3,1.89
"pc2","4cpu-amd",0.5,"locf",2,1.89
"pc2","4cpu-amd",0.5,"locf",1,1.89
"pc2","4cpu-amd",0.5,"locf",3,1.77
"pc2","4cpu-amd",0.5,"locf",2,1.77
"pc2","4cpu-amd",0.5,"locf",1,1.86
"pc2","4cpu-amd",0.5,"locf",4,1.85
"pc2","4cpu-amd",0.5,"locf",4,1.8
"pc2","4cpu-amd",0.5,"locf",2,1.8
"pc2","4cpu-amd",0.5,"locf",3,1.8
"pc2","4cpu-amd",0.5,"locf",1,1.93
"pc2","4cpu-amd",0.5,"locf",3,1.72
"pc2","4cpu-amd",0.5,"locf",2,1.78
"pc2","4cpu-amd",0.5,"locf",1,1.89
"pc2","4cpu-amd",0.5,"locf",4,1.88
"pc2","4cpu-amd",0.5,"locf",2,1.85
"pc2","4cpu-amd",0.5,"locf",1,1.87
"pc2","4cpu-amd",0.5,"locf",4,1.9
"pc2","4cpu-amd",0.5,"locf",3,1.94
"pc2","4cpu-amd",0.5,"locf",2,1.86
"pc2","4cpu-amd",0.5,"locf",1,1.92
"pc2","4cpu-amd",0.5,"locf",4,1.91
"pc2","4cpu-amd",0.5,"locf",3,1.93
"pc2","4cpu-amd",0.5,"locf",1,1.79
"pc2","4cpu-amd",0.5,"locf",2,1.79
"pc2","4cpu-amd",0.5,"locf",3,1.85
"pc2","4cpu-amd",0.5,"locf",4,1.85
"pc2","4cpu-amd",0.5,"locf",2,1.79
"pc2","4cpu-amd",0.5,"locf",3,1.8
"pc2","4cpu-amd",0.5,"locf",4,1.89
"pc2","4cpu-amd",0.5,"locf",1,1.89
"pc2","4cpu-amd",0.5,"locf",1,1.85
"pc2","4cpu-amd",0.5,"locf",4,1.85
"pc2","4cpu-amd",0.5,"locf",2,1.87
"pc2","4cpu-amd",0.5,"locf",3,1.87
"pc2","4cpu-amd",0.5,"locf",1,1.84
"pc2","4cpu-amd",0.5,"locf",4,1.86
"pc2","4cpu-amd",0.5,"locf",3,1.92
"pc2","4cpu-amd",0.5,"locf",2,1.94
"pc2","4cpu-amd",0.5,"locf",3,1.89
"pc2","4cpu-amd",0.5,"locf",1,1.89
"pc2","4cpu-amd",0.5,"locf",2,1.9
"pc2","4cpu-amd",0.5,"locf",4,1.9
"pc2","4cpu-amd",0.5,"locf",3,1.83
"pc2","4cpu-amd",0.5,"locf",2,1.85
"pc2","4cpu-amd",0.5,"locf",4,1.85
"pc2","4cpu-amd",0.5,"locf",1,1.85
"pc2","4cpu-amd",0.5,"locf",4,1.83
"pc2","4cpu-amd",0.5,"locf",1,1.92
"pc2","4cpu-amd",0.5,"locf",3,1.92
"pc2","4cpu-amd",0.5,"locf",2,1.92
"pc2","4cpu-amd",0.5,"locf",2,1.85
"pc2","4cpu-amd",0.5,"locf",3,1.85
"pc2","4cpu-amd",0.5,"locf",4,1.85
"pc2","4cpu-amd",0.5,"locf",1,1.9
"pc2","4cpu-amd",0.5,"locf",1,1.85
"pc2","4cpu-amd",0.5,"locf",2,1.85
"pc2","4cpu-amd",0.5,"locf",4,1.87
"pc2","4cpu-amd",0.5,"locf",3,1.87
"pc2","4cpu-amd",0.5,"locf",3,1.85
"pc2","4cpu-amd",0.5,"locf",1,1.85
"pc2","4cpu-amd",0.5,"locf",4,1.84
"pc2","4cpu-amd",0.5,"locf",2,1.86
"pc2","4cpu-amd",0.5,"locf",3,1.85
"pc2","4cpu-amd",0.5,"locf",1,1.87
"pc2","4cpu-amd",0.5,"locf",2,1.93
"pc2","4cpu-amd",0.5,"locf",4,1.93
"pc2","4cpu-amd",0.5,"locf",2,1.87
"pc2","4cpu-amd",0.5,"locf",3,1.87
"pc2","4cpu-amd",0.5,"locf",4,1.89
"pc2","4cpu-amd",0.5,"locf",1,1.89
"pc2","4cpu-amd",0.6,"locf",1,1.71
"pc2","4cpu-amd",0.6,"locf",2,1.71
"pc2","4cpu-amd",0.6,"locf",3,1.77
"pc2","4cpu-amd",0.6,"locf",4,1.76
"pc2","4cpu-amd",0.6,"locf",1,1.71
"pc2","4cpu-amd",0.6,"locf",2,1.71
"pc2","4cpu-amd",0.6,"locf",4,1.77
"pc2","4cpu-amd",0.6,"locf",3,1.77
"pc2","4cpu-amd",0.6,"locf",1,1.49
"pc2","4cpu-amd",0.6,"locf",3,1.5
"pc2","4cpu-amd",0.6,"locf",2,1.54
"pc2","4cpu-amd",0.6,"locf",4,1.53
"pc2","4cpu-amd",0.6,"locf",2,1.55
"pc2","4cpu-amd",0.6,"locf",3,1.55
"pc2","4cpu-amd",0.6,"locf",4,1.55
"pc2","4cpu-amd",0.6,"locf",1,1.55
"pc2","4cpu-amd",0.6,"locf",3,1.47
"pc2","4cpu-amd",0.6,"locf",2,1.51
"pc2","4cpu-amd",0.6,"locf",1,1.51
"pc2","4cpu-amd",0.6,"locf",4,1.55
"pc2","4cpu-amd",0.6,"locf",2,1.52
"pc2","4cpu-amd",0.6,"locf",4,1.52
"pc2","4cpu-amd",0.6,"locf",1,1.52
"pc2","4cpu-amd",0.6,"locf",3,1.53
"pc2","4cpu-amd",0.6,"locf",4,1.43
"pc2","4cpu-amd",0.6,"locf",2,1.43
"pc2","4cpu-amd",0.6,"locf",1,1.49
"pc2","4cpu-amd",0.6,"locf",3,1.48
"pc2","4cpu-amd",0.6,"locf",3,1.5
"pc2","4cpu-amd",0.6,"locf",2,1.51
"pc2","4cpu-amd",0.6,"locf",1,1.51
"pc2","4cpu-amd",0.6,"locf",4,1.51
"pc2","4cpu-amd",0.6,"locf",1,1.52
"pc2","4cpu-amd",0.6,"locf",4,1.48
"pc2","4cpu-amd",0.6,"locf",3,1.54
"pc2","4cpu-amd",0.6,"locf",2,1.57
"pc2","4cpu-amd",0.6,"locf",3,1.49
"pc2","4cpu-amd",0.6,"locf",2,1.49
"pc2","4cpu-amd",0.6,"locf",4,1.49
"pc2","4cpu-amd",0.6,"locf",1,1.49
"pc2","4cpu-amd",0.6,"locf",2,1.51
"pc2","4cpu-amd",0.6,"locf",1,1.51
"pc2","4cpu-amd",0.6,"locf",4,1.5
"pc2","4cpu-amd",0.6,"locf",3,1.5
"pc2","4cpu-amd",0.6,"locf",1,1.48
"pc2","4cpu-amd",0.6,"locf",2,1.49
"pc2","4cpu-amd",0.6,"locf",4,1.52
"pc2","4cpu-amd",0.6,"locf",3,1.52
"pc2","4cpu-amd",0.6,"locf",2,1.43
"pc2","4cpu-amd",0.6,"locf",4,1.43
"pc2","4cpu-amd",0.6,"locf",1,1.49
"pc2","4cpu-amd",0.6,"locf",3,1.48
"pc2","4cpu-amd",0.6,"locf",1,1.49
"pc2","4cpu-amd",0.6,"locf",4,1.49
"pc2","4cpu-amd",0.6,"locf",2,1.52
"pc2","4cpu-amd",0.6,"locf",3,1.57
"pc2","4cpu-amd",0.6,"locf",3,1.48
"pc2","4cpu-amd",0.6,"locf",1,1.5
"pc2","4cpu-amd",0.6,"locf",2,1.5
"pc2","4cpu-amd",0.6,"locf",4,1.48
"pc2","4cpu-amd",0.6,"locf",2,1.47
"pc2","4cpu-amd",0.6,"locf",3,1.53
"pc2","4cpu-amd",0.6,"locf",1,1.53
"pc2","4cpu-amd",0.6,"locf",4,1.53
"pc2","4cpu-amd",0.6,"locf",2,1.47
"pc2","4cpu-amd",0.6,"locf",4,1.48
"pc2","4cpu-amd",0.6,"locf",3,1.56
"pc2","4cpu-amd",0.6,"locf",1,1.58
"pc2","4cpu-amd",0.6,"locf",2,1.48
"pc2","4cpu-amd",0.6,"locf",3,1.48
"pc2","4cpu-amd",0.6,"locf",1,1.56
"pc2","4cpu-amd",0.6,"locf",4,1.54
"pc2","4cpu-amd",0.6,"locf",2,1.49
"pc2","4cpu-amd",0.6,"locf",1,1.51
"pc2","4cpu-amd",0.6,"locf",4,1.53
"pc2","4cpu-amd",0.6,"locf",3,1.54
"pc2","4cpu-amd",0.6,"locf",2,1.48
"pc2","4cpu-amd",0.6,"locf",1,1.48
"pc2","4cpu-amd",0.6,"locf",4,1.46
"pc2","4cpu-amd",0.6,"locf",3,1.5
"pc2","4cpu-amd",0.6,"locf",1,1.48
"pc2","4cpu-amd",0.6,"locf",4,1.52
"pc2","4cpu-amd",0.6,"locf",3,1.53
"pc2","4cpu-amd",0.6,"locf",2,1.54
"pc2","4cpu-amd",0.6,"locf",1,1.55
"pc2","4cpu-amd",0.6,"locf",2,1.55
"pc2","4cpu-amd",0.6,"locf",3,1.55
"pc2","4cpu-amd",0.6,"locf",4,1.56
"pc2","4cpu-amd",0.6,"locf",1,1.49
"pc2","4cpu-amd",0.6,"locf",3,1.51
"pc2","4cpu-amd",0.6,"locf",4,1.51
"pc2","4cpu-amd",0.6,"locf",2,1.56
"pc2","4cpu-amd",0.6,"locf",1,1.5
"pc2","4cpu-amd",0.6,"locf",2,1.55
"pc2","4cpu-amd",0.6,"locf",3,1.56
"pc2","4cpu-amd",0.6,"locf",4,1.56
"pc2","4cpu-amd",0.6,"locf",2,1.49
"pc2","4cpu-amd",0.6,"locf",1,1.55
"pc2","4cpu-amd",0.6,"locf",3,1.55
"pc2","4cpu-amd",0.6,"locf",4,1.55
"pc2","4cpu-amd",0.6,"locf",3,1.47
"pc2","4cpu-amd",0.6,"locf",1,1.49
"pc2","4cpu-amd",0.6,"locf",2,1.56
"pc2","4cpu-amd",0.6,"locf",4,1.56
"pc2","4cpu-amd",0.6,"locf",4,1.57
"pc2","4cpu-amd",0.6,"locf",1,1.57
"pc2","4cpu-amd",0.6,"locf",2,1.57
"pc2","4cpu-amd",0.6,"locf",3,1.57
"pc2","4cpu-amd",0.6,"locf",1,1.5
"pc2","4cpu-amd",0.6,"locf",3,1.49
"pc2","4cpu-amd",0.6,"locf",2,1.51
"pc2","4cpu-amd",0.6,"locf",4,1.5
"pc2","4cpu-amd",0.6,"locf",3,1.47
"pc2","4cpu-amd",0.6,"locf",1,1.5
"pc2","4cpu-amd",0.6,"locf",2,1.51
"pc2","4cpu-amd",0.6,"locf",4,1.5
"pc2","4cpu-amd",0.6,"locf",1,1.49
"pc2","4cpu-amd",0.6,"locf",3,1.53
"pc2","4cpu-amd",0.6,"locf",2,1.54
"pc2","4cpu-amd",0.6,"locf",4,1.54
"pc2","4cpu-amd",0.7,"locf",1,1.47
"pc2","4cpu-amd",0.7,"locf",3,1.45
"pc2","4cpu-amd",0.7,"locf",2,1.45
"pc2","4cpu-amd",0.7,"locf",4,1.48
"pc2","4cpu-amd",0.7,"locf",3,1.41
"pc2","4cpu-amd",0.7,"locf",1,1.44
"pc2","4cpu-amd",0.7,"locf",2,1.44
"pc2","4cpu-amd",0.7,"locf",4,1.46
"pc2","4cpu-amd",0.7,"locf",1,1.28
"pc2","4cpu-amd",0.7,"locf",2,1.26
"pc2","4cpu-amd",0.7,"locf",4,1.28
"pc2","4cpu-amd",0.7,"locf",3,1.28
"pc2","4cpu-amd",0.7,"locf",4,1.23
"pc2","4cpu-amd",0.7,"locf",1,1.27
"pc2","4cpu-amd",0.7,"locf",3,1.27
"pc2","4cpu-amd",0.7,"locf",2,1.27
"pc2","4cpu-amd",0.7,"locf",3,1.21
"pc2","4cpu-amd",0.7,"locf",4,1.21
"pc2","4cpu-amd",0.7,"locf",2,1.25
"pc2","4cpu-amd",0.7,"locf",1,1.31
"pc2","4cpu-amd",0.7,"locf",2,1.24
"pc2","4cpu-amd",0.7,"locf",3,1.27
"pc2","4cpu-amd",0.7,"locf",4,1.27
"pc2","4cpu-amd",0.7,"locf",1,1.27
"pc2","4cpu-amd",0.7,"locf",2,1.27
"pc2","4cpu-amd",0.7,"locf",1,1.27
"pc2","4cpu-amd",0.7,"locf",3,1.27
"pc2","4cpu-amd",0.7,"locf",4,1.27
"pc2","4cpu-amd",0.7,"locf",3,1.25
"pc2","4cpu-amd",0.7,"locf",1,1.27
"pc2","4cpu-amd",0.7,"locf",4,1.26
"pc2","4cpu-amd",0.7,"locf",2,1.26
"pc2","4cpu-amd",0.7,"locf",4,1.25
"pc2","4cpu-amd",0.7,"locf",3,1.27
"pc2","4cpu-amd",0.7,"locf",1,1.29
"pc2","4cpu-amd",0.7,"locf",2,1.29
"pc2","4cpu-amd",0.7,"locf",1,1.28
"pc2","4cpu-amd",0.7,"locf",4,1.24
"pc2","4cpu-amd",0.7,"locf",2,1.3
"pc2","4cpu-amd",0.7,"locf",3,1.29
"pc2","4cpu-amd",0.7,"locf",4,1.22
"pc2","4cpu-amd",0.7,"locf",1,1.28
"pc2","4cpu-amd",0.7,"locf",3,1.28
"pc2","4cpu-amd",0.7,"locf",2,1.28
"pc2","4cpu-amd",0.7,"locf",4,1.25
"pc2","4cpu-amd",0.7,"locf",2,1.29
"pc2","4cpu-amd",0.7,"locf",3,1.29
"pc2","4cpu-amd",0.7,"locf",1,1.29
"pc2","4cpu-amd",0.7,"locf",2,1.2
"pc2","4cpu-amd",0.7,"locf",4,1.23
"pc2","4cpu-amd",0.7,"locf",3,1.23
"pc2","4cpu-amd",0.7,"locf",1,1.26
"pc2","4cpu-amd",0.7,"locf",4,1.23
"pc2","4cpu-amd",0.7,"locf",2,1.28
"pc2","4cpu-amd",0.7,"locf",1,1.28
"pc2","4cpu-amd",0.7,"locf",3,1.27
"pc2","4cpu-amd",0.7,"locf",4,1.24
"pc2","4cpu-amd",0.7,"locf",2,1.24
"pc2","4cpu-amd",0.7,"locf",1,1.29
"pc2","4cpu-amd",0.7,"locf",3,1.27
"pc2","4cpu-amd",0.7,"locf",2,1.25
"pc2","4cpu-amd",0.7,"locf",3,1.25
"pc2","4cpu-amd",0.7,"locf",1,1.28
"pc2","4cpu-amd",0.7,"locf",4,1.29
"pc2","4cpu-amd",0.7,"locf",1,1.25
"pc2","4cpu-amd",0.7,"locf",2,1.26
"pc2","4cpu-amd",0.7,"locf",3,1.26
"pc2","4cpu-amd",0.7,"locf",4,1.28
"pc2","4cpu-amd",0.7,"locf",3,1.27
"pc2","4cpu-amd",0.7,"locf",2,1.27
"pc2","4cpu-amd",0.7,"locf",1,1.25
"pc2","4cpu-amd",0.7,"locf",4,1.25
"pc2","4cpu-amd",0.7,"locf",1,1.29
"pc2","4cpu-amd",0.7,"locf",4,1.3
"pc2","4cpu-amd",0.7,"locf",2,1.3
"pc2","4cpu-amd",0.7,"locf",3,1.34
"pc2","4cpu-amd",0.7,"locf",1,1.28
"pc2","4cpu-amd",0.7,"locf",2,1.3
"pc2","4cpu-amd",0.7,"locf",4,1.29
"pc2","4cpu-amd",0.7,"locf",3,1.32
"pc2","4cpu-amd",0.7,"locf",4,1.25
"pc2","4cpu-amd",0.7,"locf",1,1.28
"pc2","4cpu-amd",0.7,"locf",3,1.3
"pc2","4cpu-amd",0.7,"locf",2,1.3
"pc2","4cpu-amd",0.7,"locf",1,1.3
"pc2","4cpu-amd",0.7,"locf",4,1.28
"pc2","4cpu-amd",0.7,"locf",3,1.28
"pc2","4cpu-amd",0.7,"locf",2,1.28
"pc2","4cpu-amd",0.7,"locf",1,1.26
"pc2","4cpu-amd",0.7,"locf",2,1.29
"pc2","4cpu-amd",0.7,"locf",3,1.28
"pc2","4cpu-amd",0.7,"locf",4,1.28
"pc2","4cpu-amd",0.7,"locf",3,1.28
"pc2","4cpu-amd",0.7,"locf",4,1.28
"pc2","4cpu-amd",0.7,"locf",2,1.28
"pc2","4cpu-amd",0.7,"locf",1,1.28
"pc2","4cpu-amd",0.7,"locf",2,1.27
"pc2","4cpu-amd",0.7,"locf",3,1.27
"pc2","4cpu-amd",0.7,"locf",1,1.27
"pc2","4cpu-amd",0.7,"locf",4,1.29
"pc2","4cpu-amd",0.7,"locf",4,1.26
"pc2","4cpu-amd",0.7,"locf",1,1.29
"pc2","4cpu-amd",0.7,"locf",2,1.29
"pc2","4cpu-amd",0.7,"locf",3,1.29
"pc2","4cpu-amd",0.7,"locf",4,1.24
"pc2","4cpu-amd",0.7,"locf",3,1.24
"pc2","4cpu-amd",0.7,"locf",2,1.33
"pc2","4cpu-amd",0.7,"locf",1,1.33
"pc2","4cpu-amd",0.7,"locf",2,1.26
"pc2","4cpu-amd",0.7,"locf",3,1.26
"pc2","4cpu-amd",0.7,"locf",1,1.29
"pc2","4cpu-amd",0.7,"locf",4,1.27
"pc2","4cpu-amd",0.7,"locf",3,1.24
"pc2","4cpu-amd",0.7,"locf",4,1.25
"pc2","4cpu-amd",0.7,"locf",2,1.29
"pc2","4cpu-amd",0.7,"locf",1,1.29
"pc2","4cpu-amd",0.7,"locf",1,1.31
"pc2","4cpu-amd",0.7,"locf",3,1.28
"pc2","4cpu-amd",0.7,"locf",2,1.28
"pc2","4cpu-amd",0.7,"locf",4,1.28
"pc2","4cpu-amd",0.8,"locf",3,1.28
"pc2","4cpu-amd",0.8,"locf",4,1.28
"pc2","4cpu-amd",0.8,"locf",2,1.31
"pc2","4cpu-amd",0.8,"locf",1,1.31
"pc2","4cpu-amd",0.8,"locf",2,1.28
"pc2","4cpu-amd",0.8,"locf",1,1.28
"pc2","4cpu-amd",0.8,"locf",4,1.28
"pc2","4cpu-amd",0.8,"locf",3,1.31
"pc2","4cpu-amd",0.8,"locf",1,1.1
"pc2","4cpu-amd",0.8,"locf",3,1.1
"pc2","4cpu-amd",0.8,"locf",4,1.1
"pc2","4cpu-amd",0.8,"locf",2,1.13
"pc2","4cpu-amd",0.8,"locf",1,1.1
"pc2","4cpu-amd",0.8,"locf",2,1.1
"pc2","4cpu-amd",0.8,"locf",3,1.11
"pc2","4cpu-amd",0.8,"locf",4,1.12
"pc2","4cpu-amd",0.8,"locf",4,1.07
"pc2","4cpu-amd",0.8,"locf",1,1.13
"pc2","4cpu-amd",0.8,"locf",3,1.12
"pc2","4cpu-amd",0.8,"locf",2,1.14
"pc2","4cpu-amd",0.8,"locf",4,1.07
"pc2","4cpu-amd",0.8,"locf",2,1.11
"pc2","4cpu-amd",0.8,"locf",3,1.11
"pc2","4cpu-amd",0.8,"locf",1,1.11
"pc2","4cpu-amd",0.8,"locf",1,1.11
"pc2","4cpu-amd",0.8,"locf",2,1.09
"pc2","4cpu-amd",0.8,"locf",3,1.09
"pc2","4cpu-amd",0.8,"locf",4,1.09
"pc2","4cpu-amd",0.8,"locf",1,1.08
"pc2","4cpu-amd",0.8,"locf",3,1.1
"pc2","4cpu-amd",0.8,"locf",2,1.1
"pc2","4cpu-amd",0.8,"locf",4,1.1
"pc2","4cpu-amd",0.8,"locf",2,1.08
"pc2","4cpu-amd",0.8,"locf",1,1.1
"pc2","4cpu-amd",0.8,"locf",4,1.11
"pc2","4cpu-amd",0.8,"locf",3,1.11
"pc2","4cpu-amd",0.8,"locf",2,1.12
"pc2","4cpu-amd",0.8,"locf",3,1.09
"pc2","4cpu-amd",0.8,"locf",1,1.12
"pc2","4cpu-amd",0.8,"locf",4,1.14
"pc2","4cpu-amd",0.8,"locf",2,1.08
"pc2","4cpu-amd",0.8,"locf",4,1.1
"pc2","4cpu-amd",0.8,"locf",1,1.14
"pc2","4cpu-amd",0.8,"locf",3,1.13
"pc2","4cpu-amd",0.8,"locf",1,1.09
"pc2","4cpu-amd",0.8,"locf",2,1.09
"pc2","4cpu-amd",0.8,"locf",4,1.09
"pc2","4cpu-amd",0.8,"locf",3,1.1
"pc2","4cpu-amd",0.8,"locf",2,1.07
"pc2","4cpu-amd",0.8,"locf",3,1.07
"pc2","4cpu-amd",0.8,"locf",4,1.09
"pc2","4cpu-amd",0.8,"locf",1,1.14
"pc2","4cpu-amd",0.8,"locf",4,1.1
"pc2","4cpu-amd",0.8,"locf",2,1.11
"pc2","4cpu-amd",0.8,"locf",1,1.11
"pc2","4cpu-amd",0.8,"locf",3,1.12
"pc2","4cpu-amd",0.8,"locf",1,1.07
"pc2","4cpu-amd",0.8,"locf",3,1.1
"pc2","4cpu-amd",0.8,"locf",4,1.1
"pc2","4cpu-amd",0.8,"locf",2,1.1
"pc2","4cpu-amd",0.8,"locf",1,1.1
"pc2","4cpu-amd",0.8,"locf",3,1.1
"pc2","4cpu-amd",0.8,"locf",2,1.1
"pc2","4cpu-amd",0.8,"locf",4,1.1
"pc2","4cpu-amd",0.8,"locf",3,1.08
"pc2","4cpu-amd",0.8,"locf",2,1.1
"pc2","4cpu-amd",0.8,"locf",4,1.1
"pc2","4cpu-amd",0.8,"locf",1,1.13
"pc2","4cpu-amd",0.8,"locf",1,1.07
"pc2","4cpu-amd",0.8,"locf",2,1.07
"pc2","4cpu-amd",0.8,"locf",3,1.11
"pc2","4cpu-amd",0.8,"locf",4,1.11
"pc2","4cpu-amd",0.8,"locf",1,1.09
"pc2","4cpu-amd",0.8,"locf",2,1.09
"pc2","4cpu-amd",0.8,"locf",3,1.13
"pc2","4cpu-amd",0.8,"locf",4,1.14
"pc2","4cpu-amd",0.8,"locf",1,1.1
"pc2","4cpu-amd",0.8,"locf",4,1.13
"pc2","4cpu-amd",0.8,"locf",3,1.1
"pc2","4cpu-amd",0.8,"locf",2,1.13
"pc2","4cpu-amd",0.8,"locf",2,1.1
"pc2","4cpu-amd",0.8,"locf",1,1.1
"pc2","4cpu-amd",0.8,"locf",3,1.1
"pc2","4cpu-amd",0.8,"locf",4,1.1
"pc2","4cpu-amd",0.8,"locf",1,1.08
"pc2","4cpu-amd",0.8,"locf",4,1.11
"pc2","4cpu-amd",0.8,"locf",3,1.13
"pc2","4cpu-amd",0.8,"locf",2,1.13
"pc2","4cpu-amd",0.8,"locf",2,1.12
"pc2","4cpu-amd",0.8,"locf",1,1.12
"pc2","4cpu-amd",0.8,"locf",4,1.1
"pc2","4cpu-amd",0.8,"locf",3,1.1
"pc2","4cpu-amd",0.8,"locf",1,1.11
"pc2","4cpu-amd",0.8,"locf",3,1.1
"pc2","4cpu-amd",0.8,"locf",4,1.15
"pc2","4cpu-amd",0.8,"locf",2,1.15
"pc2","4cpu-amd",0.8,"locf",2,1.09
"pc2","4cpu-amd",0.8,"locf",1,1.12
"pc2","4cpu-amd",0.8,"locf",4,1.11
"pc2","4cpu-amd",0.8,"locf",3,1.11
"pc2","4cpu-amd",0.8,"locf",3,1.12
"pc2","4cpu-amd",0.8,"locf",2,1.12
"pc2","4cpu-amd",0.8,"locf",1,1.14
"pc2","4cpu-amd",0.8,"locf",4,1.14
"pc2","4cpu-amd",0.8,"locf",3,1.09
"pc2","4cpu-amd",0.8,"locf",4,1.1
"pc2","4cpu-amd",0.8,"locf",1,1.11
"pc2","4cpu-amd",0.8,"locf",2,1.12
"pc2","4cpu-amd",0.8,"locf",3,1.14
"pc2","4cpu-amd",0.8,"locf",4,1.14
"pc2","4cpu-amd",0.8,"locf",1,1.14
"pc2","4cpu-amd",0.8,"locf",2,1.14
"pc2","4cpu-amd",0.8,"locf",4,1.09
"pc2","4cpu-amd",0.8,"locf",1,1.16
"pc2","4cpu-amd",0.8,"locf",3,1.11
"pc2","4cpu-amd",0.8,"locf",2,1.16
"pc2","4cpu-amd",0.8,"locf",1,1.11
"pc2","4cpu-amd",0.8,"locf",2,1.11
"pc2","4cpu-amd",0.8,"locf",4,1.11
"pc2","4cpu-amd",0.8,"locf",3,1.11
"pc2","4cpu-amd",0.9,"locf",3,1.11
"pc2","4cpu-amd",0.9,"locf",2,1.14
"pc2","4cpu-amd",0.9,"locf",1,1.14
"pc2","4cpu-amd",0.9,"locf",4,1.14
"pc2","4cpu-amd",0.9,"locf",3,1.15
"pc2","4cpu-amd",0.9,"locf",2,1.15
"pc2","4cpu-amd",0.9,"locf",1,1.15
"pc2","4cpu-amd",0.9,"locf",1,0.96
"pc2","4cpu-amd",0.9,"locf",2,0.96
"pc2","4cpu-amd",0.9,"locf",3,0.96
"pc2","4cpu-amd",0.9,"locf",4,0.95
"pc2","4cpu-amd",0.9,"locf",2,0.96
"pc2","4cpu-amd",0.9,"locf",3,0.97
"pc2","4cpu-amd",0.9,"locf",4,0.98
"pc2","4cpu-amd",0.9,"locf",1,0.98
"pc2","4cpu-amd",0.9,"locf",4,0.98
"pc2","4cpu-amd",0.9,"locf",1,0.99
"pc2","4cpu-amd",0.9,"locf",2,0.99
"pc2","4cpu-amd",0.9,"locf",3,0.99
"pc2","4cpu-amd",0.9,"locf",4,1
"pc2","4cpu-amd",0.9,"locf",1,1
"pc2","4cpu-amd",0.9,"locf",2,0.99
"pc2","4cpu-amd",0.9,"locf",3,0.99
"pc2","4cpu-amd",0.9,"locf",1,0.99
"pc2","4cpu-amd",0.9,"locf",2,0.99
"pc2","4cpu-amd",0.9,"locf",3,0.99
"pc2","4cpu-amd",0.9,"locf",4,0.99
"pc2","4cpu-amd",0.9,"locf",2,1.01
"pc2","4cpu-amd",0.9,"locf",3,1.01
"pc2","4cpu-amd",0.9,"locf",4,1.01
"pc2","4cpu-amd",0.9,"locf",1,1.01
"pc2","4cpu-amd",0.9,"locf",2,0.97
"pc2","4cpu-amd",0.9,"locf",4,0.97
"pc2","4cpu-amd",0.9,"locf",1,0.97
"pc2","4cpu-amd",0.9,"locf",3,0.97
"pc2","4cpu-amd",0.9,"locf",1,0.99
"pc2","4cpu-amd",0.9,"locf",2,1
"pc2","4cpu-amd",0.9,"locf",4,1.01
"pc2","4cpu-amd",0.9,"locf",3,1.01
"pc2","4cpu-amd",0.9,"locf",2,0.99
"pc2","4cpu-amd",0.9,"locf",4,1.03
"pc2","4cpu-amd",0.9,"locf",3,1.03
"pc2","4cpu-amd",0.9,"locf",1,1.03
"pc2","4cpu-amd",0.9,"locf",4,0.94
"pc2","4cpu-amd",0.9,"locf",3,0.99
"pc2","4cpu-amd",0.9,"locf",1,0.99
"pc2","4cpu-amd",0.9,"locf",2,0.99
"pc2","4cpu-amd",0.9,"locf",1,0.98
"pc2","4cpu-amd",0.9,"locf",2,0.98
"pc2","4cpu-amd",0.9,"locf",3,0.96
"pc2","4cpu-amd",0.9,"locf",4,0.96
"pc2","4cpu-amd",0.9,"locf",3,0.97
"pc2","4cpu-amd",0.9,"locf",4,1.02
"pc2","4cpu-amd",0.9,"locf",2,1.02
"pc2","4cpu-amd",0.9,"locf",1,1.02
"pc2","4cpu-amd",0.9,"locf",1,1.02
"pc2","4cpu-amd",0.9,"locf",4,0.99
"pc2","4cpu-amd",0.9,"locf",2,0.99
"pc2","4cpu-amd",0.9,"locf",3,0.99
"pc2","4cpu-amd",0.9,"locf",1,0.98
"pc2","4cpu-amd",0.9,"locf",2,0.96
"pc2","4cpu-amd",0.9,"locf",3,0.96
"pc2","4cpu-amd",0.9,"locf",4,0.96
"pc2","4cpu-amd",0.9,"locf",3,0.97
"pc2","4cpu-amd",0.9,"locf",2,0.98
"pc2","4cpu-amd",0.9,"locf",1,0.98
"pc2","4cpu-amd",0.9,"locf",4,0.98
"pc2","4cpu-amd",0.9,"locf",1,0.97
"pc2","4cpu-amd",0.9,"locf",2,0.97
"pc2","4cpu-amd",0.9,"locf",3,0.99
"pc2","4cpu-amd",0.9,"locf",4,0.98
"pc2","4cpu-amd",0.9,"locf",2,0.98
"pc2","4cpu-amd",0.9,"locf",1,0.98
"pc2","4cpu-amd",0.9,"locf",3,0.99
"pc2","4cpu-amd",0.9,"locf",4,0.99
"pc2","4cpu-amd",0.9,"locf",1,0.97
"pc2","4cpu-amd",0.9,"locf",4,0.97
"pc2","4cpu-amd",0.9,"locf",2,1.02
"pc2","4cpu-amd",0.9,"locf",3,1
"pc2","4cpu-amd",0.9,"locf",1,0.98
"pc2","4cpu-amd",0.9,"locf",4,0.98
"pc2","4cpu-amd",0.9,"locf",2,0.98
"pc2","4cpu-amd",0.9,"locf",3,0.98
"pc2","4cpu-amd",0.9,"locf",2,1
"pc2","4cpu-amd",0.9,"locf",3,1
"pc2","4cpu-amd",0.9,"locf",4,0.99
"pc2","4cpu-amd",0.9,"locf",1,1.03
"pc2","4cpu-amd",0.9,"locf",1,0.98
"pc2","4cpu-amd",0.9,"locf",2,0.98
"pc2","4cpu-amd",0.9,"locf",3,0.98
"pc2","4cpu-amd",0.9,"locf",4,0.98
"pc2","4cpu-amd",0.9,"locf",4,0.96
"pc2","4cpu-amd",0.9,"locf",1,0.99
"pc2","4cpu-amd",0.9,"locf",2,0.99
"pc2","4cpu-amd",0.9,"locf",3,1
"pc2","4cpu-amd",0.9,"locf",1,0.99
"pc2","4cpu-amd",0.9,"locf",3,1.01
"pc2","4cpu-amd",0.9,"locf",2,1.01
"pc2","4cpu-amd",0.9,"locf",4,0.99
"pc2","4cpu-amd",0.9,"locf",2,1
"pc2","4cpu-amd",0.9,"locf",1,1
"pc2","4cpu-amd",0.9,"locf",4,1
"pc2","4cpu-amd",0.9,"locf",3,1
"pc2","4cpu-amd",0.9,"locf",2,1
"pc2","4cpu-amd",0.9,"locf",1,0.99
"pc2","4cpu-amd",0.9,"locf",4,0.99
"pc2","4cpu-amd",0.9,"locf",1,1
"pc2","4cpu-amd",0.9,"locf",3,0.97
"pc2","4cpu-amd",0.9,"locf",2,1.01
"pc2","4cpu-amd",0.9,"locf",4,1.01
"pc2","4cpu-amd",0.9,"locf",1,0.98
"pc2","4cpu-amd",0.9,"locf",2,0.98
"pc2","4cpu-amd",0.9,"locf",3,0.98
"pc2","4cpu-amd",0.9,"locf",4,0.99
"pc2","4cpu-amd",0.9,"locf",2,0.97
"pc2","4cpu-amd",0.9,"locf",1,0.97
"pc2","4cpu-amd",0.9,"locf",3,0.97
"pc2","4cpu-amd",0.9,"locf",4,1.01
"pc2","4cpu-amd",1,"locf",2,0.99
"pc2","4cpu-amd",1,"locf",3,1
"pc2","4cpu-amd",1,"locf",1,1.04
"pc2","4cpu-amd",1,"locf",4,1.03
"pc2","4cpu-amd",1,"locf",1,1
"pc2","4cpu-amd",1,"locf",3,1
"pc2","4cpu-amd",1,"locf",2,1
"pc2","4cpu-amd",1,"locf",4,1
"pc2","4cpu-amd",1,"locf",4,0.89
"pc2","4cpu-amd",1,"locf",1,0.89
"pc2","4cpu-amd",1,"locf",3,0.89
"pc2","4cpu-amd",1,"locf",2,0.89
"pc2","4cpu-amd",1,"locf",1,0.87
"pc2","4cpu-amd",1,"locf",2,0.87
"pc2","4cpu-amd",1,"locf",4,0.86
"pc2","4cpu-amd",1,"locf",3,0.88
"pc2","4cpu-amd",1,"locf",2,0.88
"pc2","4cpu-amd",1,"locf",1,0.88
"pc2","4cpu-amd",1,"locf",3,0.86
"pc2","4cpu-amd",1,"locf",4,0.89
"pc2","4cpu-amd",1,"locf",1,0.86
"pc2","4cpu-amd",1,"locf",3,0.86
"pc2","4cpu-amd",1,"locf",4,0.86
"pc2","4cpu-amd",1,"locf",2,0.86
"pc2","4cpu-amd",1,"locf",1,0.85
"pc2","4cpu-amd",1,"locf",2,0.85
"pc2","4cpu-amd",1,"locf",4,0.88
"pc2","4cpu-amd",1,"locf",3,0.88
"pc2","4cpu-amd",1,"locf",2,0.87
"pc2","4cpu-amd",1,"locf",4,0.86
"pc2","4cpu-amd",1,"locf",1,0.86
"pc2","4cpu-amd",1,"locf",3,0.86
"pc2","4cpu-amd",1,"locf",1,0.86
"pc2","4cpu-amd",1,"locf",4,0.87
"pc2","4cpu-amd",1,"locf",3,0.87
"pc2","4cpu-amd",1,"locf",2,0.87
"pc2","4cpu-amd",1,"locf",3,0.85
"pc2","4cpu-amd",1,"locf",2,0.86
"pc2","4cpu-amd",1,"locf",1,0.84
"pc2","4cpu-amd",1,"locf",4,0.84
"pc2","4cpu-amd",1,"locf",1,0.86
"pc2","4cpu-amd",1,"locf",3,0.84
"pc2","4cpu-amd",1,"locf",4,0.84
"pc2","4cpu-amd",1,"locf",2,0.84
"pc2","4cpu-amd",1,"locf",1,0.87
"pc2","4cpu-amd",1,"locf",2,0.87
"pc2","4cpu-amd",1,"locf",4,0.87
"pc2","4cpu-amd",1,"locf",3,0.9
"pc2","4cpu-amd",1,"locf",1,0.86
"pc2","4cpu-amd",1,"locf",3,0.85
"pc2","4cpu-amd",1,"locf",2,0.85
"pc2","4cpu-amd",1,"locf",4,0.86
"pc2","4cpu-amd",1,"locf",1,0.87
"pc2","4cpu-amd",1,"locf",4,0.89
"pc2","4cpu-amd",1,"locf",2,0.89
"pc2","4cpu-amd",1,"locf",3,0.89
"pc2","4cpu-amd",1,"locf",2,0.85
"pc2","4cpu-amd",1,"locf",3,0.85
"pc2","4cpu-amd",1,"locf",4,0.86
"pc2","4cpu-amd",1,"locf",1,0.86
"pc2","4cpu-amd",1,"locf",2,0.85
"pc2","4cpu-amd",1,"locf",4,0.85
"pc2","4cpu-amd",1,"locf",1,0.89
"pc2","4cpu-amd",1,"locf",3,0.9
"pc2","4cpu-amd",1,"locf",1,0.83
"pc2","4cpu-amd",1,"locf",3,0.83
"pc2","4cpu-amd",1,"locf",2,0.85
"pc2","4cpu-amd",1,"locf",4,1.07
"pc2","4cpu-amd",1,"locf",1,0.89
"pc2","4cpu-amd",1,"locf",3,0.87
"pc2","4cpu-amd",1,"locf",4,0.88
"pc2","4cpu-amd",1,"locf",2,0.92
"pc2","4cpu-amd",1,"locf",1,0.85
"pc2","4cpu-amd",1,"locf",2,0.85
"pc2","4cpu-amd",1,"locf",4,0.87
"pc2","4cpu-amd",1,"locf",3,0.87
"pc2","4cpu-amd",1,"locf",2,0.88
"pc2","4cpu-amd",1,"locf",3,0.93
"pc2","4cpu-amd",1,"locf",1,0.89
"pc2","4cpu-amd",1,"locf",4,0.89
"pc2","4cpu-amd",1,"locf",1,0.86
"pc2","4cpu-amd",1,"locf",2,0.88
"pc2","4cpu-amd",1,"locf",4,0.88
"pc2","4cpu-amd",1,"locf",3,0.88
"pc2","4cpu-amd",1,"locf",3,0.86
"pc2","4cpu-amd",1,"locf",2,0.89
"pc2","4cpu-amd",1,"locf",1,0.89
"pc2","4cpu-amd",1,"locf",4,0.89
"pc2","4cpu-amd",1,"locf",1,0.87
"pc2","4cpu-amd",1,"locf",2,0.87
"pc2","4cpu-amd",1,"locf",3,0.87
"pc2","4cpu-amd",1,"locf",4,0.86
"pc2","4cpu-amd",1,"locf",1,0.87
"pc2","4cpu-amd",1,"locf",3,0.9
"pc2","4cpu-amd",1,"locf",2,0.9
"pc2","4cpu-amd",1,"locf",4,0.9
"pc2","4cpu-amd",1,"locf",2,0.86
"pc2","4cpu-amd",1,"locf",1,0.88
"pc2","4cpu-amd",1,"locf",4,0.91
"pc2","4cpu-amd",1,"locf",3,0.91
"pc2","4cpu-amd",1,"locf",3,0.88
"pc2","4cpu-amd",1,"locf",4,0.88
"pc2","4cpu-amd",1,"locf",2,0.91
"pc2","4cpu-amd",1,"locf",1,0.87
"pc2","4cpu-amd",1,"locf",2,0.87
"pc2","4cpu-amd",1,"locf",4,0.87
"pc2","4cpu-amd",1,"locf",3,0.87
"pc2","4cpu-amd",1,"locf",4,0.89
"pc2","4cpu-amd",1,"locf",1,0.89
"pc2","4cpu-amd",1,"locf",3,0.89
"pc2","4cpu-amd",1,"locf",2,0.89
"pc2","4cpu-amd",1,"locf",1,0.87
"pc2","4cpu-amd",1,"locf",2,0.86
"pc2","4cpu-amd",1,"locf",3,0.86
"pc2","4cpu-amd",1,"locf",4,0.86
"pc2","4cpu-amd",1,"locf",4,0.92
"pc2","4cpu-amd",1,"locf",1,0.92
"pc2","4cpu-amd",1,"locf",2,0.92
"pc2","4cpu-amd",1,"locf",3,0.92
"pc2","4cpu-amd",0.1,"ssa",2,27.37
"pc2","4cpu-amd",0.1,"ssa",4,29.86
"pc2","4cpu-amd",0.1,"ssa",1,33.18
"pc2","4cpu-amd",0.1,"ssa",3,34.87
"pc2","4cpu-amd",0.1,"ssa",2,27.56
"pc2","4cpu-amd",0.1,"ssa",3,29.65
"pc2","4cpu-amd",0.1,"ssa",1,30.77
"pc2","4cpu-amd",0.1,"ssa",4,33.85
"pc2","4cpu-amd",0.1,"ssa",1,25.67
"pc2","4cpu-amd",0.1,"ssa",3,28.62
"pc2","4cpu-amd",0.1,"ssa",2,31.34
"pc2","4cpu-amd",0.1,"ssa",4,32.11
"pc2","4cpu-amd",0.1,"ssa",3,26.37
"pc2","4cpu-amd",0.1,"ssa",2,29.18
"pc2","4cpu-amd",0.1,"ssa",4,31.16
"pc2","4cpu-amd",0.1,"ssa",1,40.79
"pc2","4cpu-amd",0.1,"ssa",4,27.6
"pc2","4cpu-amd",0.1,"ssa",1,27.96
"pc2","4cpu-amd",0.1,"ssa",3,29.72
"pc2","4cpu-amd",0.1,"ssa",2,30.63
"pc2","4cpu-amd",0.1,"ssa",1,26.38
"pc2","4cpu-amd",0.1,"ssa",3,26.67
"pc2","4cpu-amd",0.1,"ssa",2,28.58
"pc2","4cpu-amd",0.1,"ssa",4,35.15
"pc2","4cpu-amd",0.1,"ssa",4,26.72
"pc2","4cpu-amd",0.1,"ssa",1,31.06
"pc2","4cpu-amd",0.1,"ssa",3,32.82
"pc2","4cpu-amd",0.1,"ssa",2,33.54
"pc2","4cpu-amd",0.1,"ssa",3,28.21
"pc2","4cpu-amd",0.1,"ssa",4,29.3
"pc2","4cpu-amd",0.1,"ssa",2,29.83
"pc2","4cpu-amd",0.1,"ssa",1,32.82
"pc2","4cpu-amd",0.1,"ssa",1,27.76
"pc2","4cpu-amd",0.1,"ssa",4,27.93
"pc2","4cpu-amd",0.1,"ssa",2,28.25
"pc2","4cpu-amd",0.1,"ssa",3,30.23
"pc2","4cpu-amd",0.1,"ssa",4,25.85
"pc2","4cpu-amd",0.1,"ssa",3,28.94
"pc2","4cpu-amd",0.1,"ssa",1,30.04
"pc2","4cpu-amd",0.1,"ssa",2,31.95
"pc2","4cpu-amd",0.1,"ssa",4,27.14
"pc2","4cpu-amd",0.1,"ssa",2,29.66
"pc2","4cpu-amd",0.1,"ssa",3,30.34
"pc2","4cpu-amd",0.1,"ssa",1,30.86
"pc2","4cpu-amd",0.1,"ssa",4,26.05
"pc2","4cpu-amd",0.1,"ssa",1,27.57
"pc2","4cpu-amd",0.1,"ssa",2,28.97
"pc2","4cpu-amd",0.1,"ssa",3,29.47
"pc2","4cpu-amd",0.1,"ssa",4,26.15
"pc2","4cpu-amd",0.1,"ssa",3,27.87
"pc2","4cpu-amd",0.1,"ssa",2,30.88
"pc2","4cpu-amd",0.1,"ssa",1,32.18
"pc2","4cpu-amd",0.1,"ssa",3,28.96
"pc2","4cpu-amd",0.1,"ssa",1,29.78
"pc2","4cpu-amd",0.1,"ssa",2,32.38
"pc2","4cpu-amd",0.1,"ssa",4,32.95
"pc2","4cpu-amd",0.1,"ssa",4,26.85
"pc2","4cpu-amd",0.1,"ssa",3,27.06
"pc2","4cpu-amd",0.1,"ssa",1,27.48
"pc2","4cpu-amd",0.1,"ssa",2,30.06
"pc2","4cpu-amd",0.1,"ssa",3,26.86
"pc2","4cpu-amd",0.1,"ssa",4,27.46
"pc2","4cpu-amd",0.1,"ssa",1,30.69
"pc2","4cpu-amd",0.1,"ssa",2,33.28
"pc2","4cpu-amd",0.1,"ssa",1,26.86
"pc2","4cpu-amd",0.1,"ssa",3,29.16
"pc2","4cpu-amd",0.1,"ssa",2,31.86
"pc2","4cpu-amd",0.1,"ssa",4,30.96
"pc2","4cpu-amd",0.1,"ssa",3,27.55
"pc2","4cpu-amd",0.1,"ssa",1,28.25
"pc2","4cpu-amd",0.1,"ssa",2,29.05
"pc2","4cpu-amd",0.1,"ssa",4,30.83
"pc2","4cpu-amd",0.1,"ssa",4,26.45
"pc2","4cpu-amd",0.1,"ssa",2,30.07
"pc2","4cpu-amd",0.1,"ssa",1,30.99
"pc2","4cpu-amd",0.1,"ssa",3,31.16
"pc2","4cpu-amd",0.1,"ssa",4,25.55
"pc2","4cpu-amd",0.1,"ssa",3,25.85
"pc2","4cpu-amd",0.1,"ssa",1,26.07
"pc2","4cpu-amd",0.1,"ssa",2,31.37
"pc2","4cpu-amd",0.1,"ssa",3,25.26
"pc2","4cpu-amd",0.1,"ssa",2,27.46
"pc2","4cpu-amd",0.1,"ssa",4,29.44
"pc2","4cpu-amd",0.1,"ssa",1,30.77
"pc2","4cpu-amd",0.1,"ssa",2,24.15
"pc2","4cpu-amd",0.1,"ssa",3,26.14
"pc2","4cpu-amd",0.1,"ssa",4,28.74
"pc2","4cpu-amd",0.1,"ssa",1,30.46
"pc2","4cpu-amd",0.1,"ssa",3,25.56
"pc2","4cpu-amd",0.1,"ssa",4,27.46
"pc2","4cpu-amd",0.1,"ssa",1,30.18
"pc2","4cpu-amd",0.1,"ssa",2,31.06
"pc2","4cpu-amd",0.1,"ssa",3,27.89
"pc2","4cpu-amd",0.1,"ssa",2,28.1
"pc2","4cpu-amd",0.1,"ssa",4,28.57
"pc2","4cpu-amd",0.1,"ssa",1,32.69
"pc2","4cpu-amd",0.1,"ssa",3,28.81
"pc2","4cpu-amd",0.1,"ssa",4,29.5
"pc2","4cpu-amd",0.1,"ssa",1,29.75
"pc2","4cpu-amd",0.1,"ssa",2,30.33
"pc2","4cpu-amd",0.1,"ssa",3,28.84
"pc2","4cpu-amd",0.1,"ssa",2,28.86
"pc2","4cpu-amd",0.1,"ssa",4,30.04
"pc2","4cpu-amd",0.1,"ssa",1,31.26
"pc2","4cpu-amd",0.1,"ssa",3,24.95
"pc2","4cpu-amd",0.1,"ssa",4,29.33
"pc2","4cpu-amd",0.1,"ssa",2,30.76
"pc2","4cpu-amd",0.1,"ssa",1,32.47
"pc2","4cpu-amd",0.1,"ssa",4,28.28
"pc2","4cpu-amd",0.1,"ssa",3,30.72
"pc2","4cpu-amd",0.1,"ssa",2,31.74
"pc2","4cpu-amd",0.1,"ssa",1,33.96
"pc2","4cpu-amd",0.1,"ssa",3,26.06
"pc2","4cpu-amd",0.1,"ssa",4,28.15
"pc2","4cpu-amd",0.1,"ssa",2,31.27
"pc2","4cpu-amd",0.1,"ssa",1,31.47
"pc2","4cpu-amd",0.1,"ssa",1,27.66
"pc2","4cpu-amd",0.1,"ssa",4,29.54
"pc2","4cpu-amd",0.1,"ssa",2,29.65
"pc2","4cpu-amd",0.1,"ssa",3,31.35
"pc2","4cpu-amd",0.2,"ssa",4,9.57
"pc2","4cpu-amd",0.2,"ssa",2,9.73
"pc2","4cpu-amd",0.2,"ssa",1,10.73
"pc2","4cpu-amd",0.2,"ssa",3,10.91
"pc2","4cpu-amd",0.2,"ssa",1,9.68
"pc2","4cpu-amd",0.2,"ssa",4,9.75
"pc2","4cpu-amd",0.2,"ssa",2,10.46
"pc2","4cpu-amd",0.2,"ssa",3,11.16
"pc2","4cpu-amd",0.2,"ssa",4,8.85
"pc2","4cpu-amd",0.2,"ssa",3,8.94
"pc2","4cpu-amd",0.2,"ssa",2,9.28
"pc2","4cpu-amd",0.2,"ssa",1,9.58
"pc2","4cpu-amd",0.2,"ssa",1,8.47
"pc2","4cpu-amd",0.2,"ssa",4,8.64
"pc2","4cpu-amd",0.2,"ssa",2,9.66
"pc2","4cpu-amd",0.2,"ssa",3,9.75
"pc2","4cpu-amd",0.2,"ssa",2,8.38
"pc2","4cpu-amd",0.2,"ssa",4,8.75
"pc2","4cpu-amd",0.2,"ssa",3,9.17
"pc2","4cpu-amd",0.2,"ssa",1,9.4
"pc2","4cpu-amd",0.2,"ssa",1,8.57
"pc2","4cpu-amd",0.2,"ssa",3,8.65
"pc2","4cpu-amd",0.2,"ssa",2,8.76
"pc2","4cpu-amd",0.2,"ssa",4,12.34
"pc2","4cpu-amd",0.2,"ssa",2,8.48
"pc2","4cpu-amd",0.2,"ssa",1,8.89
"pc2","4cpu-amd",0.2,"ssa",3,9.07
"pc2","4cpu-amd",0.2,"ssa",4,9.45
"pc2","4cpu-amd",0.2,"ssa",4,8.35
"pc2","4cpu-amd",0.2,"ssa",2,8.66
"pc2","4cpu-amd",0.2,"ssa",3,8.66
"pc2","4cpu-amd",0.2,"ssa",1,9.27
"pc2","4cpu-amd",0.2,"ssa",2,8.88
"pc2","4cpu-amd",0.2,"ssa",1,9.09
"pc2","4cpu-amd",0.2,"ssa",3,9.47
"pc2","4cpu-amd",0.2,"ssa",4,12.86
"pc2","4cpu-amd",0.2,"ssa",4,8.13
"pc2","4cpu-amd",0.2,"ssa",2,8.46
"pc2","4cpu-amd",0.2,"ssa",3,9.26
"pc2","4cpu-amd",0.2,"ssa",1,12.97
"pc2","4cpu-amd",0.2,"ssa",1,8.47
"pc2","4cpu-amd",0.2,"ssa",2,8.55
"pc2","4cpu-amd",0.2,"ssa",3,8.73
"pc2","4cpu-amd",0.2,"ssa",4,9.03
"pc2","4cpu-amd",0.2,"ssa",2,8.93
"pc2","4cpu-amd",0.2,"ssa",3,9.62
"pc2","4cpu-amd",0.2,"ssa",4,9.68
"pc2","4cpu-amd",0.2,"ssa",1,9.68
"pc2","4cpu-amd",0.2,"ssa",4,8.48
"pc2","4cpu-amd",0.2,"ssa",1,9.52
"pc2","4cpu-amd",0.2,"ssa",3,9.68
"pc2","4cpu-amd",0.2,"ssa",2,9.8
"pc2","4cpu-amd",0.2,"ssa",4,8.37
"pc2","4cpu-amd",0.2,"ssa",2,9.07
"pc2","4cpu-amd",0.2,"ssa",3,9.66
"pc2","4cpu-amd",0.2,"ssa",1,10.29
"pc2","4cpu-amd",0.2,"ssa",2,8.25
"pc2","4cpu-amd",0.2,"ssa",1,9.46
"pc2","4cpu-amd",0.2,"ssa",4,9.73
"pc2","4cpu-amd",0.2,"ssa",3,10.14
"pc2","4cpu-amd",0.2,"ssa",2,8.27
"pc2","4cpu-amd",0.2,"ssa",4,8.76
"pc2","4cpu-amd",0.2,"ssa",3,9.45
"pc2","4cpu-amd",0.2,"ssa",1,11.37
"pc2","4cpu-amd",0.2,"ssa",1,8.48
"pc2","4cpu-amd",0.2,"ssa",3,8.56
"pc2","4cpu-amd",0.2,"ssa",2,8.97
"pc2","4cpu-amd",0.2,"ssa",4,9.16
"pc2","4cpu-amd",0.2,"ssa",2,8.86
"pc2","4cpu-amd",0.2,"ssa",4,9.34
"pc2","4cpu-amd",0.2,"ssa",1,9.68
"pc2","4cpu-amd",0.2,"ssa",3,10.06
"pc2","4cpu-amd",0.2,"ssa",2,8.52
"pc2","4cpu-amd",0.2,"ssa",4,9.38
"pc2","4cpu-amd",0.2,"ssa",3,10.35
"pc2","4cpu-amd",0.2,"ssa",1,10.35
"pc2","4cpu-amd",0.2,"ssa",4,8.34
"pc2","4cpu-amd",0.2,"ssa",2,8.65
"pc2","4cpu-amd",0.2,"ssa",1,8.76
"pc2","4cpu-amd",0.2,"ssa",3,10.42
"pc2","4cpu-amd",0.2,"ssa",2,8.99
"pc2","4cpu-amd",0.2,"ssa",3,9.1
"pc2","4cpu-amd",0.2,"ssa",1,9.1
"pc2","4cpu-amd",0.2,"ssa",4,10.16
"pc2","4cpu-amd",0.2,"ssa",2,8.07
"pc2","4cpu-amd",0.2,"ssa",4,8.96
"pc2","4cpu-amd",0.2,"ssa",3,9.85
"pc2","4cpu-amd",0.2,"ssa",1,11.96
"pc2","4cpu-amd",0.2,"ssa",2,8.48
"pc2","4cpu-amd",0.2,"ssa",4,9.17
"pc2","4cpu-amd",0.2,"ssa",1,9.39
"pc2","4cpu-amd",0.2,"ssa",3,9.77
"pc2","4cpu-amd",0.2,"ssa",1,8.48
"pc2","4cpu-amd",0.2,"ssa",2,9.05
"pc2","4cpu-amd",0.2,"ssa",3,9.93
"pc2","4cpu-amd",0.2,"ssa",4,8.95
"pc2","4cpu-amd",0.2,"ssa",3,9.55
"pc2","4cpu-amd",0.2,"ssa",1,9.6
"pc2","4cpu-amd",0.2,"ssa",2,9.97
"pc2","4cpu-amd",0.2,"ssa",2,8.47
"pc2","4cpu-amd",0.2,"ssa",4,9.26
"pc2","4cpu-amd",0.2,"ssa",1,9.29
"pc2","4cpu-amd",0.2,"ssa",3,9.87
"pc2","4cpu-amd",0.2,"ssa",2,8.71
"pc2","4cpu-amd",0.2,"ssa",3,9.6
"pc2","4cpu-amd",0.2,"ssa",1,10.24
"pc2","4cpu-amd",0.2,"ssa",4,12.09
"pc2","4cpu-amd",0.2,"ssa",4,8.33
"pc2","4cpu-amd",0.2,"ssa",2,9.24
"pc2","4cpu-amd",0.2,"ssa",1,9.27
"pc2","4cpu-amd",0.2,"ssa",3,9.92
"pc2","4cpu-amd",0.2,"ssa",2,8.67
"pc2","4cpu-amd",0.2,"ssa",4,9.25
"pc2","4cpu-amd",0.2,"ssa",1,9.38
"pc2","4cpu-amd",0.2,"ssa",3,10.74
"pc2","4cpu-amd",0.2,"ssa",3,8.64
"pc2","4cpu-amd",0.2,"ssa",1,9.39
"pc2","4cpu-amd",0.2,"ssa",2,10.17
"pc2","4cpu-amd",0.2,"ssa",4,10.24
"pc2","4cpu-amd",0.3,"ssa",1,5.23
"pc2","4cpu-amd",0.3,"ssa",2,5.73
"pc2","4cpu-amd",0.3,"ssa",3,5.9
"pc2","4cpu-amd",0.3,"ssa",4,6.01
"pc2","4cpu-amd",0.3,"ssa",4,5.17
"pc2","4cpu-amd",0.3,"ssa",1,5.6
"pc2","4cpu-amd",0.3,"ssa",3,5.67
"pc2","4cpu-amd",0.3,"ssa",2,6.08
"pc2","4cpu-amd",0.3,"ssa",1,5
"pc2","4cpu-amd",0.3,"ssa",3,5.28
"pc2","4cpu-amd",0.3,"ssa",4,5.56
"pc2","4cpu-amd",0.3,"ssa",2,5.68
"pc2","4cpu-amd",0.3,"ssa",4,4.96
"pc2","4cpu-amd",0.3,"ssa",1,5.08
"pc2","4cpu-amd",0.3,"ssa",3,5.37
"pc2","4cpu-amd",0.3,"ssa",2,6.05
"pc2","4cpu-amd",0.3,"ssa",3,4.85
"pc2","4cpu-amd",0.3,"ssa",1,5.09
"pc2","4cpu-amd",0.3,"ssa",2,5.27
"pc2","4cpu-amd",0.3,"ssa",4,5.74
"pc2","4cpu-amd",0.3,"ssa",3,5.06
"pc2","4cpu-amd",0.3,"ssa",2,5.08
"pc2","4cpu-amd",0.3,"ssa",4,5.15
"pc2","4cpu-amd",0.3,"ssa",1,5.29
"pc2","4cpu-amd",0.3,"ssa",4,5.01
"pc2","4cpu-amd",0.3,"ssa",2,5.01
"pc2","4cpu-amd",0.3,"ssa",3,5.52
"pc2","4cpu-amd",0.3,"ssa",1,6.05
"pc2","4cpu-amd",0.3,"ssa",3,4.72
"pc2","4cpu-amd",0.3,"ssa",4,5.14
"pc2","4cpu-amd",0.3,"ssa",1,5.26
"pc2","4cpu-amd",0.3,"ssa",2,5.84
"pc2","4cpu-amd",0.3,"ssa",1,4.98
"pc2","4cpu-amd",0.3,"ssa",4,4.97
"pc2","4cpu-amd",0.3,"ssa",3,4.97
"pc2","4cpu-amd",0.3,"ssa",2,5.5
"pc2","4cpu-amd",0.3,"ssa",1,4.94
"pc2","4cpu-amd",0.3,"ssa",3,4.94
"pc2","4cpu-amd",0.3,"ssa",2,5.65
"pc2","4cpu-amd",0.3,"ssa",4,5.64
"pc2","4cpu-amd",0.3,"ssa",1,4.86
"pc2","4cpu-amd",0.3,"ssa",2,5.16
"pc2","4cpu-amd",0.3,"ssa",3,5.35
"pc2","4cpu-amd",0.3,"ssa",4,5.63
"pc2","4cpu-amd",0.3,"ssa",4,5.25
"pc2","4cpu-amd",0.3,"ssa",1,5.38
"pc2","4cpu-amd",0.3,"ssa",2,5.57
"pc2","4cpu-amd",0.3,"ssa",3,5.85
"pc2","4cpu-amd",0.3,"ssa",4,4.83
"pc2","4cpu-amd",0.3,"ssa",1,5.05
"pc2","4cpu-amd",0.3,"ssa",3,5.45
"pc2","4cpu-amd",0.3,"ssa",2,5.97
"pc2","4cpu-amd",0.3,"ssa",2,4.77
"pc2","4cpu-amd",0.3,"ssa",3,5.04
"pc2","4cpu-amd",0.3,"ssa",4,5.23
"pc2","4cpu-amd",0.3,"ssa",1,5.97
"pc2","4cpu-amd",0.3,"ssa",4,5.01
"pc2","4cpu-amd",0.3,"ssa",2,5.15
"pc2","4cpu-amd",0.3,"ssa",3,5.62
"pc2","4cpu-amd",0.3,"ssa",1,6.05
"pc2","4cpu-amd",0.3,"ssa",3,4.84
"pc2","4cpu-amd",0.3,"ssa",2,5.06
"pc2","4cpu-amd",0.3,"ssa",1,5.78
"pc2","4cpu-amd",0.3,"ssa",4,6.14
"pc2","4cpu-amd",0.3,"ssa",1,4.9
"pc2","4cpu-amd",0.3,"ssa",4,5.17
"pc2","4cpu-amd",0.3,"ssa",3,5.5
"pc2","4cpu-amd",0.3,"ssa",2,5.59
"pc2","4cpu-amd",0.3,"ssa",3,4.58
"pc2","4cpu-amd",0.3,"ssa",1,5.2
"pc2","4cpu-amd",0.3,"ssa",4,5.25
"pc2","4cpu-amd",0.3,"ssa",2,5.48
"pc2","4cpu-amd",0.3,"ssa",2,4.95
"pc2","4cpu-amd",0.3,"ssa",1,4.94
"pc2","4cpu-amd",0.3,"ssa",3,4.94
"pc2","4cpu-amd",0.3,"ssa",4,5.53
"pc2","4cpu-amd",0.3,"ssa",4,4.94
"pc2","4cpu-amd",0.3,"ssa",1,5.04
"pc2","4cpu-amd",0.3,"ssa",3,5.12
"pc2","4cpu-amd",0.3,"ssa",2,5.66
"pc2","4cpu-amd",0.3,"ssa",3,5.04
"pc2","4cpu-amd",0.3,"ssa",2,5.36
"pc2","4cpu-amd",0.3,"ssa",1,5.36
"pc2","4cpu-amd",0.3,"ssa",4,5.41
"pc2","4cpu-amd",0.3,"ssa",2,4.81
"pc2","4cpu-amd",0.3,"ssa",4,5.08
"pc2","4cpu-amd",0.3,"ssa",3,5.59
"pc2","4cpu-amd",0.3,"ssa",1,6.71
"pc2","4cpu-amd",0.3,"ssa",4,4.52
"pc2","4cpu-amd",0.3,"ssa",2,5.03
"pc2","4cpu-amd",0.3,"ssa",1,5.25
"pc2","4cpu-amd",0.3,"ssa",3,6.01
"pc2","4cpu-amd",0.3,"ssa",3,4.64
"pc2","4cpu-amd",0.3,"ssa",2,5.07
"pc2","4cpu-amd",0.3,"ssa",1,5.58
"pc2","4cpu-amd",0.3,"ssa",4,5.94
"pc2","4cpu-amd",0.3,"ssa",1,4.66
"pc2","4cpu-amd",0.3,"ssa",3,4.95
"pc2","4cpu-amd",0.3,"ssa",4,5.54
"pc2","4cpu-amd",0.3,"ssa",2,5.54
"pc2","4cpu-amd",0.3,"ssa",2,4.95
"pc2","4cpu-amd",0.3,"ssa",4,5.27
"pc2","4cpu-amd",0.3,"ssa",1,5.68
"pc2","4cpu-amd",0.3,"ssa",3,5.76
"pc2","4cpu-amd",0.3,"ssa",1,4.98
"pc2","4cpu-amd",0.3,"ssa",2,5.17
"pc2","4cpu-amd",0.3,"ssa",3,5.25
"pc2","4cpu-amd",0.3,"ssa",4,5.67
"pc2","4cpu-amd",0.3,"ssa",4,5.15
"pc2","4cpu-amd",0.3,"ssa",2,5.37
"pc2","4cpu-amd",0.3,"ssa",1,5.57
"pc2","4cpu-amd",0.3,"ssa",3,6.24
"pc2","4cpu-amd",0.3,"ssa",3,5.15
"pc2","4cpu-amd",0.3,"ssa",1,5.26
"pc2","4cpu-amd",0.3,"ssa",4,5.65
"pc2","4cpu-amd",0.3,"ssa",2,7.16
"pc2","4cpu-amd",0.3,"ssa",4,4.82
"pc2","4cpu-amd",0.3,"ssa",3,5.01
"pc2","4cpu-amd",0.3,"ssa",2,5.32
"pc2","4cpu-amd",0.3,"ssa",1,5.75
"pc2","4cpu-amd",0.4,"ssa",4,3.91
"pc2","4cpu-amd",0.4,"ssa",3,4
"pc2","4cpu-amd",0.4,"ssa",1,4.06
"pc2","4cpu-amd",0.4,"ssa",2,4.54
"pc2","4cpu-amd",0.4,"ssa",4,3.7
"pc2","4cpu-amd",0.4,"ssa",2,4.06
"pc2","4cpu-amd",0.4,"ssa",3,4.11
"pc2","4cpu-amd",0.4,"ssa",1,4.56
"pc2","4cpu-amd",0.4,"ssa",4,3.55
"pc2","4cpu-amd",0.4,"ssa",3,3.76
"pc2","4cpu-amd",0.4,"ssa",2,3.99
"pc2","4cpu-amd",0.4,"ssa",1,4.36
"pc2","4cpu-amd",0.4,"ssa",4,3.41
"pc2","4cpu-amd",0.4,"ssa",3,3.69
"pc2","4cpu-amd",0.4,"ssa",2,3.81
"pc2","4cpu-amd",0.4,"ssa",1,3.91
"pc2","4cpu-amd",0.4,"ssa",4,3.47
"pc2","4cpu-amd",0.4,"ssa",2,3.65
"pc2","4cpu-amd",0.4,"ssa",3,3.96
"pc2","4cpu-amd",0.4,"ssa",1,4.44
"pc2","4cpu-amd",0.4,"ssa",4,3.41
"pc2","4cpu-amd",0.4,"ssa",3,3.69
"pc2","4cpu-amd",0.4,"ssa",2,3.9
"pc2","4cpu-amd",0.4,"ssa",1,4.41
"pc2","4cpu-amd",0.4,"ssa",2,3.55
"pc2","4cpu-amd",0.4,"ssa",4,3.63
"pc2","4cpu-amd",0.4,"ssa",1,4.15
"pc2","4cpu-amd",0.4,"ssa",3,4.23
"pc2","4cpu-amd",0.4,"ssa",4,3.35
"pc2","4cpu-amd",0.4,"ssa",3,3.77
"pc2","4cpu-amd",0.4,"ssa",2,3.87
"pc2","4cpu-amd",0.4,"ssa",1,4.6
"pc2","4cpu-amd",0.4,"ssa",4,3.16
"pc2","4cpu-amd",0.4,"ssa",2,3.83
"pc2","4cpu-amd",0.4,"ssa",3,3.93
"pc2","4cpu-amd",0.4,"ssa",1,4.04
"pc2","4cpu-amd",0.4,"ssa",4,3.55
"pc2","4cpu-amd",0.4,"ssa",2,3.86
"pc2","4cpu-amd",0.4,"ssa",3,4.04
"pc2","4cpu-amd",0.4,"ssa",1,4.35
"pc2","4cpu-amd",0.4,"ssa",4,3.38
"pc2","4cpu-amd",0.4,"ssa",2,3.71
"pc2","4cpu-amd",0.4,"ssa",3,4.1
"pc2","4cpu-amd",0.4,"ssa",1,4.51
"pc2","4cpu-amd",0.4,"ssa",2,3.5
"pc2","4cpu-amd",0.4,"ssa",4,3.52
"pc2","4cpu-amd",0.4,"ssa",1,3.72
"pc2","4cpu-amd",0.4,"ssa",3,4.49
"pc2","4cpu-amd",0.4,"ssa",2,3.54
"pc2","4cpu-amd",0.4,"ssa",4,3.62
"pc2","4cpu-amd",0.4,"ssa",3,3.64
"pc2","4cpu-amd",0.4,"ssa",1,3.76
"pc2","4cpu-amd",0.4,"ssa",4,3.49
"pc2","4cpu-amd",0.4,"ssa",3,3.59
"pc2","4cpu-amd",0.4,"ssa",2,3.69
"pc2","4cpu-amd",0.4,"ssa",1,4.6
"pc2","4cpu-amd",0.4,"ssa",4,3.44
"pc2","4cpu-amd",0.4,"ssa",1,3.66
"pc2","4cpu-amd",0.4,"ssa",3,3.72
"pc2","4cpu-amd",0.4,"ssa",2,3.83
"pc2","4cpu-amd",0.4,"ssa",4,3.6
"pc2","4cpu-amd",0.4,"ssa",2,3.68
"pc2","4cpu-amd",0.4,"ssa",3,3.87
"pc2","4cpu-amd",0.4,"ssa",1,4.89
"pc2","4cpu-amd",0.4,"ssa",3,3.37
"pc2","4cpu-amd",0.4,"ssa",4,3.67
"pc2","4cpu-amd",0.4,"ssa",2,3.69
"pc2","4cpu-amd",0.4,"ssa",1,3.99
"pc2","4cpu-amd",0.4,"ssa",4,3.34
"pc2","4cpu-amd",0.4,"ssa",1,3.94
"pc2","4cpu-amd",0.4,"ssa",3,3.93
"pc2","4cpu-amd",0.4,"ssa",2,4.25
"pc2","4cpu-amd",0.4,"ssa",4,3.45
"pc2","4cpu-amd",0.4,"ssa",2,3.67
"pc2","4cpu-amd",0.4,"ssa",3,3.73
"pc2","4cpu-amd",0.4,"ssa",1,5.27
"pc2","4cpu-amd",0.4,"ssa",1,3.58
"pc2","4cpu-amd",0.4,"ssa",4,3.62
"pc2","4cpu-amd",0.4,"ssa",2,3.95
"pc2","4cpu-amd",0.4,"ssa",3,3.95
"pc2","4cpu-amd",0.4,"ssa",4,3.55
"pc2","4cpu-amd",0.4,"ssa",1,3.75
"pc2","4cpu-amd",0.4,"ssa",3,3.74
"pc2","4cpu-amd",0.4,"ssa",2,3.93
"pc2","4cpu-amd",0.4,"ssa",1,3.56
"pc2","4cpu-amd",0.4,"ssa",4,3.55
"pc2","4cpu-amd",0.4,"ssa",2,3.66
"pc2","4cpu-amd",0.4,"ssa",3,4.16
"pc2","4cpu-amd",0.4,"ssa",4,3.51
"pc2","4cpu-amd",0.4,"ssa",3,3.56
"pc2","4cpu-amd",0.4,"ssa",1,3.66
"pc2","4cpu-amd",0.4,"ssa",2,4.54
"pc2","4cpu-amd",0.4,"ssa",4,3.64
"pc2","4cpu-amd",0.4,"ssa",1,3.68
"pc2","4cpu-amd",0.4,"ssa",2,3.68
"pc2","4cpu-amd",0.4,"ssa",3,4.07
"pc2","4cpu-amd",0.4,"ssa",4,3.31
"pc2","4cpu-amd",0.4,"ssa",2,3.82
"pc2","4cpu-amd",0.4,"ssa",1,3.82
"pc2","4cpu-amd",0.4,"ssa",3,4.34
"pc2","4cpu-amd",0.4,"ssa",4,3.51
"pc2","4cpu-amd",0.4,"ssa",2,3.75
"pc2","4cpu-amd",0.4,"ssa",3,3.92
"pc2","4cpu-amd",0.4,"ssa",1,4.19
"pc2","4cpu-amd",0.4,"ssa",1,3.84
"pc2","4cpu-amd",0.4,"ssa",4,3.84
"pc2","4cpu-amd",0.4,"ssa",3,3.85
"pc2","4cpu-amd",0.4,"ssa",2,4.75
"pc2","4cpu-amd",0.4,"ssa",4,3.62
"pc2","4cpu-amd",0.4,"ssa",3,3.72
"pc2","4cpu-amd",0.4,"ssa",2,4.16
"pc2","4cpu-amd",0.4,"ssa",1,4.37
"pc2","4cpu-amd",0.4,"ssa",2,3.48
"pc2","4cpu-amd",0.4,"ssa",4,3.63
"pc2","4cpu-amd",0.4,"ssa",1,3.67
"pc2","4cpu-amd",0.4,"ssa",3,4.16
"pc2","4cpu-amd",0.4,"ssa",4,3.43
"pc2","4cpu-amd",0.4,"ssa",1,3.73
"pc2","4cpu-amd",0.4,"ssa",3,3.81
"pc2","4cpu-amd",0.4,"ssa",2,4.44
"pc2","4cpu-amd",0.5,"ssa",1,2.92
"pc2","4cpu-amd",0.5,"ssa",2,3
"pc2","4cpu-amd",0.5,"ssa",4,3.12
"pc2","4cpu-amd",0.5,"ssa",3,3.31
"pc2","4cpu-amd",0.5,"ssa",1,2.96
"pc2","4cpu-amd",0.5,"ssa",4,3
"pc2","4cpu-amd",0.5,"ssa",2,3
"pc2","4cpu-amd",0.5,"ssa",3,3.36
"pc2","4cpu-amd",0.5,"ssa",1,2.56
"pc2","4cpu-amd",0.5,"ssa",2,2.68
"pc2","4cpu-amd",0.5,"ssa",3,3.08
"pc2","4cpu-amd",0.5,"ssa",4,3.15
"pc2","4cpu-amd",0.5,"ssa",2,2.78
"pc2","4cpu-amd",0.5,"ssa",4,2.78
"pc2","4cpu-amd",0.5,"ssa",1,2.82
"pc2","4cpu-amd",0.5,"ssa",3,3.07
"pc2","4cpu-amd",0.5,"ssa",1,2.67
"pc2","4cpu-amd",0.5,"ssa",2,2.62
"pc2","4cpu-amd",0.5,"ssa",4,2.67
"pc2","4cpu-amd",0.5,"ssa",3,2.97
"pc2","4cpu-amd",0.5,"ssa",4,2.64
"pc2","4cpu-amd",0.5,"ssa",1,2.77
"pc2","4cpu-amd",0.5,"ssa",3,2.75
"pc2","4cpu-amd",0.5,"ssa",2,2.77
"pc2","4cpu-amd",0.5,"ssa",4,2.56
"pc2","4cpu-amd",0.5,"ssa",2,2.84
"pc2","4cpu-amd",0.5,"ssa",1,2.85
"pc2","4cpu-amd",0.5,"ssa",3,3.34
"pc2","4cpu-amd",0.5,"ssa",4,2.58
"pc2","4cpu-amd",0.5,"ssa",3,2.6
"pc2","4cpu-amd",0.5,"ssa",1,2.68
"pc2","4cpu-amd",0.5,"ssa",2,2.78
"pc2","4cpu-amd",0.5,"ssa",2,2.62
"pc2","4cpu-amd",0.5,"ssa",4,2.81
"pc2","4cpu-amd",0.5,"ssa",1,2.87
"pc2","4cpu-amd",0.5,"ssa",3,3.26
"pc2","4cpu-amd",0.5,"ssa",2,2.74
"pc2","4cpu-amd",0.5,"ssa",4,2.81
"pc2","4cpu-amd",0.5,"ssa",3,2.93
"pc2","4cpu-amd",0.5,"ssa",1,3.03
"pc2","4cpu-amd",0.5,"ssa",4,2.57
"pc2","4cpu-amd",0.5,"ssa",2,2.8
"pc2","4cpu-amd",0.5,"ssa",3,2.88
"pc2","4cpu-amd",0.5,"ssa",1,2.91
"pc2","4cpu-amd",0.5,"ssa",1,2.66
"pc2","4cpu-amd",0.5,"ssa",2,2.73
"pc2","4cpu-amd",0.5,"ssa",4,2.72
"pc2","4cpu-amd",0.5,"ssa",3,3.13
"pc2","4cpu-amd",0.5,"ssa",2,2.66
"pc2","4cpu-amd",0.5,"ssa",4,2.74
"pc2","4cpu-amd",0.5,"ssa",1,2.74
"pc2","4cpu-amd",0.5,"ssa",3,2.74
"pc2","4cpu-amd",0.5,"ssa",1,2.73
"pc2","4cpu-amd",0.5,"ssa",2,2.74
"pc2","4cpu-amd",0.5,"ssa",4,2.8
"pc2","4cpu-amd",0.5,"ssa",3,3.12
"pc2","4cpu-amd",0.5,"ssa",1,2.72
"pc2","4cpu-amd",0.5,"ssa",2,2.73
"pc2","4cpu-amd",0.5,"ssa",4,2.72
"pc2","4cpu-amd",0.5,"ssa",3,3.04
"pc2","4cpu-amd",0.5,"ssa",4,2.71
"pc2","4cpu-amd",0.5,"ssa",1,2.75
"pc2","4cpu-amd",0.5,"ssa",2,2.79
"pc2","4cpu-amd",0.5,"ssa",3,3.13
"pc2","4cpu-amd",0.5,"ssa",1,2.63
"pc2","4cpu-amd",0.5,"ssa",4,2.62
"pc2","4cpu-amd",0.5,"ssa",3,2.84
"pc2","4cpu-amd",0.5,"ssa",2,2.95
"pc2","4cpu-amd",0.5,"ssa",2,2.68
"pc2","4cpu-amd",0.5,"ssa",1,2.75
"pc2","4cpu-amd",0.5,"ssa",4,2.74
"pc2","4cpu-amd",0.5,"ssa",3,3.37
"pc2","4cpu-amd",0.5,"ssa",2,2.43
"pc2","4cpu-amd",0.5,"ssa",4,2.7
"pc2","4cpu-amd",0.5,"ssa",1,2.74
"pc2","4cpu-amd",0.5,"ssa",3,2.84
"pc2","4cpu-amd",0.5,"ssa",2,2.59
"pc2","4cpu-amd",0.5,"ssa",1,2.87
"pc2","4cpu-amd",0.5,"ssa",4,2.91
"pc2","4cpu-amd",0.5,"ssa",3,3.55
"pc2","4cpu-amd",0.5,"ssa",1,2.64
"pc2","4cpu-amd",0.5,"ssa",4,2.84
"pc2","4cpu-amd",0.5,"ssa",2,2.96
"pc2","4cpu-amd",0.5,"ssa",3,3.64
"pc2","4cpu-amd",0.5,"ssa",2,2.7
"pc2","4cpu-amd",0.5,"ssa",1,2.75
"pc2","4cpu-amd",0.5,"ssa",4,2.96
"pc2","4cpu-amd",0.5,"ssa",3,3.17
"pc2","4cpu-amd",0.5,"ssa",1,2.74
"pc2","4cpu-amd",0.5,"ssa",4,2.81
"pc2","4cpu-amd",0.5,"ssa",2,2.93
"pc2","4cpu-amd",0.5,"ssa",3,3.03
"pc2","4cpu-amd",0.5,"ssa",4,2.72
"pc2","4cpu-amd",0.5,"ssa",2,2.75
"pc2","4cpu-amd",0.5,"ssa",1,2.98
"pc2","4cpu-amd",0.5,"ssa",3,3.26
"pc2","4cpu-amd",0.5,"ssa",1,2.66
"pc2","4cpu-amd",0.5,"ssa",2,2.74
"pc2","4cpu-amd",0.5,"ssa",4,2.81
"pc2","4cpu-amd",0.5,"ssa",3,3.1
"pc2","4cpu-amd",0.5,"ssa",1,2.71
"pc2","4cpu-amd",0.5,"ssa",2,2.85
"pc2","4cpu-amd",0.5,"ssa",4,2.85
"pc2","4cpu-amd",0.5,"ssa",3,2.97
"pc2","4cpu-amd",0.5,"ssa",1,2.65
"pc2","4cpu-amd",0.5,"ssa",2,2.65
"pc2","4cpu-amd",0.5,"ssa",4,2.71
"pc2","4cpu-amd",0.5,"ssa",3,3.48
"pc2","4cpu-amd",0.5,"ssa",4,2.64
"pc2","4cpu-amd",0.5,"ssa",1,2.72
"pc2","4cpu-amd",0.5,"ssa",3,2.86
"pc2","4cpu-amd",0.5,"ssa",2,3.12
"pc2","4cpu-amd",0.5,"ssa",2,2.73
"pc2","4cpu-amd",0.5,"ssa",4,2.73
"pc2","4cpu-amd",0.5,"ssa",1,3.07
"pc2","4cpu-amd",0.5,"ssa",3,3.23
"pc2","4cpu-amd",0.5,"ssa",2,2.74
"pc2","4cpu-amd",0.5,"ssa",1,2.85
"pc2","4cpu-amd",0.5,"ssa",3,2.95
"pc2","4cpu-amd",0.5,"ssa",4,2.95
"pc2","4cpu-amd",0.6,"ssa",3,2.58
"pc2","4cpu-amd",0.6,"ssa",4,2.58
"pc2","4cpu-amd",0.6,"ssa",2,2.61
"pc2","4cpu-amd",0.6,"ssa",1,2.62
"pc2","4cpu-amd",0.6,"ssa",3,2.47
"pc2","4cpu-amd",0.6,"ssa",2,2.58
"pc2","4cpu-amd",0.6,"ssa",1,2.67
"pc2","4cpu-amd",0.6,"ssa",4,2.67
"pc2","4cpu-amd",0.6,"ssa",4,2.09
"pc2","4cpu-amd",0.6,"ssa",3,2.21
"pc2","4cpu-amd",0.6,"ssa",2,2.3
"pc2","4cpu-amd",0.6,"ssa",1,2.41
"pc2","4cpu-amd",0.6,"ssa",3,2.15
"pc2","4cpu-amd",0.6,"ssa",2,2.33
"pc2","4cpu-amd",0.6,"ssa",1,2.37
"pc2","4cpu-amd",0.6,"ssa",4,2.35
"pc2","4cpu-amd",0.6,"ssa",1,2.22
"pc2","4cpu-amd",0.6,"ssa",2,2.27
"pc2","4cpu-amd",0.6,"ssa",4,2.27
"pc2","4cpu-amd",0.6,"ssa",3,2.4
"pc2","4cpu-amd",0.6,"ssa",3,2.12
"pc2","4cpu-amd",0.6,"ssa",1,2.22
"pc2","4cpu-amd",0.6,"ssa",4,2.67
"pc2","4cpu-amd",0.6,"ssa",2,2.71
"pc2","4cpu-amd",0.6,"ssa",4,2.16
"pc2","4cpu-amd",0.6,"ssa",2,2.24
"pc2","4cpu-amd",0.6,"ssa",3,2.27
"pc2","4cpu-amd",0.6,"ssa",1,2.48
"pc2","4cpu-amd",0.6,"ssa",3,2.17
"pc2","4cpu-amd",0.6,"ssa",1,2.39
"pc2","4cpu-amd",0.6,"ssa",2,2.39
"pc2","4cpu-amd",0.6,"ssa",4,2.45
"pc2","4cpu-amd",0.6,"ssa",4,2.18
"pc2","4cpu-amd",0.6,"ssa",2,2.21
"pc2","4cpu-amd",0.6,"ssa",1,2.37
"pc2","4cpu-amd",0.6,"ssa",3,2.37
"pc2","4cpu-amd",0.6,"ssa",2,2.27
"pc2","4cpu-amd",0.6,"ssa",3,2.27
"pc2","4cpu-amd",0.6,"ssa",1,2.36
"pc2","4cpu-amd",0.6,"ssa",4,2.46
"pc2","4cpu-amd",0.6,"ssa",3,2.15
"pc2","4cpu-amd",0.6,"ssa",4,2.24
"pc2","4cpu-amd",0.6,"ssa",2,2.26
"pc2","4cpu-amd",0.6,"ssa",1,2.47
"pc2","4cpu-amd",0.6,"ssa",3,2.09
"pc2","4cpu-amd",0.6,"ssa",1,2.29
"pc2","4cpu-amd",0.6,"ssa",2,2.36
"pc2","4cpu-amd",0.6,"ssa",4,2.35
"pc2","4cpu-amd",0.6,"ssa",3,2.12
"pc2","4cpu-amd",0.6,"ssa",4,2.33
"pc2","4cpu-amd",0.6,"ssa",1,2.39
"pc2","4cpu-amd",0.6,"ssa",2,2.46
"pc2","4cpu-amd",0.6,"ssa",3,2.16
"pc2","4cpu-amd",0.6,"ssa",2,2.36
"pc2","4cpu-amd",0.6,"ssa",4,2.35
"pc2","4cpu-amd",0.6,"ssa",1,2.48
"pc2","4cpu-amd",0.6,"ssa",3,2.25
"pc2","4cpu-amd",0.6,"ssa",2,2.25
"pc2","4cpu-amd",0.6,"ssa",4,2.25
"pc2","4cpu-amd",0.6,"ssa",1,2.79
"pc2","4cpu-amd",0.6,"ssa",2,2.25
"pc2","4cpu-amd",0.6,"ssa",4,2.33
"pc2","4cpu-amd",0.6,"ssa",3,2.42
"pc2","4cpu-amd",0.6,"ssa",1,2.45
"pc2","4cpu-amd",0.6,"ssa",3,2.18
"pc2","4cpu-amd",0.6,"ssa",2,2.21
"pc2","4cpu-amd",0.6,"ssa",4,2.34
"pc2","4cpu-amd",0.6,"ssa",1,2.59
"pc2","4cpu-amd",0.6,"ssa",3,2.27
"pc2","4cpu-amd",0.6,"ssa",4,2.28
"pc2","4cpu-amd",0.6,"ssa",1,2.38
"pc2","4cpu-amd",0.6,"ssa",2,2.79
"pc2","4cpu-amd",0.6,"ssa",4,2.17
"pc2","4cpu-amd",0.6,"ssa",2,2.2
"pc2","4cpu-amd",0.6,"ssa",3,2.22
"pc2","4cpu-amd",0.6,"ssa",1,2.54
"pc2","4cpu-amd",0.6,"ssa",3,2.23
"pc2","4cpu-amd",0.6,"ssa",1,2.35
"pc2","4cpu-amd",0.6,"ssa",2,2.36
"pc2","4cpu-amd",0.6,"ssa",4,2.42
"pc2","4cpu-amd",0.6,"ssa",2,2.17
"pc2","4cpu-amd",0.6,"ssa",4,2.24
"pc2","4cpu-amd",0.6,"ssa",3,2.28
"pc2","4cpu-amd",0.6,"ssa",1,2.57
"pc2","4cpu-amd",0.6,"ssa",3,2.19
"pc2","4cpu-amd",0.6,"ssa",2,2.28
"pc2","4cpu-amd",0.6,"ssa",1,2.55
"pc2","4cpu-amd",0.6,"ssa",4,2.55
"pc2","4cpu-amd",0.6,"ssa",2,2.19
"pc2","4cpu-amd",0.6,"ssa",4,2.25
"pc2","4cpu-amd",0.6,"ssa",3,2.54
"pc2","4cpu-amd",0.6,"ssa",1,2.68
"pc2","4cpu-amd",0.6,"ssa",3,2.26
"pc2","4cpu-amd",0.6,"ssa",1,2.37
"pc2","4cpu-amd",0.6,"ssa",4,2.47
"pc2","4cpu-amd",0.6,"ssa",2,2.59
"pc2","4cpu-amd",0.6,"ssa",4,2.21
"pc2","4cpu-amd",0.6,"ssa",2,2.24
"pc2","4cpu-amd",0.6,"ssa",1,2.47
"pc2","4cpu-amd",0.6,"ssa",3,2.56
"pc2","4cpu-amd",0.6,"ssa",3,2.17
"pc2","4cpu-amd",0.6,"ssa",1,2.4
"pc2","4cpu-amd",0.6,"ssa",2,2.46
"pc2","4cpu-amd",0.6,"ssa",4,2.47
"pc2","4cpu-amd",0.6,"ssa",4,2.04
"pc2","4cpu-amd",0.6,"ssa",3,2.15
"pc2","4cpu-amd",0.6,"ssa",2,2.35
"pc2","4cpu-amd",0.6,"ssa",1,2.66
"pc2","4cpu-amd",0.6,"ssa",3,2.25
"pc2","4cpu-amd",0.6,"ssa",4,2.3
"pc2","4cpu-amd",0.6,"ssa",1,2.36
"pc2","4cpu-amd",0.6,"ssa",2,2.43
"pc2","4cpu-amd",0.6,"ssa",4,2.23
"pc2","4cpu-amd",0.6,"ssa",3,2.27
"pc2","4cpu-amd",0.6,"ssa",2,2.3
"pc2","4cpu-amd",0.6,"ssa",1,2.48
"pc2","4cpu-amd",0.6,"ssa",1,2.17
"pc2","4cpu-amd",0.6,"ssa",4,2.17
"pc2","4cpu-amd",0.6,"ssa",3,2.18
"pc2","4cpu-amd",0.6,"ssa",2,2.86
"pc2","4cpu-amd",0.7,"ssa",1,2.03
"pc2","4cpu-amd",0.7,"ssa",3,2.04
"pc2","4cpu-amd",0.7,"ssa",2,2.07
"pc2","4cpu-amd",0.7,"ssa",4,2.32
"pc2","4cpu-amd",0.7,"ssa",1,2.12
"pc2","4cpu-amd",0.7,"ssa",3,2.15
"pc2","4cpu-amd",0.7,"ssa",4,2.17
"pc2","4cpu-amd",0.7,"ssa",2,2.38
"pc2","4cpu-amd",0.7,"ssa",3,1.75
"pc2","4cpu-amd",0.7,"ssa",4,1.78
"pc2","4cpu-amd",0.7,"ssa",2,2.15
"pc2","4cpu-amd",0.7,"ssa",1,2.28
"pc2","4cpu-amd",0.7,"ssa",4,1.81
"pc2","4cpu-amd",0.7,"ssa",3,1.91
"pc2","4cpu-amd",0.7,"ssa",1,1.93
"pc2","4cpu-amd",0.7,"ssa",2,2.03
"pc2","4cpu-amd",0.7,"ssa",4,1.81
"pc2","4cpu-amd",0.7,"ssa",1,1.89
"pc2","4cpu-amd",0.7,"ssa",3,1.97
"pc2","4cpu-amd",0.7,"ssa",2,2.01
"pc2","4cpu-amd",0.7,"ssa",3,1.79
"pc2","4cpu-amd",0.7,"ssa",2,1.88
"pc2","4cpu-amd",0.7,"ssa",4,1.95
"pc2","4cpu-amd",0.7,"ssa",1,2.27
"pc2","4cpu-amd",0.7,"ssa",2,1.94
"pc2","4cpu-amd",0.7,"ssa",4,1.92
"pc2","4cpu-amd",0.7,"ssa",3,1.97
"pc2","4cpu-amd",0.7,"ssa",1,2.06
"pc2","4cpu-amd",0.7,"ssa",4,1.86
"pc2","4cpu-amd",0.7,"ssa",2,1.9
"pc2","4cpu-amd",0.7,"ssa",1,1.92
"pc2","4cpu-amd",0.7,"ssa",3,1.96
"pc2","4cpu-amd",0.7,"ssa",1,1.9
"pc2","4cpu-amd",0.7,"ssa",4,1.93
"pc2","4cpu-amd",0.7,"ssa",3,1.93
"pc2","4cpu-amd",0.7,"ssa",2,2.05
"pc2","4cpu-amd",0.7,"ssa",4,1.92
"pc2","4cpu-amd",0.7,"ssa",3,1.92
"pc2","4cpu-amd",0.7,"ssa",2,1.95
"pc2","4cpu-amd",0.7,"ssa",1,2.08
"pc2","4cpu-amd",0.7,"ssa",3,1.92
"pc2","4cpu-amd",0.7,"ssa",1,1.96
"pc2","4cpu-amd",0.7,"ssa",2,1.96
"pc2","4cpu-amd",0.7,"ssa",4,1.96
"pc2","4cpu-amd",0.7,"ssa",3,1.82
"pc2","4cpu-amd",0.7,"ssa",4,1.84
"pc2","4cpu-amd",0.7,"ssa",2,1.91
"pc2","4cpu-amd",0.7,"ssa",1,2.02
"pc2","4cpu-amd",0.7,"ssa",4,1.97
"pc2","4cpu-amd",0.7,"ssa",1,1.97
"pc2","4cpu-amd",0.7,"ssa",3,1.97
"pc2","4cpu-amd",0.7,"ssa",2,1.99
"pc2","4cpu-amd",0.7,"ssa",2,1.9
"pc2","4cpu-amd",0.7,"ssa",3,1.96
"pc2","4cpu-amd",0.7,"ssa",4,1.96
"pc2","4cpu-amd",0.7,"ssa",1,2.05
"pc2","4cpu-amd",0.7,"ssa",3,1.88
"pc2","4cpu-amd",0.7,"ssa",4,1.94
"pc2","4cpu-amd",0.7,"ssa",2,1.98
"pc2","4cpu-amd",0.7,"ssa",1,2.04
"pc2","4cpu-amd",0.7,"ssa",2,1.89
"pc2","4cpu-amd",0.7,"ssa",4,1.89
"pc2","4cpu-amd",0.7,"ssa",3,1.91
"pc2","4cpu-amd",0.7,"ssa",1,2.04
"pc2","4cpu-amd",0.7,"ssa",4,1.87
"pc2","4cpu-amd",0.7,"ssa",1,1.99
"pc2","4cpu-amd",0.7,"ssa",3,2.01
"pc2","4cpu-amd",0.7,"ssa",2,2.09
"pc2","4cpu-amd",0.7,"ssa",3,1.87
"pc2","4cpu-amd",0.7,"ssa",4,1.92
"pc2","4cpu-amd",0.7,"ssa",2,1.92
"pc2","4cpu-amd",0.7,"ssa",1,2.1
"pc2","4cpu-amd",0.7,"ssa",2,1.85
"pc2","4cpu-amd",0.7,"ssa",3,1.88
"pc2","4cpu-amd",0.7,"ssa",4,2.06
"pc2","4cpu-amd",0.7,"ssa",1,2.25
"pc2","4cpu-amd",0.7,"ssa",2,1.87
"pc2","4cpu-amd",0.7,"ssa",3,1.87
"pc2","4cpu-amd",0.7,"ssa",4,1.95
"pc2","4cpu-amd",0.7,"ssa",1,2.16
"pc2","4cpu-amd",0.7,"ssa",4,1.89
"pc2","4cpu-amd",0.7,"ssa",1,1.94
"pc2","4cpu-amd",0.7,"ssa",3,1.94
"pc2","4cpu-amd",0.7,"ssa",2,1.94
"pc2","4cpu-amd",0.7,"ssa",3,1.85
"pc2","4cpu-amd",0.7,"ssa",2,1.88
"pc2","4cpu-amd",0.7,"ssa",4,1.91
"pc2","4cpu-amd",0.7,"ssa",1,2.07
"pc2","4cpu-amd",0.7,"ssa",4,1.75
"pc2","4cpu-amd",0.7,"ssa",3,1.87
"pc2","4cpu-amd",0.7,"ssa",2,2.07
"pc2","4cpu-amd",0.7,"ssa",1,2.17
"pc2","4cpu-amd",0.7,"ssa",3,1.84
"pc2","4cpu-amd",0.7,"ssa",2,1.92
"pc2","4cpu-amd",0.7,"ssa",4,1.97
"pc2","4cpu-amd",0.7,"ssa",1,2.27
"pc2","4cpu-amd",0.7,"ssa",4,1.78
"pc2","4cpu-amd",0.7,"ssa",3,1.92
"pc2","4cpu-amd",0.7,"ssa",2,1.96
"pc2","4cpu-amd",0.7,"ssa",1,2.25
"pc2","4cpu-amd",0.7,"ssa",2,1.79
"pc2","4cpu-amd",0.7,"ssa",3,1.79
"pc2","4cpu-amd",0.7,"ssa",4,1.85
"pc2","4cpu-amd",0.7,"ssa",1,2.37
"pc2","4cpu-amd",0.7,"ssa",4,1.83
"pc2","4cpu-amd",0.7,"ssa",1,1.98
"pc2","4cpu-amd",0.7,"ssa",2,2.03
"pc2","4cpu-amd",0.7,"ssa",3,2.09
"pc2","4cpu-amd",0.7,"ssa",3,1.81
"pc2","4cpu-amd",0.7,"ssa",2,1.83
"pc2","4cpu-amd",0.7,"ssa",4,2.01
"pc2","4cpu-amd",0.7,"ssa",1,2.2
"pc2","4cpu-amd",0.7,"ssa",4,1.94
"pc2","4cpu-amd",0.7,"ssa",2,1.94
"pc2","4cpu-amd",0.7,"ssa",3,2.04
"pc2","4cpu-amd",0.7,"ssa",1,2.23
"pc2","4cpu-amd",0.7,"ssa",4,1.85
"pc2","4cpu-amd",0.7,"ssa",1,1.93
"pc2","4cpu-amd",0.7,"ssa",3,1.93
"pc2","4cpu-amd",0.7,"ssa",2,1.99
"pc2","4cpu-amd",0.8,"ssa",2,1.72
"pc2","4cpu-amd",0.8,"ssa",4,1.85
"pc2","4cpu-amd",0.8,"ssa",1,1.95
"pc2","4cpu-amd",0.8,"ssa",3,2.07
"pc2","4cpu-amd",0.8,"ssa",2,1.77
"pc2","4cpu-amd",0.8,"ssa",4,1.8
"pc2","4cpu-amd",0.8,"ssa",1,1.88
"pc2","4cpu-amd",0.8,"ssa",3,2.1
"pc2","4cpu-amd",0.8,"ssa",1,1.66
"pc2","4cpu-amd",0.8,"ssa",4,1.66
"pc2","4cpu-amd",0.8,"ssa",2,1.68
"pc2","4cpu-amd",0.8,"ssa",3,1.74
"pc2","4cpu-amd",0.8,"ssa",2,1.63
"pc2","4cpu-amd",0.8,"ssa",4,1.63
"pc2","4cpu-amd",0.8,"ssa",3,1.74
"pc2","4cpu-amd",0.8,"ssa",1,1.78
"pc2","4cpu-amd",0.8,"ssa",2,1.6
"pc2","4cpu-amd",0.8,"ssa",4,1.68
"pc2","4cpu-amd",0.8,"ssa",1,1.85
"pc2","4cpu-amd",0.8,"ssa",3,1.85
"pc2","4cpu-amd",0.8,"ssa",4,1.54
"pc2","4cpu-amd",0.8,"ssa",3,1.74
"pc2","4cpu-amd",0.8,"ssa",1,1.74
"pc2","4cpu-amd",0.8,"ssa",2,1.67
"pc2","4cpu-amd",0.8,"ssa",4,1.55
"pc2","4cpu-amd",0.8,"ssa",2,1.68
"pc2","4cpu-amd",0.8,"ssa",1,1.82
"pc2","4cpu-amd",0.8,"ssa",3,2.03
"pc2","4cpu-amd",0.8,"ssa",4,1.51
"pc2","4cpu-amd",0.8,"ssa",1,1.7
"pc2","4cpu-amd",0.8,"ssa",2,1.7
"pc2","4cpu-amd",0.8,"ssa",3,1.75
"pc2","4cpu-amd",0.8,"ssa",4,1.62
"pc2","4cpu-amd",0.8,"ssa",2,1.66
"pc2","4cpu-amd",0.8,"ssa",3,1.7
"pc2","4cpu-amd",0.8,"ssa",1,1.83
"pc2","4cpu-amd",0.8,"ssa",2,1.68
"pc2","4cpu-amd",0.8,"ssa",4,1.68
"pc2","4cpu-amd",0.8,"ssa",3,1.77
"pc2","4cpu-amd",0.8,"ssa",1,1.81
"pc2","4cpu-amd",0.8,"ssa",4,1.64
"pc2","4cpu-amd",0.8,"ssa",2,2.88
"pc2","4cpu-amd",0.8,"ssa",1,1.78
"pc2","4cpu-amd",0.8,"ssa",3,1.87
"pc2","4cpu-amd",0.8,"ssa",2,1.62
"pc2","4cpu-amd",0.8,"ssa",4,1.6
"pc2","4cpu-amd",0.8,"ssa",3,1.71
"pc2","4cpu-amd",0.8,"ssa",1,2.07
"pc2","4cpu-amd",0.8,"ssa",2,1.66
"pc2","4cpu-amd",0.8,"ssa",4,1.71
"pc2","4cpu-amd",0.8,"ssa",1,1.78
"pc2","4cpu-amd",0.8,"ssa",3,1.93
"pc2","4cpu-amd",0.8,"ssa",2,1.66
"pc2","4cpu-amd",0.8,"ssa",4,1.69
"pc2","4cpu-amd",0.8,"ssa",3,1.74
"pc2","4cpu-amd",0.8,"ssa",1,1.91
"pc2","4cpu-amd",0.8,"ssa",4,1.58
"pc2","4cpu-amd",0.8,"ssa",2,1.66
"pc2","4cpu-amd",0.8,"ssa",1,1.76
"pc2","4cpu-amd",0.8,"ssa",3,1.91
"pc2","4cpu-amd",0.8,"ssa",4,1.53
"pc2","4cpu-amd",0.8,"ssa",2,1.75
"pc2","4cpu-amd",0.8,"ssa",1,1.85
"pc2","4cpu-amd",0.8,"ssa",3,1.8
"pc2","4cpu-amd",0.8,"ssa",2,1.67
"pc2","4cpu-amd",0.8,"ssa",4,1.67
"pc2","4cpu-amd",0.8,"ssa",1,1.75
"pc2","4cpu-amd",0.8,"ssa",3,1.88
"pc2","4cpu-amd",0.8,"ssa",2,1.7
"pc2","4cpu-amd",0.8,"ssa",4,1.69
"pc2","4cpu-amd",0.8,"ssa",3,1.69
"pc2","4cpu-amd",0.8,"ssa",1,1.84
"pc2","4cpu-amd",0.8,"ssa",4,1.57
"pc2","4cpu-amd",0.8,"ssa",2,1.57
"pc2","4cpu-amd",0.8,"ssa",3,1.76
"pc2","4cpu-amd",0.8,"ssa",1,1.91
"pc2","4cpu-amd",0.8,"ssa",2,2.83
"pc2","4cpu-amd",0.8,"ssa",4,1.72
"pc2","4cpu-amd",0.8,"ssa",3,1.72
"pc2","4cpu-amd",0.8,"ssa",1,2.29
"pc2","4cpu-amd",0.8,"ssa",4,1.63
"pc2","4cpu-amd",0.8,"ssa",2,1.7
"pc2","4cpu-amd",0.8,"ssa",1,1.86
"pc2","4cpu-amd",0.8,"ssa",3,1.86
"pc2","4cpu-amd",0.8,"ssa",2,1.55
"pc2","4cpu-amd",0.8,"ssa",1,1.62
"pc2","4cpu-amd",0.8,"ssa",4,1.57
"pc2","4cpu-amd",0.8,"ssa",3,2.06
"pc2","4cpu-amd",0.8,"ssa",2,1.7
"pc2","4cpu-amd",0.8,"ssa",3,1.7
"pc2","4cpu-amd",0.8,"ssa",4,1.72
"pc2","4cpu-amd",0.8,"ssa",1,1.98
"pc2","4cpu-amd",0.8,"ssa",2,1.61
"pc2","4cpu-amd",0.8,"ssa",4,1.62
"pc2","4cpu-amd",0.8,"ssa",3,1.71
"pc2","4cpu-amd",0.8,"ssa",1,1.79
"pc2","4cpu-amd",0.8,"ssa",4,1.6
"pc2","4cpu-amd",0.8,"ssa",2,1.75
"pc2","4cpu-amd",0.8,"ssa",1,1.79
"pc2","4cpu-amd",0.8,"ssa",3,1.88
"pc2","4cpu-amd",0.8,"ssa",4,1.62
"pc2","4cpu-amd",0.8,"ssa",2,1.68
"pc2","4cpu-amd",0.8,"ssa",3,1.73
"pc2","4cpu-amd",0.8,"ssa",1,1.99
"pc2","4cpu-amd",0.8,"ssa",4,1.58
"pc2","4cpu-amd",0.8,"ssa",2,1.69
"pc2","4cpu-amd",0.8,"ssa",3,1.71
"pc2","4cpu-amd",0.8,"ssa",1,1.74
"pc2","4cpu-amd",0.8,"ssa",4,1.63
"pc2","4cpu-amd",0.8,"ssa",3,1.69
"pc2","4cpu-amd",0.8,"ssa",2,1.78
"pc2","4cpu-amd",0.8,"ssa",1,1.78
"pc2","4cpu-amd",0.8,"ssa",4,1.65
"pc2","4cpu-amd",0.8,"ssa",2,1.71
"pc2","4cpu-amd",0.8,"ssa",3,1.73
"pc2","4cpu-amd",0.8,"ssa",1,1.73
"pc2","4cpu-amd",0.8,"ssa",4,1.6
"pc2","4cpu-amd",0.8,"ssa",2,1.65
"pc2","4cpu-amd",0.8,"ssa",1,1.74
"pc2","4cpu-amd",0.8,"ssa",3,1.79
"pc2","4cpu-amd",0.9,"ssa",3,1.66
"pc2","4cpu-amd",0.9,"ssa",4,1.66
"pc2","4cpu-amd",0.9,"ssa",1,1.7
"pc2","4cpu-amd",0.9,"ssa",2,1.73
"pc2","4cpu-amd",0.9,"ssa",4,1.56
"pc2","4cpu-amd",0.9,"ssa",2,1.6
"pc2","4cpu-amd",0.9,"ssa",1,1.66
"pc2","4cpu-amd",0.9,"ssa",3,1.71
"pc2","4cpu-amd",0.9,"ssa",3,1.45
"pc2","4cpu-amd",0.9,"ssa",4,1.49
"pc2","4cpu-amd",0.9,"ssa",1,1.53
"pc2","4cpu-amd",0.9,"ssa",2,1.64
"pc2","4cpu-amd",0.9,"ssa",3,1.46
"pc2","4cpu-amd",0.9,"ssa",1,1.53
"pc2","4cpu-amd",0.9,"ssa",2,1.56
"pc2","4cpu-amd",0.9,"ssa",4,1.56
"pc2","4cpu-amd",0.9,"ssa",1,1.41
"pc2","4cpu-amd",0.9,"ssa",3,1.48
"pc2","4cpu-amd",0.9,"ssa",2,1.52
"pc2","4cpu-amd",0.9,"ssa",4,1.51
"pc2","4cpu-amd",0.9,"ssa",3,1.5
"pc2","4cpu-amd",0.9,"ssa",1,1.54
"pc2","4cpu-amd",0.9,"ssa",2,1.56
"pc2","4cpu-amd",0.9,"ssa",4,1.66
"pc2","4cpu-amd",0.9,"ssa",4,1.41
"pc2","4cpu-amd",0.9,"ssa",2,1.54
"pc2","4cpu-amd",0.9,"ssa",1,1.56
"pc2","4cpu-amd",0.9,"ssa",3,1.55
"pc2","4cpu-amd",0.9,"ssa",4,1.42
"pc2","4cpu-amd",0.9,"ssa",2,1.46
"pc2","4cpu-amd",0.9,"ssa",3,1.47
"pc2","4cpu-amd",0.9,"ssa",1,1.65
"pc2","4cpu-amd",0.9,"ssa",1,1.48
"pc2","4cpu-amd",0.9,"ssa",2,1.5
"pc2","4cpu-amd",0.9,"ssa",3,1.51
"pc2","4cpu-amd",0.9,"ssa",4,1.56
"pc2","4cpu-amd",0.9,"ssa",3,1.48
"pc2","4cpu-amd",0.9,"ssa",1,1.5
"pc2","4cpu-amd",0.9,"ssa",2,1.56
"pc2","4cpu-amd",0.9,"ssa",4,1.59
"pc2","4cpu-amd",0.9,"ssa",1,1.42
"pc2","4cpu-amd",0.9,"ssa",2,1.43
"pc2","4cpu-amd",0.9,"ssa",4,1.53
"pc2","4cpu-amd",0.9,"ssa",3,1.57
"pc2","4cpu-amd",0.9,"ssa",3,1.47
"pc2","4cpu-amd",0.9,"ssa",4,1.47
"pc2","4cpu-amd",0.9,"ssa",2,1.56
"pc2","4cpu-amd",0.9,"ssa",1,1.64
"pc2","4cpu-amd",0.9,"ssa",1,1.44
"pc2","4cpu-amd",0.9,"ssa",4,1.43
"pc2","4cpu-amd",0.9,"ssa",3,1.49
"pc2","4cpu-amd",0.9,"ssa",2,1.67
"pc2","4cpu-amd",0.9,"ssa",1,1.52
"pc2","4cpu-amd",0.9,"ssa",3,1.52
"pc2","4cpu-amd",0.9,"ssa",4,1.6
"pc2","4cpu-amd",0.9,"ssa",2,1.71
"pc2","4cpu-amd",0.9,"ssa",3,1.45
"pc2","4cpu-amd",0.9,"ssa",4,1.47
"pc2","4cpu-amd",0.9,"ssa",1,1.54
"pc2","4cpu-amd",0.9,"ssa",2,1.55
"pc2","4cpu-amd",0.9,"ssa",4,1.43
"pc2","4cpu-amd",0.9,"ssa",1,1.47
"pc2","4cpu-amd",0.9,"ssa",2,1.56
"pc2","4cpu-amd",0.9,"ssa",3,1.56
"pc2","4cpu-amd",0.9,"ssa",1,1.41
"pc2","4cpu-amd",0.9,"ssa",4,1.44
"pc2","4cpu-amd",0.9,"ssa",3,1.49
"pc2","4cpu-amd",0.9,"ssa",2,1.54
"pc2","4cpu-amd",0.9,"ssa",3,1.46
"pc2","4cpu-amd",0.9,"ssa",1,1.49
"pc2","4cpu-amd",0.9,"ssa",2,1.56
"pc2","4cpu-amd",0.9,"ssa",4,1.66
"pc2","4cpu-amd",0.9,"ssa",3,1.45
"pc2","4cpu-amd",0.9,"ssa",2,1.48
"pc2","4cpu-amd",0.9,"ssa",4,1.53
"pc2","4cpu-amd",0.9,"ssa",1,1.59
"pc2","4cpu-amd",0.9,"ssa",1,1.55
"pc2","4cpu-amd",0.9,"ssa",3,1.55
"pc2","4cpu-amd",0.9,"ssa",4,1.66
"pc2","4cpu-amd",0.9,"ssa",2,1.68
"pc2","4cpu-amd",0.9,"ssa",3,1.43
"pc2","4cpu-amd",0.9,"ssa",4,1.43
"pc2","4cpu-amd",0.9,"ssa",1,1.51
"pc2","4cpu-amd",0.9,"ssa",2,1.66
"pc2","4cpu-amd",0.9,"ssa",2,1.42
"pc2","4cpu-amd",0.9,"ssa",1,1.48
"pc2","4cpu-amd",0.9,"ssa",3,1.5
"pc2","4cpu-amd",0.9,"ssa",4,1.59
"pc2","4cpu-amd",0.9,"ssa",1,1.46
"pc2","4cpu-amd",0.9,"ssa",3,1.47
"pc2","4cpu-amd",0.9,"ssa",4,1.59
"pc2","4cpu-amd",0.9,"ssa",2,1.65
"pc2","4cpu-amd",0.9,"ssa",4,1.5
"pc2","4cpu-amd",0.9,"ssa",3,1.5
"pc2","4cpu-amd",0.9,"ssa",1,1.5
"pc2","4cpu-amd",0.9,"ssa",2,1.54
"pc2","4cpu-amd",0.9,"ssa",3,1.5
"pc2","4cpu-amd",0.9,"ssa",1,1.5
"pc2","4cpu-amd",0.9,"ssa",4,1.51
"pc2","4cpu-amd",0.9,"ssa",2,1.69
"pc2","4cpu-amd",0.9,"ssa",3,1.46
"pc2","4cpu-amd",0.9,"ssa",2,1.49
"pc2","4cpu-amd",0.9,"ssa",4,1.6
"pc2","4cpu-amd",0.9,"ssa",1,1.64
"pc2","4cpu-amd",0.9,"ssa",1,1.44
"pc2","4cpu-amd",0.9,"ssa",3,1.45
"pc2","4cpu-amd",0.9,"ssa",4,1.48
"pc2","4cpu-amd",0.9,"ssa",2,1.57
"pc2","4cpu-amd",0.9,"ssa",3,1.41
"pc2","4cpu-amd",0.9,"ssa",2,1.41
"pc2","4cpu-amd",0.9,"ssa",1,1.53
"pc2","4cpu-amd",0.9,"ssa",4,1.64
"pc2","4cpu-amd",0.9,"ssa",3,1.48
"pc2","4cpu-amd",0.9,"ssa",4,1.49
"pc2","4cpu-amd",0.9,"ssa",1,1.53
"pc2","4cpu-amd",0.9,"ssa",2,1.63
"pc2","4cpu-amd",0.9,"ssa",1,1.51
"pc2","4cpu-amd",0.9,"ssa",3,1.51
"pc2","4cpu-amd",0.9,"ssa",4,1.52
"pc2","4cpu-amd",0.9,"ssa",2,1.59
"pc2","4cpu-amd",1,"ssa",3,1.42
"pc2","4cpu-amd",1,"ssa",1,1.46
"pc2","4cpu-amd",1,"ssa",2,1.47
"pc2","4cpu-amd",1,"ssa",4,1.47
"pc2","4cpu-amd",1,"ssa",1,1.44
"pc2","4cpu-amd",1,"ssa",3,1.44
"pc2","4cpu-amd",1,"ssa",2,1.46
"pc2","4cpu-amd",1,"ssa",4,1.53
"pc2","4cpu-amd",1,"ssa",2,1.24
"pc2","4cpu-amd",1,"ssa",4,1.25
"pc2","4cpu-amd",1,"ssa",3,1.3
"pc2","4cpu-amd",1,"ssa",1,1.37
"pc2","4cpu-amd",1,"ssa",3,1.3
"pc2","4cpu-amd",1,"ssa",2,1.33
"pc2","4cpu-amd",1,"ssa",1,1.37
"pc2","4cpu-amd",1,"ssa",4,1.38
"pc2","4cpu-amd",1,"ssa",2,1.27
"pc2","4cpu-amd",1,"ssa",3,1.3
"pc2","4cpu-amd",1,"ssa",1,1.33
"pc2","4cpu-amd",1,"ssa",4,1.37
"pc2","4cpu-amd",1,"ssa",2,1.33
"pc2","4cpu-amd",1,"ssa",3,1.33
"pc2","4cpu-amd",1,"ssa",4,1.35
"pc2","4cpu-amd",1,"ssa",1,1.35
"pc2","4cpu-amd",1,"ssa",2,1.29
"pc2","4cpu-amd",1,"ssa",1,1.31
"pc2","4cpu-amd",1,"ssa",4,1.34
"pc2","4cpu-amd",1,"ssa",3,1.35
"pc2","4cpu-amd",1,"ssa",2,1.25
"pc2","4cpu-amd",1,"ssa",3,1.26
"pc2","4cpu-amd",1,"ssa",4,1.32
"pc2","4cpu-amd",1,"ssa",1,1.36
"pc2","4cpu-amd",1,"ssa",3,1.32
"pc2","4cpu-amd",1,"ssa",1,1.32
"pc2","4cpu-amd",1,"ssa",2,1.33
"pc2","4cpu-amd",1,"ssa",4,1.35
"pc2","4cpu-amd",1,"ssa",3,1.34
"pc2","4cpu-amd",1,"ssa",4,1.33
"pc2","4cpu-amd",1,"ssa",2,1.33
"pc2","4cpu-amd",1,"ssa",1,1.33
"pc2","4cpu-amd",1,"ssa",2,1.21
"pc2","4cpu-amd",1,"ssa",3,1.33
"pc2","4cpu-amd",1,"ssa",1,1.35
"pc2","4cpu-amd",1,"ssa",4,1.38
"pc2","4cpu-amd",1,"ssa",1,1.34
"pc2","4cpu-amd",1,"ssa",3,1.34
"pc2","4cpu-amd",1,"ssa",2,1.34
"pc2","4cpu-amd",1,"ssa",4,1.33
"pc2","4cpu-amd",1,"ssa",2,1.31
"pc2","4cpu-amd",1,"ssa",3,1.33
"pc2","4cpu-amd",1,"ssa",1,1.35
"pc2","4cpu-amd",1,"ssa",4,1.35
"pc2","4cpu-amd",1,"ssa",3,1.66
"pc2","4cpu-amd",1,"ssa",2,1.3
"pc2","4cpu-amd",1,"ssa",1,1.33
"pc2","4cpu-amd",1,"ssa",4,1.35
"pc2","4cpu-amd",1,"ssa",2,1.33
"pc2","4cpu-amd",1,"ssa",4,1.32
"pc2","4cpu-amd",1,"ssa",1,1.36
"pc2","4cpu-amd",1,"ssa",3,1.41
"pc2","4cpu-amd",1,"ssa",3,1.29
"pc2","4cpu-amd",1,"ssa",2,1.31
"pc2","4cpu-amd",1,"ssa",4,1.32
"pc2","4cpu-amd",1,"ssa",1,1.36
"pc2","4cpu-amd",1,"ssa",2,1.3
"pc2","4cpu-amd",1,"ssa",3,1.31
"pc2","4cpu-amd",1,"ssa",1,1.32
"pc2","4cpu-amd",1,"ssa",4,1.32
"pc2","4cpu-amd",1,"ssa",3,1.29
"pc2","4cpu-amd",1,"ssa",2,1.32
"pc2","4cpu-amd",1,"ssa",4,1.33
"pc2","4cpu-amd",1,"ssa",1,1.36
"pc2","4cpu-amd",1,"ssa",3,1.3
"pc2","4cpu-amd",1,"ssa",2,1.33
"pc2","4cpu-amd",1,"ssa",1,1.33
"pc2","4cpu-amd",1,"ssa",4,1.37
"pc2","4cpu-amd",1,"ssa",2,1.32
"pc2","4cpu-amd",1,"ssa",1,1.33
"pc2","4cpu-amd",1,"ssa",3,1.33
"pc2","4cpu-amd",1,"ssa",4,1.33
"pc2","4cpu-amd",1,"ssa",2,1.36
"pc2","4cpu-amd",1,"ssa",1,1.4
"pc2","4cpu-amd",1,"ssa",4,1.38
"pc2","4cpu-amd",1,"ssa",3,1.46
"pc2","4cpu-amd",1,"ssa",4,1.29
"pc2","4cpu-amd",1,"ssa",1,1.29
"pc2","4cpu-amd",1,"ssa",2,1.29
"pc2","4cpu-amd",1,"ssa",3,1.29
"pc2","4cpu-amd",1,"ssa",3,1.27
"pc2","4cpu-amd",1,"ssa",1,1.29
"pc2","4cpu-amd",1,"ssa",4,1.31
"pc2","4cpu-amd",1,"ssa",2,1.38
"pc2","4cpu-amd",1,"ssa",2,1.24
"pc2","4cpu-amd",1,"ssa",3,1.24
"pc2","4cpu-amd",1,"ssa",1,1.3
"pc2","4cpu-amd",1,"ssa",4,1.3
"pc2","4cpu-amd",1,"ssa",3,1.33
"pc2","4cpu-amd",1,"ssa",1,1.38
"pc2","4cpu-amd",1,"ssa",2,1.41
"pc2","4cpu-amd",1,"ssa",4,1.55
"pc2","4cpu-amd",1,"ssa",3,1.32
"pc2","4cpu-amd",1,"ssa",2,1.35
"pc2","4cpu-amd",1,"ssa",4,1.37
"pc2","4cpu-amd",1,"ssa",1,1.37
"pc2","4cpu-amd",1,"ssa",2,1.29
"pc2","4cpu-amd",1,"ssa",1,1.29
"pc2","4cpu-amd",1,"ssa",3,1.31
"pc2","4cpu-amd",1,"ssa",4,1.32
"pc2","4cpu-amd",1,"ssa",4,1.31
"pc2","4cpu-amd",1,"ssa",1,1.31
"pc2","4cpu-amd",1,"ssa",2,1.32
"pc2","4cpu-amd",1,"ssa",3,1.32
"pc2","4cpu-amd",1,"ssa",3,1.21
"pc2","4cpu-amd",1,"ssa",2,1.25
"pc2","4cpu-amd",1,"ssa",4,1.25
"pc2","4cpu-amd",1,"ssa",1,1.31
"pc2","4cpu-amd",1,"ssa",1,1.29
"pc2","4cpu-amd",1,"ssa",2,1.31
"pc2","4cpu-amd",1,"ssa",3,1.32
"pc2","4cpu-amd",1,"ssa",4,1.33
"pc2","4cpu-amd",0.1,"seadec",2,19.37
"pc2","4cpu-amd",0.1,"seadec",4,19.65
"pc2","4cpu-amd",0.1,"seadec",3,19.76
"pc2","4cpu-amd",0.1,"seadec",1,20.49
"pc2","4cpu-amd",0.1,"seadec",3,19.74
"pc2","4cpu-amd",0.1,"seadec",2,20.25
"pc2","4cpu-amd",0.1,"seadec",4,20.33
"pc2","4cpu-amd",0.1,"seadec",1,20.36
"pc2","4cpu-amd",0.1,"seadec",3,19.19
"pc2","4cpu-amd",0.1,"seadec",4,20.27
"pc2","4cpu-amd",0.1,"seadec",1,20.49
"pc2","4cpu-amd",0.1,"seadec",2,20.88
"pc2","4cpu-amd",0.1,"seadec",1,18.96
"pc2","4cpu-amd",0.1,"seadec",4,19.03
"pc2","4cpu-amd",0.1,"seadec",3,19.34
"pc2","4cpu-amd",0.1,"seadec",2,20.26
"pc2","4cpu-amd",0.1,"seadec",3,17.54
"pc2","4cpu-amd",0.1,"seadec",2,19.74
"pc2","4cpu-amd",0.1,"seadec",1,19.96
"pc2","4cpu-amd",0.1,"seadec",4,21.03
"pc2","4cpu-amd",0.1,"seadec",3,17.94
"pc2","4cpu-amd",0.1,"seadec",2,19.15
"pc2","4cpu-amd",0.1,"seadec",4,19.53
"pc2","4cpu-amd",0.1,"seadec",1,20.87
"pc2","4cpu-amd",0.1,"seadec",2,18.94
"pc2","4cpu-amd",0.1,"seadec",3,19.53
"pc2","4cpu-amd",0.1,"seadec",4,20.03
"pc2","4cpu-amd",0.1,"seadec",1,20.95
"pc2","4cpu-amd",0.1,"seadec",4,18.94
"pc2","4cpu-amd",0.1,"seadec",3,20.14
"pc2","4cpu-amd",0.1,"seadec",2,20.95
"pc2","4cpu-amd",0.1,"seadec",1,21.46
"pc2","4cpu-amd",0.1,"seadec",3,19.34
"pc2","4cpu-amd",0.1,"seadec",2,20.15
"pc2","4cpu-amd",0.1,"seadec",4,20.43
"pc2","4cpu-amd",0.1,"seadec",1,20.67
"pc2","4cpu-amd",0.1,"seadec",1,19.36
"pc2","4cpu-amd",0.1,"seadec",4,20.55
"pc2","4cpu-amd",0.1,"seadec",3,20.75
"pc2","4cpu-amd",0.1,"seadec",2,20.87
"pc2","4cpu-amd",0.1,"seadec",4,19.24
"pc2","4cpu-amd",0.1,"seadec",2,19.96
"pc2","4cpu-amd",0.1,"seadec",3,20.44
"pc2","4cpu-amd",0.1,"seadec",1,21.86
"pc2","4cpu-amd",0.1,"seadec",3,20.14
"pc2","4cpu-amd",0.1,"seadec",4,20.54
"pc2","4cpu-amd",0.1,"seadec",2,20.65
"pc2","4cpu-amd",0.1,"seadec",1,22.16
"pc2","4cpu-amd",0.1,"seadec",3,19.35
"pc2","4cpu-amd",0.1,"seadec",4,19.44
"pc2","4cpu-amd",0.1,"seadec",1,19.97
"pc2","4cpu-amd",0.1,"seadec",2,20.76
"pc2","4cpu-amd",0.1,"seadec",2,19.99
"pc2","4cpu-amd",0.1,"seadec",3,20.27
"pc2","4cpu-amd",0.1,"seadec",1,20.35
"pc2","4cpu-amd",0.1,"seadec",4,20.35
"pc2","4cpu-amd",0.1,"seadec",3,19.77
"pc2","4cpu-amd",0.1,"seadec",4,20.75
"pc2","4cpu-amd",0.1,"seadec",1,21.07
"pc2","4cpu-amd",0.1,"seadec",2,21.46
"pc2","4cpu-amd",0.1,"seadec",1,19.37
"pc2","4cpu-amd",0.1,"seadec",3,19.84
"pc2","4cpu-amd",0.1,"seadec",4,20.04
"pc2","4cpu-amd",0.1,"seadec",2,20.75
"pc2","4cpu-amd",0.1,"seadec",2,18.92
"pc2","4cpu-amd",0.1,"seadec",1,19.94
"pc2","4cpu-amd",0.1,"seadec",3,20.1
"pc2","4cpu-amd",0.1,"seadec",4,22.39
"pc2","4cpu-amd",0.1,"seadec",4,18.72
"pc2","4cpu-amd",0.1,"seadec",2,18.84
"pc2","4cpu-amd",0.1,"seadec",1,19.56
"pc2","4cpu-amd",0.1,"seadec",3,20.44
"pc2","4cpu-amd",0.1,"seadec",2,19.54
"pc2","4cpu-amd",0.1,"seadec",3,20.24
"pc2","4cpu-amd",0.1,"seadec",1,20.63
"pc2","4cpu-amd",0.1,"seadec",4,20.63
"pc2","4cpu-amd",0.1,"seadec",3,18.75
"pc2","4cpu-amd",0.1,"seadec",1,19.07
"pc2","4cpu-amd",0.1,"seadec",2,19.96
"pc2","4cpu-amd",0.1,"seadec",4,20.35
"pc2","4cpu-amd",0.1,"seadec",3,19.24
"pc2","4cpu-amd",0.1,"seadec",1,19.36
"pc2","4cpu-amd",0.1,"seadec",4,19.64
"pc2","4cpu-amd",0.1,"seadec",2,19.95
"pc2","4cpu-amd",0.1,"seadec",3,18.64
"pc2","4cpu-amd",0.1,"seadec",1,19.76
"pc2","4cpu-amd",0.1,"seadec",4,19.84
"pc2","4cpu-amd",0.1,"seadec",2,20.45
"pc2","4cpu-amd",0.1,"seadec",3,18.34
"pc2","4cpu-amd",0.1,"seadec",4,18.43
"pc2","4cpu-amd",0.1,"seadec",1,19.06
"pc2","4cpu-amd",0.1,"seadec",2,21.66
"pc2","4cpu-amd",0.1,"seadec",1,19.46
"pc2","4cpu-amd",0.1,"seadec",4,20.83
"pc2","4cpu-amd",0.1,"seadec",3,22.05
"pc2","4cpu-amd",0.1,"seadec",2,23.24
"pc2","4cpu-amd",0.1,"seadec",3,19.16
"pc2","4cpu-amd",0.1,"seadec",2,19.36
"pc2","4cpu-amd",0.1,"seadec",4,20.14
"pc2","4cpu-amd",0.1,"seadec",1,20.98
"pc2","4cpu-amd",0.1,"seadec",4,19.93
"pc2","4cpu-amd",0.1,"seadec",1,20.15
"pc2","4cpu-amd",0.1,"seadec",3,20.23
"pc2","4cpu-amd",0.1,"seadec",2,20.74
"pc2","4cpu-amd",0.1,"seadec",3,18.95
"pc2","4cpu-amd",0.1,"seadec",1,19.66
"pc2","4cpu-amd",0.1,"seadec",4,20.34
"pc2","4cpu-amd",0.1,"seadec",2,21.06
"pc2","4cpu-amd",0.1,"seadec",1,19.47
"pc2","4cpu-amd",0.1,"seadec",2,20.04
"pc2","4cpu-amd",0.1,"seadec",3,20.64
"pc2","4cpu-amd",0.1,"seadec",4,20.64
"pc2","4cpu-amd",0.1,"seadec",2,20.05
"pc2","4cpu-amd",0.1,"seadec",4,20.05
"pc2","4cpu-amd",0.1,"seadec",3,20.65
"pc2","4cpu-amd",0.1,"seadec",1,22.07
"pc2","4cpu-amd",0.1,"seadec",2,19.65
"pc2","4cpu-amd",0.1,"seadec",4,20.54
"pc2","4cpu-amd",0.1,"seadec",1,20.86
"pc2","4cpu-amd",0.1,"seadec",3,21.54
"pc2","4cpu-amd",0.2,"seadec",2,7.09
"pc2","4cpu-amd",0.2,"seadec",1,7.19
"pc2","4cpu-amd",0.2,"seadec",3,7.47
"pc2","4cpu-amd",0.2,"seadec",4,7.67
"pc2","4cpu-amd",0.2,"seadec",2,7.05
"pc2","4cpu-amd",0.2,"seadec",3,7.05
"pc2","4cpu-amd",0.2,"seadec",1,7.16
"pc2","4cpu-amd",0.2,"seadec",4,7.74
"pc2","4cpu-amd",0.2,"seadec",4,6.05
"pc2","4cpu-amd",0.2,"seadec",3,6.15
"pc2","4cpu-amd",0.2,"seadec",2,6.58
"pc2","4cpu-amd",0.2,"seadec",1,6.77
"pc2","4cpu-amd",0.2,"seadec",4,6.18
"pc2","4cpu-amd",0.2,"seadec",2,6.18
"pc2","4cpu-amd",0.2,"seadec",3,6.56
"pc2","4cpu-amd",0.2,"seadec",1,6.58
"pc2","4cpu-amd",0.2,"seadec",1,6.09
"pc2","4cpu-amd",0.2,"seadec",2,6.19
"pc2","4cpu-amd",0.2,"seadec",4,6.25
"pc2","4cpu-amd",0.2,"seadec",3,6.68
"pc2","4cpu-amd",0.2,"seadec",4,6.16
"pc2","4cpu-amd",0.2,"seadec",3,6.26
"pc2","4cpu-amd",0.2,"seadec",1,6.47
"pc2","4cpu-amd",0.2,"seadec",2,6.67
"pc2","4cpu-amd",0.2,"seadec",1,6.15
"pc2","4cpu-amd",0.2,"seadec",3,6.15
"pc2","4cpu-amd",0.2,"seadec",4,6.23
"pc2","4cpu-amd",0.2,"seadec",2,6.66
"pc2","4cpu-amd",0.2,"seadec",4,6.03
"pc2","4cpu-amd",0.2,"seadec",2,6.15
"pc2","4cpu-amd",0.2,"seadec",3,6.45
"pc2","4cpu-amd",0.2,"seadec",1,6.66
"pc2","4cpu-amd",0.2,"seadec",3,6.05
"pc2","4cpu-amd",0.2,"seadec",1,6.17
"pc2","4cpu-amd",0.2,"seadec",4,6.25
"pc2","4cpu-amd",0.2,"seadec",2,6.55
"pc2","4cpu-amd",0.2,"seadec",1,5.98
"pc2","4cpu-amd",0.2,"seadec",4,6.06
"pc2","4cpu-amd",0.2,"seadec",3,6.26
"pc2","4cpu-amd",0.2,"seadec",2,6.66
"pc2","4cpu-amd",0.2,"seadec",2,6.37
"pc2","4cpu-amd",0.2,"seadec",3,6.45
"pc2","4cpu-amd",0.2,"seadec",1,6.57
"pc2","4cpu-amd",0.2,"seadec",4,6.66
"pc2","4cpu-amd",0.2,"seadec",3,6.37
"pc2","4cpu-amd",0.2,"seadec",1,6.57
"pc2","4cpu-amd",0.2,"seadec",4,6.55
"pc2","4cpu-amd",0.2,"seadec",2,6.68
"pc2","4cpu-amd",0.2,"seadec",3,6.35
"pc2","4cpu-amd",0.2,"seadec",1,6.38
"pc2","4cpu-amd",0.2,"seadec",4,6.54
"pc2","4cpu-amd",0.2,"seadec",2,6.77
"pc2","4cpu-amd",0.2,"seadec",3,6.25
"pc2","4cpu-amd",0.2,"seadec",2,6.36
"pc2","4cpu-amd",0.2,"seadec",4,6.36
"pc2","4cpu-amd",0.2,"seadec",1,6.38
"pc2","4cpu-amd",0.2,"seadec",3,6.44
"pc2","4cpu-amd",0.2,"seadec",2,6.47
"pc2","4cpu-amd",0.2,"seadec",4,6.74
"pc2","4cpu-amd",0.2,"seadec",1,6.29
"pc2","4cpu-amd",0.2,"seadec",2,6.47
"pc2","4cpu-amd",0.2,"seadec",3,6.46
"pc2","4cpu-amd",0.2,"seadec",4,6.56
"pc2","4cpu-amd",0.2,"seadec",3,6.26
"pc2","4cpu-amd",0.2,"seadec",4,6.36
"pc2","4cpu-amd",0.2,"seadec",2,6.39
"pc2","4cpu-amd",0.2,"seadec",1,6.57
"pc2","4cpu-amd",0.2,"seadec",1,6.34
"pc2","4cpu-amd",0.2,"seadec",3,6.34
"pc2","4cpu-amd",0.2,"seadec",2,6.52
"pc2","4cpu-amd",0.2,"seadec",4,6.77
"pc2","4cpu-amd",0.2,"seadec",3,6.36
"pc2","4cpu-amd",0.2,"seadec",1,6.47
"pc2","4cpu-amd",0.2,"seadec",2,6.47
"pc2","4cpu-amd",0.2,"seadec",4,6.54
"pc2","4cpu-amd",0.2,"seadec",3,6.36
"pc2","4cpu-amd",0.2,"seadec",1,6.38
"pc2","4cpu-amd",0.2,"seadec",4,6.54
"pc2","4cpu-amd",0.2,"seadec",2,6.66
"pc2","4cpu-amd",0.2,"seadec",1,6.5
"pc2","4cpu-amd",0.2,"seadec",4,6.58
"pc2","4cpu-amd",0.2,"seadec",3,6.58
"pc2","4cpu-amd",0.2,"seadec",2,6.78
"pc2","4cpu-amd",0.2,"seadec",4,6.62
"pc2","4cpu-amd",0.2,"seadec",1,6.62
"pc2","4cpu-amd",0.2,"seadec",3,6.75
"pc2","4cpu-amd",0.2,"seadec",2,6.97
"pc2","4cpu-amd",0.2,"seadec",1,6.19
"pc2","4cpu-amd",0.2,"seadec",4,6.26
"pc2","4cpu-amd",0.2,"seadec",3,6.55
"pc2","4cpu-amd",0.2,"seadec",2,6.88
"pc2","4cpu-amd",0.2,"seadec",2,6.28
"pc2","4cpu-amd",0.2,"seadec",3,6.57
"pc2","4cpu-amd",0.2,"seadec",4,6.75
"pc2","4cpu-amd",0.2,"seadec",1,7.06
"pc2","4cpu-amd",0.2,"seadec",2,6.08
"pc2","4cpu-amd",0.2,"seadec",4,6.55
"pc2","4cpu-amd",0.2,"seadec",1,6.58
"pc2","4cpu-amd",0.2,"seadec",3,7.15
"pc2","4cpu-amd",0.2,"seadec",1,6.18
"pc2","4cpu-amd",0.2,"seadec",3,6.45
"pc2","4cpu-amd",0.2,"seadec",4,6.56
"pc2","4cpu-amd",0.2,"seadec",2,6.96
"pc2","4cpu-amd",0.2,"seadec",4,6.26
"pc2","4cpu-amd",0.2,"seadec",3,6.54
"pc2","4cpu-amd",0.2,"seadec",1,6.66
"pc2","4cpu-amd",0.2,"seadec",2,6.75
"pc2","4cpu-amd",0.2,"seadec",3,6.39
"pc2","4cpu-amd",0.2,"seadec",4,6.38
"pc2","4cpu-amd",0.2,"seadec",2,6.99
"pc2","4cpu-amd",0.2,"seadec",1,7
"pc2","4cpu-amd",0.2,"seadec",2,6.37
"pc2","4cpu-amd",0.2,"seadec",3,6.37
"pc2","4cpu-amd",0.2,"seadec",1,6.47
"pc2","4cpu-amd",0.2,"seadec",4,6.96
"pc2","4cpu-amd",0.2,"seadec",4,6.23
"pc2","4cpu-amd",0.2,"seadec",1,6.55
"pc2","4cpu-amd",0.2,"seadec",3,6.54
"pc2","4cpu-amd",0.3,"seadec",3,3.98
"pc2","4cpu-amd",0.3,"seadec",4,4.01
"pc2","4cpu-amd",0.3,"seadec",1,4.01
"pc2","4cpu-amd",0.3,"seadec",1,0.01
"pc2","4cpu-amd",0.3,"seadec",2,3.96
"pc2","4cpu-amd",0.3,"seadec",4,4.03
"pc2","4cpu-amd",0.3,"seadec",3,4.05
"pc2","4cpu-amd",0.3,"seadec",2,3.57
"pc2","4cpu-amd",0.3,"seadec",3,3.65
"pc2","4cpu-amd",0.3,"seadec",4,3.73
"pc2","4cpu-amd",0.3,"seadec",1,3.78
"pc2","4cpu-amd",0.3,"seadec",2,3.55
"pc2","4cpu-amd",0.3,"seadec",4,3.66
"pc2","4cpu-amd",0.3,"seadec",3,3.75
"pc2","4cpu-amd",0.3,"seadec",1,4.08
"pc2","4cpu-amd",0.3,"seadec",3,3.54
"pc2","4cpu-amd",0.3,"seadec",4,3.54
"pc2","4cpu-amd",0.3,"seadec",2,3.64
"pc2","4cpu-amd",0.3,"seadec",1,3.95
"pc2","4cpu-amd",0.3,"seadec",2,3.66
"pc2","4cpu-amd",0.3,"seadec",1,3.66
"pc2","4cpu-amd",0.3,"seadec",4,3.65
"pc2","4cpu-amd",0.3,"seadec",3,3.65
"pc2","4cpu-amd",0.3,"seadec",1,3.56
"pc2","4cpu-amd",0.3,"seadec",4,3.62
"pc2","4cpu-amd",0.3,"seadec",3,3.65
"pc2","4cpu-amd",0.3,"seadec",2,3.75
"pc2","4cpu-amd",0.3,"seadec",1,3.36
"pc2","4cpu-amd",0.3,"seadec",4,3.55
"pc2","4cpu-amd",0.3,"seadec",3,3.55
"pc2","4cpu-amd",0.3,"seadec",2,3.64
"pc2","4cpu-amd",0.3,"seadec",4,3.49
"pc2","4cpu-amd",0.3,"seadec",3,3.59
"pc2","4cpu-amd",0.3,"seadec",2,3.61
"pc2","4cpu-amd",0.3,"seadec",1,3.89
"pc2","4cpu-amd",0.3,"seadec",2,3.48
"pc2","4cpu-amd",0.3,"seadec",4,3.49
"pc2","4cpu-amd",0.3,"seadec",1,3.52
"pc2","4cpu-amd",0.3,"seadec",3,3.58
"pc2","4cpu-amd",0.3,"seadec",1,3.49
"pc2","4cpu-amd",0.3,"seadec",3,3.48
"pc2","4cpu-amd",0.3,"seadec",4,3.58
"pc2","4cpu-amd",0.3,"seadec",2,3.6
"pc2","4cpu-amd",0.3,"seadec",1,3.54
"pc2","4cpu-amd",0.3,"seadec",3,3.53
"pc2","4cpu-amd",0.3,"seadec",4,3.54
"pc2","4cpu-amd",0.3,"seadec",2,3.64
"pc2","4cpu-amd",0.3,"seadec",3,3.47
"pc2","4cpu-amd",0.3,"seadec",1,3.58
"pc2","4cpu-amd",0.3,"seadec",2,3.58
"pc2","4cpu-amd",0.3,"seadec",4,3.56
"pc2","4cpu-amd",0.3,"seadec",1,3.58
"pc2","4cpu-amd",0.3,"seadec",2,3.66
"pc2","4cpu-amd",0.3,"seadec",3,3.67
"pc2","4cpu-amd",0.3,"seadec",4,3.77
"pc2","4cpu-amd",0.3,"seadec",1,3.48
"pc2","4cpu-amd",0.3,"seadec",2,3.49
"pc2","4cpu-amd",0.3,"seadec",3,3.66
"pc2","4cpu-amd",0.3,"seadec",4,3.66
"pc2","4cpu-amd",0.3,"seadec",1,3.55
"pc2","4cpu-amd",0.3,"seadec",4,3.55
"pc2","4cpu-amd",0.3,"seadec",2,3.65
"pc2","4cpu-amd",0.3,"seadec",3,3.65
"pc2","4cpu-amd",0.3,"seadec",1,3.56
"pc2","4cpu-amd",0.3,"seadec",4,3.58
"pc2","4cpu-amd",0.3,"seadec",2,3.58
"pc2","4cpu-amd",0.3,"seadec",3,3.76
"pc2","4cpu-amd",0.3,"seadec",4,3.45
"pc2","4cpu-amd",0.3,"seadec",1,3.57
"pc2","4cpu-amd",0.3,"seadec",2,3.66
"pc2","4cpu-amd",0.3,"seadec",3,3.74
"pc2","4cpu-amd",0.3,"seadec",1,3.48
"pc2","4cpu-amd",0.3,"seadec",4,3.55
"pc2","4cpu-amd",0.3,"seadec",2,3.67
"pc2","4cpu-amd",0.3,"seadec",3,3.67
"pc2","4cpu-amd",0.3,"seadec",1,3.48
"pc2","4cpu-amd",0.3,"seadec",4,3.54
"pc2","4cpu-amd",0.3,"seadec",2,3.67
"pc2","4cpu-amd",0.3,"seadec",3,3.67
"pc2","4cpu-amd",0.3,"seadec",1,3.48
"pc2","4cpu-amd",0.3,"seadec",3,3.64
"pc2","4cpu-amd",0.3,"seadec",4,3.64
"pc2","4cpu-amd",0.3,"seadec",2,3.67
"pc2","4cpu-amd",0.3,"seadec",1,3.63
"pc2","4cpu-amd",0.3,"seadec",4,3.63
"pc2","4cpu-amd",0.3,"seadec",3,3.63
"pc2","4cpu-amd",0.3,"seadec",2,3.63
"pc2","4cpu-amd",0.3,"seadec",1,3.56
"pc2","4cpu-amd",0.3,"seadec",3,3.64
"pc2","4cpu-amd",0.3,"seadec",4,3.64
"pc2","4cpu-amd",0.3,"seadec",2,3.74
"pc2","4cpu-amd",0.3,"seadec",2,3.49
"pc2","4cpu-amd",0.3,"seadec",1,3.48
"pc2","4cpu-amd",0.3,"seadec",4,3.48
"pc2","4cpu-amd",0.3,"seadec",3,3.77
"pc2","4cpu-amd",0.3,"seadec",4,3.56
"pc2","4cpu-amd",0.3,"seadec",2,3.56
"pc2","4cpu-amd",0.3,"seadec",3,3.57
"pc2","4cpu-amd",0.3,"seadec",1,3.67
"pc2","4cpu-amd",0.3,"seadec",2,3.68
"pc2","4cpu-amd",0.3,"seadec",4,3.67
"pc2","4cpu-amd",0.3,"seadec",3,3.7
"pc2","4cpu-amd",0.3,"seadec",1,3.7
"pc2","4cpu-amd",0.3,"seadec",1,3.58
"pc2","4cpu-amd",0.3,"seadec",2,3.67
"pc2","4cpu-amd",0.3,"seadec",4,3.67
"pc2","4cpu-amd",0.3,"seadec",3,3.76
"pc2","4cpu-amd",0.3,"seadec",2,3.55
"pc2","4cpu-amd",0.3,"seadec",4,3.56
"pc2","4cpu-amd",0.3,"seadec",3,3.64
"pc2","4cpu-amd",0.3,"seadec",1,3.77
"pc2","4cpu-amd",0.3,"seadec",4,3.55
"pc2","4cpu-amd",0.3,"seadec",3,3.59
"pc2","4cpu-amd",0.3,"seadec",2,3.59
"pc2","4cpu-amd",0.3,"seadec",1,3.68
"pc2","4cpu-amd",0.3,"seadec",4,3.57
"pc2","4cpu-amd",0.3,"seadec",1,3.61
"pc2","4cpu-amd",0.3,"seadec",2,3.7
"pc2","4cpu-amd",0.4,"seadec",1,2.8
"pc2","4cpu-amd",0.4,"seadec",2,2.79
"pc2","4cpu-amd",0.4,"seadec",3,2.79
"pc2","4cpu-amd",0.4,"seadec",4,2.86
"pc2","4cpu-amd",0.4,"seadec",4,2.78
"pc2","4cpu-amd",0.4,"seadec",2,2.9
"pc2","4cpu-amd",0.4,"seadec",1,2.99
"pc2","4cpu-amd",0.4,"seadec",3,2.99
"pc2","4cpu-amd",0.4,"seadec",2,2.47
"pc2","4cpu-amd",0.4,"seadec",1,2.57
"pc2","4cpu-amd",0.4,"seadec",4,2.55
"pc2","4cpu-amd",0.4,"seadec",3,2.57
"pc2","4cpu-amd",0.4,"seadec",4,2.38
"pc2","4cpu-amd",0.4,"seadec",2,2.48
"pc2","4cpu-amd",0.4,"seadec",1,2.48
"pc2","4cpu-amd",0.4,"seadec",3,2.57
"pc2","4cpu-amd",0.4,"seadec",4,2.41
"pc2","4cpu-amd",0.4,"seadec",3,2.43
"pc2","4cpu-amd",0.4,"seadec",2,2.46
"pc2","4cpu-amd",0.4,"seadec",1,2.46
"pc2","4cpu-amd",0.4,"seadec",4,2.44
"pc2","4cpu-amd",0.4,"seadec",2,2.47
"pc2","4cpu-amd",0.4,"seadec",1,2.47
"pc2","4cpu-amd",0.4,"seadec",3,2.53
"pc2","4cpu-amd",0.4,"seadec",3,2.47
"pc2","4cpu-amd",0.4,"seadec",2,2.5
"pc2","4cpu-amd",0.4,"seadec",4,2.5
"pc2","4cpu-amd",0.4,"seadec",1,2.5
"pc2","4cpu-amd",0.4,"seadec",4,2.34
"pc2","4cpu-amd",0.4,"seadec",3,2.37
"pc2","4cpu-amd",0.4,"seadec",1,2.46
"pc2","4cpu-amd",0.4,"seadec",2,2.46
"pc2","4cpu-amd",0.4,"seadec",4,2.37
"pc2","4cpu-amd",0.4,"seadec",3,2.46
"pc2","4cpu-amd",0.4,"seadec",1,2.55
"pc2","4cpu-amd",0.4,"seadec",2,2.58
"pc2","4cpu-amd",0.4,"seadec",3,2.37
"pc2","4cpu-amd",0.4,"seadec",1,2.55
"pc2","4cpu-amd",0.4,"seadec",2,2.55
"pc2","4cpu-amd",0.4,"seadec",4,2.55
"pc2","4cpu-amd",0.4,"seadec",4,2.38
"pc2","4cpu-amd",0.4,"seadec",1,2.46
"pc2","4cpu-amd",0.4,"seadec",2,2.46
"pc2","4cpu-amd",0.4,"seadec",3,2.46
"pc2","4cpu-amd",0.4,"seadec",1,2.49
"pc2","4cpu-amd",0.4,"seadec",4,2.55
"pc2","4cpu-amd",0.4,"seadec",3,2.57
"pc2","4cpu-amd",0.4,"seadec",2,2.57
"pc2","4cpu-amd",0.4,"seadec",2,2.46
"pc2","4cpu-amd",0.4,"seadec",4,2.45
"pc2","4cpu-amd",0.4,"seadec",1,2.49
"pc2","4cpu-amd",0.4,"seadec",3,2.49
"pc2","4cpu-amd",0.4,"seadec",2,2.48
"pc2","4cpu-amd",0.4,"seadec",4,2.53
"pc2","4cpu-amd",0.4,"seadec",3,2.53
"pc2","4cpu-amd",0.4,"seadec",1,2.57
"pc2","4cpu-amd",0.4,"seadec",1,2.47
"pc2","4cpu-amd",0.4,"seadec",4,2.47
"pc2","4cpu-amd",0.4,"seadec",2,2.47
"pc2","4cpu-amd",0.4,"seadec",3,2.47
"pc2","4cpu-amd",0.4,"seadec",4,2.47
"pc2","4cpu-amd",0.4,"seadec",2,2.56
"pc2","4cpu-amd",0.4,"seadec",3,2.56
"pc2","4cpu-amd",0.4,"seadec",1,2.58
"pc2","4cpu-amd",0.4,"seadec",1,2.46
"pc2","4cpu-amd",0.4,"seadec",2,2.46
"pc2","4cpu-amd",0.4,"seadec",3,2.54
"pc2","4cpu-amd",0.4,"seadec",4,2.54
"pc2","4cpu-amd",0.4,"seadec",1,2.45
"pc2","4cpu-amd",0.4,"seadec",3,2.51
"pc2","4cpu-amd",0.4,"seadec",4,2.49
"pc2","4cpu-amd",0.4,"seadec",2,2.52
"pc2","4cpu-amd",0.4,"seadec",4,2.5
"pc2","4cpu-amd",0.4,"seadec",1,2.5
"pc2","4cpu-amd",0.4,"seadec",2,2.5
"pc2","4cpu-amd",0.4,"seadec",3,2.5
"pc2","4cpu-amd",0.4,"seadec",4,2.42
"pc2","4cpu-amd",0.4,"seadec",3,2.43
"pc2","4cpu-amd",0.4,"seadec",2,2.52
"pc2","4cpu-amd",0.4,"seadec",1,2.54
"pc2","4cpu-amd",0.4,"seadec",1,2.46
"pc2","4cpu-amd",0.4,"seadec",3,2.53
"pc2","4cpu-amd",0.4,"seadec",2,2.55
"pc2","4cpu-amd",0.4,"seadec",4,2.55
"pc2","4cpu-amd",0.4,"seadec",3,2.46
"pc2","4cpu-amd",0.4,"seadec",1,2.49
"pc2","4cpu-amd",0.4,"seadec",4,2.55
"pc2","4cpu-amd",0.4,"seadec",2,2.58
"pc2","4cpu-amd",0.4,"seadec",3,2.46
"pc2","4cpu-amd",0.4,"seadec",4,2.49
"pc2","4cpu-amd",0.4,"seadec",1,2.49
"pc2","4cpu-amd",0.4,"seadec",2,2.56
"pc2","4cpu-amd",0.4,"seadec",3,2.39
"pc2","4cpu-amd",0.4,"seadec",4,2.46
"pc2","4cpu-amd",0.4,"seadec",2,2.51
"pc2","4cpu-amd",0.4,"seadec",1,2.61
"pc2","4cpu-amd",0.4,"seadec",1,2.47
"pc2","4cpu-amd",0.4,"seadec",3,2.51
"pc2","4cpu-amd",0.4,"seadec",4,2.52
"pc2","4cpu-amd",0.4,"seadec",2,2.55
"pc2","4cpu-amd",0.4,"seadec",4,2.55
"pc2","4cpu-amd",0.4,"seadec",1,2.57
"pc2","4cpu-amd",0.4,"seadec",3,2.57
"pc2","4cpu-amd",0.4,"seadec",2,2.65
"pc2","4cpu-amd",0.4,"seadec",2,2.38
"pc2","4cpu-amd",0.4,"seadec",4,2.49
"pc2","4cpu-amd",0.4,"seadec",1,2.49
"pc2","4cpu-amd",0.4,"seadec",3,2.49
"pc2","4cpu-amd",0.4,"seadec",2,2.45
"pc2","4cpu-amd",0.4,"seadec",4,2.45
"pc2","4cpu-amd",0.4,"seadec",3,2.52
"pc2","4cpu-amd",0.4,"seadec",1,2.54
"pc2","4cpu-amd",0.4,"seadec",2,2.39
"pc2","4cpu-amd",0.4,"seadec",4,2.39
"pc2","4cpu-amd",0.4,"seadec",1,2.49
"pc2","4cpu-amd",0.4,"seadec",3,2.49
"pc2","4cpu-amd",0.4,"seadec",2,2.45
"pc2","4cpu-amd",0.4,"seadec",1,2.55
"pc2","4cpu-amd",0.4,"seadec",3,2.55
"pc2","4cpu-amd",0.4,"seadec",4,2.55
"pc2","4cpu-amd",0.5,"seadec",4,2.1
"pc2","4cpu-amd",0.5,"seadec",1,2.14
"pc2","4cpu-amd",0.5,"seadec",2,2.18
"pc2","4cpu-amd",0.5,"seadec",3,2.18
"pc2","4cpu-amd",0.5,"seadec",1,2.12
"pc2","4cpu-amd",0.5,"seadec",2,2.2
"pc2","4cpu-amd",0.5,"seadec",3,2.2
"pc2","4cpu-amd",0.5,"seadec",4,2.2
"pc2","4cpu-amd",0.5,"seadec",1,1.88
"pc2","4cpu-amd",0.5,"seadec",3,1.94
"pc2","4cpu-amd",0.5,"seadec",4,1.93
"pc2","4cpu-amd",0.5,"seadec",2,1.96
"pc2","4cpu-amd",0.5,"seadec",3,1.85
"pc2","4cpu-amd",0.5,"seadec",2,1.93
"pc2","4cpu-amd",0.5,"seadec",4,1.9
"pc2","4cpu-amd",0.5,"seadec",1,1.96
"pc2","4cpu-amd",0.5,"seadec",4,1.9
"pc2","4cpu-amd",0.5,"seadec",2,1.9
"pc2","4cpu-amd",0.5,"seadec",3,1.97
"pc2","4cpu-amd",0.5,"seadec",1,1.97
"pc2","4cpu-amd",0.5,"seadec",2,1.88
"pc2","4cpu-amd",0.5,"seadec",3,1.88
"pc2","4cpu-amd",0.5,"seadec",1,1.88
"pc2","4cpu-amd",0.5,"seadec",4,1.88
"pc2","4cpu-amd",0.5,"seadec",4,1.85
"pc2","4cpu-amd",0.5,"seadec",2,1.87
"pc2","4cpu-amd",0.5,"seadec",3,1.93
"pc2","4cpu-amd",0.5,"seadec",1,1.93
"pc2","4cpu-amd",0.5,"seadec",4,1.85
"pc2","4cpu-amd",0.5,"seadec",3,1.89
"pc2","4cpu-amd",0.5,"seadec",1,1.89
"pc2","4cpu-amd",0.5,"seadec",2,1.89
"pc2","4cpu-amd",0.5,"seadec",4,1.91
"pc2","4cpu-amd",0.5,"seadec",3,1.92
"pc2","4cpu-amd",0.5,"seadec",2,1.93
"pc2","4cpu-amd",0.5,"seadec",1,1.93
"pc2","4cpu-amd",0.5,"seadec",1,1.88
"pc2","4cpu-amd",0.5,"seadec",4,1.89
"pc2","4cpu-amd",0.5,"seadec",3,1.95
"pc2","4cpu-amd",0.5,"seadec",2,1.95
"pc2","4cpu-amd",0.5,"seadec",4,1.78
"pc2","4cpu-amd",0.5,"seadec",3,1.87
"pc2","4cpu-amd",0.5,"seadec",2,1.88
"pc2","4cpu-amd",0.5,"seadec",1,1.98
"pc2","4cpu-amd",0.5,"seadec",1,1.88
"pc2","4cpu-amd",0.5,"seadec",2,1.9
"pc2","4cpu-amd",0.5,"seadec",3,1.94
"pc2","4cpu-amd",0.5,"seadec",4,1.94
"pc2","4cpu-amd",0.5,"seadec",1,1.89
"pc2","4cpu-amd",0.5,"seadec",3,1.91
"pc2","4cpu-amd",0.5,"seadec",4,1.89
"pc2","4cpu-amd",0.5,"seadec",2,1.89
"pc2","4cpu-amd",0.5,"seadec",4,1.84
"pc2","4cpu-amd",0.5,"seadec",2,1.84
"pc2","4cpu-amd",0.5,"seadec",3,1.9
"pc2","4cpu-amd",0.5,"seadec",1,1.95
"pc2","4cpu-amd",0.5,"seadec",4,1.95
"pc2","4cpu-amd",0.5,"seadec",1,1.94
"pc2","4cpu-amd",0.5,"seadec",2,1.94
"pc2","4cpu-amd",0.5,"seadec",3,1.94
"pc2","4cpu-amd",0.5,"seadec",1,1.88
"pc2","4cpu-amd",0.5,"seadec",2,1.88
"pc2","4cpu-amd",0.5,"seadec",3,1.95
"pc2","4cpu-amd",0.5,"seadec",4,1.95
"pc2","4cpu-amd",0.5,"seadec",1,1.87
"pc2","4cpu-amd",0.5,"seadec",2,1.88
"pc2","4cpu-amd",0.5,"seadec",4,1.86
"pc2","4cpu-amd",0.5,"seadec",3,1.88
"pc2","4cpu-amd",0.5,"seadec",1,1.9
"pc2","4cpu-amd",0.5,"seadec",4,1.89
"pc2","4cpu-amd",0.5,"seadec",2,1.94
"pc2","4cpu-amd",0.5,"seadec",3,2.06
"pc2","4cpu-amd",0.5,"seadec",1,1.88
"pc2","4cpu-amd",0.5,"seadec",2,1.88
"pc2","4cpu-amd",0.5,"seadec",3,1.95
"pc2","4cpu-amd",0.5,"seadec",4,1.95
"pc2","4cpu-amd",0.5,"seadec",3,1.86
"pc2","4cpu-amd",0.5,"seadec",1,1.89
"pc2","4cpu-amd",0.5,"seadec",2,1.88
"pc2","4cpu-amd",0.5,"seadec",4,1.96
"pc2","4cpu-amd",0.5,"seadec",3,1.87
"pc2","4cpu-amd",0.5,"seadec",2,1.87
"pc2","4cpu-amd",0.5,"seadec",1,1.87
"pc2","4cpu-amd",0.5,"seadec",4,1.87
"pc2","4cpu-amd",0.5,"seadec",4,1.97
"pc2","4cpu-amd",0.5,"seadec",3,1.97
"pc2","4cpu-amd",0.5,"seadec",2,1.97
"pc2","4cpu-amd",0.5,"seadec",1,1.97
"pc2","4cpu-amd",0.5,"seadec",4,1.92
"pc2","4cpu-amd",0.5,"seadec",3,1.94
"pc2","4cpu-amd",0.5,"seadec",2,1.96
"pc2","4cpu-amd",0.5,"seadec",1,1.96
"pc2","4cpu-amd",0.5,"seadec",4,1.88
"pc2","4cpu-amd",0.5,"seadec",3,1.97
"pc2","4cpu-amd",0.5,"seadec",2,1.97
"pc2","4cpu-amd",0.5,"seadec",1,2.06
"pc2","4cpu-amd",0.5,"seadec",3,1.89
"pc2","4cpu-amd",0.5,"seadec",2,1.89
"pc2","4cpu-amd",0.5,"seadec",4,1.89
"pc2","4cpu-amd",0.5,"seadec",1,1.91
"pc2","4cpu-amd",0.5,"seadec",4,1.86
"pc2","4cpu-amd",0.5,"seadec",1,1.97
"pc2","4cpu-amd",0.5,"seadec",3,1.97
"pc2","4cpu-amd",0.5,"seadec",2,1.97
"pc2","4cpu-amd",0.5,"seadec",4,1.95
"pc2","4cpu-amd",0.5,"seadec",2,1.97
"pc2","4cpu-amd",0.5,"seadec",1,1.99
"pc2","4cpu-amd",0.5,"seadec",3,1.99
"pc2","4cpu-amd",0.5,"seadec",1,1.93
"pc2","4cpu-amd",0.5,"seadec",4,1.94
"pc2","4cpu-amd",0.5,"seadec",2,1.95
"pc2","4cpu-amd",0.5,"seadec",3,1.96
"pc2","4cpu-amd",0.5,"seadec",1,1.87
"pc2","4cpu-amd",0.5,"seadec",4,1.87
"pc2","4cpu-amd",0.5,"seadec",3,1.98
"pc2","4cpu-amd",0.5,"seadec",2,1.98
"pc2","4cpu-amd",0.5,"seadec",4,1.88
"pc2","4cpu-amd",0.5,"seadec",3,1.95
"pc2","4cpu-amd",0.5,"seadec",2,1.88
"pc2","4cpu-amd",0.5,"seadec",1,1.95
"pc2","4cpu-amd",0.6,"seadec",3,1.76
"pc2","4cpu-amd",0.6,"seadec",1,1.8
"pc2","4cpu-amd",0.6,"seadec",2,1.8
"pc2","4cpu-amd",0.6,"seadec",4,1.79
"pc2","4cpu-amd",0.6,"seadec",3,1.76
"pc2","4cpu-amd",0.6,"seadec",2,1.81
"pc2","4cpu-amd",0.6,"seadec",1,1.81
"pc2","4cpu-amd",0.6,"seadec",4,1.82
"pc2","4cpu-amd",0.6,"seadec",1,1.5
"pc2","4cpu-amd",0.6,"seadec",2,1.5
"pc2","4cpu-amd",0.6,"seadec",4,1.54
"pc2","4cpu-amd",0.6,"seadec",3,1.58
"pc2","4cpu-amd",0.6,"seadec",2,1.53
"pc2","4cpu-amd",0.6,"seadec",3,1.58
"pc2","4cpu-amd",0.6,"seadec",1,1.52
"pc2","4cpu-amd",0.6,"seadec",4,1.52
"pc2","4cpu-amd",0.6,"seadec",2,1.52
"pc2","4cpu-amd",0.6,"seadec",1,1.54
"pc2","4cpu-amd",0.6,"seadec",4,1.53
"pc2","4cpu-amd",0.6,"seadec",3,1.55
"pc2","4cpu-amd",0.6,"seadec",4,1.56
"pc2","4cpu-amd",0.6,"seadec",3,1.56
"pc2","4cpu-amd",0.6,"seadec",1,1.58
"pc2","4cpu-amd",0.6,"seadec",2,1.58
"pc2","4cpu-amd",0.6,"seadec",1,1.49
"pc2","4cpu-amd",0.6,"seadec",3,1.54
"pc2","4cpu-amd",0.6,"seadec",4,1.54
"pc2","4cpu-amd",0.6,"seadec",2,1.56
"pc2","4cpu-amd",0.6,"seadec",1,1.5
"pc2","4cpu-amd",0.6,"seadec",3,1.55
"pc2","4cpu-amd",0.6,"seadec",4,1.58
"pc2","4cpu-amd",0.6,"seadec",2,1.58
"pc2","4cpu-amd",0.6,"seadec",4,1.54
"pc2","4cpu-amd",0.6,"seadec",2,1.56
"pc2","4cpu-amd",0.6,"seadec",1,1.58
"pc2","4cpu-amd",0.6,"seadec",3,1.58
"pc2","4cpu-amd",0.6,"seadec",1,1.49
"pc2","4cpu-amd",0.6,"seadec",2,1.55
"pc2","4cpu-amd",0.6,"seadec",4,1.55
"pc2","4cpu-amd",0.6,"seadec",3,1.56
"pc2","4cpu-amd",0.6,"seadec",1,1.5
"pc2","4cpu-amd",0.6,"seadec",2,1.54
"pc2","4cpu-amd",0.6,"seadec",4,1.55
"pc2","4cpu-amd",0.6,"seadec",3,1.56
"pc2","4cpu-amd",0.6,"seadec",1,1.49
"pc2","4cpu-amd",0.6,"seadec",2,1.51
"pc2","4cpu-amd",0.6,"seadec",4,1.54
"pc2","4cpu-amd",0.6,"seadec",3,1.59
"pc2","4cpu-amd",0.6,"seadec",1,1.53
"pc2","4cpu-amd",0.6,"seadec",4,1.52
"pc2","4cpu-amd",0.6,"seadec",2,1.57
"pc2","4cpu-amd",0.6,"seadec",3,1.6
"pc2","4cpu-amd",0.6,"seadec",4,1.49
"pc2","4cpu-amd",0.6,"seadec",1,1.53
"pc2","4cpu-amd",0.6,"seadec",2,1.53
"pc2","4cpu-amd",0.6,"seadec",3,1.54
"pc2","4cpu-amd",0.6,"seadec",1,1.53
"pc2","4cpu-amd",0.6,"seadec",3,1.53
"pc2","4cpu-amd",0.6,"seadec",2,1.56
"pc2","4cpu-amd",0.6,"seadec",4,1.56
"pc2","4cpu-amd",0.6,"seadec",1,1.53
"pc2","4cpu-amd",0.6,"seadec",4,1.53
"pc2","4cpu-amd",0.6,"seadec",2,1.53
"pc2","4cpu-amd",0.6,"seadec",3,1.53
"pc2","4cpu-amd",0.6,"seadec",3,1.49
"pc2","4cpu-amd",0.6,"seadec",2,1.56
"pc2","4cpu-amd",0.6,"seadec",1,1.56
"pc2","4cpu-amd",0.6,"seadec",4,1.51
"pc2","4cpu-amd",0.6,"seadec",3,1.57
"pc2","4cpu-amd",0.6,"seadec",1,1.57
"pc2","4cpu-amd",0.6,"seadec",2,1.57
"pc2","4cpu-amd",0.6,"seadec",4,1.57
"pc2","4cpu-amd",0.6,"seadec",3,1.54
"pc2","4cpu-amd",0.6,"seadec",2,1.56
"pc2","4cpu-amd",0.6,"seadec",1,1.61
"pc2","4cpu-amd",0.6,"seadec",4,1.6
"pc2","4cpu-amd",0.6,"seadec",1,1.5
"pc2","4cpu-amd",0.6,"seadec",2,1.57
"pc2","4cpu-amd",0.6,"seadec",4,1.57
"pc2","4cpu-amd",0.6,"seadec",3,1.57
"pc2","4cpu-amd",0.6,"seadec",1,1.56
"pc2","4cpu-amd",0.6,"seadec",4,1.58
"pc2","4cpu-amd",0.6,"seadec",2,1.58
"pc2","4cpu-amd",0.6,"seadec",3,1.59
"pc2","4cpu-amd",0.6,"seadec",4,1.53
"pc2","4cpu-amd",0.6,"seadec",1,1.57
"pc2","4cpu-amd",0.6,"seadec",2,1.57
"pc2","4cpu-amd",0.6,"seadec",3,1.63
"pc2","4cpu-amd",0.6,"seadec",2,1.49
"pc2","4cpu-amd",0.6,"seadec",4,1.49
"pc2","4cpu-amd",0.6,"seadec",1,1.57
"pc2","4cpu-amd",0.6,"seadec",3,1.59
"pc2","4cpu-amd",0.6,"seadec",1,1.57
"pc2","4cpu-amd",0.6,"seadec",3,1.58
"pc2","4cpu-amd",0.6,"seadec",2,1.58
"pc2","4cpu-amd",0.6,"seadec",4,1.58
"pc2","4cpu-amd",0.6,"seadec",3,1.55
"pc2","4cpu-amd",0.6,"seadec",4,1.56
"pc2","4cpu-amd",0.6,"seadec",1,1.56
"pc2","4cpu-amd",0.6,"seadec",2,1.64
"pc2","4cpu-amd",0.6,"seadec",3,1.49
"pc2","4cpu-amd",0.6,"seadec",1,1.52
"pc2","4cpu-amd",0.6,"seadec",4,1.56
"pc2","4cpu-amd",0.6,"seadec",2,1.59
"pc2","4cpu-amd",0.6,"seadec",1,1.57
"pc2","4cpu-amd",0.6,"seadec",3,1.57
"pc2","4cpu-amd",0.6,"seadec",2,1.58
"pc2","4cpu-amd",0.6,"seadec",4,1.58
"pc2","4cpu-amd",0.6,"seadec",1,1.56
"pc2","4cpu-amd",0.6,"seadec",4,1.59
"pc2","4cpu-amd",0.6,"seadec",2,1.59
"pc2","4cpu-amd",0.6,"seadec",3,1.64
"pc2","4cpu-amd",0.6,"seadec",4,1.52
"pc2","4cpu-amd",0.6,"seadec",2,1.61
"pc2","4cpu-amd",0.6,"seadec",1,1.65
"pc2","4cpu-amd",0.6,"seadec",3,1.8
"pc2","4cpu-amd",0.6,"seadec",1,1.57
"pc2","4cpu-amd",0.6,"seadec",2,1.58
"pc2","4cpu-amd",0.6,"seadec",4,1.57
"pc2","4cpu-amd",0.6,"seadec",3,1.57
"pc2","4cpu-amd",0.7,"seadec",3,1.48
"pc2","4cpu-amd",0.7,"seadec",1,1.52
"pc2","4cpu-amd",0.7,"seadec",2,1.53
"pc2","4cpu-amd",0.7,"seadec",4,1.52
"pc2","4cpu-amd",0.7,"seadec",1,1.49
"pc2","4cpu-amd",0.7,"seadec",2,1.49
"pc2","4cpu-amd",0.7,"seadec",4,1.5
"pc2","4cpu-amd",0.7,"seadec",3,1.5
"pc2","4cpu-amd",0.7,"seadec",2,1.26
"pc2","4cpu-amd",0.7,"seadec",4,1.27
"pc2","4cpu-amd",0.7,"seadec",1,1.32
"pc2","4cpu-amd",0.7,"seadec",3,1.31
"pc2","4cpu-amd",0.7,"seadec",2,1.23
"pc2","4cpu-amd",0.7,"seadec",4,1.27
"pc2","4cpu-amd",0.7,"seadec",3,1.29
"pc2","4cpu-amd",0.7,"seadec",1,1.32
"pc2","4cpu-amd",0.7,"seadec",4,1.24
"pc2","4cpu-amd",0.7,"seadec",2,1.28
"pc2","4cpu-amd",0.7,"seadec",3,1.32
"pc2","4cpu-amd",0.7,"seadec",1,1.32
"pc2","4cpu-amd",0.7,"seadec",3,1.23
"pc2","4cpu-amd",0.7,"seadec",2,1.29
"pc2","4cpu-amd",0.7,"seadec",4,1.32
"pc2","4cpu-amd",0.7,"seadec",1,1.32
"pc2","4cpu-amd",0.7,"seadec",2,1.28
"pc2","4cpu-amd",0.7,"seadec",1,1.28
"pc2","4cpu-amd",0.7,"seadec",4,1.3
"pc2","4cpu-amd",0.7,"seadec",3,1.29
"pc2","4cpu-amd",0.7,"seadec",2,1.26
"pc2","4cpu-amd",0.7,"seadec",4,1.23
"pc2","4cpu-amd",0.7,"seadec",3,1.26
"pc2","4cpu-amd",0.7,"seadec",1,1.3
"pc2","4cpu-amd",0.7,"seadec",1,1.29
"pc2","4cpu-amd",0.7,"seadec",3,1.29
"pc2","4cpu-amd",0.7,"seadec",4,1.29
"pc2","4cpu-amd",0.7,"seadec",2,1.34
"pc2","4cpu-amd",0.7,"seadec",2,1.28
"pc2","4cpu-amd",0.7,"seadec",1,1.29
"pc2","4cpu-amd",0.7,"seadec",4,1.27
"pc2","4cpu-amd",0.7,"seadec",3,1.3
"pc2","4cpu-amd",0.7,"seadec",1,1.28
"pc2","4cpu-amd",0.7,"seadec",2,1.28
"pc2","4cpu-amd",0.7,"seadec",3,1.28
"pc2","4cpu-amd",0.7,"seadec",4,1.28
"pc2","4cpu-amd",0.7,"seadec",1,1.29
"pc2","4cpu-amd",0.7,"seadec",2,1.29
"pc2","4cpu-amd",0.7,"seadec",4,1.34
"pc2","4cpu-amd",0.7,"seadec",3,1.34
"pc2","4cpu-amd",0.7,"seadec",1,1.28
"pc2","4cpu-amd",0.7,"seadec",3,1.29
"pc2","4cpu-amd",0.7,"seadec",2,1.29
"pc2","4cpu-amd",0.7,"seadec",4,1.32
"pc2","4cpu-amd",0.7,"seadec",1,1.29
"pc2","4cpu-amd",0.7,"seadec",2,1.29
"pc2","4cpu-amd",0.7,"seadec",3,1.31
"pc2","4cpu-amd",0.7,"seadec",4,1.31
"pc2","4cpu-amd",0.7,"seadec",3,1.27
"pc2","4cpu-amd",0.7,"seadec",4,1.31
"pc2","4cpu-amd",0.7,"seadec",2,1.34
"pc2","4cpu-amd",0.7,"seadec",1,1.34
"pc2","4cpu-amd",0.7,"seadec",2,1.28
"pc2","4cpu-amd",0.7,"seadec",1,1.3
"pc2","4cpu-amd",0.7,"seadec",3,1.31
"pc2","4cpu-amd",0.7,"seadec",4,1.31
"pc2","4cpu-amd",0.7,"seadec",2,1.27
"pc2","4cpu-amd",0.7,"seadec",3,1.32
"pc2","4cpu-amd",0.7,"seadec",1,1.32
"pc2","4cpu-amd",0.7,"seadec",4,1.32
"pc2","4cpu-amd",0.7,"seadec",1,1.29
"pc2","4cpu-amd",0.7,"seadec",4,1.29
"pc2","4cpu-amd",0.7,"seadec",2,1.29
"pc2","4cpu-amd",0.7,"seadec",3,1.3
"pc2","4cpu-amd",0.7,"seadec",1,1.32
"pc2","4cpu-amd",0.7,"seadec",4,1.32
"pc2","4cpu-amd",0.7,"seadec",3,1.34
"pc2","4cpu-amd",0.7,"seadec",2,1.53
"pc2","4cpu-amd",0.7,"seadec",2,1.3
"pc2","4cpu-amd",0.7,"seadec",1,1.3
"pc2","4cpu-amd",0.7,"seadec",4,1.33
"pc2","4cpu-amd",0.7,"seadec",3,1.34
"pc2","4cpu-amd",0.7,"seadec",1,1.3
"pc2","4cpu-amd",0.7,"seadec",2,1.3
"pc2","4cpu-amd",0.7,"seadec",3,1.31
"pc2","4cpu-amd",0.7,"seadec",4,1.31
"pc2","4cpu-amd",0.7,"seadec",3,1.31
"pc2","4cpu-amd",0.7,"seadec",4,1.32
"pc2","4cpu-amd",0.7,"seadec",2,1.33
"pc2","4cpu-amd",0.7,"seadec",1,1.33
"pc2","4cpu-amd",0.7,"seadec",3,1.24
"pc2","4cpu-amd",0.7,"seadec",4,1.25
"pc2","4cpu-amd",0.7,"seadec",2,1.31
"pc2","4cpu-amd",0.7,"seadec",1,1.35
"pc2","4cpu-amd",0.7,"seadec",1,1.31
"pc2","4cpu-amd",0.7,"seadec",4,1.33
"pc2","4cpu-amd",0.7,"seadec",3,1.35
"pc2","4cpu-amd",0.7,"seadec",2,1.35
"pc2","4cpu-amd",0.7,"seadec",1,1.3
"pc2","4cpu-amd",0.7,"seadec",3,1.31
"pc2","4cpu-amd",0.7,"seadec",2,1.31
"pc2","4cpu-amd",0.7,"seadec",4,1.34
"pc2","4cpu-amd",0.7,"seadec",1,1.28
"pc2","4cpu-amd",0.7,"seadec",4,1.3
"pc2","4cpu-amd",0.7,"seadec",2,1.3
"pc2","4cpu-amd",0.7,"seadec",3,1.31
"pc2","4cpu-amd",0.7,"seadec",3,1.28
"pc2","4cpu-amd",0.7,"seadec",4,1.28
"pc2","4cpu-amd",0.7,"seadec",2,1.35
"pc2","4cpu-amd",0.7,"seadec",1,1.36
"pc2","4cpu-amd",0.7,"seadec",3,1.31
"pc2","4cpu-amd",0.7,"seadec",2,1.31
"pc2","4cpu-amd",0.7,"seadec",4,1.31
"pc2","4cpu-amd",0.7,"seadec",1,1.31
"pc2","4cpu-amd",0.7,"seadec",4,1.28
"pc2","4cpu-amd",0.7,"seadec",2,1.3
"pc2","4cpu-amd",0.7,"seadec",3,1.33
"pc2","4cpu-amd",0.7,"seadec",1,1.33
"pc2","4cpu-amd",0.7,"seadec",1,1.34
"pc2","4cpu-amd",0.7,"seadec",3,1.33
"pc2","4cpu-amd",0.7,"seadec",2,1.33
"pc2","4cpu-amd",0.7,"seadec",4,1.33
"pc2","4cpu-amd",0.8,"seadec",3,1.29
"pc2","4cpu-amd",0.8,"seadec",4,1.3
"pc2","4cpu-amd",0.8,"seadec",2,1.32
"pc2","4cpu-amd",0.8,"seadec",1,1.35
"pc2","4cpu-amd",0.8,"seadec",3,1.29
"pc2","4cpu-amd",0.8,"seadec",2,1.33
"pc2","4cpu-amd",0.8,"seadec",4,1.33
"pc2","4cpu-amd",0.8,"seadec",1,1.36
"pc2","4cpu-amd",0.8,"seadec",3,1.11
"pc2","4cpu-amd",0.8,"seadec",1,1.13
"pc2","4cpu-amd",0.8,"seadec",4,1.14
"pc2","4cpu-amd",0.8,"seadec",2,1.15
"pc2","4cpu-amd",0.8,"seadec",3,1.09
"pc2","4cpu-amd",0.8,"seadec",1,1.12
"pc2","4cpu-amd",0.8,"seadec",2,1.12
"pc2","4cpu-amd",0.8,"seadec",4,1.09
"pc2","4cpu-amd",0.8,"seadec",4,1.1
"pc2","4cpu-amd",0.8,"seadec",2,1.14
"pc2","4cpu-amd",0.8,"seadec",3,1.12
"pc2","4cpu-amd",0.8,"seadec",1,1.16
"pc2","4cpu-amd",0.8,"seadec",3,1.1
"pc2","4cpu-amd",0.8,"seadec",1,1.13
"pc2","4cpu-amd",0.8,"seadec",4,1.13
"pc2","4cpu-amd",0.8,"seadec",2,1.15
"pc2","4cpu-amd",0.8,"seadec",4,1.13
"pc2","4cpu-amd",0.8,"seadec",1,1.12
"pc2","4cpu-amd",0.8,"seadec",2,1.13
"pc2","4cpu-amd",0.8,"seadec",3,1.13
"pc2","4cpu-amd",0.8,"seadec",4,1.13
"pc2","4cpu-amd",0.8,"seadec",1,1.13
"pc2","4cpu-amd",0.8,"seadec",3,1.13
"pc2","4cpu-amd",0.8,"seadec",2,1.15
"pc2","4cpu-amd",0.8,"seadec",4,1.14
"pc2","4cpu-amd",0.8,"seadec",1,1.14
"pc2","4cpu-amd",0.8,"seadec",2,1.15
"pc2","4cpu-amd",0.8,"seadec",3,1.15
"pc2","4cpu-amd",0.8,"seadec",2,1.12
"pc2","4cpu-amd",0.8,"seadec",3,1.14
"pc2","4cpu-amd",0.8,"seadec",1,1.15
"pc2","4cpu-amd",0.8,"seadec",4,1.15
"pc2","4cpu-amd",0.8,"seadec",4,1.1
"pc2","4cpu-amd",0.8,"seadec",2,1.1
"pc2","4cpu-amd",0.8,"seadec",3,1.12
"pc2","4cpu-amd",0.8,"seadec",1,1.12
"pc2","4cpu-amd",0.8,"seadec",2,1.12
"pc2","4cpu-amd",0.8,"seadec",3,1.14
"pc2","4cpu-amd",0.8,"seadec",4,1.14
"pc2","4cpu-amd",0.8,"seadec",1,1.14
"pc2","4cpu-amd",0.8,"seadec",2,1.1
"pc2","4cpu-amd",0.8,"seadec",3,1.13
"pc2","4cpu-amd",0.8,"seadec",4,1.13
"pc2","4cpu-amd",0.8,"seadec",1,1.13
"pc2","4cpu-amd",0.8,"seadec",1,1.13
"pc2","4cpu-amd",0.8,"seadec",2,1.15
"pc2","4cpu-amd",0.8,"seadec",3,1.15
"pc2","4cpu-amd",0.8,"seadec",4,1.14
"pc2","4cpu-amd",0.8,"seadec",1,1.1
"pc2","4cpu-amd",0.8,"seadec",4,1.13
"pc2","4cpu-amd",0.8,"seadec",2,1.14
"pc2","4cpu-amd",0.8,"seadec",3,1.15
"pc2","4cpu-amd",0.8,"seadec",2,1.13
"pc2","4cpu-amd",0.8,"seadec",1,1.13
"pc2","4cpu-amd",0.8,"seadec",4,1.13
"pc2","4cpu-amd",0.8,"seadec",3,1.15
"pc2","4cpu-amd",0.8,"seadec",2,1.1
"pc2","4cpu-amd",0.8,"seadec",1,1.12
"pc2","4cpu-amd",0.8,"seadec",3,1.13
"pc2","4cpu-amd",0.8,"seadec",4,1.14
"pc2","4cpu-amd",0.8,"seadec",2,1.12
"pc2","4cpu-amd",0.8,"seadec",1,1.13
"pc2","4cpu-amd",0.8,"seadec",4,1.14
"pc2","4cpu-amd",0.8,"seadec",3,1.14
"pc2","4cpu-amd",0.8,"seadec",4,1.09
"pc2","4cpu-amd",0.8,"seadec",3,1.11
"pc2","4cpu-amd",0.8,"seadec",2,1.13
"pc2","4cpu-amd",0.8,"seadec",1,1.15
"pc2","4cpu-amd",0.8,"seadec",1,1.11
"pc2","4cpu-amd",0.8,"seadec",3,1.13
"pc2","4cpu-amd",0.8,"seadec",2,1.15
"pc2","4cpu-amd",0.8,"seadec",4,1.17
"pc2","4cpu-amd",0.8,"seadec",2,1.14
"pc2","4cpu-amd",0.8,"seadec",1,1.14
"pc2","4cpu-amd",0.8,"seadec",3,1.12
"pc2","4cpu-amd",0.8,"seadec",4,1.12
"pc2","4cpu-amd",0.8,"seadec",3,1.11
"pc2","4cpu-amd",0.8,"seadec",4,1.11
"pc2","4cpu-amd",0.8,"seadec",2,1.13
"pc2","4cpu-amd",0.8,"seadec",1,1.16
"pc2","4cpu-amd",0.8,"seadec",3,1.11
"pc2","4cpu-amd",0.8,"seadec",4,1.13
"pc2","4cpu-amd",0.8,"seadec",1,1.16
"pc2","4cpu-amd",0.8,"seadec",2,1.16
"pc2","4cpu-amd",0.8,"seadec",3,1.1
"pc2","4cpu-amd",0.8,"seadec",1,1.16
"pc2","4cpu-amd",0.8,"seadec",2,1.15
"pc2","4cpu-amd",0.8,"seadec",4,1.15
"pc2","4cpu-amd",0.8,"seadec",4,1.13
"pc2","4cpu-amd",0.8,"seadec",3,1.13
"pc2","4cpu-amd",0.8,"seadec",2,1.16
"pc2","4cpu-amd",0.8,"seadec",1,1.17
"pc2","4cpu-amd",0.8,"seadec",1,1.16
"pc2","4cpu-amd",0.8,"seadec",3,1.17
"pc2","4cpu-amd",0.8,"seadec",4,1.17
"pc2","4cpu-amd",0.8,"seadec",2,1.17
"pc2","4cpu-amd",0.8,"seadec",2,1.17
"pc2","4cpu-amd",0.8,"seadec",1,1.14
"pc2","4cpu-amd",0.8,"seadec",4,1.14
"pc2","4cpu-amd",0.8,"seadec",3,1.17
"pc2","4cpu-amd",0.8,"seadec",1,1.11
"pc2","4cpu-amd",0.8,"seadec",4,1.12
"pc2","4cpu-amd",0.8,"seadec",2,1.15
"pc2","4cpu-amd",0.8,"seadec",3,1.17
"pc2","4cpu-amd",0.8,"seadec",4,1.12
"pc2","4cpu-amd",0.8,"seadec",3,1.13
"pc2","4cpu-amd",0.8,"seadec",1,1.17
"pc2","4cpu-amd",0.8,"seadec",2,1.17
"pc2","4cpu-amd",0.8,"seadec",3,1.11
"pc2","4cpu-amd",0.8,"seadec",1,1.15
"pc2","4cpu-amd",0.8,"seadec",4,1.15
"pc2","4cpu-amd",0.8,"seadec",2,1.15
"pc2","4cpu-amd",0.9,"seadec",2,1.17
"pc2","4cpu-amd",0.9,"seadec",3,1.17
"pc2","4cpu-amd",0.9,"seadec",1,1.17
"pc2","4cpu-amd",0.9,"seadec",4,1.17
"pc2","4cpu-amd",0.9,"seadec",2,1.17
"pc2","4cpu-amd",0.9,"seadec",1,1.15
"pc2","4cpu-amd",0.9,"seadec",4,1.15
"pc2","4cpu-amd",0.9,"seadec",3,1.18
"pc2","4cpu-amd",0.9,"seadec",3,1.02
"pc2","4cpu-amd",0.9,"seadec",2,1.02
"pc2","4cpu-amd",0.9,"seadec",4,1.02
"pc2","4cpu-amd",0.9,"seadec",1,1.02
"pc2","4cpu-amd",0.9,"seadec",4,1
"pc2","4cpu-amd",0.9,"seadec",1,1
"pc2","4cpu-amd",0.9,"seadec",3,1
"pc2","4cpu-amd",0.9,"seadec",2,1.78
"pc2","4cpu-amd",0.9,"seadec",2,1.01
"pc2","4cpu-amd",0.9,"seadec",1,0.99
"pc2","4cpu-amd",0.9,"seadec",3,1
"pc2","4cpu-amd",0.9,"seadec",4,1
"pc2","4cpu-amd",0.9,"seadec",4,1
"pc2","4cpu-amd",0.9,"seadec",2,1
"pc2","4cpu-amd",0.9,"seadec",1,1
"pc2","4cpu-amd",0.9,"seadec",3,1
"pc2","4cpu-amd",0.9,"seadec",2,0.99
"pc2","4cpu-amd",0.9,"seadec",1,1.02
"pc2","4cpu-amd",0.9,"seadec",3,1
"pc2","4cpu-amd",0.9,"seadec",4,1.01
"pc2","4cpu-amd",0.9,"seadec",2,0.99
"pc2","4cpu-amd",0.9,"seadec",3,0.99
"pc2","4cpu-amd",0.9,"seadec",4,0.99
"pc2","4cpu-amd",0.9,"seadec",1,0.99
"pc2","4cpu-amd",0.9,"seadec",1,0.97
"pc2","4cpu-amd",0.9,"seadec",4,0.98
"pc2","4cpu-amd",0.9,"seadec",2,0.98
"pc2","4cpu-amd",0.9,"seadec",3,0.98
"pc2","4cpu-amd",0.9,"seadec",1,0.97
"pc2","4cpu-amd",0.9,"seadec",2,0.99
"pc2","4cpu-amd",0.9,"seadec",4,0.99
"pc2","4cpu-amd",0.9,"seadec",3,0.99
"pc2","4cpu-amd",0.9,"seadec",1,1.01
"pc2","4cpu-amd",0.9,"seadec",2,1.01
"pc2","4cpu-amd",0.9,"seadec",3,1.01
"pc2","4cpu-amd",0.9,"seadec",4,1
"pc2","4cpu-amd",0.9,"seadec",4,0.98
"pc2","4cpu-amd",0.9,"seadec",1,0.98
"pc2","4cpu-amd",0.9,"seadec",2,1.02
"pc2","4cpu-amd",0.9,"seadec",3,1.02
"pc2","4cpu-amd",0.9,"seadec",1,1.01
"pc2","4cpu-amd",0.9,"seadec",4,1.01
"pc2","4cpu-amd",0.9,"seadec",2,1.01
"pc2","4cpu-amd",0.9,"seadec",3,1.01
"pc2","4cpu-amd",0.9,"seadec",1,0.97
"pc2","4cpu-amd",0.9,"seadec",2,0.98
"pc2","4cpu-amd",0.9,"seadec",3,0.99
"pc2","4cpu-amd",0.9,"seadec",4,1
"pc2","4cpu-amd",0.9,"seadec",1,1
"pc2","4cpu-amd",0.9,"seadec",3,1.03
"pc2","4cpu-amd",0.9,"seadec",4,1.03
"pc2","4cpu-amd",0.9,"seadec",2,1.03
"pc2","4cpu-amd",0.9,"seadec",1,1
"pc2","4cpu-amd",0.9,"seadec",2,1
"pc2","4cpu-amd",0.9,"seadec",3,1.01
"pc2","4cpu-amd",0.9,"seadec",4,1.03
"pc2","4cpu-amd",0.9,"seadec",1,0.99
"pc2","4cpu-amd",0.9,"seadec",4,1.01
"pc2","4cpu-amd",0.9,"seadec",2,1.01
"pc2","4cpu-amd",0.9,"seadec",3,1.02
"pc2","4cpu-amd",0.9,"seadec",1,0.97
"pc2","4cpu-amd",0.9,"seadec",4,0.99
"pc2","4cpu-amd",0.9,"seadec",2,1.01
"pc2","4cpu-amd",0.9,"seadec",3,1.02
"pc2","4cpu-amd",0.9,"seadec",1,1.01
"pc2","4cpu-amd",0.9,"seadec",2,1.01
"pc2","4cpu-amd",0.9,"seadec",1,0.99
"pc2","4cpu-amd",0.9,"seadec",2,1
"pc2","4cpu-amd",0.9,"seadec",4,1.02
"pc2","4cpu-amd",0.9,"seadec",3,1.03
"pc2","4cpu-amd",0.9,"seadec",1,0.99
"pc2","4cpu-amd",0.9,"seadec",2,1
"pc2","4cpu-amd",0.9,"seadec",4,1
"pc2","4cpu-amd",0.9,"seadec",3,1.01
"pc2","4cpu-amd",0.9,"seadec",2,1.01
"pc2","4cpu-amd",0.9,"seadec",1,1.01
"pc2","4cpu-amd",0.9,"seadec",4,1.01
"pc2","4cpu-amd",0.9,"seadec",3,1.02
"pc2","4cpu-amd",0.9,"seadec",1,1.02
"pc2","4cpu-amd",0.9,"seadec",2,1.02
"pc2","4cpu-amd",0.9,"seadec",3,1.01
"pc2","4cpu-amd",0.9,"seadec",4,1.01
"pc2","4cpu-amd",0.9,"seadec",4,1.01
"pc2","4cpu-amd",0.9,"seadec",1,1.01
"pc2","4cpu-amd",0.9,"seadec",3,1.01
"pc2","4cpu-amd",0.9,"seadec",2,1.01
"pc2","4cpu-amd",0.9,"seadec",4,1.02
"pc2","4cpu-amd",0.9,"seadec",1,1.02
"pc2","4cpu-amd",0.9,"seadec",2,1.02
"pc2","4cpu-amd",0.9,"seadec",3,1.02
"pc2","4cpu-amd",0.9,"seadec",4,1.01
"pc2","4cpu-amd",0.9,"seadec",1,1.01
"pc2","4cpu-amd",0.9,"seadec",3,1.01
"pc2","4cpu-amd",0.9,"seadec",2,1.04
"pc2","4cpu-amd",0.9,"seadec",1,1.04
"pc2","4cpu-amd",0.9,"seadec",2,1.03
"pc2","4cpu-amd",0.9,"seadec",4,1.02
"pc2","4cpu-amd",0.9,"seadec",3,1.02
"pc2","4cpu-amd",0.9,"seadec",1,1.01
"pc2","4cpu-amd",0.9,"seadec",4,1.04
"pc2","4cpu-amd",0.9,"seadec",2,1.04
"pc2","4cpu-amd",0.9,"seadec",3,1.04
"pc2","4cpu-amd",0.9,"seadec",1,1.01
"pc2","4cpu-amd",0.9,"seadec",4,1.04
"pc2","4cpu-amd",0.9,"seadec",3,1.04
"pc2","4cpu-amd",0.9,"seadec",2,1.04
"pc2","4cpu-amd",0.9,"seadec",3,1.01
"pc2","4cpu-amd",0.9,"seadec",2,1.01
"pc2","4cpu-amd",0.9,"seadec",1,1.01
"pc2","4cpu-amd",0.9,"seadec",4,1.02
"pc2","4cpu-amd",1,"seadec",4,1
"pc2","4cpu-amd",1,"seadec",3,1.02
"pc2","4cpu-amd",1,"seadec",2,1.04
"pc2","4cpu-amd",1,"seadec",1,1.04
"pc2","4cpu-amd",1,"seadec",2,1.02
"pc2","4cpu-amd",1,"seadec",3,1.03
"pc2","4cpu-amd",1,"seadec",4,1.01
"pc2","4cpu-amd",1,"seadec",1,1.01
"pc2","4cpu-amd",1,"seadec",2,0.87
"pc2","4cpu-amd",1,"seadec",3,0.87
"pc2","4cpu-amd",1,"seadec",4,0.87
"pc2","4cpu-amd",1,"seadec",1,0.9
"pc2","4cpu-amd",1,"seadec",2,0.87
"pc2","4cpu-amd",1,"seadec",3,0.87
"pc2","4cpu-amd",1,"seadec",1,0.89
"pc2","4cpu-amd",1,"seadec",4,0.89
"pc2","4cpu-amd",1,"seadec",1,0.9
"pc2","4cpu-amd",1,"seadec",2,0.88
"pc2","4cpu-amd",1,"seadec",3,0.88
"pc2","4cpu-amd",1,"seadec",4,0.88
"pc2","4cpu-amd",1,"seadec",2,0.89
"pc2","4cpu-amd",1,"seadec",3,0.89
"pc2","4cpu-amd",1,"seadec",4,0.89
"pc2","4cpu-amd",1,"seadec",1,0.89
"pc2","4cpu-amd",1,"seadec",1,0.91
"pc2","4cpu-amd",1,"seadec",2,0.87
"pc2","4cpu-amd",1,"seadec",3,0.87
"pc2","4cpu-amd",1,"seadec",4,0.87
"pc2","4cpu-amd",1,"seadec",1,0.87
"pc2","4cpu-amd",1,"seadec",4,0.89
"pc2","4cpu-amd",1,"seadec",3,0.87
"pc2","4cpu-amd",1,"seadec",2,0.89
"pc2","4cpu-amd",1,"seadec",1,0.89
"pc2","4cpu-amd",1,"seadec",2,0.89
"pc2","4cpu-amd",1,"seadec",3,0.91
"pc2","4cpu-amd",1,"seadec",4,0.96
"pc2","4cpu-amd",1,"seadec",1,0.88
"pc2","4cpu-amd",1,"seadec",2,0.88
"pc2","4cpu-amd",1,"seadec",4,0.88
"pc2","4cpu-amd",1,"seadec",3,0.88
"pc2","4cpu-amd",1,"seadec",1,0.9
"pc2","4cpu-amd",1,"seadec",3,0.9
"pc2","4cpu-amd",1,"seadec",2,0.9
"pc2","4cpu-amd",1,"seadec",4,0.88
"pc2","4cpu-amd",1,"seadec",4,0.89
"pc2","4cpu-amd",1,"seadec",1,0.89
"pc2","4cpu-amd",1,"seadec",2,0.89
"pc2","4cpu-amd",1,"seadec",3,0.91
"pc2","4cpu-amd",1,"seadec",1,0.88
"pc2","4cpu-amd",1,"seadec",4,0.89
"pc2","4cpu-amd",1,"seadec",2,0.89
"pc2","4cpu-amd",1,"seadec",3,0.89
"pc2","4cpu-amd",1,"seadec",2,0.86
"pc2","4cpu-amd",1,"seadec",1,0.9
"pc2","4cpu-amd",1,"seadec",3,0.9
"pc2","4cpu-amd",1,"seadec",4,0.89
"pc2","4cpu-amd",1,"seadec",2,0.87
"pc2","4cpu-amd",1,"seadec",1,0.88
"pc2","4cpu-amd",1,"seadec",3,0.88
"pc2","4cpu-amd",1,"seadec",4,0.88
"pc2","4cpu-amd",1,"seadec",1,0.88
"pc2","4cpu-amd",1,"seadec",4,0.87
"pc2","4cpu-amd",1,"seadec",2,0.91
"pc2","4cpu-amd",1,"seadec",3,0.91
"pc2","4cpu-amd",1,"seadec",1,0.89
"pc2","4cpu-amd",1,"seadec",2,0.9
"pc2","4cpu-amd",1,"seadec",3,0.9
"pc2","4cpu-amd",1,"seadec",4,0.9
"pc2","4cpu-amd",1,"seadec",2,0.89
"pc2","4cpu-amd",1,"seadec",3,0.91
"pc2","4cpu-amd",1,"seadec",1,0.91
"pc2","4cpu-amd",1,"seadec",4,0.91
"pc2","4cpu-amd",1,"seadec",2,0.89
"pc2","4cpu-amd",1,"seadec",1,0.88
"pc2","4cpu-amd",1,"seadec",3,0.88
"pc2","4cpu-amd",1,"seadec",4,0.9
"pc2","4cpu-amd",1,"seadec",3,0.88
"pc2","4cpu-amd",1,"seadec",1,0.91
"pc2","4cpu-amd",1,"seadec",2,0.91
"pc2","4cpu-amd",1,"seadec",4,0.91
"pc2","4cpu-amd",1,"seadec",2,0.9
"pc2","4cpu-amd",1,"seadec",3,0.92
"pc2","4cpu-amd",1,"seadec",4,0.92
"pc2","4cpu-amd",1,"seadec",1,0.92
"pc2","4cpu-amd",1,"seadec",4,0.88
"pc2","4cpu-amd",1,"seadec",2,0.9
"pc2","4cpu-amd",1,"seadec",3,0.9
"pc2","4cpu-amd",1,"seadec",1,0.92
"pc2","4cpu-amd",1,"seadec",1,0.89
"pc2","4cpu-amd",1,"seadec",2,0.89
"pc2","4cpu-amd",1,"seadec",4,0.88
"pc2","4cpu-amd",1,"seadec",3,0.9
"pc2","4cpu-amd",1,"seadec",2,0.89
"pc2","4cpu-amd",1,"seadec",1,0.9
"pc2","4cpu-amd",1,"seadec",4,0.89
"pc2","4cpu-amd",1,"seadec",3,0.93
"pc2","4cpu-amd",1,"seadec",3,0.87
"pc2","4cpu-amd",1,"seadec",4,0.91
"pc2","4cpu-amd",1,"seadec",2,0.91
"pc2","4cpu-amd",1,"seadec",1,0.91
"pc2","4cpu-amd",1,"seadec",2,0.89
"pc2","4cpu-amd",1,"seadec",3,0.89
"pc2","4cpu-amd",1,"seadec",1,0.91
"pc2","4cpu-amd",1,"seadec",4,0.91
"pc2","4cpu-amd",1,"seadec",1,0.88
"pc2","4cpu-amd",1,"seadec",3,0.91
"pc2","4cpu-amd",1,"seadec",4,0.91
"pc2","4cpu-amd",1,"seadec",2,0.91
"pc2","4cpu-amd",1,"seadec",1,0.91
"pc2","4cpu-amd",1,"seadec",3,0.89
"pc2","4cpu-amd",1,"seadec",2,0.89
"pc2","4cpu-amd",1,"seadec",4,0.89
"pc2","4cpu-amd",1,"seadec",3,0.88
"pc2","4cpu-amd",1,"seadec",2,0.9
"pc2","4cpu-amd",1,"seadec",1,0.92
"pc2","4cpu-amd",1,"seadec",4,0.9
"pc2","4cpu-amd",1,"seadec",4,0.89
"pc2","4cpu-amd",1,"seadec",3,0.89
"pc2","4cpu-amd",1,"seadec",2,0.9
"pc2","4cpu-amd",1,"seadec",1,0.92
"pc2","4cpu-amd",0.1,"SMA",3,20.63
"pc2","4cpu-amd",0.1,"SMA",4,21.02
"pc2","4cpu-amd",0.1,"SMA",2,21.34
"pc2","4cpu-amd",0.1,"SMA",1,21.94
"pc2","4cpu-amd",0.1,"SMA",4,20.57
"pc2","4cpu-amd",0.1,"SMA",1,20.68
"pc2","4cpu-amd",0.1,"SMA",2,21.38
"pc2","4cpu-amd",0.1,"SMA",3,21.47
"pc2","4cpu-amd",0.1,"SMA",2,18.38
"pc2","4cpu-amd",0.1,"SMA",4,19.05
"pc2","4cpu-amd",0.1,"SMA",3,19.16
"pc2","4cpu-amd",0.1,"SMA",1,20.28
"pc2","4cpu-amd",0.1,"SMA",3,18.64
"pc2","4cpu-amd",0.1,"SMA",1,18.96
"pc2","4cpu-amd",0.1,"SMA",4,19.54
"pc2","4cpu-amd",0.1,"SMA",2,20.55
"pc2","4cpu-amd",0.1,"SMA",4,19.37
"pc2","4cpu-amd",0.1,"SMA",1,20.28
"pc2","4cpu-amd",0.1,"SMA",3,20.67
"pc2","4cpu-amd",0.1,"SMA",2,21.88
"pc2","4cpu-amd",0.1,"SMA",3,18.87
"pc2","4cpu-amd",0.1,"SMA",1,18.87
"pc2","4cpu-amd",0.1,"SMA",2,19.16
"pc2","4cpu-amd",0.1,"SMA",4,21.24
"pc2","4cpu-amd",0.1,"SMA",1,18.47
"pc2","4cpu-amd",0.1,"SMA",3,18.84
"pc2","4cpu-amd",0.1,"SMA",2,20.25
"pc2","4cpu-amd",0.1,"SMA",4,20.65
"pc2","4cpu-amd",0.1,"SMA",4,18.8
"pc2","4cpu-amd",0.1,"SMA",2,20.44
"pc2","4cpu-amd",0.1,"SMA",1,21.45
"pc2","4cpu-amd",0.1,"SMA",3,21.42
"pc2","4cpu-amd",0.1,"SMA",4,18.66
"pc2","4cpu-amd",0.1,"SMA",2,19.08
"pc2","4cpu-amd",0.1,"SMA",3,20.87
"pc2","4cpu-amd",0.1,"SMA",1,21.59
"pc2","4cpu-amd",0.1,"SMA",2,18.64
"pc2","4cpu-amd",0.1,"SMA",3,19.06
"pc2","4cpu-amd",0.1,"SMA",1,19.06
"pc2","4cpu-amd",0.1,"SMA",4,19.14
"pc2","4cpu-amd",0.1,"SMA",4,19.33
"pc2","4cpu-amd",0.1,"SMA",2,19.94
"pc2","4cpu-amd",0.1,"SMA",1,19.96
"pc2","4cpu-amd",0.1,"SMA",3,20.64
"pc2","4cpu-amd",0.1,"SMA",2,19.55
"pc2","4cpu-amd",0.1,"SMA",4,20.03
"pc2","4cpu-amd",0.1,"SMA",3,20.33
"pc2","4cpu-amd",0.1,"SMA",1,20.76
"pc2","4cpu-amd",0.1,"SMA",4,19.65
"pc2","4cpu-amd",0.1,"SMA",3,19.86
"pc2","4cpu-amd",0.1,"SMA",2,19.97
"pc2","4cpu-amd",0.1,"SMA",1,21.08
"pc2","4cpu-amd",0.1,"SMA",1,18.38
"pc2","4cpu-amd",0.1,"SMA",4,19.84
"pc2","4cpu-amd",0.1,"SMA",2,20.06
"pc2","4cpu-amd",0.1,"SMA",3,20.06
"pc2","4cpu-amd",0.1,"SMA",1,18.87
"pc2","4cpu-amd",0.1,"SMA",4,19.15
"pc2","4cpu-amd",0.1,"SMA",2,19.46
"pc2","4cpu-amd",0.1,"SMA",3,20.46
"pc2","4cpu-amd",0.1,"SMA",2,19.66
"pc2","4cpu-amd",0.1,"SMA",1,19.66
"pc2","4cpu-amd",0.1,"SMA",4,20.94
"pc2","4cpu-amd",0.1,"SMA",3,20.94
"pc2","4cpu-amd",0.1,"SMA",3,18.97
"pc2","4cpu-amd",0.1,"SMA",1,19.58
"pc2","4cpu-amd",0.1,"SMA",4,19.96
"pc2","4cpu-amd",0.1,"SMA",2,23.08
"pc2","4cpu-amd",0.1,"SMA",4,19.03
"pc2","4cpu-amd",0.1,"SMA",2,19.35
"pc2","4cpu-amd",0.1,"SMA",3,20.25
"pc2","4cpu-amd",0.1,"SMA",1,20.36
"pc2","4cpu-amd",0.1,"SMA",1,18.78
"pc2","4cpu-amd",0.1,"SMA",4,19.66
"pc2","4cpu-amd",0.1,"SMA",3,20.37
"pc2","4cpu-amd",0.1,"SMA",2,20.58
"pc2","4cpu-amd",0.1,"SMA",1,18.77
"pc2","4cpu-amd",0.1,"SMA",3,19.66
"pc2","4cpu-amd",0.1,"SMA",4,19.95
"pc2","4cpu-amd",0.1,"SMA",2,21.86
"pc2","4cpu-amd",0.1,"SMA",2,19.55
"pc2","4cpu-amd",0.1,"SMA",3,19.64
"pc2","4cpu-amd",0.1,"SMA",4,20.05
"pc2","4cpu-amd",0.1,"SMA",1,20.98
"pc2","4cpu-amd",0.1,"SMA",4,18.15
"pc2","4cpu-amd",0.1,"SMA",1,18.58
"pc2","4cpu-amd",0.1,"SMA",2,18.87
"pc2","4cpu-amd",0.1,"SMA",3,19.46
"pc2","4cpu-amd",0.1,"SMA",3,18.64
"pc2","4cpu-amd",0.1,"SMA",2,19.45
"pc2","4cpu-amd",0.1,"SMA",4,20.33
"pc2","4cpu-amd",0.1,"SMA",1,20.56
"pc2","4cpu-amd",0.1,"SMA",2,19.26
"pc2","4cpu-amd",0.1,"SMA",1,19.66
"pc2","4cpu-amd",0.1,"SMA",3,20.64
"pc2","4cpu-amd",0.1,"SMA",4,21.74
"pc2","4cpu-amd",0.1,"SMA",4,19.24
"pc2","4cpu-amd",0.1,"SMA",3,20.04
"pc2","4cpu-amd",0.1,"SMA",2,20.25
"pc2","4cpu-amd",0.1,"SMA",1,20.56
"pc2","4cpu-amd",0.1,"SMA",2,18.57
"pc2","4cpu-amd",0.1,"SMA",4,18.66
"pc2","4cpu-amd",0.1,"SMA",1,18.87
"pc2","4cpu-amd",0.1,"SMA",3,19.07
"pc2","4cpu-amd",0.1,"SMA",3,18.65
"pc2","4cpu-amd",0.1,"SMA",4,18.95
"pc2","4cpu-amd",0.1,"SMA",2,19.26
"pc2","4cpu-amd",0.1,"SMA",1,20.06
"pc2","4cpu-amd",0.1,"SMA",2,18.88
"pc2","4cpu-amd",0.1,"SMA",1,19.08
"pc2","4cpu-amd",0.1,"SMA",3,19.17
"pc2","4cpu-amd",0.1,"SMA",4,19.76
"pc2","4cpu-amd",0.1,"SMA",3,18.25
"pc2","4cpu-amd",0.1,"SMA",2,19.35
"pc2","4cpu-amd",0.1,"SMA",1,20.27
"pc2","4cpu-amd",0.1,"SMA",4,21.23
"pc2","4cpu-amd",0.1,"SMA",3,18.94
"pc2","4cpu-amd",0.1,"SMA",4,19.04
"pc2","4cpu-amd",0.1,"SMA",1,20.07
"pc2","4cpu-amd",0.1,"SMA",2,20.85
"pc2","4cpu-amd",0.2,"SMA",1,7.07
"pc2","4cpu-amd",0.2,"SMA",4,7.07
"pc2","4cpu-amd",0.2,"SMA",2,7.48
"pc2","4cpu-amd",0.2,"SMA",3,7.67
"pc2","4cpu-amd",0.2,"SMA",3,7.36
"pc2","4cpu-amd",0.2,"SMA",4,7.36
"pc2","4cpu-amd",0.2,"SMA",2,7.47
"pc2","4cpu-amd",0.2,"SMA",1,7.69
"pc2","4cpu-amd",0.2,"SMA",2,6.15
"pc2","4cpu-amd",0.2,"SMA",3,6.52
"pc2","4cpu-amd",0.2,"SMA",1,6.53
"pc2","4cpu-amd",0.2,"SMA",4,6.53
"pc2","4cpu-amd",0.2,"SMA",4,6.07
"pc2","4cpu-amd",0.2,"SMA",2,6.68
"pc2","4cpu-amd",0.2,"SMA",3,6.78
"pc2","4cpu-amd",0.2,"SMA",1,6.97
"pc2","4cpu-amd",0.2,"SMA",4,6.55
"pc2","4cpu-amd",0.2,"SMA",1,6.67
"pc2","4cpu-amd",0.2,"SMA",3,6.76
"pc2","4cpu-amd",0.2,"SMA",2,7.07
"pc2","4cpu-amd",0.2,"SMA",4,6.24
"pc2","4cpu-amd",0.2,"SMA",2,6.66
"pc2","4cpu-amd",0.2,"SMA",1,6.96
"pc2","4cpu-amd",0.2,"SMA",3,7.04
"pc2","4cpu-amd",0.2,"SMA",2,6.39
"pc2","4cpu-amd",0.2,"SMA",4,6.48
"pc2","4cpu-amd",0.2,"SMA",1,6.69
"pc2","4cpu-amd",0.2,"SMA",3,7.07
"pc2","4cpu-amd",0.2,"SMA",3,6.44
"pc2","4cpu-amd",0.2,"SMA",2,6.44
"pc2","4cpu-amd",0.2,"SMA",1,6.65
"pc2","4cpu-amd",0.2,"SMA",4,6.62
"pc2","4cpu-amd",0.2,"SMA",2,6.27
"pc2","4cpu-amd",0.2,"SMA",1,6.48
"pc2","4cpu-amd",0.2,"SMA",3,6.47
"pc2","4cpu-amd",0.2,"SMA",4,6.77
"pc2","4cpu-amd",0.2,"SMA",2,5.96
"pc2","4cpu-amd",0.2,"SMA",4,6.43
"pc2","4cpu-amd",0.2,"SMA",1,6.46
"pc2","4cpu-amd",0.2,"SMA",3,6.72
"pc2","4cpu-amd",0.2,"SMA",1,6.1
"pc2","4cpu-amd",0.2,"SMA",2,6.39
"pc2","4cpu-amd",0.2,"SMA",3,6.46
"pc2","4cpu-amd",0.2,"SMA",4,6.76
"pc2","4cpu-amd",0.2,"SMA",1,6.25
"pc2","4cpu-amd",0.2,"SMA",2,6.44
"pc2","4cpu-amd",0.2,"SMA",3,6.44
"pc2","4cpu-amd",0.2,"SMA",4,6.53
"pc2","4cpu-amd",0.2,"SMA",2,6.46
"pc2","4cpu-amd",0.2,"SMA",3,6.57
"pc2","4cpu-amd",0.2,"SMA",4,6.57
"pc2","4cpu-amd",0.2,"SMA",1,6.98
"pc2","4cpu-amd",0.2,"SMA",1,6.16
"pc2","4cpu-amd",0.2,"SMA",2,6.23
"pc2","4cpu-amd",0.2,"SMA",3,6.42
"pc2","4cpu-amd",0.2,"SMA",4,6.43
"pc2","4cpu-amd",0.2,"SMA",1,6.37
"pc2","4cpu-amd",0.2,"SMA",4,6.63
"pc2","4cpu-amd",0.2,"SMA",2,6.75
"pc2","4cpu-amd",0.2,"SMA",3,6.85
"pc2","4cpu-amd",0.2,"SMA",4,6.41
"pc2","4cpu-amd",0.2,"SMA",3,6.42
"pc2","4cpu-amd",0.2,"SMA",2,6.63
"pc2","4cpu-amd",0.2,"SMA",1,6.67
"pc2","4cpu-amd",0.2,"SMA",1,6.46
"pc2","4cpu-amd",0.2,"SMA",4,6.55
"pc2","4cpu-amd",0.2,"SMA",2,6.66
"pc2","4cpu-amd",0.2,"SMA",3,6.94
"pc2","4cpu-amd",0.2,"SMA",1,6.18
"pc2","4cpu-amd",0.2,"SMA",4,6.24
"pc2","4cpu-amd",0.2,"SMA",3,6.65
"pc2","4cpu-amd",0.2,"SMA",2,7.05
"pc2","4cpu-amd",0.2,"SMA",1,6.18
"pc2","4cpu-amd",0.2,"SMA",2,6.46
"pc2","4cpu-amd",0.2,"SMA",3,6.56
"pc2","4cpu-amd",0.2,"SMA",4,6.75
"pc2","4cpu-amd",0.2,"SMA",3,6.34
"pc2","4cpu-amd",0.2,"SMA",1,6.34
"pc2","4cpu-amd",0.2,"SMA",2,6.45
"pc2","4cpu-amd",0.2,"SMA",4,6.64
"pc2","4cpu-amd",0.2,"SMA",1,6.37
"pc2","4cpu-amd",0.2,"SMA",4,6.62
"pc2","4cpu-amd",0.2,"SMA",2,6.64
"pc2","4cpu-amd",0.2,"SMA",3,6.93
"pc2","4cpu-amd",0.2,"SMA",1,6.38
"pc2","4cpu-amd",0.2,"SMA",2,6.45
"pc2","4cpu-amd",0.2,"SMA",3,6.54
"pc2","4cpu-amd",0.2,"SMA",4,6.72
"pc2","4cpu-amd",0.2,"SMA",1,6.29
"pc2","4cpu-amd",0.2,"SMA",3,6.57
"pc2","4cpu-amd",0.2,"SMA",2,6.68
"pc2","4cpu-amd",0.2,"SMA",4,6.68
"pc2","4cpu-amd",0.2,"SMA",4,6.44
"pc2","4cpu-amd",0.2,"SMA",2,6.54
"pc2","4cpu-amd",0.2,"SMA",3,6.56
"pc2","4cpu-amd",0.2,"SMA",1,6.56
"pc2","4cpu-amd",0.2,"SMA",3,6.44
"pc2","4cpu-amd",0.2,"SMA",4,6.46
"pc2","4cpu-amd",0.2,"SMA",2,6.67
"pc2","4cpu-amd",0.2,"SMA",1,6.78
"pc2","4cpu-amd",0.2,"SMA",3,6.23
"pc2","4cpu-amd",0.2,"SMA",1,6.36
"pc2","4cpu-amd",0.2,"SMA",4,6.53
"pc2","4cpu-amd",0.2,"SMA",2,6.75
"pc2","4cpu-amd",0.2,"SMA",1,6.17
"pc2","4cpu-amd",0.2,"SMA",4,6.24
"pc2","4cpu-amd",0.2,"SMA",3,6.33
"pc2","4cpu-amd",0.2,"SMA",2,6.74
"pc2","4cpu-amd",0.2,"SMA",4,6.13
"pc2","4cpu-amd",0.2,"SMA",3,6.24
"pc2","4cpu-amd",0.2,"SMA",1,6.37
"pc2","4cpu-amd",0.2,"SMA",2,6.95
"pc2","4cpu-amd",0.2,"SMA",1,6.37
"pc2","4cpu-amd",0.2,"SMA",4,6.35
"pc2","4cpu-amd",0.2,"SMA",2,6.44
"pc2","4cpu-amd",0.2,"SMA",3,6.75
"pc2","4cpu-amd",0.2,"SMA",1,6.16
"pc2","4cpu-amd",0.2,"SMA",3,6.34
"pc2","4cpu-amd",0.2,"SMA",2,6.54
"pc2","4cpu-amd",0.2,"SMA",4,6.54
"pc2","4cpu-amd",0.3,"SMA",3,4.13
"pc2","4cpu-amd",0.3,"SMA",4,4.2
"pc2","4cpu-amd",0.3,"SMA",1,4.25
"pc2","4cpu-amd",0.3,"SMA",2,4.25
"pc2","4cpu-amd",0.3,"SMA",1,4.09
"pc2","4cpu-amd",0.3,"SMA",4,4.16
"pc2","4cpu-amd",0.3,"SMA",3,4.25
"pc2","4cpu-amd",0.3,"SMA",2,4.37
"pc2","4cpu-amd",0.3,"SMA",1,3.66
"pc2","4cpu-amd",0.3,"SMA",2,3.64
"pc2","4cpu-amd",0.3,"SMA",3,3.66
"pc2","4cpu-amd",0.3,"SMA",4,3.66
"pc2","4cpu-amd",0.3,"SMA",4,3.59
"pc2","4cpu-amd",0.3,"SMA",3,3.61
"pc2","4cpu-amd",0.3,"SMA",1,3.75
"pc2","4cpu-amd",0.3,"SMA",2,3.81
"pc2","4cpu-amd",0.3,"SMA",3,3.39
"pc2","4cpu-amd",0.3,"SMA",4,3.57
"pc2","4cpu-amd",0.3,"SMA",2,3.68
"pc2","4cpu-amd",0.3,"SMA",1,3.68
"pc2","4cpu-amd",0.3,"SMA",1,3.55
"pc2","4cpu-amd",0.3,"SMA",2,3.55
"pc2","4cpu-amd",0.3,"SMA",3,3.62
"pc2","4cpu-amd",0.3,"SMA",4,3.64
"pc2","4cpu-amd",0.3,"SMA",1,3.47
"pc2","4cpu-amd",0.3,"SMA",2,3.47
"pc2","4cpu-amd",0.3,"SMA",3,3.67
"pc2","4cpu-amd",0.3,"SMA",4,3.85
"pc2","4cpu-amd",0.3,"SMA",2,3.45
"pc2","4cpu-amd",0.3,"SMA",3,3.55
"pc2","4cpu-amd",0.3,"SMA",4,3.55
"pc2","4cpu-amd",0.3,"SMA",1,3.66
"pc2","4cpu-amd",0.3,"SMA",2,3.49
"pc2","4cpu-amd",0.3,"SMA",1,3.49
"pc2","4cpu-amd",0.3,"SMA",4,3.56
"pc2","4cpu-amd",0.3,"SMA",3,3.65
"pc2","4cpu-amd",0.3,"SMA",3,3.58
"pc2","4cpu-amd",0.3,"SMA",1,3.67
"pc2","4cpu-amd",0.3,"SMA",4,3.69
"pc2","4cpu-amd",0.3,"SMA",2,3.69
"pc2","4cpu-amd",0.3,"SMA",1,3.57
"pc2","4cpu-amd",0.3,"SMA",3,3.65
"pc2","4cpu-amd",0.3,"SMA",2,3.66
"pc2","4cpu-amd",0.3,"SMA",4,3.75
"pc2","4cpu-amd",0.3,"SMA",3,3.56
"pc2","4cpu-amd",0.3,"SMA",2,3.64
"pc2","4cpu-amd",0.3,"SMA",1,3.67
"pc2","4cpu-amd",0.3,"SMA",4,3.75
"pc2","4cpu-amd",0.3,"SMA",3,3.59
"pc2","4cpu-amd",0.3,"SMA",2,3.59
"pc2","4cpu-amd",0.3,"SMA",4,3.75
"pc2","4cpu-amd",0.3,"SMA",1,3.79
"pc2","4cpu-amd",0.3,"SMA",4,3.53
"pc2","4cpu-amd",0.3,"SMA",2,3.55
"pc2","4cpu-amd",0.3,"SMA",3,3.64
"pc2","4cpu-amd",0.3,"SMA",1,3.77
"pc2","4cpu-amd",0.3,"SMA",3,3.74
"pc2","4cpu-amd",0.3,"SMA",2,3.74
"pc2","4cpu-amd",0.3,"SMA",1,3.74
"pc2","4cpu-amd",0.3,"SMA",4,3.81
"pc2","4cpu-amd",0.3,"SMA",1,3.58
"pc2","4cpu-amd",0.3,"SMA",3,3.58
"pc2","4cpu-amd",0.3,"SMA",4,3.79
"pc2","4cpu-amd",0.3,"SMA",2,3.79
"pc2","4cpu-amd",0.3,"SMA",3,3.45
"pc2","4cpu-amd",0.3,"SMA",1,3.55
"pc2","4cpu-amd",0.3,"SMA",2,3.56
"pc2","4cpu-amd",0.3,"SMA",4,3.83
"pc2","4cpu-amd",0.3,"SMA",2,3.66
"pc2","4cpu-amd",0.3,"SMA",3,3.75
"pc2","4cpu-amd",0.3,"SMA",1,3.78
"pc2","4cpu-amd",0.3,"SMA",4,3.78
"pc2","4cpu-amd",0.3,"SMA",1,3.67
"pc2","4cpu-amd",0.3,"SMA",2,3.68
"pc2","4cpu-amd",0.3,"SMA",3,3.75
"pc2","4cpu-amd",0.3,"SMA",4,3.75
"pc2","4cpu-amd",0.3,"SMA",1,3.6
"pc2","4cpu-amd",0.3,"SMA",2,3.68
"pc2","4cpu-amd",0.3,"SMA",3,3.68
"pc2","4cpu-amd",0.3,"SMA",4,3.69
"pc2","4cpu-amd",0.3,"SMA",4,3.68
"pc2","4cpu-amd",0.3,"SMA",1,3.7
"pc2","4cpu-amd",0.3,"SMA",3,3.7
"pc2","4cpu-amd",0.3,"SMA",2,3.7
"pc2","4cpu-amd",0.3,"SMA",4,3.66
"pc2","4cpu-amd",0.3,"SMA",2,3.75
"pc2","4cpu-amd",0.3,"SMA",1,3.77
"pc2","4cpu-amd",0.3,"SMA",3,3.84
"pc2","4cpu-amd",0.3,"SMA",1,3.59
"pc2","4cpu-amd",0.3,"SMA",4,3.67
"pc2","4cpu-amd",0.3,"SMA",2,3.75
"pc2","4cpu-amd",0.3,"SMA",3,3.85
"pc2","4cpu-amd",0.3,"SMA",3,3.65
"pc2","4cpu-amd",0.3,"SMA",4,3.65
"pc2","4cpu-amd",0.3,"SMA",1,3.69
"pc2","4cpu-amd",0.3,"SMA",2,3.86
"pc2","4cpu-amd",0.3,"SMA",4,3.64
"pc2","4cpu-amd",0.3,"SMA",3,3.66
"pc2","4cpu-amd",0.3,"SMA",2,3.78
"pc2","4cpu-amd",0.3,"SMA",1,3.78
"pc2","4cpu-amd",0.3,"SMA",4,3.54
"pc2","4cpu-amd",0.3,"SMA",2,3.78
"pc2","4cpu-amd",0.3,"SMA",3,3.77
"pc2","4cpu-amd",0.3,"SMA",1,3.77
"pc2","4cpu-amd",0.3,"SMA",2,3.54
"pc2","4cpu-amd",0.3,"SMA",3,3.71
"pc2","4cpu-amd",0.3,"SMA",4,3.71
"pc2","4cpu-amd",0.3,"SMA",1,3.76
"pc2","4cpu-amd",0.3,"SMA",3,3.46
"pc2","4cpu-amd",0.3,"SMA",4,3.75
"pc2","4cpu-amd",0.3,"SMA",2,3.86
"pc2","4cpu-amd",0.3,"SMA",1,3.96
"pc2","4cpu-amd",0.3,"SMA",2,3.68
"pc2","4cpu-amd",0.3,"SMA",4,3.69
"pc2","4cpu-amd",0.3,"SMA",3,3.79
"pc2","4cpu-amd",0.3,"SMA",1,3.81
"pc2","4cpu-amd",0.3,"SMA",4,3.71
"pc2","4cpu-amd",0.3,"SMA",1,3.84
"pc2","4cpu-amd",0.3,"SMA",3,3.81
"pc2","4cpu-amd",0.3,"SMA",2,3.85
"pc2","4cpu-amd",0.4,"SMA",2,2.83
"pc2","4cpu-amd",0.4,"SMA",3,2.89
"pc2","4cpu-amd",0.4,"SMA",4,2.91
"pc2","4cpu-amd",0.4,"SMA",1,2.93
"pc2","4cpu-amd",0.4,"SMA",3,2.77
"pc2","4cpu-amd",0.4,"SMA",2,2.87
"pc2","4cpu-amd",0.4,"SMA",1,2.89
"pc2","4cpu-amd",0.4,"SMA",4,2.89
"pc2","4cpu-amd",0.4,"SMA",2,2.45
"pc2","4cpu-amd",0.4,"SMA",3,2.55
"pc2","4cpu-amd",0.4,"SMA",1,2.54
"pc2","4cpu-amd",0.4,"SMA",4,2.54
"pc2","4cpu-amd",0.4,"SMA",3,2.49
"pc2","4cpu-amd",0.4,"SMA",4,2.5
"pc2","4cpu-amd",0.4,"SMA",2,2.53
"pc2","4cpu-amd",0.4,"SMA",1,2.63
"pc2","4cpu-amd",0.4,"SMA",2,2.48
"pc2","4cpu-amd",0.4,"SMA",3,2.48
"pc2","4cpu-amd",0.4,"SMA",1,2.51
"pc2","4cpu-amd",0.4,"SMA",4,2.51
"pc2","4cpu-amd",0.4,"SMA",3,2.47
"pc2","4cpu-amd",0.4,"SMA",1,2.55
"pc2","4cpu-amd",0.4,"SMA",4,2.55
"pc2","4cpu-amd",0.4,"SMA",2,2.56
"pc2","4cpu-amd",0.4,"SMA",1,2.37
"pc2","4cpu-amd",0.4,"SMA",2,2.56
"pc2","4cpu-amd",0.4,"SMA",3,2.56
"pc2","4cpu-amd",0.4,"SMA",4,2.65
"pc2","4cpu-amd",0.4,"SMA",1,2.39
"pc2","4cpu-amd",0.4,"SMA",2,2.46
"pc2","4cpu-amd",0.4,"SMA",3,2.53
"pc2","4cpu-amd",0.4,"SMA",4,2.62
"pc2","4cpu-amd",0.4,"SMA",1,2.49
"pc2","4cpu-amd",0.4,"SMA",3,2.48
"pc2","4cpu-amd",0.4,"SMA",2,2.5
"pc2","4cpu-amd",0.4,"SMA",4,2.57
"pc2","4cpu-amd",0.4,"SMA",2,2.49
"pc2","4cpu-amd",0.4,"SMA",3,2.49
"pc2","4cpu-amd",0.4,"SMA",1,2.57
"pc2","4cpu-amd",0.4,"SMA",4,2.57
"pc2","4cpu-amd",0.4,"SMA",1,2.48
"pc2","4cpu-amd",0.4,"SMA",3,2.48
"pc2","4cpu-amd",0.4,"SMA",4,2.57
"pc2","4cpu-amd",0.4,"SMA",2,2.57
"pc2","4cpu-amd",0.4,"SMA",3,2.45
"pc2","4cpu-amd",0.4,"SMA",2,2.46
"pc2","4cpu-amd",0.4,"SMA",4,2.55
"pc2","4cpu-amd",0.4,"SMA",1,2.69
"pc2","4cpu-amd",0.4,"SMA",3,2.45
"pc2","4cpu-amd",0.4,"SMA",2,2.54
"pc2","4cpu-amd",0.4,"SMA",4,2.52
"pc2","4cpu-amd",0.4,"SMA",1,2.64
"pc2","4cpu-amd",0.4,"SMA",4,2.46
"pc2","4cpu-amd",0.4,"SMA",3,2.48
"pc2","4cpu-amd",0.4,"SMA",1,2.5
"pc2","4cpu-amd",0.4,"SMA",2,2.6
"pc2","4cpu-amd",0.4,"SMA",1,2.47
"pc2","4cpu-amd",0.4,"SMA",2,2.56
"pc2","4cpu-amd",0.4,"SMA",3,2.56
"pc2","4cpu-amd",0.4,"SMA",4,2.65
"pc2","4cpu-amd",0.4,"SMA",2,2.47
"pc2","4cpu-amd",0.4,"SMA",1,2.49
"pc2","4cpu-amd",0.4,"SMA",3,2.54
"pc2","4cpu-amd",0.4,"SMA",4,2.65
"pc2","4cpu-amd",0.4,"SMA",1,2.55
"pc2","4cpu-amd",0.4,"SMA",3,2.55
"pc2","4cpu-amd",0.4,"SMA",2,2.58
"pc2","4cpu-amd",0.4,"SMA",4,2.62
"pc2","4cpu-amd",0.4,"SMA",2,2.51
"pc2","4cpu-amd",0.4,"SMA",3,2.52
"pc2","4cpu-amd",0.4,"SMA",1,2.6
"pc2","4cpu-amd",0.4,"SMA",4,2.6
"pc2","4cpu-amd",0.4,"SMA",3,2.47
"pc2","4cpu-amd",0.4,"SMA",1,2.56
"pc2","4cpu-amd",0.4,"SMA",2,2.58
"pc2","4cpu-amd",0.4,"SMA",4,2.74
"pc2","4cpu-amd",0.4,"SMA",2,2.49
"pc2","4cpu-amd",0.4,"SMA",3,2.56
"pc2","4cpu-amd",0.4,"SMA",4,2.57
"pc2","4cpu-amd",0.4,"SMA",1,2.6
"pc2","4cpu-amd",0.4,"SMA",3,2.58
"pc2","4cpu-amd",0.4,"SMA",1,2.58
"pc2","4cpu-amd",0.4,"SMA",4,2.64
"pc2","4cpu-amd",0.4,"SMA",2,2.65
"pc2","4cpu-amd",0.4,"SMA",1,2.49
"pc2","4cpu-amd",0.4,"SMA",2,2.58
"pc2","4cpu-amd",0.4,"SMA",3,2.58
"pc2","4cpu-amd",0.4,"SMA",4,2.67
"pc2","4cpu-amd",0.4,"SMA",1,2.56
"pc2","4cpu-amd",0.4,"SMA",2,2.56
"pc2","4cpu-amd",0.4,"SMA",4,2.56
"pc2","4cpu-amd",0.4,"SMA",3,2.56
"pc2","4cpu-amd",0.4,"SMA",3,2.63
"pc2","4cpu-amd",0.4,"SMA",4,2.63
"pc2","4cpu-amd",0.4,"SMA",1,2.73
"pc2","4cpu-amd",0.4,"SMA",2,2.73
"pc2","4cpu-amd",0.4,"SMA",3,2.55
"pc2","4cpu-amd",0.4,"SMA",4,2.55
"pc2","4cpu-amd",0.4,"SMA",1,2.6
"pc2","4cpu-amd",0.4,"SMA",2,2.67
"pc2","4cpu-amd",0.4,"SMA",3,2.49
"pc2","4cpu-amd",0.4,"SMA",4,2.51
"pc2","4cpu-amd",0.4,"SMA",1,2.51
"pc2","4cpu-amd",0.4,"SMA",2,2.67
"pc2","4cpu-amd",0.4,"SMA",2,2.49
"pc2","4cpu-amd",0.4,"SMA",4,2.49
"pc2","4cpu-amd",0.4,"SMA",3,2.49
"pc2","4cpu-amd",0.4,"SMA",1,2.58
"pc2","4cpu-amd",0.4,"SMA",4,2.54
"pc2","4cpu-amd",0.4,"SMA",3,2.56
"pc2","4cpu-amd",0.4,"SMA",1,2.59
"pc2","4cpu-amd",0.4,"SMA",2,2.59
"pc2","4cpu-amd",0.4,"SMA",1,2.55
"pc2","4cpu-amd",0.4,"SMA",4,2.55
"pc2","4cpu-amd",0.4,"SMA",3,2.63
"pc2","4cpu-amd",0.4,"SMA",2,2.65
"pc2","4cpu-amd",0.4,"SMA",1,2.55
"pc2","4cpu-amd",0.4,"SMA",3,2.55
"pc2","4cpu-amd",0.4,"SMA",2,2.57
"pc2","4cpu-amd",0.4,"SMA",4,2.64
"pc2","4cpu-amd",0.5,"SMA",2,2.23
"pc2","4cpu-amd",0.5,"SMA",3,2.23
"pc2","4cpu-amd",0.5,"SMA",4,2.23
"pc2","4cpu-amd",0.5,"SMA",1,2.27
"pc2","4cpu-amd",0.5,"SMA",4,2.17
"pc2","4cpu-amd",0.5,"SMA",1,2.27
"pc2","4cpu-amd",0.5,"SMA",2,2.27
"pc2","4cpu-amd",0.5,"SMA",3,2.27
"pc2","4cpu-amd",0.5,"SMA",1,1.95
"pc2","4cpu-amd",0.5,"SMA",3,1.95
"pc2","4cpu-amd",0.5,"SMA",2,1.98
"pc2","4cpu-amd",0.5,"SMA",4,2.02
"pc2","4cpu-amd",0.5,"SMA",2,1.89
"pc2","4cpu-amd",0.5,"SMA",4,1.89
"pc2","4cpu-amd",0.5,"SMA",1,1.91
"pc2","4cpu-amd",0.5,"SMA",3,1.89
"pc2","4cpu-amd",0.5,"SMA",4,1.92
"pc2","4cpu-amd",0.5,"SMA",3,1.95
"pc2","4cpu-amd",0.5,"SMA",2,1.97
"pc2","4cpu-amd",0.5,"SMA",1,1.97
"pc2","4cpu-amd",0.5,"SMA",3,1.91
"pc2","4cpu-amd",0.5,"SMA",4,1.91
"pc2","4cpu-amd",0.5,"SMA",1,1.95
"pc2","4cpu-amd",0.5,"SMA",2,1.95
"pc2","4cpu-amd",0.5,"SMA",2,1.97
"pc2","4cpu-amd",0.5,"SMA",3,1.96
"pc2","4cpu-amd",0.5,"SMA",1,1.96
"pc2","4cpu-amd",0.5,"SMA",4,1.96
"pc2","4cpu-amd",0.5,"SMA",4,1.89
"pc2","4cpu-amd",0.5,"SMA",2,1.93
"pc2","4cpu-amd",0.5,"SMA",1,1.93
"pc2","4cpu-amd",0.5,"SMA",3,1.93
"pc2","4cpu-amd",0.5,"SMA",3,1.94
"pc2","4cpu-amd",0.5,"SMA",4,1.93
"pc2","4cpu-amd",0.5,"SMA",2,1.98
"pc2","4cpu-amd",0.5,"SMA",1,1.98
"pc2","4cpu-amd",0.5,"SMA",4,1.91
"pc2","4cpu-amd",0.5,"SMA",3,1.96
"pc2","4cpu-amd",0.5,"SMA",1,1.96
"pc2","4cpu-amd",0.5,"SMA",2,1.97
"pc2","4cpu-amd",0.5,"SMA",1,1.89
"pc2","4cpu-amd",0.5,"SMA",4,1.93
"pc2","4cpu-amd",0.5,"SMA",2,1.97
"pc2","4cpu-amd",0.5,"SMA",3,2.05
"pc2","4cpu-amd",0.5,"SMA",1,1.95
"pc2","4cpu-amd",0.5,"SMA",2,1.95
"pc2","4cpu-amd",0.5,"SMA",3,1.97
"pc2","4cpu-amd",0.5,"SMA",4,1.97
"pc2","4cpu-amd",0.5,"SMA",3,1.92
"pc2","4cpu-amd",0.5,"SMA",2,1.95
"pc2","4cpu-amd",0.5,"SMA",1,1.95
"pc2","4cpu-amd",0.5,"SMA",4,1.95
"pc2","4cpu-amd",0.5,"SMA",1,1.94
"pc2","4cpu-amd",0.5,"SMA",4,1.94
"pc2","4cpu-amd",0.5,"SMA",2,1.95
"pc2","4cpu-amd",0.5,"SMA",3,2.04
"pc2","4cpu-amd",0.5,"SMA",1,1.89
"pc2","4cpu-amd",0.5,"SMA",4,1.92
"pc2","4cpu-amd",0.5,"SMA",2,2.02
"pc2","4cpu-amd",0.5,"SMA",3,2.03
"pc2","4cpu-amd",0.5,"SMA",2,1.95
"pc2","4cpu-amd",0.5,"SMA",1,1.95
"pc2","4cpu-amd",0.5,"SMA",4,1.97
"pc2","4cpu-amd",0.5,"SMA",3,2.05
"pc2","4cpu-amd",0.5,"SMA",1,1.89
"pc2","4cpu-amd",0.5,"SMA",2,1.9
"pc2","4cpu-amd",0.5,"SMA",3,1.96
"pc2","4cpu-amd",0.5,"SMA",4,1.97
"pc2","4cpu-amd",0.5,"SMA",1,1.89
"pc2","4cpu-amd",0.5,"SMA",4,1.96
"pc2","4cpu-amd",0.5,"SMA",3,1.97
"pc2","4cpu-amd",0.5,"SMA",2,1.97
"pc2","4cpu-amd",0.5,"SMA",1,1.88
"pc2","4cpu-amd",0.5,"SMA",2,1.98
"pc2","4cpu-amd",0.5,"SMA",3,1.98
"pc2","4cpu-amd",0.5,"SMA",4,1.97
"pc2","4cpu-amd",0.5,"SMA",2,1.96
"pc2","4cpu-amd",0.5,"SMA",1,1.99
"pc2","4cpu-amd",0.5,"SMA",3,2.03
"pc2","4cpu-amd",0.5,"SMA",4,2.05
"pc2","4cpu-amd",0.5,"SMA",2,1.9
"pc2","4cpu-amd",0.5,"SMA",1,1.9
"pc2","4cpu-amd",0.5,"SMA",3,1.97
"pc2","4cpu-amd",0.5,"SMA",4,1.99
"pc2","4cpu-amd",0.5,"SMA",2,1.98
"pc2","4cpu-amd",0.5,"SMA",3,1.98
"pc2","4cpu-amd",0.5,"SMA",1,1.98
"pc2","4cpu-amd",0.5,"SMA",4,2.03
"pc2","4cpu-amd",0.5,"SMA",1,1.91
"pc2","4cpu-amd",0.5,"SMA",2,1.96
"pc2","4cpu-amd",0.5,"SMA",4,1.95
"pc2","4cpu-amd",0.5,"SMA",3,1.97
"pc2","4cpu-amd",0.5,"SMA",4,1.88
"pc2","4cpu-amd",0.5,"SMA",1,1.98
"pc2","4cpu-amd",0.5,"SMA",2,1.98
"pc2","4cpu-amd",0.5,"SMA",3,2.06
"pc2","4cpu-amd",0.5,"SMA",3,1.95
"pc2","4cpu-amd",0.5,"SMA",1,1.97
"pc2","4cpu-amd",0.5,"SMA",2,1.98
"pc2","4cpu-amd",0.5,"SMA",4,1.96
"pc2","4cpu-amd",0.5,"SMA",2,1.97
"pc2","4cpu-amd",0.5,"SMA",4,1.97
"pc2","4cpu-amd",0.5,"SMA",3,1.99
"pc2","4cpu-amd",0.5,"SMA",1,1.99
"pc2","4cpu-amd",0.5,"SMA",4,1.93
"pc2","4cpu-amd",0.5,"SMA",2,2
"pc2","4cpu-amd",0.5,"SMA",1,2
"pc2","4cpu-amd",0.5,"SMA",3,2.04
"pc2","4cpu-amd",0.5,"SMA",4,1.9
"pc2","4cpu-amd",0.5,"SMA",3,1.96
"pc2","4cpu-amd",0.5,"SMA",2,1.99
"pc2","4cpu-amd",0.5,"SMA",1,1.99
"pc2","4cpu-amd",0.5,"SMA",4,1.88
"pc2","4cpu-amd",0.5,"SMA",2,2.01
"pc2","4cpu-amd",0.5,"SMA",1,2.01
"pc2","4cpu-amd",0.5,"SMA",3,2
"pc2","4cpu-amd",0.5,"SMA",4,1.93
"pc2","4cpu-amd",0.5,"SMA",1,1.98
"pc2","4cpu-amd",0.5,"SMA",3,1.97
"pc2","4cpu-amd",0.5,"SMA",2,2.06
"pc2","4cpu-amd",0.6,"SMA",2,1.82
"pc2","4cpu-amd",0.6,"SMA",3,1.82
"pc2","4cpu-amd",0.6,"SMA",1,1.82
"pc2","4cpu-amd",0.6,"SMA",4,1.84
"pc2","4cpu-amd",0.6,"SMA",1,1.78
"pc2","4cpu-amd",0.6,"SMA",3,1.79
"pc2","4cpu-amd",0.6,"SMA",2,1.79
"pc2","4cpu-amd",0.6,"SMA",4,1.79
"pc2","4cpu-amd",0.6,"SMA",1,1.55
"pc2","4cpu-amd",0.6,"SMA",2,1.55
"pc2","4cpu-amd",0.6,"SMA",4,1.55
"pc2","4cpu-amd",0.6,"SMA",3,1.55
"pc2","4cpu-amd",0.6,"SMA",1,1.56
"pc2","4cpu-amd",0.6,"SMA",2,1.56
"pc2","4cpu-amd",0.6,"SMA",3,1.56
"pc2","4cpu-amd",0.6,"SMA",4,1.56
"pc2","4cpu-amd",0.6,"SMA",1,1.56
"pc2","4cpu-amd",0.6,"SMA",2,1.56
"pc2","4cpu-amd",0.6,"SMA",4,1.56
"pc2","4cpu-amd",0.6,"SMA",3,1.66
"pc2","4cpu-amd",0.6,"SMA",3,1.53
"pc2","4cpu-amd",0.6,"SMA",1,1.55
"pc2","4cpu-amd",0.6,"SMA",4,1.55
"pc2","4cpu-amd",0.6,"SMA",2,1.58
"pc2","4cpu-amd",0.6,"SMA",1,1.55
"pc2","4cpu-amd",0.6,"SMA",4,1.55
"pc2","4cpu-amd",0.6,"SMA",2,1.58
"pc2","4cpu-amd",0.6,"SMA",3,1.58
"pc2","4cpu-amd",0.6,"SMA",4,1.54
"pc2","4cpu-amd",0.6,"SMA",2,1.59
"pc2","4cpu-amd",0.6,"SMA",1,1.59
"pc2","4cpu-amd",0.6,"SMA",3,1.61
"pc2","4cpu-amd",0.6,"SMA",3,1.55
"pc2","4cpu-amd",0.6,"SMA",1,1.58
"pc2","4cpu-amd",0.6,"SMA",4,1.57
"pc2","4cpu-amd",0.6,"SMA",2,1.57
"pc2","4cpu-amd",0.6,"SMA",1,1.56
"pc2","4cpu-amd",0.6,"SMA",2,1.56
"pc2","4cpu-amd",0.6,"SMA",4,1.56
"pc2","4cpu-amd",0.6,"SMA",3,1.57
"pc2","4cpu-amd",0.6,"SMA",2,1.56
"pc2","4cpu-amd",0.6,"SMA",1,1.57
"pc2","4cpu-amd",0.6,"SMA",3,1.55
"pc2","4cpu-amd",0.6,"SMA",4,1.57
"pc2","4cpu-amd",0.6,"SMA",2,1.55
"pc2","4cpu-amd",0.6,"SMA",1,1.57
"pc2","4cpu-amd",0.6,"SMA",4,1.57
"pc2","4cpu-amd",0.6,"SMA",3,1.61
"pc2","4cpu-amd",0.6,"SMA",2,1.51
"pc2","4cpu-amd",0.6,"SMA",1,1.54
"pc2","4cpu-amd",0.6,"SMA",3,1.54
"pc2","4cpu-amd",0.6,"SMA",4,1.59
"pc2","4cpu-amd",0.6,"SMA",1,1.56
"pc2","4cpu-amd",0.6,"SMA",3,1.55
"pc2","4cpu-amd",0.6,"SMA",2,1.57
"pc2","4cpu-amd",0.6,"SMA",4,1.57
"pc2","4cpu-amd",0.6,"SMA",1,1.56
"pc2","4cpu-amd",0.6,"SMA",3,1.58
"pc2","4cpu-amd",0.6,"SMA",2,1.59
"pc2","4cpu-amd",0.6,"SMA",4,1.62
"pc2","4cpu-amd",0.6,"SMA",2,1.51
"pc2","4cpu-amd",0.6,"SMA",3,1.57
"pc2","4cpu-amd",0.6,"SMA",1,1.59
"pc2","4cpu-amd",0.6,"SMA",4,1.58
"pc2","4cpu-amd",0.6,"SMA",2,1.56
"pc2","4cpu-amd",0.6,"SMA",4,1.57
"pc2","4cpu-amd",0.6,"SMA",1,1.59
"pc2","4cpu-amd",0.6,"SMA",3,1.59
"pc2","4cpu-amd",0.6,"SMA",3,1.54
"pc2","4cpu-amd",0.6,"SMA",4,1.59
"pc2","4cpu-amd",0.6,"SMA",2,1.62
"pc2","4cpu-amd",0.6,"SMA",1,1.63
"pc2","4cpu-amd",0.6,"SMA",1,1.6
"pc2","4cpu-amd",0.6,"SMA",2,1.6
"pc2","4cpu-amd",0.6,"SMA",4,1.63
"pc2","4cpu-amd",0.6,"SMA",3,1.65
"pc2","4cpu-amd",0.6,"SMA",1,1.53
"pc2","4cpu-amd",0.6,"SMA",2,1.58
"pc2","4cpu-amd",0.6,"SMA",3,1.58
"pc2","4cpu-amd",0.6,"SMA",4,1.59
"pc2","4cpu-amd",0.6,"SMA",1,1.6
"pc2","4cpu-amd",0.6,"SMA",3,1.63
"pc2","4cpu-amd",0.6,"SMA",2,1.65
"pc2","4cpu-amd",0.6,"SMA",4,1.67
"pc2","4cpu-amd",0.6,"SMA",1,1.57
"pc2","4cpu-amd",0.6,"SMA",2,1.58
"pc2","4cpu-amd",0.6,"SMA",3,1.63
"pc2","4cpu-amd",0.6,"SMA",4,1.63
"pc2","4cpu-amd",0.6,"SMA",1,1.59
"pc2","4cpu-amd",0.6,"SMA",3,1.6
"pc2","4cpu-amd",0.6,"SMA",4,1.61
"pc2","4cpu-amd",0.6,"SMA",2,1.64
"pc2","4cpu-amd",0.6,"SMA",4,1.52
"pc2","4cpu-amd",0.6,"SMA",3,1.59
"pc2","4cpu-amd",0.6,"SMA",1,1.61
"pc2","4cpu-amd",0.6,"SMA",2,1.61
"pc2","4cpu-amd",0.6,"SMA",4,1.56
"pc2","4cpu-amd",0.6,"SMA",1,1.6
"pc2","4cpu-amd",0.6,"SMA",2,1.6
"pc2","4cpu-amd",0.6,"SMA",3,1.6
"pc2","4cpu-amd",0.6,"SMA",3,1.58
"pc2","4cpu-amd",0.6,"SMA",4,1.58
"pc2","4cpu-amd",0.6,"SMA",1,1.63
"pc2","4cpu-amd",0.6,"SMA",2,1.65
"pc2","4cpu-amd",0.6,"SMA",3,1.59
"pc2","4cpu-amd",0.6,"SMA",1,1.59
"pc2","4cpu-amd",0.6,"SMA",4,1.57
"pc2","4cpu-amd",0.6,"SMA",2,1.6
"pc2","4cpu-amd",0.6,"SMA",1,1.6
"pc2","4cpu-amd",0.6,"SMA",2,1.62
"pc2","4cpu-amd",0.6,"SMA",3,1.61
"pc2","4cpu-amd",0.6,"SMA",4,1.61
"pc2","4cpu-amd",0.6,"SMA",3,1.57
"pc2","4cpu-amd",0.6,"SMA",1,1.59
"pc2","4cpu-amd",0.6,"SMA",2,1.59
"pc2","4cpu-amd",0.6,"SMA",4,1.59
"pc2","4cpu-amd",0.6,"SMA",2,1.59
"pc2","4cpu-amd",0.6,"SMA",1,1.59
"pc2","4cpu-amd",0.6,"SMA",3,1.59
"pc2","4cpu-amd",0.6,"SMA",4,1.65
"pc2","4cpu-amd",0.7,"SMA",2,1.53
"pc2","4cpu-amd",0.7,"SMA",4,1.53
"pc2","4cpu-amd",0.7,"SMA",1,1.55
"pc2","4cpu-amd",0.7,"SMA",3,1.55
"pc2","4cpu-amd",0.7,"SMA",2,1.5
"pc2","4cpu-amd",0.7,"SMA",1,1.52
"pc2","4cpu-amd",0.7,"SMA",4,1.54
"pc2","4cpu-amd",0.7,"SMA",3,1.57
"pc2","4cpu-amd",0.7,"SMA",1,1.29
"pc2","4cpu-amd",0.7,"SMA",4,1.28
"pc2","4cpu-amd",0.7,"SMA",3,1.3
"pc2","4cpu-amd",0.7,"SMA",2,1.31
"pc2","4cpu-amd",0.7,"SMA",4,1.3
"pc2","4cpu-amd",0.7,"SMA",3,1.33
"pc2","4cpu-amd",0.7,"SMA",2,1.35
"pc2","4cpu-amd",0.7,"SMA",1,1.37
"pc2","4cpu-amd",0.7,"SMA",3,1.29
"pc2","4cpu-amd",0.7,"SMA",4,1.34
"pc2","4cpu-amd",0.7,"SMA",2,1.35
"pc2","4cpu-amd",0.7,"SMA",1,1.36
"pc2","4cpu-amd",0.7,"SMA",3,1.29
"pc2","4cpu-amd",0.7,"SMA",1,1.3
"pc2","4cpu-amd",0.7,"SMA",2,1.3
"pc2","4cpu-amd",0.7,"SMA",4,1.29
"pc2","4cpu-amd",0.7,"SMA",2,1.35
"pc2","4cpu-amd",0.7,"SMA",1,1.35
"pc2","4cpu-amd",0.7,"SMA",4,1.35
"pc2","4cpu-amd",0.7,"SMA",3,1.35
"pc2","4cpu-amd",0.7,"SMA",3,1.27
"pc2","4cpu-amd",0.7,"SMA",2,1.34
"pc2","4cpu-amd",0.7,"SMA",1,1.35
"pc2","4cpu-amd",0.7,"SMA",4,1.35
"pc2","4cpu-amd",0.7,"SMA",1,1.31
"pc2","4cpu-amd",0.7,"SMA",2,1.36
"pc2","4cpu-amd",0.7,"SMA",4,1.35
"pc2","4cpu-amd",0.7,"SMA",3,1.37
"pc2","4cpu-amd",0.7,"SMA",1,1.29
"pc2","4cpu-amd",0.7,"SMA",4,1.27
"pc2","4cpu-amd",0.7,"SMA",2,1.35
"pc2","4cpu-amd",0.7,"SMA",3,1.36
"pc2","4cpu-amd",0.7,"SMA",2,1.3
"pc2","4cpu-amd",0.7,"SMA",3,1.3
"pc2","4cpu-amd",0.7,"SMA",1,1.3
"pc2","4cpu-amd",0.7,"SMA",4,1.3
"pc2","4cpu-amd",0.7,"SMA",4,1.3
"pc2","4cpu-amd",0.7,"SMA",3,1.34
"pc2","4cpu-amd",0.7,"SMA",2,1.36
"pc2","4cpu-amd",0.7,"SMA",1,1.35
"pc2","4cpu-amd",0.7,"SMA",1,1.33
"pc2","4cpu-amd",0.7,"SMA",2,1.33
"pc2","4cpu-amd",0.7,"SMA",4,1.32
"pc2","4cpu-amd",0.7,"SMA",3,1.34
"pc2","4cpu-amd",0.7,"SMA",2,1.29
"pc2","4cpu-amd",0.7,"SMA",1,1.3
"pc2","4cpu-amd",0.7,"SMA",4,1.3
"pc2","4cpu-amd",0.7,"SMA",3,1.34
"pc2","4cpu-amd",0.7,"SMA",2,1.34
"pc2","4cpu-amd",0.7,"SMA",1,1.34
"pc2","4cpu-amd",0.7,"SMA",4,1.35
"pc2","4cpu-amd",0.7,"SMA",3,1.36
"pc2","4cpu-amd",0.7,"SMA",1,1.31
"pc2","4cpu-amd",0.7,"SMA",2,1.31
"pc2","4cpu-amd",0.7,"SMA",4,1.31
"pc2","4cpu-amd",0.7,"SMA",3,1.36
"pc2","4cpu-amd",0.7,"SMA",1,1.3
"pc2","4cpu-amd",0.7,"SMA",4,1.33
"pc2","4cpu-amd",0.7,"SMA",3,1.37
"pc2","4cpu-amd",0.7,"SMA",2,1.5
"pc2","4cpu-amd",0.7,"SMA",1,1.32
"pc2","4cpu-amd",0.7,"SMA",2,1.35
"pc2","4cpu-amd",0.7,"SMA",4,1.34
"pc2","4cpu-amd",0.7,"SMA",3,1.38
"pc2","4cpu-amd",0.7,"SMA",2,1.33
"pc2","4cpu-amd",0.7,"SMA",3,1.33
"pc2","4cpu-amd",0.7,"SMA",4,1.35
"pc2","4cpu-amd",0.7,"SMA",1,1.35
"pc2","4cpu-amd",0.7,"SMA",1,1.35
"pc2","4cpu-amd",0.7,"SMA",3,1.33
"pc2","4cpu-amd",0.7,"SMA",4,1.33
"pc2","4cpu-amd",0.7,"SMA",2,1.36
"pc2","4cpu-amd",0.7,"SMA",4,1.34
"pc2","4cpu-amd",0.7,"SMA",3,1.35
"pc2","4cpu-amd",0.7,"SMA",1,1.36
"pc2","4cpu-amd",0.7,"SMA",2,1.37
"pc2","4cpu-amd",0.7,"SMA",2,1.36
"pc2","4cpu-amd",0.7,"SMA",3,1.37
"pc2","4cpu-amd",0.7,"SMA",1,1.37
"pc2","4cpu-amd",0.7,"SMA",4,1.37
"pc2","4cpu-amd",0.7,"SMA",1,1.34
"pc2","4cpu-amd",0.7,"SMA",4,1.34
"pc2","4cpu-amd",0.7,"SMA",3,1.36
"pc2","4cpu-amd",0.7,"SMA",2,1.36
"pc2","4cpu-amd",0.7,"SMA",3,1.32
"pc2","4cpu-amd",0.7,"SMA",4,1.32
"pc2","4cpu-amd",0.7,"SMA",1,1.38
"pc2","4cpu-amd",0.7,"SMA",2,1.39
"pc2","4cpu-amd",0.7,"SMA",1,1.38
"pc2","4cpu-amd",0.7,"SMA",4,1.38
"pc2","4cpu-amd",0.7,"SMA",3,1.38
"pc2","4cpu-amd",0.7,"SMA",2,1.38
"pc2","4cpu-amd",0.7,"SMA",2,1.35
"pc2","4cpu-amd",0.7,"SMA",4,1.35
"pc2","4cpu-amd",0.7,"SMA",3,1.36
"pc2","4cpu-amd",0.7,"SMA",1,1.36
"pc2","4cpu-amd",0.7,"SMA",3,1.35
"pc2","4cpu-amd",0.7,"SMA",2,1.38
"pc2","4cpu-amd",0.7,"SMA",4,1.36
"pc2","4cpu-amd",0.7,"SMA",1,1.36
"pc2","4cpu-amd",0.7,"SMA",2,1.34
"pc2","4cpu-amd",0.7,"SMA",4,1.34
"pc2","4cpu-amd",0.7,"SMA",3,1.36
"pc2","4cpu-amd",0.7,"SMA",1,1.39
"pc2","4cpu-amd",0.7,"SMA",4,1.33
"pc2","4cpu-amd",0.7,"SMA",3,1.33
"pc2","4cpu-amd",0.7,"SMA",2,1.36
"pc2","4cpu-amd",0.7,"SMA",1,1.38
"pc2","4cpu-amd",0.7,"SMA",1,1.35
"pc2","4cpu-amd",0.7,"SMA",4,1.35
"pc2","4cpu-amd",0.7,"SMA",2,1.35
"pc2","4cpu-amd",0.7,"SMA",3,1.35
"pc2","4cpu-amd",0.8,"SMA",4,1.25
"pc2","4cpu-amd",0.8,"SMA",2,1.28
"pc2","4cpu-amd",0.8,"SMA",3,1.28
"pc2","4cpu-amd",0.8,"SMA",4,1.29
"pc2","4cpu-amd",0.8,"SMA",2,1.29
"pc2","4cpu-amd",0.8,"SMA",3,1.28
"pc2","4cpu-amd",0.8,"SMA",1,0
"pc2","4cpu-amd",0.8,"SMA",3,1.09
"pc2","4cpu-amd",0.8,"SMA",4,1.09
"pc2","4cpu-amd",0.8,"SMA",2,1.12
"pc2","4cpu-amd",0.8,"SMA",1,0.01
"pc2","4cpu-amd",0.8,"SMA",4,1.06
"pc2","4cpu-amd",0.8,"SMA",3,1.12
"pc2","4cpu-amd",0.8,"SMA",2,1.15
"pc2","4cpu-amd",0.8,"SMA",1,0.01
"pc2","4cpu-amd",0.8,"SMA",2,1.18
"pc2","4cpu-amd",0.8,"SMA",4,1.16
"pc2","4cpu-amd",0.8,"SMA",3,1.16
"pc2","4cpu-amd",0.8,"SMA",3,1.13
"pc2","4cpu-amd",0.8,"SMA",4,1.13
"pc2","4cpu-amd",0.8,"SMA",2,1.16
"pc2","4cpu-amd",0.8,"SMA",1,1.33
"pc2","4cpu-amd",0.8,"SMA",4,1.15
"pc2","4cpu-amd",0.8,"SMA",2,1.15
"pc2","4cpu-amd",0.8,"SMA",3,1.15
"pc2","4cpu-amd",0.8,"SMA",1,1.3
"pc2","4cpu-amd",0.8,"SMA",2,1.14
"pc2","4cpu-amd",0.8,"SMA",3,1.15
"pc2","4cpu-amd",0.8,"SMA",4,1.15
"pc2","4cpu-amd",0.8,"SMA",1,1.26
"pc2","4cpu-amd",0.8,"SMA",3,1.14
"pc2","4cpu-amd",0.8,"SMA",4,1.18
"pc2","4cpu-amd",0.8,"SMA",1,1.18
"pc2","4cpu-amd",0.8,"SMA",2,1.18
"pc2","4cpu-amd",0.8,"SMA",2,1.15
"pc2","4cpu-amd",0.8,"SMA",3,1.13
"pc2","4cpu-amd",0.8,"SMA",1,1.19
"pc2","4cpu-amd",0.8,"SMA",4,1.19
"pc2","4cpu-amd",0.8,"SMA",4,1.1
"pc2","4cpu-amd",0.8,"SMA",1,1.14
"pc2","4cpu-amd",0.8,"SMA",2,1.14
"pc2","4cpu-amd",0.8,"SMA",3,1.14
"pc2","4cpu-amd",0.8,"SMA",3,1.14
"pc2","4cpu-amd",0.8,"SMA",2,1.17
"pc2","4cpu-amd",0.8,"SMA",1,1.17
"pc2","4cpu-amd",0.8,"SMA",4,1.17
"pc2","4cpu-amd",0.8,"SMA",2,1.15
"pc2","4cpu-amd",0.8,"SMA",1,1.15
"pc2","4cpu-amd",0.8,"SMA",4,1.15
"pc2","4cpu-amd",0.8,"SMA",3,1.15
"pc2","4cpu-amd",0.8,"SMA",3,1.13
"pc2","4cpu-amd",0.8,"SMA",4,1.14
"pc2","4cpu-amd",0.8,"SMA",1,1.16
"pc2","4cpu-amd",0.8,"SMA",2,1.17
"pc2","4cpu-amd",0.8,"SMA",1,1.16
"pc2","4cpu-amd",0.8,"SMA",4,1.18
"pc2","4cpu-amd",0.8,"SMA",2,1.18
"pc2","4cpu-amd",0.8,"SMA",3,1.18
"pc2","4cpu-amd",0.8,"SMA",2,1.13
"pc2","4cpu-amd",0.8,"SMA",4,1.16
"pc2","4cpu-amd",0.8,"SMA",1,1.16
"pc2","4cpu-amd",0.8,"SMA",3,1.17
"pc2","4cpu-amd",0.8,"SMA",4,1.12
"pc2","4cpu-amd",0.8,"SMA",2,1.15
"pc2","4cpu-amd",0.8,"SMA",1,1.16
"pc2","4cpu-amd",0.8,"SMA",3,1.16
"pc2","4cpu-amd",0.8,"SMA",2,1.12
"pc2","4cpu-amd",0.8,"SMA",1,1.17
"pc2","4cpu-amd",0.8,"SMA",3,1.15
"pc2","4cpu-amd",0.8,"SMA",4,1.16
"pc2","4cpu-amd",0.8,"SMA",3,1.12
"pc2","4cpu-amd",0.8,"SMA",1,1.15
"pc2","4cpu-amd",0.8,"SMA",4,1.16
"pc2","4cpu-amd",0.8,"SMA",2,1.16
"pc2","4cpu-amd",0.8,"SMA",1,1.15
"pc2","4cpu-amd",0.8,"SMA",4,1.14
"pc2","4cpu-amd",0.8,"SMA",3,1.16
"pc2","4cpu-amd",0.8,"SMA",2,1.19
"pc2","4cpu-amd",0.8,"SMA",4,1.16
"pc2","4cpu-amd",0.8,"SMA",3,1.16
"pc2","4cpu-amd",0.8,"SMA",1,1.16
"pc2","4cpu-amd",0.8,"SMA",2,1.16
"pc2","4cpu-amd",0.8,"SMA",4,1.13
"pc2","4cpu-amd",0.8,"SMA",1,1.17
"pc2","4cpu-amd",0.8,"SMA",3,1.17
"pc2","4cpu-amd",0.8,"SMA",2,1.19
"pc2","4cpu-amd",0.8,"SMA",1,1.14
"pc2","4cpu-amd",0.8,"SMA",3,1.14
"pc2","4cpu-amd",0.8,"SMA",4,1.17
"pc2","4cpu-amd",0.8,"SMA",2,1.17
"pc2","4cpu-amd",0.8,"SMA",1,1.13
"pc2","4cpu-amd",0.8,"SMA",3,1.13
"pc2","4cpu-amd",0.8,"SMA",4,1.14
"pc2","4cpu-amd",0.8,"SMA",2,1.16
"pc2","4cpu-amd",0.8,"SMA",3,1.14
"pc2","4cpu-amd",0.8,"SMA",4,1.15
"pc2","4cpu-amd",0.8,"SMA",1,1.15
"pc2","4cpu-amd",0.8,"SMA",2,1.18
"pc2","4cpu-amd",0.8,"SMA",1,1.15
"pc2","4cpu-amd",0.8,"SMA",4,1.17
"pc2","4cpu-amd",0.8,"SMA",2,1.2
"pc2","4cpu-amd",0.8,"SMA",3,1.18
"pc2","4cpu-amd",0.8,"SMA",1,1.16
"pc2","4cpu-amd",0.8,"SMA",4,1.16
"pc2","4cpu-amd",0.8,"SMA",3,1.17
"pc2","4cpu-amd",0.8,"SMA",2,1.19
"pc2","4cpu-amd",0.8,"SMA",3,1.12
"pc2","4cpu-amd",0.8,"SMA",4,1.12
"pc2","4cpu-amd",0.8,"SMA",1,1.18
"pc2","4cpu-amd",0.8,"SMA",2,1.18
"pc2","4cpu-amd",0.8,"SMA",3,1.14
"pc2","4cpu-amd",0.8,"SMA",4,1.17
"pc2","4cpu-amd",0.8,"SMA",1,1.17
"pc2","4cpu-amd",0.8,"SMA",2,1.17
"pc2","4cpu-amd",0.8,"SMA",2,1.15
"pc2","4cpu-amd",0.8,"SMA",4,1.17
"pc2","4cpu-amd",0.8,"SMA",3,1.17
"pc2","4cpu-amd",0.8,"SMA",1,1.19
"pc2","4cpu-amd",0.9,"SMA",1,1.18
"pc2","4cpu-amd",0.9,"SMA",3,1.17
"pc2","4cpu-amd",0.9,"SMA",2,1.18
"pc2","4cpu-amd",0.9,"SMA",4,1.19
"pc2","4cpu-amd",0.9,"SMA",1,1.17
"pc2","4cpu-amd",0.9,"SMA",3,1.19
"pc2","4cpu-amd",0.9,"SMA",2,1.19
"pc2","4cpu-amd",0.9,"SMA",4,1.19
"pc2","4cpu-amd",0.9,"SMA",3,1.01
"pc2","4cpu-amd",0.9,"SMA",1,1.01
"pc2","4cpu-amd",0.9,"SMA",4,1.01
"pc2","4cpu-amd",0.9,"SMA",2,1.01
"pc2","4cpu-amd",0.9,"SMA",4,1.02
"pc2","4cpu-amd",0.9,"SMA",1,1.02
"pc2","4cpu-amd",0.9,"SMA",2,1.03
"pc2","4cpu-amd",0.9,"SMA",3,1.03
"pc2","4cpu-amd",0.9,"SMA",3,1
"pc2","4cpu-amd",0.9,"SMA",4,1
"pc2","4cpu-amd",0.9,"SMA",1,1.02
"pc2","4cpu-amd",0.9,"SMA",2,1.02
"pc2","4cpu-amd",0.9,"SMA",2,1.01
"pc2","4cpu-amd",0.9,"SMA",4,1.01
"pc2","4cpu-amd",0.9,"SMA",3,1.01
"pc2","4cpu-amd",0.9,"SMA",1,1.05
"pc2","4cpu-amd",0.9,"SMA",1,1.02
"pc2","4cpu-amd",0.9,"SMA",4,1.01
"pc2","4cpu-amd",0.9,"SMA",3,1.02
"pc2","4cpu-amd",0.9,"SMA",2,1.04
"pc2","4cpu-amd",0.9,"SMA",3,1.01
"pc2","4cpu-amd",0.9,"SMA",4,1.01
"pc2","4cpu-amd",0.9,"SMA",1,1.01
"pc2","4cpu-amd",0.9,"SMA",2,1.02
"pc2","4cpu-amd",0.9,"SMA",2,1
"pc2","4cpu-amd",0.9,"SMA",1,1.03
"pc2","4cpu-amd",0.9,"SMA",3,1.03
"pc2","4cpu-amd",0.9,"SMA",4,1.03
"pc2","4cpu-amd",0.9,"SMA",1,1.03
"pc2","4cpu-amd",0.9,"SMA",3,1.03
"pc2","4cpu-amd",0.9,"SMA",4,1.02
"pc2","4cpu-amd",0.9,"SMA",2,1.03
"pc2","4cpu-amd",0.9,"SMA",1,1.01
"pc2","4cpu-amd",0.9,"SMA",2,1.01
"pc2","4cpu-amd",0.9,"SMA",3,1.01
"pc2","4cpu-amd",0.9,"SMA",4,1.07
"pc2","4cpu-amd",0.9,"SMA",1,1.02
"pc2","4cpu-amd",0.9,"SMA",2,1.01
"pc2","4cpu-amd",0.9,"SMA",3,1
"pc2","4cpu-amd",0.9,"SMA",4,1
"pc2","4cpu-amd",0.9,"SMA",3,1
"pc2","4cpu-amd",0.9,"SMA",4,1
"pc2","4cpu-amd",0.9,"SMA",2,1.04
"pc2","4cpu-amd",0.9,"SMA",1,1.04
"pc2","4cpu-amd",0.9,"SMA",2,1
"pc2","4cpu-amd",0.9,"SMA",1,1.02
"pc2","4cpu-amd",0.9,"SMA",3,1.02
"pc2","4cpu-amd",0.9,"SMA",4,1.02
"pc2","4cpu-amd",0.9,"SMA",1,1.01
"pc2","4cpu-amd",0.9,"SMA",2,1.03
"pc2","4cpu-amd",0.9,"SMA",3,1.03
"pc2","4cpu-amd",0.9,"SMA",4,1.03
"pc2","4cpu-amd",0.9,"SMA",1,1
"pc2","4cpu-amd",0.9,"SMA",2,1.03
"pc2","4cpu-amd",0.9,"SMA",4,1.03
"pc2","4cpu-amd",0.9,"SMA",3,1.03
"pc2","4cpu-amd",0.9,"SMA",1,1.03
"pc2","4cpu-amd",0.9,"SMA",3,1.03
"pc2","4cpu-amd",0.9,"SMA",2,1.02
"pc2","4cpu-amd",0.9,"SMA",4,1.02
"pc2","4cpu-amd",0.9,"SMA",2,1.02
"pc2","4cpu-amd",0.9,"SMA",1,1.03
"pc2","4cpu-amd",0.9,"SMA",3,1.05
"pc2","4cpu-amd",0.9,"SMA",4,1.05
"pc2","4cpu-amd",0.9,"SMA",1,1
"pc2","4cpu-amd",0.9,"SMA",2,1.03
"pc2","4cpu-amd",0.9,"SMA",3,1.03
"pc2","4cpu-amd",0.9,"SMA",4,1.04
"pc2","4cpu-amd",0.9,"SMA",3,1.05
"pc2","4cpu-amd",0.9,"SMA",1,1.03
"pc2","4cpu-amd",0.9,"SMA",2,1.05
"pc2","4cpu-amd",0.9,"SMA",4,1.05
"pc2","4cpu-amd",0.9,"SMA",1,1
"pc2","4cpu-amd",0.9,"SMA",3,1.02
"pc2","4cpu-amd",0.9,"SMA",2,1.03
"pc2","4cpu-amd",0.9,"SMA",4,1.02
"pc2","4cpu-amd",0.9,"SMA",1,1.04
"pc2","4cpu-amd",0.9,"SMA",2,1.04
"pc2","4cpu-amd",0.9,"SMA",4,1.03
"pc2","4cpu-amd",0.9,"SMA",3,1.03
"pc2","4cpu-amd",0.9,"SMA",3,1.02
"pc2","4cpu-amd",0.9,"SMA",1,1.06
"pc2","4cpu-amd",0.9,"SMA",2,1.06
"pc2","4cpu-amd",0.9,"SMA",4,1.07
"pc2","4cpu-amd",0.9,"SMA",2,1.03
"pc2","4cpu-amd",0.9,"SMA",1,1.05
"pc2","4cpu-amd",0.9,"SMA",3,1.04
"pc2","4cpu-amd",0.9,"SMA",4,1.04
"pc2","4cpu-amd",0.9,"SMA",4,1
"pc2","4cpu-amd",0.9,"SMA",1,1.04
"pc2","4cpu-amd",0.9,"SMA",2,1.04
"pc2","4cpu-amd",0.9,"SMA",3,1.05
"pc2","4cpu-amd",0.9,"SMA",3,1.01
"pc2","4cpu-amd",0.9,"SMA",4,1.03
"pc2","4cpu-amd",0.9,"SMA",2,1.03
"pc2","4cpu-amd",0.9,"SMA",1,1.07
"pc2","4cpu-amd",0.9,"SMA",2,1.03
"pc2","4cpu-amd",0.9,"SMA",4,1.03
"pc2","4cpu-amd",0.9,"SMA",1,1.03
"pc2","4cpu-amd",0.9,"SMA",3,1.02
"pc2","4cpu-amd",0.9,"SMA",3,1.03
"pc2","4cpu-amd",0.9,"SMA",1,1.05
"pc2","4cpu-amd",0.9,"SMA",4,1.03
"pc2","4cpu-amd",0.9,"SMA",2,1.05
"pc2","4cpu-amd",0.9,"SMA",4,1.02
"pc2","4cpu-amd",0.9,"SMA",3,1.02
"pc2","4cpu-amd",0.9,"SMA",1,1.05
"pc2","4cpu-amd",0.9,"SMA",2,1.05
"pc2","4cpu-amd",0.9,"SMA",4,1
"pc2","4cpu-amd",0.9,"SMA",2,1.04
"pc2","4cpu-amd",0.9,"SMA",1,1.05
"pc2","4cpu-amd",0.9,"SMA",3,1.05
"pc2","4cpu-amd",1,"SMA",2,1.03
"pc2","4cpu-amd",1,"SMA",3,1.03
"pc2","4cpu-amd",1,"SMA",1,1.06
"pc2","4cpu-amd",1,"SMA",4,1.05
"pc2","4cpu-amd",1,"SMA",2,1.05
"pc2","4cpu-amd",1,"SMA",3,1.05
"pc2","4cpu-amd",1,"SMA",1,1.05
"pc2","4cpu-amd",1,"SMA",4,1.05
"pc2","4cpu-amd",1,"SMA",3,0.89
"pc2","4cpu-amd",1,"SMA",4,0.89
"pc2","4cpu-amd",1,"SMA",2,0.92
"pc2","4cpu-amd",1,"SMA",1,0.98
"pc2","4cpu-amd",1,"SMA",1,0.89
"pc2","4cpu-amd",1,"SMA",3,0.89
"pc2","4cpu-amd",1,"SMA",2,0.89
"pc2","4cpu-amd",1,"SMA",4,0.89
"pc2","4cpu-amd",1,"SMA",3,0.88
"pc2","4cpu-amd",1,"SMA",4,0.91
"pc2","4cpu-amd",1,"SMA",2,0.92
"pc2","4cpu-amd",1,"SMA",1,0.92
"pc2","4cpu-amd",1,"SMA",1,0.89
"pc2","4cpu-amd",1,"SMA",3,0.88
"pc2","4cpu-amd",1,"SMA",4,0.88
"pc2","4cpu-amd",1,"SMA",2,0.9
"pc2","4cpu-amd",1,"SMA",2,0.88
"pc2","4cpu-amd",1,"SMA",3,0.92
"pc2","4cpu-amd",1,"SMA",4,0.89
"pc2","4cpu-amd",1,"SMA",1,0.92
"pc2","4cpu-amd",1,"SMA",3,0.89
"pc2","4cpu-amd",1,"SMA",2,0.9
"pc2","4cpu-amd",1,"SMA",1,0.9
"pc2","4cpu-amd",1,"SMA",4,0.88
"pc2","4cpu-amd",1,"SMA",2,0.93
"pc2","4cpu-amd",1,"SMA",4,0.93
"pc2","4cpu-amd",1,"SMA",1,0.93
"pc2","4cpu-amd",1,"SMA",3,0.93
"pc2","4cpu-amd",1,"SMA",1,0.9
"pc2","4cpu-amd",1,"SMA",2,0.9
"pc2","4cpu-amd",1,"SMA",3,0.92
"pc2","4cpu-amd",1,"SMA",4,0.91
"pc2","4cpu-amd",1,"SMA",1,0.9
"pc2","4cpu-amd",1,"SMA",2,0.9
"pc2","4cpu-amd",1,"SMA",4,0.88
"pc2","4cpu-amd",1,"SMA",3,0.9
"pc2","4cpu-amd",1,"SMA",1,0.9
"pc2","4cpu-amd",1,"SMA",3,0.89
"pc2","4cpu-amd",1,"SMA",4,0.89
"pc2","4cpu-amd",1,"SMA",2,0.91
"pc2","4cpu-amd",1,"SMA",3,0.88
"pc2","4cpu-amd",1,"SMA",4,0.89
"pc2","4cpu-amd",1,"SMA",1,0.91
"pc2","4cpu-amd",1,"SMA",2,0.91
"pc2","4cpu-amd",1,"SMA",2,0.9
"pc2","4cpu-amd",1,"SMA",1,0.94
"pc2","4cpu-amd",1,"SMA",4,0.92
"pc2","4cpu-amd",1,"SMA",3,0.92
"pc2","4cpu-amd",1,"SMA",2,0.9
"pc2","4cpu-amd",1,"SMA",1,0.9
"pc2","4cpu-amd",1,"SMA",4,0.92
"pc2","4cpu-amd",1,"SMA",3,0.92
"pc2","4cpu-amd",1,"SMA",1,0.9
"pc2","4cpu-amd",1,"SMA",4,0.91
"pc2","4cpu-amd",1,"SMA",2,0.93
"pc2","4cpu-amd",1,"SMA",3,0.93
"pc2","4cpu-amd",1,"SMA",2,0.88
"pc2","4cpu-amd",1,"SMA",1,0.9
"pc2","4cpu-amd",1,"SMA",3,0.9
"pc2","4cpu-amd",1,"SMA",4,0.92
"pc2","4cpu-amd",1,"SMA",1,0.9
"pc2","4cpu-amd",1,"SMA",2,0.92
"pc2","4cpu-amd",1,"SMA",4,0.93
"pc2","4cpu-amd",1,"SMA",3,0.93
"pc2","4cpu-amd",1,"SMA",1,0.9
"pc2","4cpu-amd",1,"SMA",3,0.9
"pc2","4cpu-amd",1,"SMA",4,0.89
"pc2","4cpu-amd",1,"SMA",2,0.91
"pc2","4cpu-amd",1,"SMA",1,0.9
"pc2","4cpu-amd",1,"SMA",2,0.91
"pc2","4cpu-amd",1,"SMA",3,0.91
"pc2","4cpu-amd",1,"SMA",4,0.93
"pc2","4cpu-amd",1,"SMA",2,0.91
"pc2","4cpu-amd",1,"SMA",1,0.9
"pc2","4cpu-amd",1,"SMA",4,0.9
"pc2","4cpu-amd",1,"SMA",3,0.93
"pc2","4cpu-amd",1,"SMA",2,0.91
"pc2","4cpu-amd",1,"SMA",4,0.92
"pc2","4cpu-amd",1,"SMA",3,0.92
"pc2","4cpu-amd",1,"SMA",1,0.97
"pc2","4cpu-amd",1,"SMA",1,0.93
"pc2","4cpu-amd",1,"SMA",2,0.91
"pc2","4cpu-amd",1,"SMA",4,0.91
"pc2","4cpu-amd",1,"SMA",3,0.91
"pc2","4cpu-amd",1,"SMA",4,0.9
"pc2","4cpu-amd",1,"SMA",1,0.95
"pc2","4cpu-amd",1,"SMA",3,0.94
"pc2","4cpu-amd",1,"SMA",2,0.94
"pc2","4cpu-amd",1,"SMA",3,0.93
"pc2","4cpu-amd",1,"SMA",2,0.96
"pc2","4cpu-amd",1,"SMA",1,0.96
"pc2","4cpu-amd",1,"SMA",4,0.96
"pc2","4cpu-amd",1,"SMA",1,0.93
"pc2","4cpu-amd",1,"SMA",2,0.94
"pc2","4cpu-amd",1,"SMA",3,0.94
"pc2","4cpu-amd",1,"SMA",4,0.94
"pc2","4cpu-amd",1,"SMA",2,0.9
"pc2","4cpu-amd",1,"SMA",4,0.9
"pc2","4cpu-amd",1,"SMA",3,0.9
"pc2","4cpu-amd",1,"SMA",1,0.9
"pc2","4cpu-amd",1,"SMA",2,0.91
"pc2","4cpu-amd",1,"SMA",1,0.91
"pc2","4cpu-amd",1,"SMA",4,0.91
"pc2","4cpu-amd",1,"SMA",3,0.91
"pc2","4cpu-amd",1,"SMA",2,0.91
"pc2","4cpu-amd",1,"SMA",1,0.9
"pc2","4cpu-amd",1,"SMA",3,0.9
"pc2","4cpu-amd",1,"SMA",4,0.9
"pc2","4cpu-amd",1,"SMA",2,0.91
"pc2","4cpu-amd",1,"SMA",1,0.93
"pc2","4cpu-amd",1,"SMA",3,0.94
"pc2","4cpu-amd",1,"SMA",4,0.93
"pc3","2cpu-dc",0.1,"stine",1,22.14
"pc3","2cpu-dc",0.1,"stine",2,22.24
"pc3","2cpu-dc",0.1,"stine",2,20.8
"pc3","2cpu-dc",0.1,"stine",1,23.02
"pc3","2cpu-dc",0.1,"stine",2,20.88
"pc3","2cpu-dc",0.1,"stine",1,21.08
"pc3","2cpu-dc",0.1,"stine",2,20.85
"pc3","2cpu-dc",0.1,"stine",1,21.16
"pc3","2cpu-dc",0.1,"stine",2,20.56
"pc3","2cpu-dc",0.1,"stine",1,20.77
"pc3","2cpu-dc",0.1,"stine",2,20.45
"pc3","2cpu-dc",0.1,"stine",1,20.75
"pc3","2cpu-dc",0.1,"stine",1,20.67
"pc3","2cpu-dc",0.1,"stine",2,20.76
"pc3","2cpu-dc",0.1,"stine",1,20.85
"pc3","2cpu-dc",0.1,"stine",2,21.23
"pc3","2cpu-dc",0.1,"stine",1,20.66
"pc3","2cpu-dc",0.1,"stine",2,21.06
"pc3","2cpu-dc",0.1,"stine",1,20.55
"pc3","2cpu-dc",0.1,"stine",2,20.63
"pc3","2cpu-dc",0.1,"stine",2,20.58
"pc3","2cpu-dc",0.1,"stine",1,20.58
"pc3","2cpu-dc",0.1,"stine",1,20.65
"pc3","2cpu-dc",0.1,"stine",2,20.74
"pc3","2cpu-dc",0.1,"stine",2,21.27
"pc3","2cpu-dc",0.1,"stine",1,21.28
"pc3","2cpu-dc",0.1,"stine",1,21.05
"pc3","2cpu-dc",0.1,"stine",2,21.05
"pc3","2cpu-dc",0.1,"stine",2,20.08
"pc3","2cpu-dc",0.1,"stine",1,20.18
"pc3","2cpu-dc",0.1,"stine",2,19.76
"pc3","2cpu-dc",0.1,"stine",1,19.97
"pc3","2cpu-dc",0.1,"stine",2,19.75
"pc3","2cpu-dc",0.1,"stine",1,19.87
"pc3","2cpu-dc",0.1,"stine",1,21.16
"pc3","2cpu-dc",0.1,"stine",2,21.24
"pc3","2cpu-dc",0.1,"stine",1,20.57
"pc3","2cpu-dc",0.1,"stine",2,20.65
"pc3","2cpu-dc",0.1,"stine",2,20.55
"pc3","2cpu-dc",0.1,"stine",1,20.56
"pc3","2cpu-dc",0.1,"stine",2,21.28
"pc3","2cpu-dc",0.1,"stine",1,21.38
"pc3","2cpu-dc",0.1,"stine",2,20.94
"pc3","2cpu-dc",0.1,"stine",1,21.35
"pc3","2cpu-dc",0.1,"stine",2,21.15
"pc3","2cpu-dc",0.1,"stine",1,21.37
"pc3","2cpu-dc",0.1,"stine",2,20.75
"pc3","2cpu-dc",0.1,"stine",1,21.07
"pc3","2cpu-dc",0.1,"stine",2,20.54
"pc3","2cpu-dc",0.1,"stine",1,20.66
"pc3","2cpu-dc",0.1,"stine",2,21.16
"pc3","2cpu-dc",0.1,"stine",1,21.36
"pc3","2cpu-dc",0.1,"stine",2,21.15
"pc3","2cpu-dc",0.1,"stine",1,21.36
"pc3","2cpu-dc",0.1,"stine",1,20.97
"pc3","2cpu-dc",0.1,"stine",2,21.04
"pc3","2cpu-dc",0.1,"stine",1,20.96
"pc3","2cpu-dc",0.1,"stine",2,21.05
"pc3","2cpu-dc",0.1,"stine",1,21.28
"pc3","2cpu-dc",0.1,"stine",2,21.38
"pc3","2cpu-dc",0.2,"stine",2,9.4
"pc3","2cpu-dc",0.2,"stine",1,9.5
"pc3","2cpu-dc",0.2,"stine",1,9.75
"pc3","2cpu-dc",0.2,"stine",2,9.75
"pc3","2cpu-dc",0.2,"stine",2,8.56
"pc3","2cpu-dc",0.2,"stine",1,8.56
"pc3","2cpu-dc",0.2,"stine",2,9.04
"pc3","2cpu-dc",0.2,"stine",1,9.04
"pc3","2cpu-dc",0.2,"stine",1,8.38
"pc3","2cpu-dc",0.2,"stine",2,8.45
"pc3","2cpu-dc",0.2,"stine",2,8.79
"pc3","2cpu-dc",0.2,"stine",1,8.79
"pc3","2cpu-dc",0.2,"stine",2,8.64
"pc3","2cpu-dc",0.2,"stine",1,8.65
"pc3","2cpu-dc",0.2,"stine",1,8.97
"pc3","2cpu-dc",0.2,"stine",2,8.97
"pc3","2cpu-dc",0.2,"stine",2,8.54
"pc3","2cpu-dc",0.2,"stine",1,8.64
"pc3","2cpu-dc",0.2,"stine",2,8.95
"pc3","2cpu-dc",0.2,"stine",1,9.04
"pc3","2cpu-dc",0.2,"stine",2,8.77
"pc3","2cpu-dc",0.2,"stine",1,8.88
"pc3","2cpu-dc",0.2,"stine",2,8.76
"pc3","2cpu-dc",0.2,"stine",1,8.88
"pc3","2cpu-dc",0.2,"stine",2,8.53
"pc3","2cpu-dc",0.2,"stine",1,8.64
"pc3","2cpu-dc",0.2,"stine",2,8.66
"pc3","2cpu-dc",0.2,"stine",1,8.77
"pc3","2cpu-dc",0.2,"stine",2,8.55
"pc3","2cpu-dc",0.2,"stine",1,8.66
"pc3","2cpu-dc",0.2,"stine",2,8.45
"pc3","2cpu-dc",0.2,"stine",1,8.56
"pc3","2cpu-dc",0.2,"stine",2,8.84
"pc3","2cpu-dc",0.2,"stine",1,8.85
"pc3","2cpu-dc",0.2,"stine",2,8.67
"pc3","2cpu-dc",0.2,"stine",1,8.69
"pc3","2cpu-dc",0.2,"stine",1,8.95
"pc3","2cpu-dc",0.2,"stine",2,9.13
"pc3","2cpu-dc",0.2,"stine",1,8.66
"pc3","2cpu-dc",0.2,"stine",2,8.74
"pc3","2cpu-dc",0.2,"stine",1,8.47
"pc3","2cpu-dc",0.2,"stine",2,8.65
"pc3","2cpu-dc",0.2,"stine",1,8.67
"pc3","2cpu-dc",0.2,"stine",2,8.67
"pc3","2cpu-dc",0.2,"stine",1,8.75
"pc3","2cpu-dc",0.2,"stine",2,8.85
"pc3","2cpu-dc",0.2,"stine",1,8.75
"pc3","2cpu-dc",0.2,"stine",2,8.73
"pc3","2cpu-dc",0.2,"stine",1,8.68
"pc3","2cpu-dc",0.2,"stine",2,8.77
"pc3","2cpu-dc",0.2,"stine",1,8.75
"pc3","2cpu-dc",0.2,"stine",2,8.75
"pc3","2cpu-dc",0.2,"stine",2,8.76
"pc3","2cpu-dc",0.2,"stine",1,8.86
"pc3","2cpu-dc",0.2,"stine",2,8.86
"pc3","2cpu-dc",0.2,"stine",1,8.97
"pc3","2cpu-dc",0.2,"stine",1,8.69
"pc3","2cpu-dc",0.2,"stine",2,8.75
"pc3","2cpu-dc",0.2,"stine",2,8.84
"pc3","2cpu-dc",0.2,"stine",1,8.88
"pc3","2cpu-dc",0.3,"stine",1,6.08
"pc3","2cpu-dc",0.3,"stine",2,6.15
"pc3","2cpu-dc",0.3,"stine",2,6.29
"pc3","2cpu-dc",0.3,"stine",1,6.36
"pc3","2cpu-dc",0.3,"stine",2,5.39
"pc3","2cpu-dc",0.3,"stine",1,5.41
"pc3","2cpu-dc",0.3,"stine",2,5.6
"pc3","2cpu-dc",0.3,"stine",1,5.6
"pc3","2cpu-dc",0.3,"stine",2,5.63
"pc3","2cpu-dc",0.3,"stine",1,5.63
"pc3","2cpu-dc",0.3,"stine",2,5.43
"pc3","2cpu-dc",0.3,"stine",1,5.51
"pc3","2cpu-dc",0.3,"stine",2,5.37
"pc3","2cpu-dc",0.3,"stine",1,5.39
"pc3","2cpu-dc",0.3,"stine",1,5.55
"pc3","2cpu-dc",0.3,"stine",2,5.56
"pc3","2cpu-dc",0.3,"stine",1,5.37
"pc3","2cpu-dc",0.3,"stine",2,5.37
"pc3","2cpu-dc",0.3,"stine",2,5.46
"pc3","2cpu-dc",0.3,"stine",1,5.46
"pc3","2cpu-dc",0.3,"stine",2,5.44
"pc3","2cpu-dc",0.3,"stine",1,5.47
"pc3","2cpu-dc",0.3,"stine",1,5.46
"pc3","2cpu-dc",0.3,"stine",2,5.46
"pc3","2cpu-dc",0.3,"stine",1,5.49
"pc3","2cpu-dc",0.3,"stine",2,5.49
"pc3","2cpu-dc",0.3,"stine",1,5.45
"pc3","2cpu-dc",0.3,"stine",2,5.52
"pc3","2cpu-dc",0.3,"stine",1,5.4
"pc3","2cpu-dc",0.3,"stine",2,5.41
"pc3","2cpu-dc",0.3,"stine",1,5.44
"pc3","2cpu-dc",0.3,"stine",2,5.45
"pc3","2cpu-dc",0.3,"stine",1,5.48
"pc3","2cpu-dc",0.3,"stine",2,5.55
"pc3","2cpu-dc",0.3,"stine",1,5.47
"pc3","2cpu-dc",0.3,"stine",2,5.48
"pc3","2cpu-dc",0.3,"stine",1,5.45
"pc3","2cpu-dc",0.3,"stine",2,5.53
"pc3","2cpu-dc",0.3,"stine",1,5.47
"pc3","2cpu-dc",0.3,"stine",2,5.55
"pc3","2cpu-dc",0.3,"stine",1,5.46
"pc3","2cpu-dc",0.3,"stine",2,5.46
"pc3","2cpu-dc",0.3,"stine",1,5.63
"pc3","2cpu-dc",0.3,"stine",2,5.72
"pc3","2cpu-dc",0.3,"stine",2,5.53
"pc3","2cpu-dc",0.3,"stine",1,5.65
"pc3","2cpu-dc",0.3,"stine",1,5.55
"pc3","2cpu-dc",0.3,"stine",2,5.55
"pc3","2cpu-dc",0.3,"stine",1,5.76
"pc3","2cpu-dc",0.3,"stine",2,5.76
"pc3","2cpu-dc",0.3,"stine",2,5.54
"pc3","2cpu-dc",0.3,"stine",1,5.57
"pc3","2cpu-dc",0.3,"stine",2,5.45
"pc3","2cpu-dc",0.3,"stine",1,5.56
"pc3","2cpu-dc",0.3,"stine",1,5.55
"pc3","2cpu-dc",0.3,"stine",2,5.54
"pc3","2cpu-dc",0.3,"stine",1,5.47
"pc3","2cpu-dc",0.3,"stine",2,5.49
"pc3","2cpu-dc",0.4,"stine",2,4.35
"pc3","2cpu-dc",0.4,"stine",1,4.35
"pc3","2cpu-dc",0.4,"stine",2,4.4
"pc3","2cpu-dc",0.4,"stine",1,4.4
"pc3","2cpu-dc",0.4,"stine",2,3.87
"pc3","2cpu-dc",0.4,"stine",1,3.9
"pc3","2cpu-dc",0.4,"stine",2,3.95
"pc3","2cpu-dc",0.4,"stine",1,4.04
"pc3","2cpu-dc",0.4,"stine",2,3.93
"pc3","2cpu-dc",0.4,"stine",1,3.95
"pc3","2cpu-dc",0.4,"stine",2,3.91
"pc3","2cpu-dc",0.4,"stine",1,3.93
"pc3","2cpu-dc",0.4,"stine",2,3.85
"pc3","2cpu-dc",0.4,"stine",1,3.88
"pc3","2cpu-dc",0.4,"stine",2,3.91
"pc3","2cpu-dc",0.4,"stine",1,3.93
"pc3","2cpu-dc",0.4,"stine",2,3.88
"pc3","2cpu-dc",0.4,"stine",1,3.88
"pc3","2cpu-dc",0.4,"stine",2,3.93
"pc3","2cpu-dc",0.4,"stine",1,3.95
"pc3","2cpu-dc",0.4,"stine",2,3.88
"pc3","2cpu-dc",0.4,"stine",1,3.97
"pc3","2cpu-dc",0.4,"stine",2,3.88
"pc3","2cpu-dc",0.4,"stine",1,3.9
"pc3","2cpu-dc",0.4,"stine",2,3.94
"pc3","2cpu-dc",0.4,"stine",1,3.94
"pc3","2cpu-dc",0.4,"stine",2,3.96
"pc3","2cpu-dc",0.4,"stine",1,3.96
"pc3","2cpu-dc",0.4,"stine",1,3.97
"pc3","2cpu-dc",0.4,"stine",2,3.96
"pc3","2cpu-dc",0.4,"stine",2,3.94
"pc3","2cpu-dc",0.4,"stine",1,4.04
"pc3","2cpu-dc",0.4,"stine",2,3.88
"pc3","2cpu-dc",0.4,"stine",1,3.99
"pc3","2cpu-dc",0.4,"stine",2,3.96
"pc3","2cpu-dc",0.4,"stine",1,3.98
"pc3","2cpu-dc",0.4,"stine",2,3.88
"pc3","2cpu-dc",0.4,"stine",1,3.88
"pc3","2cpu-dc",0.4,"stine",1,3.94
"pc3","2cpu-dc",0.4,"stine",2,3.94
"pc3","2cpu-dc",0.4,"stine",2,3.93
"pc3","2cpu-dc",0.4,"stine",1,4.02
"pc3","2cpu-dc",0.4,"stine",2,3.97
"pc3","2cpu-dc",0.4,"stine",1,3.98
"pc3","2cpu-dc",0.4,"stine",2,4.04
"pc3","2cpu-dc",0.4,"stine",1,4.04
"pc3","2cpu-dc",0.4,"stine",2,3.88
"pc3","2cpu-dc",0.4,"stine",1,3.9
"pc3","2cpu-dc",0.4,"stine",1,3.94
"pc3","2cpu-dc",0.4,"stine",2,3.95
"pc3","2cpu-dc",0.4,"stine",2,3.98
"pc3","2cpu-dc",0.4,"stine",1,3.98
"pc3","2cpu-dc",0.4,"stine",2,3.94
"pc3","2cpu-dc",0.4,"stine",1,3.97
"pc3","2cpu-dc",0.4,"stine",2,4.05
"pc3","2cpu-dc",0.4,"stine",1,4.05
"pc3","2cpu-dc",0.4,"stine",1,3.97
"pc3","2cpu-dc",0.4,"stine",2,3.99
"pc3","2cpu-dc",0.4,"stine",2,4.04
"pc3","2cpu-dc",0.4,"stine",1,4.12
"pc3","2cpu-dc",0.5,"stine",2,3.49
"pc3","2cpu-dc",0.5,"stine",1,3.51
"pc3","2cpu-dc",0.5,"stine",2,3.57
"pc3","2cpu-dc",0.5,"stine",1,3.57
"pc3","2cpu-dc",0.5,"stine",1,3.07
"pc3","2cpu-dc",0.5,"stine",2,3.14
"pc3","2cpu-dc",0.5,"stine",1,3.1
"pc3","2cpu-dc",0.5,"stine",2,3.14
"pc3","2cpu-dc",0.5,"stine",1,3.1
"pc3","2cpu-dc",0.5,"stine",2,3.11
"pc3","2cpu-dc",0.5,"stine",1,3.14
"pc3","2cpu-dc",0.5,"stine",2,3.14
"pc3","2cpu-dc",0.5,"stine",1,3.07
"pc3","2cpu-dc",0.5,"stine",2,3.07
"pc3","2cpu-dc",0.5,"stine",2,3.05
"pc3","2cpu-dc",0.5,"stine",1,3.08
"pc3","2cpu-dc",0.5,"stine",1,3.06
"pc3","2cpu-dc",0.5,"stine",2,3.06
"pc3","2cpu-dc",0.5,"stine",2,3.05
"pc3","2cpu-dc",0.5,"stine",1,3.05
"pc3","2cpu-dc",0.5,"stine",1,3.04
"pc3","2cpu-dc",0.5,"stine",2,3.04
"pc3","2cpu-dc",0.5,"stine",1,3.07
"pc3","2cpu-dc",0.5,"stine",2,3.07
"pc3","2cpu-dc",0.5,"stine",2,3.05
"pc3","2cpu-dc",0.5,"stine",1,3.05
"pc3","2cpu-dc",0.5,"stine",2,3.03
"pc3","2cpu-dc",0.5,"stine",1,3.05
"pc3","2cpu-dc",0.5,"stine",2,3.08
"pc3","2cpu-dc",0.5,"stine",1,3.08
"pc3","2cpu-dc",0.5,"stine",2,3.04
"pc3","2cpu-dc",0.5,"stine",1,3.04
"pc3","2cpu-dc",0.5,"stine",2,3.06
"pc3","2cpu-dc",0.5,"stine",1,3.06
"pc3","2cpu-dc",0.5,"stine",2,3.05
"pc3","2cpu-dc",0.5,"stine",1,3.06
"pc3","2cpu-dc",0.5,"stine",2,3.04
"pc3","2cpu-dc",0.5,"stine",1,3.04
"pc3","2cpu-dc",0.5,"stine",1,3.08
"pc3","2cpu-dc",0.5,"stine",2,3.14
"pc3","2cpu-dc",0.5,"stine",1,3.06
"pc3","2cpu-dc",0.5,"stine",2,3.06
"pc3","2cpu-dc",0.5,"stine",1,3.09
"pc3","2cpu-dc",0.5,"stine",2,3.14
"pc3","2cpu-dc",0.5,"stine",1,3.1
"pc3","2cpu-dc",0.5,"stine",2,3.2
"pc3","2cpu-dc",0.5,"stine",2,3.16
"pc3","2cpu-dc",0.5,"stine",1,3.16
"pc3","2cpu-dc",0.5,"stine",2,3.15
"pc3","2cpu-dc",0.5,"stine",1,3.15
"pc3","2cpu-dc",0.5,"stine",1,3.22
"pc3","2cpu-dc",0.5,"stine",2,3.2
"pc3","2cpu-dc",0.5,"stine",1,3.11
"pc3","2cpu-dc",0.5,"stine",2,3.17
"pc3","2cpu-dc",0.5,"stine",1,3.18
"pc3","2cpu-dc",0.5,"stine",2,3.19
"pc3","2cpu-dc",0.5,"stine",1,3.15
"pc3","2cpu-dc",0.5,"stine",2,3.15
"pc3","2cpu-dc",0.5,"stine",1,3.16
"pc3","2cpu-dc",0.5,"stine",2,3.16
"pc3","2cpu-dc",0.6,"stine",1,2.81
"pc3","2cpu-dc",0.6,"stine",2,2.82
"pc3","2cpu-dc",0.6,"stine",1,2.85
"pc3","2cpu-dc",0.6,"stine",2,2.85
"pc3","2cpu-dc",0.6,"stine",1,2.56
"pc3","2cpu-dc",0.6,"stine",2,2.56
"pc3","2cpu-dc",0.6,"stine",1,2.49
"pc3","2cpu-dc",0.6,"stine",2,2.49
"pc3","2cpu-dc",0.6,"stine",2,2.54
"pc3","2cpu-dc",0.6,"stine",1,2.56
"pc3","2cpu-dc",0.6,"stine",2,2.48
"pc3","2cpu-dc",0.6,"stine",1,2.49
"pc3","2cpu-dc",0.6,"stine",2,2.55
"pc3","2cpu-dc",0.6,"stine",1,2.55
"pc3","2cpu-dc",0.6,"stine",1,2.56
"pc3","2cpu-dc",0.6,"stine",2,2.56
"pc3","2cpu-dc",0.6,"stine",2,2.54
"pc3","2cpu-dc",0.6,"stine",1,2.54
"pc3","2cpu-dc",0.6,"stine",1,2.5
"pc3","2cpu-dc",0.6,"stine",2,2.5
"pc3","2cpu-dc",0.6,"stine",2,2.52
"pc3","2cpu-dc",0.6,"stine",1,2.55
"pc3","2cpu-dc",0.6,"stine",1,2.56
"pc3","2cpu-dc",0.6,"stine",2,2.56
"pc3","2cpu-dc",0.6,"stine",1,2.54
"pc3","2cpu-dc",0.6,"stine",2,2.54
"pc3","2cpu-dc",0.6,"stine",1,2.49
"pc3","2cpu-dc",0.6,"stine",2,2.49
"pc3","2cpu-dc",0.6,"stine",1,2.56
"pc3","2cpu-dc",0.6,"stine",2,2.56
"pc3","2cpu-dc",0.6,"stine",2,2.55
"pc3","2cpu-dc",0.6,"stine",1,2.55
"pc3","2cpu-dc",0.6,"stine",2,2.52
"pc3","2cpu-dc",0.6,"stine",1,2.55
"pc3","2cpu-dc",0.6,"stine",1,2.53
"pc3","2cpu-dc",0.6,"stine",2,2.54
"pc3","2cpu-dc",0.6,"stine",1,2.5
"pc3","2cpu-dc",0.6,"stine",2,2.55
"pc3","2cpu-dc",0.6,"stine",2,2.56
"pc3","2cpu-dc",0.6,"stine",1,2.56
"pc3","2cpu-dc",0.6,"stine",2,2.54
"pc3","2cpu-dc",0.6,"stine",1,2.6
"pc3","2cpu-dc",0.6,"stine",1,2.6
"pc3","2cpu-dc",0.6,"stine",2,2.63
"pc3","2cpu-dc",0.6,"stine",2,2.54
"pc3","2cpu-dc",0.6,"stine",1,2.54
"pc3","2cpu-dc",0.6,"stine",1,2.54
"pc3","2cpu-dc",0.6,"stine",2,2.58
"pc3","2cpu-dc",0.6,"stine",1,2.6
"pc3","2cpu-dc",0.6,"stine",2,2.61
"pc3","2cpu-dc",0.6,"stine",1,2.58
"pc3","2cpu-dc",0.6,"stine",2,2.59
"pc3","2cpu-dc",0.6,"stine",1,2.54
"pc3","2cpu-dc",0.6,"stine",2,2.54
"pc3","2cpu-dc",0.6,"stine",1,2.52
"pc3","2cpu-dc",0.6,"stine",2,2.56
"pc3","2cpu-dc",0.6,"stine",1,2.53
"pc3","2cpu-dc",0.6,"stine",2,2.57
"pc3","2cpu-dc",0.6,"stine",1,2.51
"pc3","2cpu-dc",0.6,"stine",2,2.51
"pc3","2cpu-dc",0.7,"stine",2,2.56
"pc3","2cpu-dc",0.7,"stine",1,2.56
"pc3","2cpu-dc",0.7,"stine",2,2.51
"pc3","2cpu-dc",0.7,"stine",1,2.54
"pc3","2cpu-dc",0.7,"stine",1,2.2
"pc3","2cpu-dc",0.7,"stine",2,2.22
"pc3","2cpu-dc",0.7,"stine",1,2.21
"pc3","2cpu-dc",0.7,"stine",2,2.21
"pc3","2cpu-dc",0.7,"stine",2,2.23
"pc3","2cpu-dc",0.7,"stine",1,2.28
"pc3","2cpu-dc",0.7,"stine",2,2.24
"pc3","2cpu-dc",0.7,"stine",1,2.24
"pc3","2cpu-dc",0.7,"stine",1,2.24
"pc3","2cpu-dc",0.7,"stine",2,2.25
"pc3","2cpu-dc",0.7,"stine",2,2.16
"pc3","2cpu-dc",0.7,"stine",1,1.25
"pc3","2cpu-dc",0.7,"stine",1,2.19
"pc3","2cpu-dc",0.7,"stine",2,2.21
"pc3","2cpu-dc",0.7,"stine",1,2.22
"pc3","2cpu-dc",0.7,"stine",2,2.22
"pc3","2cpu-dc",0.7,"stine",1,2.21
"pc3","2cpu-dc",0.7,"stine",2,2.25
"pc3","2cpu-dc",0.7,"stine",2,2.21
"pc3","2cpu-dc",0.7,"stine",1,2.23
"pc3","2cpu-dc",0.7,"stine",1,2.21
"pc3","2cpu-dc",0.7,"stine",2,2.22
"pc3","2cpu-dc",0.7,"stine",2,2.23
"pc3","2cpu-dc",0.7,"stine",1,2.25
"pc3","2cpu-dc",0.7,"stine",2,2.28
"pc3","2cpu-dc",0.7,"stine",1,2.28
"pc3","2cpu-dc",0.7,"stine",2,2.24
"pc3","2cpu-dc",0.7,"stine",1,2.25
"pc3","2cpu-dc",0.7,"stine",2,2.22
"pc3","2cpu-dc",0.7,"stine",1,2.25
"pc3","2cpu-dc",0.7,"stine",1,2.27
"pc3","2cpu-dc",0.7,"stine",2,2.27
"pc3","2cpu-dc",0.7,"stine",1,2.24
"pc3","2cpu-dc",0.7,"stine",2,2.23
"pc3","2cpu-dc",0.7,"stine",1,2.22
"pc3","2cpu-dc",0.7,"stine",2,2.27
"pc3","2cpu-dc",0.7,"stine",1,2.28
"pc3","2cpu-dc",0.7,"stine",2,2.28
"pc3","2cpu-dc",0.7,"stine",2,2.26
"pc3","2cpu-dc",0.7,"stine",1,2.26
"pc3","2cpu-dc",0.7,"stine",1,2.17
"pc3","2cpu-dc",0.7,"stine",2,2.21
"pc3","2cpu-dc",0.7,"stine",1,2.19
"pc3","2cpu-dc",0.7,"stine",2,2.19
"pc3","2cpu-dc",0.7,"stine",2,2.21
"pc3","2cpu-dc",0.7,"stine",1,2.24
"pc3","2cpu-dc",0.7,"stine",2,2.2
"pc3","2cpu-dc",0.7,"stine",1,2.2
"pc3","2cpu-dc",0.7,"stine",1,2.16
"pc3","2cpu-dc",0.7,"stine",2,2.2
"pc3","2cpu-dc",0.7,"stine",1,2.19
"pc3","2cpu-dc",0.7,"stine",2,2.19
"pc3","2cpu-dc",0.7,"stine",1,2.19
"pc3","2cpu-dc",0.7,"stine",2,2.19
"pc3","2cpu-dc",0.7,"stine",2,2.19
"pc3","2cpu-dc",0.7,"stine",1,2.19
"pc3","2cpu-dc",0.8,"stine",1,2.14
"pc3","2cpu-dc",0.8,"stine",2,2.14
"pc3","2cpu-dc",0.8,"stine",1,2.14
"pc3","2cpu-dc",0.8,"stine",2,2.14
"pc3","2cpu-dc",0.8,"stine",1,1.88
"pc3","2cpu-dc",0.8,"stine",2,1.88
"pc3","2cpu-dc",0.8,"stine",1,1.87
"pc3","2cpu-dc",0.8,"stine",2,1.88
"pc3","2cpu-dc",0.8,"stine",1,1.91
"pc3","2cpu-dc",0.8,"stine",2,1.9
"pc3","2cpu-dc",0.8,"stine",1,1.91
"pc3","2cpu-dc",0.8,"stine",2,1.91
"pc3","2cpu-dc",0.8,"stine",1,1.91
"pc3","2cpu-dc",0.8,"stine",2,1.91
"pc3","2cpu-dc",0.8,"stine",1,1.91
"pc3","2cpu-dc",0.8,"stine",2,1.9
"pc3","2cpu-dc",0.8,"stine",1,1.9
"pc3","2cpu-dc",0.8,"stine",2,1.9
"pc3","2cpu-dc",0.8,"stine",1,1.11
"pc3","2cpu-dc",0.8,"stine",2,1.11
"pc3","2cpu-dc",0.8,"stine",1,1.9
"pc3","2cpu-dc",0.8,"stine",2,1.9
"pc3","2cpu-dc",0.8,"stine",1,1.88
"pc3","2cpu-dc",0.8,"stine",2,1.89
"pc3","2cpu-dc",0.8,"stine",2,1.89
"pc3","2cpu-dc",0.8,"stine",1,1.89
"pc3","2cpu-dc",0.8,"stine",1,1.89
"pc3","2cpu-dc",0.8,"stine",2,1.89
"pc3","2cpu-dc",0.8,"stine",1,1.92
"pc3","2cpu-dc",0.8,"stine",2,1.91
"pc3","2cpu-dc",0.8,"stine",2,1.91
"pc3","2cpu-dc",0.8,"stine",1,1.94
"pc3","2cpu-dc",0.8,"stine",1,1.88
"pc3","2cpu-dc",0.8,"stine",2,1.91
"pc3","2cpu-dc",0.8,"stine",2,1.9
"pc3","2cpu-dc",0.8,"stine",1,1.9
"pc3","2cpu-dc",0.8,"stine",2,1.9
"pc3","2cpu-dc",0.8,"stine",1,1.9
"pc3","2cpu-dc",0.8,"stine",1,1.9
"pc3","2cpu-dc",0.8,"stine",2,1.91
"pc3","2cpu-dc",0.8,"stine",2,1.92
"pc3","2cpu-dc",0.8,"stine",1,1.95
"pc3","2cpu-dc",0.8,"stine",2,1.92
"pc3","2cpu-dc",0.8,"stine",1,1.94
"pc3","2cpu-dc",0.8,"stine",1,1.92
"pc3","2cpu-dc",0.8,"stine",2,1.96
"pc3","2cpu-dc",0.8,"stine",1,1.92
"pc3","2cpu-dc",0.8,"stine",2,1.92
"pc3","2cpu-dc",0.8,"stine",2,1.93
"pc3","2cpu-dc",0.8,"stine",1,1.96
"pc3","2cpu-dc",0.8,"stine",1,1.94
"pc3","2cpu-dc",0.8,"stine",2,1.93
"pc3","2cpu-dc",0.8,"stine",1,1.94
"pc3","2cpu-dc",0.8,"stine",2,1.93
"pc3","2cpu-dc",0.8,"stine",1,1.93
"pc3","2cpu-dc",0.8,"stine",2,1.93
"pc3","2cpu-dc",0.8,"stine",1,1.92
"pc3","2cpu-dc",0.8,"stine",2,1.94
"pc3","2cpu-dc",0.8,"stine",2,1.9
"pc3","2cpu-dc",0.8,"stine",1,1.96
"pc3","2cpu-dc",0.9,"stine",1,1.88
"pc3","2cpu-dc",0.9,"stine",2,1.88
"pc3","2cpu-dc",0.9,"stine",2,1.91
"pc3","2cpu-dc",0.9,"stine",1,1.93
"pc3","2cpu-dc",0.9,"stine",1,1.69
"pc3","2cpu-dc",0.9,"stine",2,1.69
"pc3","2cpu-dc",0.9,"stine",1,1.67
"pc3","2cpu-dc",0.9,"stine",2,1.68
"pc3","2cpu-dc",0.9,"stine",1,1.68
"pc3","2cpu-dc",0.9,"stine",2,1.68
"pc3","2cpu-dc",0.9,"stine",1,1.68
"pc3","2cpu-dc",0.9,"stine",2,1.68
"pc3","2cpu-dc",0.9,"stine",1,1.68
"pc3","2cpu-dc",0.9,"stine",2,1.68
"pc3","2cpu-dc",0.9,"stine",1,1.68
"pc3","2cpu-dc",0.9,"stine",2,1.7
"pc3","2cpu-dc",0.9,"stine",1,1.72
"pc3","2cpu-dc",0.9,"stine",2,1.71
"pc3","2cpu-dc",0.9,"stine",1,1.22
"pc3","2cpu-dc",0.9,"stine",2,1.69
"pc3","2cpu-dc",0.9,"stine",1,1.68
"pc3","2cpu-dc",0.9,"stine",2,1.68
"pc3","2cpu-dc",0.9,"stine",2,1.69
"pc3","2cpu-dc",0.9,"stine",1,1.69
"pc3","2cpu-dc",0.9,"stine",1,1.7
"pc3","2cpu-dc",0.9,"stine",2,1.68
"pc3","2cpu-dc",0.9,"stine",1,1.7
"pc3","2cpu-dc",0.9,"stine",1,1.69
"pc3","2cpu-dc",0.9,"stine",2,1.7
"pc3","2cpu-dc",0.9,"stine",1,1.68
"pc3","2cpu-dc",0.9,"stine",2,1.68
"pc3","2cpu-dc",0.9,"stine",1,1.69
"pc3","2cpu-dc",0.9,"stine",2,1.68
"pc3","2cpu-dc",0.9,"stine",2,1.7
"pc3","2cpu-dc",0.9,"stine",1,1.7
"pc3","2cpu-dc",0.9,"stine",1,1.66
"pc3","2cpu-dc",0.9,"stine",2,1.66
"pc3","2cpu-dc",0.9,"stine",1,1.7
"pc3","2cpu-dc",0.9,"stine",2,1.72
"pc3","2cpu-dc",0.9,"stine",1,1.69
"pc3","2cpu-dc",0.9,"stine",2,1.69
"pc3","2cpu-dc",0.9,"stine",1,1.69
"pc3","2cpu-dc",0.9,"stine",2,1.7
"pc3","2cpu-dc",0.9,"stine",1,1.7
"pc3","2cpu-dc",0.9,"stine",2,1.78
"pc3","2cpu-dc",0.9,"stine",1,1.69
"pc3","2cpu-dc",0.9,"stine",2,1.7
"pc3","2cpu-dc",0.9,"stine",1,1.73
"pc3","2cpu-dc",0.9,"stine",2,1.73
"pc3","2cpu-dc",0.9,"stine",2,1.69
"pc3","2cpu-dc",0.9,"stine",1,1.71
"pc3","2cpu-dc",0.9,"stine",2,1.74
"pc3","2cpu-dc",0.9,"stine",1,1.74
"pc3","2cpu-dc",0.9,"stine",1,1.74
"pc3","2cpu-dc",0.9,"stine",2,1.74
"pc3","2cpu-dc",0.9,"stine",1,1.7
"pc3","2cpu-dc",0.9,"stine",2,1.7
"pc3","2cpu-dc",0.9,"stine",1,1.73
"pc3","2cpu-dc",0.9,"stine",2,1.72
"pc3","2cpu-dc",1,"stine",2,1.79
"pc3","2cpu-dc",1,"stine",1,2
"pc3","2cpu-dc",1,"stine",1,1.8
"pc3","2cpu-dc",1,"stine",2,1.91
"pc3","2cpu-dc",1,"stine",2,1.57
"pc3","2cpu-dc",1,"stine",1,1.75
"pc3","2cpu-dc",1,"stine",1,1.56
"pc3","2cpu-dc",1,"stine",2,1.74
"pc3","2cpu-dc",1,"stine",1,1.57
"pc3","2cpu-dc",1,"stine",2,1.76
"pc3","2cpu-dc",1,"stine",1,1.54
"pc3","2cpu-dc",1,"stine",2,1.78
"pc3","2cpu-dc",1,"stine",1,1.63
"pc3","2cpu-dc",1,"stine",2,1.69
"pc3","2cpu-dc",1,"stine",1,1.56
"pc3","2cpu-dc",1,"stine",2,1.73
"pc3","2cpu-dc",1,"stine",2,1.56
"pc3","2cpu-dc",1,"stine",1,1.7
"pc3","2cpu-dc",1,"stine",2,1.56
"pc3","2cpu-dc",1,"stine",1,1.74
"pc3","2cpu-dc",1,"stine",2,1.54
"pc3","2cpu-dc",1,"stine",1,1.73
"pc3","2cpu-dc",1,"stine",1,1.63
"pc3","2cpu-dc",1,"stine",2,1.68
"pc3","2cpu-dc",1,"stine",1,1.63
"pc3","2cpu-dc",1,"stine",2,1.66
"pc3","2cpu-dc",1,"stine",2,1.54
"pc3","2cpu-dc",1,"stine",1,1.72
"pc3","2cpu-dc",1,"stine",1,1.6
"pc3","2cpu-dc",1,"stine",2,1.69
"pc3","2cpu-dc",1,"stine",1,1.52
"pc3","2cpu-dc",1,"stine",2,1.7
"pc3","2cpu-dc",1,"stine",1,1.53
"pc3","2cpu-dc",1,"stine",2,1.71
"pc3","2cpu-dc",1,"stine",1,1.64
"pc3","2cpu-dc",1,"stine",2,1.65
"pc3","2cpu-dc",1,"stine",1,1.52
"pc3","2cpu-dc",1,"stine",2,1.72
"pc3","2cpu-dc",1,"stine",1,1.55
"pc3","2cpu-dc",1,"stine",2,1.76
"pc3","2cpu-dc",1,"stine",1,1.58
"pc3","2cpu-dc",1,"stine",2,1.79
"pc3","2cpu-dc",1,"stine",2,1.52
"pc3","2cpu-dc",1,"stine",1,1.54
"pc3","2cpu-dc",1,"stine",2,1.55
"pc3","2cpu-dc",1,"stine",1,1.55
"pc3","2cpu-dc",1,"stine",1,1.6
"pc3","2cpu-dc",1,"stine",2,1.6
"pc3","2cpu-dc",1,"stine",1,1.53
"pc3","2cpu-dc",1,"stine",2,1.56
"pc3","2cpu-dc",1,"stine",1,1.54
"pc3","2cpu-dc",1,"stine",2,1.53
"pc3","2cpu-dc",1,"stine",2,1.58
"pc3","2cpu-dc",1,"stine",1,1.6
"pc3","2cpu-dc",1,"stine",2,1.52
"pc3","2cpu-dc",1,"stine",1,1.54
"pc3","2cpu-dc",1,"stine",2,1.59
"pc3","2cpu-dc",1,"stine",1,1.59
"pc3","2cpu-dc",0.1,"locf",2,22.57
"pc3","2cpu-dc",0.1,"locf",1,22.88
"pc3","2cpu-dc",0.1,"locf",2,23.26
"pc3","2cpu-dc",0.1,"locf",1,23.47
"pc3","2cpu-dc",0.1,"locf",2,20.37
"pc3","2cpu-dc",0.1,"locf",1,20.46
"pc3","2cpu-dc",0.1,"locf",2,20.19
"pc3","2cpu-dc",0.1,"locf",1,20.19
"pc3","2cpu-dc",0.1,"locf",2,19.58
"pc3","2cpu-dc",0.1,"locf",1,19.78
"pc3","2cpu-dc",0.1,"locf",1,19.47
"pc3","2cpu-dc",0.1,"locf",2,19.65
"pc3","2cpu-dc",0.1,"locf",1,20.87
"pc3","2cpu-dc",0.1,"locf",2,20.87
"pc3","2cpu-dc",0.1,"locf",2,20.76
"pc3","2cpu-dc",0.1,"locf",1,20.76
"pc3","2cpu-dc",0.1,"locf",1,20.79
"pc3","2cpu-dc",0.1,"locf",2,20.87
"pc3","2cpu-dc",0.1,"locf",2,20.57
"pc3","2cpu-dc",0.1,"locf",1,20.68
"pc3","2cpu-dc",0.1,"locf",1,20.77
"pc3","2cpu-dc",0.1,"locf",2,20.95
"pc3","2cpu-dc",0.1,"locf",1,20.58
"pc3","2cpu-dc",0.1,"locf",2,20.77
"pc3","2cpu-dc",0.1,"locf",2,20.23
"pc3","2cpu-dc",0.1,"locf",1,20.23
"pc3","2cpu-dc",0.1,"locf",2,20.95
"pc3","2cpu-dc",0.1,"locf",1,20.97
"pc3","2cpu-dc",0.1,"locf",2,20.75
"pc3","2cpu-dc",0.1,"locf",1,20.86
"pc3","2cpu-dc",0.1,"locf",2,20.55
"pc3","2cpu-dc",0.1,"locf",1,20.67
"pc3","2cpu-dc",0.1,"locf",2,20.54
"pc3","2cpu-dc",0.1,"locf",1,20.66
"pc3","2cpu-dc",0.1,"locf",2,20.85
"pc3","2cpu-dc",0.1,"locf",1,20.97
"pc3","2cpu-dc",0.1,"locf",2,21.05
"pc3","2cpu-dc",0.1,"locf",1,21.16
"pc3","2cpu-dc",0.1,"locf",2,20.76
"pc3","2cpu-dc",0.1,"locf",1,20.87
"pc3","2cpu-dc",0.1,"locf",2,20.85
"pc3","2cpu-dc",0.1,"locf",1,20.95
"pc3","2cpu-dc",0.1,"locf",1,20.79
"pc3","2cpu-dc",0.1,"locf",2,20.88
"pc3","2cpu-dc",0.1,"locf",1,19.76
"pc3","2cpu-dc",0.1,"locf",2,19.95
"pc3","2cpu-dc",0.1,"locf",2,19.78
"pc3","2cpu-dc",0.1,"locf",1,19.87
"pc3","2cpu-dc",0.1,"locf",2,20.37
"pc3","2cpu-dc",0.1,"locf",1,20.37
"pc3","2cpu-dc",0.1,"locf",1,21.26
"pc3","2cpu-dc",0.1,"locf",2,21.35
"pc3","2cpu-dc",0.1,"locf",1,20.76
"pc3","2cpu-dc",0.1,"locf",2,20.86
"pc3","2cpu-dc",0.1,"locf",1,20.98
"pc3","2cpu-dc",0.1,"locf",2,20.98
"pc3","2cpu-dc",0.1,"locf",2,20.88
"pc3","2cpu-dc",0.1,"locf",1,20.89
"pc3","2cpu-dc",0.1,"locf",2,21.36
"pc3","2cpu-dc",0.1,"locf",1,21.47
"pc3","2cpu-dc",0.2,"locf",2,9.29
"pc3","2cpu-dc",0.2,"locf",1,9.39
"pc3","2cpu-dc",0.2,"locf",2,9.56
"pc3","2cpu-dc",0.2,"locf",1,9.76
"pc3","2cpu-dc",0.2,"locf",2,8.56
"pc3","2cpu-dc",0.2,"locf",1,8.76
"pc3","2cpu-dc",0.2,"locf",1,8.58
"pc3","2cpu-dc",0.2,"locf",2,8.58
"pc3","2cpu-dc",0.2,"locf",2,8.47
"pc3","2cpu-dc",0.2,"locf",1,8.56
"pc3","2cpu-dc",0.2,"locf",2,8.49
"pc3","2cpu-dc",0.2,"locf",1,8.59
"pc3","2cpu-dc",0.2,"locf",2,8.55
"pc3","2cpu-dc",0.2,"locf",1,8.65
"pc3","2cpu-dc",0.2,"locf",2,8.87
"pc3","2cpu-dc",0.2,"locf",1,8.89
"pc3","2cpu-dc",0.2,"locf",2,8.68
"pc3","2cpu-dc",0.2,"locf",1,8.77
"pc3","2cpu-dc",0.2,"locf",2,8.88
"pc3","2cpu-dc",0.2,"locf",1,8.97
"pc3","2cpu-dc",0.2,"locf",2,8.66
"pc3","2cpu-dc",0.2,"locf",1,8.68
"pc3","2cpu-dc",0.2,"locf",2,8.66
"pc3","2cpu-dc",0.2,"locf",1,8.77
"pc3","2cpu-dc",0.2,"locf",2,8.56
"pc3","2cpu-dc",0.2,"locf",1,8.77
"pc3","2cpu-dc",0.2,"locf",2,8.54
"pc3","2cpu-dc",0.2,"locf",1,8.66
"pc3","2cpu-dc",0.2,"locf",1,8.56
"pc3","2cpu-dc",0.2,"locf",2,8.57
"pc3","2cpu-dc",0.2,"locf",1,8.59
"pc3","2cpu-dc",0.2,"locf",2,8.59
"pc3","2cpu-dc",0.2,"locf",1,8.64
"pc3","2cpu-dc",0.2,"locf",2,8.65
"pc3","2cpu-dc",0.2,"locf",2,8.56
"pc3","2cpu-dc",0.2,"locf",1,8.68
"pc3","2cpu-dc",0.2,"locf",2,8.51
"pc3","2cpu-dc",0.2,"locf",1,8.68
"pc3","2cpu-dc",0.2,"locf",2,8.57
"pc3","2cpu-dc",0.2,"locf",1,8.67
"pc3","2cpu-dc",0.2,"locf",1,8.67
"pc3","2cpu-dc",0.2,"locf",2,8.75
"pc3","2cpu-dc",0.2,"locf",1,8.57
"pc3","2cpu-dc",0.2,"locf",2,8.75
"pc3","2cpu-dc",0.2,"locf",2,8.6
"pc3","2cpu-dc",0.2,"locf",1,8.69
"pc3","2cpu-dc",0.2,"locf",2,8.66
"pc3","2cpu-dc",0.2,"locf",1,8.67
"pc3","2cpu-dc",0.2,"locf",2,8.66
"pc3","2cpu-dc",0.2,"locf",1,8.77
"pc3","2cpu-dc",0.2,"locf",2,8.64
"pc3","2cpu-dc",0.2,"locf",1,8.75
"pc3","2cpu-dc",0.2,"locf",2,8.67
"pc3","2cpu-dc",0.2,"locf",1,8.77
"pc3","2cpu-dc",0.2,"locf",2,8.66
"pc3","2cpu-dc",0.2,"locf",1,8.77
"pc3","2cpu-dc",0.2,"locf",2,8.55
"pc3","2cpu-dc",0.2,"locf",1,8.66
"pc3","2cpu-dc",0.2,"locf",2,8.68
"pc3","2cpu-dc",0.2,"locf",1,8.88
"pc3","2cpu-dc",0.3,"locf",2,6
"pc3","2cpu-dc",0.3,"locf",1,6
"pc3","2cpu-dc",0.3,"locf",1,6.14
"pc3","2cpu-dc",0.3,"locf",2,6.12
"pc3","2cpu-dc",0.3,"locf",1,5.45
"pc3","2cpu-dc",0.3,"locf",2,5.46
"pc3","2cpu-dc",0.3,"locf",1,5.43
"pc3","2cpu-dc",0.3,"locf",2,5.43
"pc3","2cpu-dc",0.3,"locf",2,5.36
"pc3","2cpu-dc",0.3,"locf",1,5.36
"pc3","2cpu-dc",0.3,"locf",1,5.47
"pc3","2cpu-dc",0.3,"locf",2,5.47
"pc3","2cpu-dc",0.3,"locf",2,5.28
"pc3","2cpu-dc",0.3,"locf",1,5.37
"pc3","2cpu-dc",0.3,"locf",2,5.37
"pc3","2cpu-dc",0.3,"locf",1,5.49
"pc3","2cpu-dc",0.3,"locf",2,5.34
"pc3","2cpu-dc",0.3,"locf",1,5.34
"pc3","2cpu-dc",0.3,"locf",2,5.34
"pc3","2cpu-dc",0.3,"locf",1,5.44
"pc3","2cpu-dc",0.3,"locf",1,5.44
"pc3","2cpu-dc",0.3,"locf",2,5.44
"pc3","2cpu-dc",0.3,"locf",2,5.46
"pc3","2cpu-dc",0.3,"locf",1,5.46
"pc3","2cpu-dc",0.3,"locf",2,5.45
"pc3","2cpu-dc",0.3,"locf",1,5.45
"pc3","2cpu-dc",0.3,"locf",2,5.44
"pc3","2cpu-dc",0.3,"locf",1,5.44
"pc3","2cpu-dc",0.3,"locf",1,5.38
"pc3","2cpu-dc",0.3,"locf",2,5.47
"pc3","2cpu-dc",0.3,"locf",2,5.36
"pc3","2cpu-dc",0.3,"locf",1,5.46
"pc3","2cpu-dc",0.3,"locf",2,5.43
"pc3","2cpu-dc",0.3,"locf",1,5.46
"pc3","2cpu-dc",0.3,"locf",2,5.39
"pc3","2cpu-dc",0.3,"locf",1,5.41
"pc3","2cpu-dc",0.3,"locf",1,5.44
"pc3","2cpu-dc",0.3,"locf",2,5.45
"pc3","2cpu-dc",0.3,"locf",1,5.46
"pc3","2cpu-dc",0.3,"locf",2,5.51
"pc3","2cpu-dc",0.3,"locf",1,5.46
"pc3","2cpu-dc",0.3,"locf",2,5.52
"pc3","2cpu-dc",0.3,"locf",2,5.46
"pc3","2cpu-dc",0.3,"locf",1,5.46
"pc3","2cpu-dc",0.3,"locf",2,5.44
"pc3","2cpu-dc",0.3,"locf",1,5.44
"pc3","2cpu-dc",0.3,"locf",1,5.42
"pc3","2cpu-dc",0.3,"locf",2,5.42
"pc3","2cpu-dc",0.3,"locf",2,5.55
"pc3","2cpu-dc",0.3,"locf",1,5.55
"pc3","2cpu-dc",0.3,"locf",2,5.54
"pc3","2cpu-dc",0.3,"locf",1,5.56
"pc3","2cpu-dc",0.3,"locf",1,5.58
"pc3","2cpu-dc",0.3,"locf",2,5.58
"pc3","2cpu-dc",0.3,"locf",2,5.54
"pc3","2cpu-dc",0.3,"locf",1,5.56
"pc3","2cpu-dc",0.3,"locf",1,5.56
"pc3","2cpu-dc",0.3,"locf",2,5.56
"pc3","2cpu-dc",0.3,"locf",1,5.53
"pc3","2cpu-dc",0.3,"locf",2,5.53
"pc3","2cpu-dc",0.4,"locf",2,4.37
"pc3","2cpu-dc",0.4,"locf",1,4.37
"pc3","2cpu-dc",0.4,"locf",2,4.43
"pc3","2cpu-dc",0.4,"locf",1,4.46
"pc3","2cpu-dc",0.4,"locf",1,3.96
"pc3","2cpu-dc",0.4,"locf",2,3.96
"pc3","2cpu-dc",0.4,"locf",1,3.93
"pc3","2cpu-dc",0.4,"locf",2,3.93
"pc3","2cpu-dc",0.4,"locf",1,3.88
"pc3","2cpu-dc",0.4,"locf",2,3.87
"pc3","2cpu-dc",0.4,"locf",1,3.88
"pc3","2cpu-dc",0.4,"locf",2,3.88
"pc3","2cpu-dc",0.4,"locf",2,3.92
"pc3","2cpu-dc",0.4,"locf",1,3.92
"pc3","2cpu-dc",0.4,"locf",2,3.9
"pc3","2cpu-dc",0.4,"locf",1,3.9
"pc3","2cpu-dc",0.4,"locf",1,3.85
"pc3","2cpu-dc",0.4,"locf",2,3.85
"pc3","2cpu-dc",0.4,"locf",2,3.98
"pc3","2cpu-dc",0.4,"locf",1,3.98
"pc3","2cpu-dc",0.4,"locf",2,4.05
"pc3","2cpu-dc",0.4,"locf",1,4.05
"pc3","2cpu-dc",0.4,"locf",1,3.94
"pc3","2cpu-dc",0.4,"locf",2,3.95
"pc3","2cpu-dc",0.4,"locf",2,3.92
"pc3","2cpu-dc",0.4,"locf",1,3.92
"pc3","2cpu-dc",0.4,"locf",1,3.94
"pc3","2cpu-dc",0.4,"locf",2,3.94
"pc3","2cpu-dc",0.4,"locf",2,3.93
"pc3","2cpu-dc",0.4,"locf",1,4.01
"pc3","2cpu-dc",0.4,"locf",2,3.94
"pc3","2cpu-dc",0.4,"locf",1,3.94
"pc3","2cpu-dc",0.4,"locf",2,3.85
"pc3","2cpu-dc",0.4,"locf",1,3.92
"pc3","2cpu-dc",0.4,"locf",1,3.88
"pc3","2cpu-dc",0.4,"locf",2,3.88
"pc3","2cpu-dc",0.4,"locf",1,3.94
"pc3","2cpu-dc",0.4,"locf",2,3.94
"pc3","2cpu-dc",0.4,"locf",2,3.94
"pc3","2cpu-dc",0.4,"locf",1,4.02
"pc3","2cpu-dc",0.4,"locf",1,3.96
"pc3","2cpu-dc",0.4,"locf",2,3.99
"pc3","2cpu-dc",0.4,"locf",1,3.97
"pc3","2cpu-dc",0.4,"locf",2,4.05
"pc3","2cpu-dc",0.4,"locf",1,3.9
"pc3","2cpu-dc",0.4,"locf",2,3.97
"pc3","2cpu-dc",0.4,"locf",1,3.97
"pc3","2cpu-dc",0.4,"locf",2,3.97
"pc3","2cpu-dc",0.4,"locf",1,4.02
"pc3","2cpu-dc",0.4,"locf",2,4.02
"pc3","2cpu-dc",0.4,"locf",2,2.42
"pc3","2cpu-dc",0.4,"locf",1,4.04
"pc3","2cpu-dc",0.4,"locf",2,3.93
"pc3","2cpu-dc",0.4,"locf",1,3.93
"pc3","2cpu-dc",0.4,"locf",2,3.94
"pc3","2cpu-dc",0.4,"locf",1,4.01
"pc3","2cpu-dc",0.4,"locf",2,3.9
"pc3","2cpu-dc",0.4,"locf",1,3.9
"pc3","2cpu-dc",0.4,"locf",2,4
"pc3","2cpu-dc",0.4,"locf",1,4
"pc3","2cpu-dc",0.5,"locf",1,3.38
"pc3","2cpu-dc",0.5,"locf",2,3.38
"pc3","2cpu-dc",0.5,"locf",1,3.46
"pc3","2cpu-dc",0.5,"locf",2,3.46
"pc3","2cpu-dc",0.5,"locf",2,3.05
"pc3","2cpu-dc",0.5,"locf",1,3.07
"pc3","2cpu-dc",0.5,"locf",2,2.99
"pc3","2cpu-dc",0.5,"locf",1,3.04
"pc3","2cpu-dc",0.5,"locf",2,3.06
"pc3","2cpu-dc",0.5,"locf",1,3.06
"pc3","2cpu-dc",0.5,"locf",2,3.02
"pc3","2cpu-dc",0.5,"locf",1,3.02
"pc3","2cpu-dc",0.5,"locf",2,2.98
"pc3","2cpu-dc",0.5,"locf",1,3.01
"pc3","2cpu-dc",0.5,"locf",2,2.96
"pc3","2cpu-dc",0.5,"locf",1,2.99
"pc3","2cpu-dc",0.5,"locf",2,3.05
"pc3","2cpu-dc",0.5,"locf",1,3.05
"pc3","2cpu-dc",0.5,"locf",1,3.06
"pc3","2cpu-dc",0.5,"locf",2,3.06
"pc3","2cpu-dc",0.5,"locf",2,3.03
"pc3","2cpu-dc",0.5,"locf",1,3.11
"pc3","2cpu-dc",0.5,"locf",1,3.08
"pc3","2cpu-dc",0.5,"locf",2,3.08
"pc3","2cpu-dc",0.5,"locf",1,3.03
"pc3","2cpu-dc",0.5,"locf",2,3.03
"pc3","2cpu-dc",0.5,"locf",2,3.03
"pc3","2cpu-dc",0.5,"locf",1,3.03
"pc3","2cpu-dc",0.5,"locf",1,3.06
"pc3","2cpu-dc",0.5,"locf",2,3.06
"pc3","2cpu-dc",0.5,"locf",1,3.07
"pc3","2cpu-dc",0.5,"locf",2,3.07
"pc3","2cpu-dc",0.5,"locf",1,3.01
"pc3","2cpu-dc",0.5,"locf",2,3.01
"pc3","2cpu-dc",0.5,"locf",1,3.02
"pc3","2cpu-dc",0.5,"locf",2,3.06
"pc3","2cpu-dc",0.5,"locf",1,3.02
"pc3","2cpu-dc",0.5,"locf",2,3.07
"pc3","2cpu-dc",0.5,"locf",1,3.07
"pc3","2cpu-dc",0.5,"locf",2,3.08
"pc3","2cpu-dc",0.5,"locf",1,3.14
"pc3","2cpu-dc",0.5,"locf",2,3.17
"pc3","2cpu-dc",0.5,"locf",2,3.18
"pc3","2cpu-dc",0.5,"locf",1,3.18
"pc3","2cpu-dc",0.5,"locf",2,3.11
"pc3","2cpu-dc",0.5,"locf",1,3.14
"pc3","2cpu-dc",0.5,"locf",2,3.14
"pc3","2cpu-dc",0.5,"locf",1,1.79
"pc3","2cpu-dc",0.5,"locf",1,3.16
"pc3","2cpu-dc",0.5,"locf",2,3.17
"pc3","2cpu-dc",0.5,"locf",2,3.15
"pc3","2cpu-dc",0.5,"locf",1,3.21
"pc3","2cpu-dc",0.5,"locf",2,3.13
"pc3","2cpu-dc",0.5,"locf",1,3.13
"pc3","2cpu-dc",0.5,"locf",1,3.11
"pc3","2cpu-dc",0.5,"locf",2,3.11
"pc3","2cpu-dc",0.5,"locf",1,3.18
"pc3","2cpu-dc",0.5,"locf",2,3.18
"pc3","2cpu-dc",0.5,"locf",1,3.17
"pc3","2cpu-dc",0.5,"locf",2,3.23
"pc3","2cpu-dc",0.6,"locf",1,2.82
"pc3","2cpu-dc",0.6,"locf",2,2.82
"pc3","2cpu-dc",0.6,"locf",1,2.83
"pc3","2cpu-dc",0.6,"locf",2,2.83
"pc3","2cpu-dc",0.6,"locf",2,2.52
"pc3","2cpu-dc",0.6,"locf",1,2.52
"pc3","2cpu-dc",0.6,"locf",1,2.54
"pc3","2cpu-dc",0.6,"locf",2,2.54
"pc3","2cpu-dc",0.6,"locf",2,2.54
"pc3","2cpu-dc",0.6,"locf",1,2.54
"pc3","2cpu-dc",0.6,"locf",1,2.54
"pc3","2cpu-dc",0.6,"locf",2,2.54
"pc3","2cpu-dc",0.6,"locf",2,2.54
"pc3","2cpu-dc",0.6,"locf",1,2.57
"pc3","2cpu-dc",0.6,"locf",1,2.52
"pc3","2cpu-dc",0.6,"locf",2,2.52
"pc3","2cpu-dc",0.6,"locf",2,2.56
"pc3","2cpu-dc",0.6,"locf",1,2.56
"pc3","2cpu-dc",0.6,"locf",2,2.52
"pc3","2cpu-dc",0.6,"locf",1,2.54
"pc3","2cpu-dc",0.6,"locf",1,2.52
"pc3","2cpu-dc",0.6,"locf",2,2.52
"pc3","2cpu-dc",0.6,"locf",2,2.51
"pc3","2cpu-dc",0.6,"locf",1,2.54
"pc3","2cpu-dc",0.6,"locf",1,1.83
"pc3","2cpu-dc",0.6,"locf",2,1.83
"pc3","2cpu-dc",0.6,"locf",1,2.52
"pc3","2cpu-dc",0.6,"locf",2,2.52
"pc3","2cpu-dc",0.6,"locf",2,2.48
"pc3","2cpu-dc",0.6,"locf",1,2.49
"pc3","2cpu-dc",0.6,"locf",1,2.5
"pc3","2cpu-dc",0.6,"locf",2,2.5
"pc3","2cpu-dc",0.6,"locf",2,2.48
"pc3","2cpu-dc",0.6,"locf",1,1.49
"pc3","2cpu-dc",0.6,"locf",2,2.52
"pc3","2cpu-dc",0.6,"locf",1,2.55
"pc3","2cpu-dc",0.6,"locf",2,2.52
"pc3","2cpu-dc",0.6,"locf",1,2.52
"pc3","2cpu-dc",0.6,"locf",1,2.49
"pc3","2cpu-dc",0.6,"locf",2,2.55
"pc3","2cpu-dc",0.6,"locf",1,2.55
"pc3","2cpu-dc",0.6,"locf",2,2.56
"pc3","2cpu-dc",0.6,"locf",1,2.55
"pc3","2cpu-dc",0.6,"locf",2,2.55
"pc3","2cpu-dc",0.6,"locf",2,2.56
"pc3","2cpu-dc",0.6,"locf",1,2.56
"pc3","2cpu-dc",0.6,"locf",1,2.55
"pc3","2cpu-dc",0.6,"locf",2,2.55
"pc3","2cpu-dc",0.6,"locf",1,2.54
"pc3","2cpu-dc",0.6,"locf",2,2.52
"pc3","2cpu-dc",0.6,"locf",1,2.57
"pc3","2cpu-dc",0.6,"locf",2,2.57
"pc3","2cpu-dc",0.6,"locf",1,2.54
"pc3","2cpu-dc",0.6,"locf",2,2.55
"pc3","2cpu-dc",0.6,"locf",2,1.5
"pc3","2cpu-dc",0.6,"locf",1,1.5
"pc3","2cpu-dc",0.6,"locf",2,2.53
"pc3","2cpu-dc",0.6,"locf",1,2.53
"pc3","2cpu-dc",0.6,"locf",1,2.57
"pc3","2cpu-dc",0.6,"locf",2,2.57
"pc3","2cpu-dc",0.7,"locf",1,2.43
"pc3","2cpu-dc",0.7,"locf",2,2.43
"pc3","2cpu-dc",0.7,"locf",1,2.42
"pc3","2cpu-dc",0.7,"locf",2,2.45
"pc3","2cpu-dc",0.7,"locf",1,2.18
"pc3","2cpu-dc",0.7,"locf",2,2.18
"pc3","2cpu-dc",0.7,"locf",2,2.16
"pc3","2cpu-dc",0.7,"locf",1,2.16
"pc3","2cpu-dc",0.7,"locf",2,2.17
"pc3","2cpu-dc",0.7,"locf",1,2.17
"pc3","2cpu-dc",0.7,"locf",1,2.17
"pc3","2cpu-dc",0.7,"locf",2,2.17
"pc3","2cpu-dc",0.7,"locf",2,2.14
"pc3","2cpu-dc",0.7,"locf",1,2.15
"pc3","2cpu-dc",0.7,"locf",2,2.15
"pc3","2cpu-dc",0.7,"locf",1,2.15
"pc3","2cpu-dc",0.7,"locf",2,2.12
"pc3","2cpu-dc",0.7,"locf",1,2.12
"pc3","2cpu-dc",0.7,"locf",1,2.14
"pc3","2cpu-dc",0.7,"locf",2,2.14
"pc3","2cpu-dc",0.7,"locf",2,2.14
"pc3","2cpu-dc",0.7,"locf",1,2.14
"pc3","2cpu-dc",0.7,"locf",1,2.13
"pc3","2cpu-dc",0.7,"locf",2,2.13
"pc3","2cpu-dc",0.7,"locf",2,2.14
"pc3","2cpu-dc",0.7,"locf",1,2.14
"pc3","2cpu-dc",0.7,"locf",2,2.14
"pc3","2cpu-dc",0.7,"locf",1,2.14
"pc3","2cpu-dc",0.7,"locf",1,2.13
"pc3","2cpu-dc",0.7,"locf",2,2.13
"pc3","2cpu-dc",0.7,"locf",2,2.15
"pc3","2cpu-dc",0.7,"locf",1,2.15
"pc3","2cpu-dc",0.7,"locf",1,2.13
"pc3","2cpu-dc",0.7,"locf",2,2.13
"pc3","2cpu-dc",0.7,"locf",1,2.14
"pc3","2cpu-dc",0.7,"locf",2,1.53
"pc3","2cpu-dc",0.7,"locf",1,2.18
"pc3","2cpu-dc",0.7,"locf",2,2.17
"pc3","2cpu-dc",0.7,"locf",1,2.18
"pc3","2cpu-dc",0.7,"locf",2,2.19
"pc3","2cpu-dc",0.7,"locf",1,2.16
"pc3","2cpu-dc",0.7,"locf",2,2.19
"pc3","2cpu-dc",0.7,"locf",2,2.18
"pc3","2cpu-dc",0.7,"locf",1,2.18
"pc3","2cpu-dc",0.7,"locf",1,2.21
"pc3","2cpu-dc",0.7,"locf",2,2.2
"pc3","2cpu-dc",0.7,"locf",2,2.15
"pc3","2cpu-dc",0.7,"locf",1,2.2
"pc3","2cpu-dc",0.7,"locf",2,2.15
"pc3","2cpu-dc",0.7,"locf",1,2.18
"pc3","2cpu-dc",0.7,"locf",2,1.28
"pc3","2cpu-dc",0.7,"locf",1,1.27
"pc3","2cpu-dc",0.7,"locf",1,2.2
"pc3","2cpu-dc",0.7,"locf",2,2.2
"pc3","2cpu-dc",0.7,"locf",1,2.14
"pc3","2cpu-dc",0.7,"locf",2,2.14
"pc3","2cpu-dc",0.7,"locf",1,2.2
"pc3","2cpu-dc",0.7,"locf",1,2.17
"pc3","2cpu-dc",0.7,"locf",2,2.2
"pc3","2cpu-dc",0.8,"locf",1,2.18
"pc3","2cpu-dc",0.8,"locf",2,2.18
"pc3","2cpu-dc",0.8,"locf",1,2.16
"pc3","2cpu-dc",0.8,"locf",2,2.16
"pc3","2cpu-dc",0.8,"locf",2,1.92
"pc3","2cpu-dc",0.8,"locf",1,1.92
"pc3","2cpu-dc",0.8,"locf",1,1.95
"pc3","2cpu-dc",0.8,"locf",2,1.96
"pc3","2cpu-dc",0.8,"locf",1,1.93
"pc3","2cpu-dc",0.8,"locf",2,1.93
"pc3","2cpu-dc",0.8,"locf",1,1.91
"pc3","2cpu-dc",0.8,"locf",2,1.91
"pc3","2cpu-dc",0.8,"locf",2,1.9
"pc3","2cpu-dc",0.8,"locf",1,1.9
"pc3","2cpu-dc",0.8,"locf",1,1.9
"pc3","2cpu-dc",0.8,"locf",2,1.93
"pc3","2cpu-dc",0.8,"locf",2,1.89
"pc3","2cpu-dc",0.8,"locf",1,1.89
"pc3","2cpu-dc",0.8,"locf",2,1.9
"pc3","2cpu-dc",0.8,"locf",1,1.9
"pc3","2cpu-dc",0.8,"locf",1,1.89
"pc3","2cpu-dc",0.8,"locf",2,1.91
"pc3","2cpu-dc",0.8,"locf",1,1.91
"pc3","2cpu-dc",0.8,"locf",2,1.91
"pc3","2cpu-dc",0.8,"locf",1,1.9
"pc3","2cpu-dc",0.8,"locf",2,1.9
"pc3","2cpu-dc",0.8,"locf",1,1.9
"pc3","2cpu-dc",0.8,"locf",2,1.9
"pc3","2cpu-dc",0.8,"locf",1,1.89
"pc3","2cpu-dc",0.8,"locf",2,1.89
"pc3","2cpu-dc",0.8,"locf",1,1.9
"pc3","2cpu-dc",0.8,"locf",2,1.9
"pc3","2cpu-dc",0.8,"locf",1,1.34
"pc3","2cpu-dc",0.8,"locf",2,1.34
"pc3","2cpu-dc",0.8,"locf",1,1.91
"pc3","2cpu-dc",0.8,"locf",2,1.92
"pc3","2cpu-dc",0.8,"locf",2,1.92
"pc3","2cpu-dc",0.8,"locf",1,1.92
"pc3","2cpu-dc",0.8,"locf",1,1.92
"pc3","2cpu-dc",0.8,"locf",2,1.92
"pc3","2cpu-dc",0.8,"locf",1,1.89
"pc3","2cpu-dc",0.8,"locf",2,1.91
"pc3","2cpu-dc",0.8,"locf",2,1.92
"pc3","2cpu-dc",0.8,"locf",1,1.92
"pc3","2cpu-dc",0.8,"locf",1,1.91
"pc3","2cpu-dc",0.8,"locf",2,1.92
"pc3","2cpu-dc",0.8,"locf",2,1.94
"pc3","2cpu-dc",0.8,"locf",1,1.94
"pc3","2cpu-dc",0.8,"locf",1,1.93
"pc3","2cpu-dc",0.8,"locf",2,1.93
"pc3","2cpu-dc",0.8,"locf",2,1.92
"pc3","2cpu-dc",0.8,"locf",1,1.95
"pc3","2cpu-dc",0.8,"locf",2,2.05
"pc3","2cpu-dc",0.8,"locf",1,2.05
"pc3","2cpu-dc",0.8,"locf",2,1.97
"pc3","2cpu-dc",0.8,"locf",1,1.97
"pc3","2cpu-dc",0.8,"locf",2,1.96
"pc3","2cpu-dc",0.8,"locf",1,1.98
"pc3","2cpu-dc",0.8,"locf",1,1.97
"pc3","2cpu-dc",0.8,"locf",2,1.98
"pc3","2cpu-dc",0.9,"locf",1,1.88
"pc3","2cpu-dc",0.9,"locf",2,1.89
"pc3","2cpu-dc",0.9,"locf",1,1.9
"pc3","2cpu-dc",0.9,"locf",2,1.91
"pc3","2cpu-dc",0.9,"locf",1,1.67
"pc3","2cpu-dc",0.9,"locf",2,1.67
"pc3","2cpu-dc",0.9,"locf",1,1.68
"pc3","2cpu-dc",0.9,"locf",2,1.68
"pc3","2cpu-dc",0.9,"locf",1,1.69
"pc3","2cpu-dc",0.9,"locf",2,1.69
"pc3","2cpu-dc",0.9,"locf",1,1.69
"pc3","2cpu-dc",0.9,"locf",2,1.69
"pc3","2cpu-dc",0.9,"locf",1,1.67
"pc3","2cpu-dc",0.9,"locf",2,1.67
"pc3","2cpu-dc",0.9,"locf",1,1.69
"pc3","2cpu-dc",0.9,"locf",2,1.69
"pc3","2cpu-dc",0.9,"locf",1,1.68
"pc3","2cpu-dc",0.9,"locf",2,1.68
"pc3","2cpu-dc",0.9,"locf",2,1.65
"pc3","2cpu-dc",0.9,"locf",1,1.69
"pc3","2cpu-dc",0.9,"locf",1,1.68
"pc3","2cpu-dc",0.9,"locf",2,1.68
"pc3","2cpu-dc",0.9,"locf",1,1.65
"pc3","2cpu-dc",0.9,"locf",2,1.65
"pc3","2cpu-dc",0.9,"locf",1,1.67
"pc3","2cpu-dc",0.9,"locf",2,1.7
"pc3","2cpu-dc",0.9,"locf",1,1.66
"pc3","2cpu-dc",0.9,"locf",2,1.66
"pc3","2cpu-dc",0.9,"locf",2,1.68
"pc3","2cpu-dc",0.9,"locf",1,1.72
"pc3","2cpu-dc",0.9,"locf",1,1.68
"pc3","2cpu-dc",0.9,"locf",2,1.68
"pc3","2cpu-dc",0.9,"locf",1,1.67
"pc3","2cpu-dc",0.9,"locf",2,1.67
"pc3","2cpu-dc",0.9,"locf",2,1.68
"pc3","2cpu-dc",0.9,"locf",1,1.68
"pc3","2cpu-dc",0.9,"locf",1,1.67
"pc3","2cpu-dc",0.9,"locf",2,1.68
"pc3","2cpu-dc",0.9,"locf",1,1.67
"pc3","2cpu-dc",0.9,"locf",2,1.7
"pc3","2cpu-dc",0.9,"locf",1,1.68
"pc3","2cpu-dc",0.9,"locf",2,1.7
"pc3","2cpu-dc",0.9,"locf",1,1.72
"pc3","2cpu-dc",0.9,"locf",2,1.72
"pc3","2cpu-dc",0.9,"locf",1,1.7
"pc3","2cpu-dc",0.9,"locf",2,1.71
"pc3","2cpu-dc",0.9,"locf",1,1.7
"pc3","2cpu-dc",0.9,"locf",2,1.7
"pc3","2cpu-dc",0.9,"locf",1,1.71
"pc3","2cpu-dc",0.9,"locf",2,1.72
"pc3","2cpu-dc",0.9,"locf",1,1.71
"pc3","2cpu-dc",0.9,"locf",2,1.71
"pc3","2cpu-dc",0.9,"locf",2,1.19
"pc3","2cpu-dc",0.9,"locf",1,1.72
"pc3","2cpu-dc",0.9,"locf",1,1.69
"pc3","2cpu-dc",0.9,"locf",2,1.7
"pc3","2cpu-dc",0.9,"locf",1,1.76
"pc3","2cpu-dc",0.9,"locf",2,1.75
"pc3","2cpu-dc",0.9,"locf",1,1.72
"pc3","2cpu-dc",0.9,"locf",2,1.72
"pc3","2cpu-dc",1,"locf",1,1.74
"pc3","2cpu-dc",1,"locf",2,1.74
"pc3","2cpu-dc",1,"locf",1,1.72
"pc3","2cpu-dc",1,"locf",2,1.72
"pc3","2cpu-dc",1,"locf",1,1.52
"pc3","2cpu-dc",1,"locf",2,1.54
"pc3","2cpu-dc",1,"locf",1,1.5
"pc3","2cpu-dc",1,"locf",2,1.5
"pc3","2cpu-dc",1,"locf",2,1.52
"pc3","2cpu-dc",1,"locf",1,1.54
"pc3","2cpu-dc",1,"locf",1,1.62
"pc3","2cpu-dc",1,"locf",2,1.62
"pc3","2cpu-dc",1,"locf",1,1.53
"pc3","2cpu-dc",1,"locf",2,1.7
"pc3","2cpu-dc",1,"locf",1,1.56
"pc3","2cpu-dc",1,"locf",2,1.67
"pc3","2cpu-dc",1,"locf",1,1.52
"pc3","2cpu-dc",1,"locf",2,1.69
"pc3","2cpu-dc",1,"locf",1,1.52
"pc3","2cpu-dc",1,"locf",2,1.52
"pc3","2cpu-dc",1,"locf",1,1.51
"pc3","2cpu-dc",1,"locf",2,1.52
"pc3","2cpu-dc",1,"locf",2,1.52
"pc3","2cpu-dc",1,"locf",1,1.52
"pc3","2cpu-dc",1,"locf",1,1.52
"pc3","2cpu-dc",1,"locf",2,1.53
"pc3","2cpu-dc",1,"locf",1,1.52
"pc3","2cpu-dc",1,"locf",2,1.52
"pc3","2cpu-dc",1,"locf",1,1.53
"pc3","2cpu-dc",1,"locf",2,1.52
"pc3","2cpu-dc",1,"locf",1,1.52
"pc3","2cpu-dc",1,"locf",2,1.52
"pc3","2cpu-dc",1,"locf",1,1.52
"pc3","2cpu-dc",1,"locf",2,1.52
"pc3","2cpu-dc",1,"locf",1,1.5
"pc3","2cpu-dc",1,"locf",2,1.5
"pc3","2cpu-dc",1,"locf",2,1.51
"pc3","2cpu-dc",1,"locf",1,1.51
"pc3","2cpu-dc",1,"locf",1,1.52
"pc3","2cpu-dc",1,"locf",2,1.53
"pc3","2cpu-dc",1,"locf",1,1.52
"pc3","2cpu-dc",1,"locf",2,1.56
"pc3","2cpu-dc",1,"locf",1,1.54
"pc3","2cpu-dc",1,"locf",2,1.54
"pc3","2cpu-dc",1,"locf",2,1.54
"pc3","2cpu-dc",1,"locf",1,1.54
"pc3","2cpu-dc",1,"locf",2,1.54
"pc3","2cpu-dc",1,"locf",1,1.54
"pc3","2cpu-dc",1,"locf",1,1.54
"pc3","2cpu-dc",1,"locf",2,1.54
"pc3","2cpu-dc",1,"locf",1,1.54
"pc3","2cpu-dc",1,"locf",2,1.54
"pc3","2cpu-dc",1,"locf",2,1.56
"pc3","2cpu-dc",1,"locf",1,1.56
"pc3","2cpu-dc",1,"locf",1,1.53
"pc3","2cpu-dc",1,"locf",2,1.54
"pc3","2cpu-dc",1,"locf",1,1.52
"pc3","2cpu-dc",1,"locf",2,1.52
"pc3","2cpu-dc",1,"locf",1,1.55
"pc3","2cpu-dc",1,"locf",2,1.55
"pc3","2cpu-dc",0.1,"ssa",2,25.22
"pc3","2cpu-dc",0.1,"ssa",1,28.31
"pc3","2cpu-dc",0.1,"ssa",2,25.85
"pc3","2cpu-dc",0.1,"ssa",1,25.96
"pc3","2cpu-dc",0.1,"ssa",1,27.26
"pc3","2cpu-dc",0.1,"ssa",2,27.26
"pc3","2cpu-dc",0.1,"ssa",2,27.32
"pc3","2cpu-dc",0.1,"ssa",1,27.42
"pc3","2cpu-dc",0.1,"ssa",2,27.87
"pc3","2cpu-dc",0.1,"ssa",1,28.17
"pc3","2cpu-dc",0.1,"ssa",1,28.78
"pc3","2cpu-dc",0.1,"ssa",2,28.86
"pc3","2cpu-dc",0.1,"ssa",2,28.59
"pc3","2cpu-dc",0.1,"ssa",1,28.59
"pc3","2cpu-dc",0.1,"ssa",1,27.45
"pc3","2cpu-dc",0.1,"ssa",2,27.64
"pc3","2cpu-dc",0.1,"ssa",1,27.72
"pc3","2cpu-dc",0.1,"ssa",2,28.11
"pc3","2cpu-dc",0.1,"ssa",1,28.44
"pc3","2cpu-dc",0.1,"ssa",2,28.49
"pc3","2cpu-dc",0.1,"ssa",1,28.46
"pc3","2cpu-dc",0.1,"ssa",2,28.95
"pc3","2cpu-dc",0.1,"ssa",1,28.22
"pc3","2cpu-dc",0.1,"ssa",2,28.27
"pc3","2cpu-dc",0.1,"ssa",1,26.79
"pc3","2cpu-dc",0.1,"ssa",2,26.88
"pc3","2cpu-dc",0.1,"ssa",2,26.78
"pc3","2cpu-dc",0.1,"ssa",1,26.94
"pc3","2cpu-dc",0.1,"ssa",1,27.94
"pc3","2cpu-dc",0.1,"ssa",2,28.43
"pc3","2cpu-dc",0.1,"ssa",2,27.44
"pc3","2cpu-dc",0.1,"ssa",1,27.66
"pc3","2cpu-dc",0.1,"ssa",2,28.03
"pc3","2cpu-dc",0.1,"ssa",1,28.23
"pc3","2cpu-dc",0.1,"ssa",2,30.31
"pc3","2cpu-dc",0.1,"ssa",1,31.43
"pc3","2cpu-dc",0.1,"ssa",1,28.06
"pc3","2cpu-dc",0.1,"ssa",2,28.15
"pc3","2cpu-dc",0.1,"ssa",1,27.56
"pc3","2cpu-dc",0.1,"ssa",2,28.05
"pc3","2cpu-dc",0.1,"ssa",1,27.81
"pc3","2cpu-dc",0.1,"ssa",2,28.49
"pc3","2cpu-dc",0.1,"ssa",1,28.01
"pc3","2cpu-dc",0.1,"ssa",2,28
"pc3","2cpu-dc",0.1,"ssa",1,28.23
"pc3","2cpu-dc",0.1,"ssa",2,29.12
"pc3","2cpu-dc",0.1,"ssa",1,26.72
"pc3","2cpu-dc",0.1,"ssa",2,28.6
"pc3","2cpu-dc",0.1,"ssa",1,26.23
"pc3","2cpu-dc",0.1,"ssa",2,26.5
"pc3","2cpu-dc",0.1,"ssa",1,26.75
"pc3","2cpu-dc",0.1,"ssa",2,26.75
"pc3","2cpu-dc",0.1,"ssa",1,27.84
"pc3","2cpu-dc",0.1,"ssa",2,28.31
"pc3","2cpu-dc",0.1,"ssa",1,27.43
"pc3","2cpu-dc",0.1,"ssa",2,28.01
"pc3","2cpu-dc",0.1,"ssa",2,28.15
"pc3","2cpu-dc",0.1,"ssa",1,28.57
"pc3","2cpu-dc",0.1,"ssa",1,29.05
"pc3","2cpu-dc",0.1,"ssa",2,29.22
"pc3","2cpu-dc",0.2,"ssa",2,12.07
"pc3","2cpu-dc",0.2,"ssa",1,12.29
"pc3","2cpu-dc",0.2,"ssa",2,12.04
"pc3","2cpu-dc",0.2,"ssa",1,12.15
"pc3","2cpu-dc",0.2,"ssa",1,10.95
"pc3","2cpu-dc",0.2,"ssa",2,11.03
"pc3","2cpu-dc",0.2,"ssa",2,11.27
"pc3","2cpu-dc",0.2,"ssa",1,11.4
"pc3","2cpu-dc",0.2,"ssa",2,11.03
"pc3","2cpu-dc",0.2,"ssa",1,11.23
"pc3","2cpu-dc",0.2,"ssa",2,10.95
"pc3","2cpu-dc",0.2,"ssa",2,11.14
"pc3","2cpu-dc",0.2,"ssa",1,11.34
"pc3","2cpu-dc",0.2,"ssa",2,11.12
"pc3","2cpu-dc",0.2,"ssa",1,11.34
"pc3","2cpu-dc",0.2,"ssa",2,11.65
"pc3","2cpu-dc",0.2,"ssa",1,11.65
"pc3","2cpu-dc",0.2,"ssa",2,11.44
"pc3","2cpu-dc",0.2,"ssa",1,11.94
"pc3","2cpu-dc",0.2,"ssa",2,11.22
"pc3","2cpu-dc",0.2,"ssa",1,11.34
"pc3","2cpu-dc",0.2,"ssa",1,11.18
"pc3","2cpu-dc",0.2,"ssa",2,11.46
"pc3","2cpu-dc",0.2,"ssa",2,11.16
"pc3","2cpu-dc",0.2,"ssa",1,11.48
"pc3","2cpu-dc",0.2,"ssa",1,11.44
"pc3","2cpu-dc",0.2,"ssa",2,11.44
"pc3","2cpu-dc",0.2,"ssa",1,11.35
"pc3","2cpu-dc",0.2,"ssa",2,11.44
"pc3","2cpu-dc",0.2,"ssa",2,10.85
"pc3","2cpu-dc",0.2,"ssa",1,11.27
"pc3","2cpu-dc",0.2,"ssa",2,11.2
"pc3","2cpu-dc",0.2,"ssa",1,11.31
"pc3","2cpu-dc",0.2,"ssa",1,10.99
"pc3","2cpu-dc",0.2,"ssa",2,11.26
"pc3","2cpu-dc",0.2,"ssa",2,11.14
"pc3","2cpu-dc",0.2,"ssa",1,11.55
"pc3","2cpu-dc",0.2,"ssa",2,11.05
"pc3","2cpu-dc",0.2,"ssa",1,11.17
"pc3","2cpu-dc",0.2,"ssa",2,11.05
"pc3","2cpu-dc",0.2,"ssa",1,11.37
"pc3","2cpu-dc",0.2,"ssa",2,10.95
"pc3","2cpu-dc",0.2,"ssa",1,11.45
"pc3","2cpu-dc",0.2,"ssa",2,11.17
"pc3","2cpu-dc",0.2,"ssa",1,11.58
"pc3","2cpu-dc",0.2,"ssa",2,11.06
"pc3","2cpu-dc",0.2,"ssa",1,11.17
"pc3","2cpu-dc",0.2,"ssa",2,11.16
"pc3","2cpu-dc",0.2,"ssa",1,11.38
"pc3","2cpu-dc",0.2,"ssa",2,11.29
"pc3","2cpu-dc",0.2,"ssa",1,11.69
"pc3","2cpu-dc",0.2,"ssa",2,11.65
"pc3","2cpu-dc",0.2,"ssa",1,11.65
"pc3","2cpu-dc",0.2,"ssa",2,11.25
"pc3","2cpu-dc",0.2,"ssa",1,11.46
"pc3","2cpu-dc",0.2,"ssa",2,11.35
"pc3","2cpu-dc",0.2,"ssa",1,11.38
"pc3","2cpu-dc",0.2,"ssa",2,11.27
"pc3","2cpu-dc",0.2,"ssa",1,11.48
"pc3","2cpu-dc",0.3,"ssa",2,7.62
"pc3","2cpu-dc",0.3,"ssa",1,7.83
"pc3","2cpu-dc",0.3,"ssa",2,7.77
"pc3","2cpu-dc",0.3,"ssa",1,7.86
"pc3","2cpu-dc",0.3,"ssa",1,7.07
"pc3","2cpu-dc",0.3,"ssa",2,7.27
"pc3","2cpu-dc",0.3,"ssa",2,6.91
"pc3","2cpu-dc",0.3,"ssa",1,7.12
"pc3","2cpu-dc",0.3,"ssa",2,6.95
"pc3","2cpu-dc",0.3,"ssa",1,7.05
"pc3","2cpu-dc",0.3,"ssa",2,7.18
"pc3","2cpu-dc",0.3,"ssa",1,7.2
"pc3","2cpu-dc",0.3,"ssa",1,7.26
"pc3","2cpu-dc",0.3,"ssa",2,7.26
"pc3","2cpu-dc",0.3,"ssa",2,7.02
"pc3","2cpu-dc",0.3,"ssa",1,7.24
"pc3","2cpu-dc",0.3,"ssa",2,7.04
"pc3","2cpu-dc",0.3,"ssa",1,7.07
"pc3","2cpu-dc",0.3,"ssa",2,7.16
"pc3","2cpu-dc",0.3,"ssa",1,7.35
"pc3","2cpu-dc",0.3,"ssa",1,7.15
"pc3","2cpu-dc",0.3,"ssa",2,7.25
"pc3","2cpu-dc",0.3,"ssa",2,7.3
"pc3","2cpu-dc",0.3,"ssa",1,7.3
"pc3","2cpu-dc",0.3,"ssa",2,7.04
"pc3","2cpu-dc",0.3,"ssa",1,7.24
"pc3","2cpu-dc",0.3,"ssa",1,7.28
"pc3","2cpu-dc",0.3,"ssa",2,7.28
"pc3","2cpu-dc",0.3,"ssa",2,7.23
"pc3","2cpu-dc",0.3,"ssa",1,7.32
"pc3","2cpu-dc",0.3,"ssa",2,6.91
"pc3","2cpu-dc",0.3,"ssa",1,7
"pc3","2cpu-dc",0.3,"ssa",2,6.98
"pc3","2cpu-dc",0.3,"ssa",1,7.19
"pc3","2cpu-dc",0.3,"ssa",2,7.06
"pc3","2cpu-dc",0.3,"ssa",1,7.25
"pc3","2cpu-dc",0.3,"ssa",2,7.05
"pc3","2cpu-dc",0.3,"ssa",1,7.17
"pc3","2cpu-dc",0.3,"ssa",2,7.07
"pc3","2cpu-dc",0.3,"ssa",1,7.29
"pc3","2cpu-dc",0.3,"ssa",2,7.08
"pc3","2cpu-dc",0.3,"ssa",1,7.25
"pc3","2cpu-dc",0.3,"ssa",1,7.1
"pc3","2cpu-dc",0.3,"ssa",2,7.19
"pc3","2cpu-dc",0.3,"ssa",1,7.15
"pc3","2cpu-dc",0.3,"ssa",2,7.14
"pc3","2cpu-dc",0.3,"ssa",2,7.06
"pc3","2cpu-dc",0.3,"ssa",1,7.16
"pc3","2cpu-dc",0.3,"ssa",2,7.04
"pc3","2cpu-dc",0.3,"ssa",1,7.16
"pc3","2cpu-dc",0.3,"ssa",2,7.16
"pc3","2cpu-dc",0.3,"ssa",1,7.26
"pc3","2cpu-dc",0.3,"ssa",1,7.19
"pc3","2cpu-dc",0.3,"ssa",2,7.2
"pc3","2cpu-dc",0.3,"ssa",2,7.15
"pc3","2cpu-dc",0.3,"ssa",1,7.25
"pc3","2cpu-dc",0.3,"ssa",2,7.07
"pc3","2cpu-dc",0.3,"ssa",1,7.18
"pc3","2cpu-dc",0.3,"ssa",2,7.07
"pc3","2cpu-dc",0.3,"ssa",1,7.17
"pc3","2cpu-dc",0.4,"ssa",2,1.28
"pc3","2cpu-dc",0.4,"ssa",1,5.56
"pc3","2cpu-dc",0.4,"ssa",2,5.5
"pc3","2cpu-dc",0.4,"ssa",1,5.6
"pc3","2cpu-dc",0.4,"ssa",2,5
"pc3","2cpu-dc",0.4,"ssa",1,5.18
"pc3","2cpu-dc",0.4,"ssa",2,5.14
"pc3","2cpu-dc",0.4,"ssa",1,5.25
"pc3","2cpu-dc",0.4,"ssa",2,5.14
"pc3","2cpu-dc",0.4,"ssa",1,5.18
"pc3","2cpu-dc",0.4,"ssa",2,5.01
"pc3","2cpu-dc",0.4,"ssa",1,5.24
"pc3","2cpu-dc",0.4,"ssa",2,5.16
"pc3","2cpu-dc",0.4,"ssa",1,5.27
"pc3","2cpu-dc",0.4,"ssa",2,5.07
"pc3","2cpu-dc",0.4,"ssa",1,5.28
"pc3","2cpu-dc",0.4,"ssa",2,5.24
"pc3","2cpu-dc",0.4,"ssa",1,5.28
"pc3","2cpu-dc",0.4,"ssa",2,5.18
"pc3","2cpu-dc",0.4,"ssa",1,5.27
"pc3","2cpu-dc",0.4,"ssa",2,5.18
"pc3","2cpu-dc",0.4,"ssa",1,5.38
"pc3","2cpu-dc",0.4,"ssa",2,5.16
"pc3","2cpu-dc",0.4,"ssa",1,5.26
"pc3","2cpu-dc",0.4,"ssa",2,4.98
"pc3","2cpu-dc",0.4,"ssa",1,5.22
"pc3","2cpu-dc",0.4,"ssa",2,5.07
"pc3","2cpu-dc",0.4,"ssa",1,5.35
"pc3","2cpu-dc",0.4,"ssa",2,5.01
"pc3","2cpu-dc",0.4,"ssa",1,5.33
"pc3","2cpu-dc",0.4,"ssa",1,5.16
"pc3","2cpu-dc",0.4,"ssa",2,5.16
"pc3","2cpu-dc",0.4,"ssa",2,5.05
"pc3","2cpu-dc",0.4,"ssa",1,5.56
"pc3","2cpu-dc",0.4,"ssa",2,5.09
"pc3","2cpu-dc",0.4,"ssa",1,5.28
"pc3","2cpu-dc",0.4,"ssa",2,5.16
"pc3","2cpu-dc",0.4,"ssa",1,5.24
"pc3","2cpu-dc",0.4,"ssa",2,5.29
"pc3","2cpu-dc",0.4,"ssa",1,5.31
"pc3","2cpu-dc",0.4,"ssa",2,5.13
"pc3","2cpu-dc",0.4,"ssa",1,5.25
"pc3","2cpu-dc",0.4,"ssa",2,4.99
"pc3","2cpu-dc",0.4,"ssa",1,5.19
"pc3","2cpu-dc",0.4,"ssa",2,5.15
"pc3","2cpu-dc",0.4,"ssa",1,5.17
"pc3","2cpu-dc",0.4,"ssa",2,5.14
"pc3","2cpu-dc",0.4,"ssa",1,5.38
"pc3","2cpu-dc",0.4,"ssa",2,5.18
"pc3","2cpu-dc",0.4,"ssa",1,5.37
"pc3","2cpu-dc",0.4,"ssa",1,5.27
"pc3","2cpu-dc",0.4,"ssa",2,5.33
"pc3","2cpu-dc",0.4,"ssa",2,5.18
"pc3","2cpu-dc",0.4,"ssa",1,5.27
"pc3","2cpu-dc",0.4,"ssa",2,5.19
"pc3","2cpu-dc",0.4,"ssa",1,5.29
"pc3","2cpu-dc",0.4,"ssa",2,1.11
"pc3","2cpu-dc",0.4,"ssa",1,5.37
"pc3","2cpu-dc",0.4,"ssa",2,5.1
"pc3","2cpu-dc",0.4,"ssa",1,5.38
"pc3","2cpu-dc",0.5,"ssa",2,4.27
"pc3","2cpu-dc",0.5,"ssa",1,4.29
"pc3","2cpu-dc",0.5,"ssa",1,4.27
"pc3","2cpu-dc",0.5,"ssa",2,4.35
"pc3","2cpu-dc",0.5,"ssa",1,3.86
"pc3","2cpu-dc",0.5,"ssa",2,3.99
"pc3","2cpu-dc",0.5,"ssa",2,3.95
"pc3","2cpu-dc",0.5,"ssa",1,4.04
"pc3","2cpu-dc",0.5,"ssa",2,3.86
"pc3","2cpu-dc",0.5,"ssa",1,3.99
"pc3","2cpu-dc",0.5,"ssa",1,3.98
"pc3","2cpu-dc",0.5,"ssa",2,4.08
"pc3","2cpu-dc",0.5,"ssa",1,3.99
"pc3","2cpu-dc",0.5,"ssa",2,3.99
"pc3","2cpu-dc",0.5,"ssa",1,3.92
"pc3","2cpu-dc",0.5,"ssa",2,3.92
"pc3","2cpu-dc",0.5,"ssa",1,3.93
"pc3","2cpu-dc",0.5,"ssa",2,3.98
"pc3","2cpu-dc",0.5,"ssa",1,3.99
"pc3","2cpu-dc",0.5,"ssa",2,4.01
"pc3","2cpu-dc",0.5,"ssa",1,4.01
"pc3","2cpu-dc",0.5,"ssa",1,3.95
"pc3","2cpu-dc",0.5,"ssa",2,4.02
"pc3","2cpu-dc",0.5,"ssa",2,4.11
"pc3","2cpu-dc",0.5,"ssa",1,4.24
"pc3","2cpu-dc",0.5,"ssa",1,4.08
"pc3","2cpu-dc",0.5,"ssa",2,4.09
"pc3","2cpu-dc",0.5,"ssa",1,3.95
"pc3","2cpu-dc",0.5,"ssa",2,4.01
"pc3","2cpu-dc",0.5,"ssa",2,3.98
"pc3","2cpu-dc",0.5,"ssa",1,4.01
"pc3","2cpu-dc",0.5,"ssa",1,3.93
"pc3","2cpu-dc",0.5,"ssa",2,4
"pc3","2cpu-dc",0.5,"ssa",1,3.98
"pc3","2cpu-dc",0.5,"ssa",2,4.06
"pc3","2cpu-dc",0.5,"ssa",1,4.07
"pc3","2cpu-dc",0.5,"ssa",2,4.09
"pc3","2cpu-dc",0.5,"ssa",1,3.98
"pc3","2cpu-dc",0.5,"ssa",2,4.06
"pc3","2cpu-dc",0.5,"ssa",1,3.89
"pc3","2cpu-dc",0.5,"ssa",2,4.08
"pc3","2cpu-dc",0.5,"ssa",2,3.99
"pc3","2cpu-dc",0.5,"ssa",1,4
"pc3","2cpu-dc",0.5,"ssa",1,3.95
"pc3","2cpu-dc",0.5,"ssa",2,4.03
"pc3","2cpu-dc",0.5,"ssa",1,3.91
"pc3","2cpu-dc",0.5,"ssa",2,4
"pc3","2cpu-dc",0.5,"ssa",2,3.97
"pc3","2cpu-dc",0.5,"ssa",1,4.05
"pc3","2cpu-dc",0.5,"ssa",2,3.98
"pc3","2cpu-dc",0.5,"ssa",1,3.98
"pc3","2cpu-dc",0.5,"ssa",1,3.95
"pc3","2cpu-dc",0.5,"ssa",2,4.03
"pc3","2cpu-dc",0.5,"ssa",2,3.99
"pc3","2cpu-dc",0.5,"ssa",1,4.1
"pc3","2cpu-dc",0.5,"ssa",2,4.05
"pc3","2cpu-dc",0.5,"ssa",1,4.06
"pc3","2cpu-dc",0.5,"ssa",1,4
"pc3","2cpu-dc",0.5,"ssa",2,4
"pc3","2cpu-dc",0.6,"ssa",1,3.51
"pc3","2cpu-dc",0.6,"ssa",2,3.59
"pc3","2cpu-dc",0.6,"ssa",1,3.62
"pc3","2cpu-dc",0.6,"ssa",2,3.63
"pc3","2cpu-dc",0.6,"ssa",1,3.21
"pc3","2cpu-dc",0.6,"ssa",2,3.35
"pc3","2cpu-dc",0.6,"ssa",1,3.27
"pc3","2cpu-dc",0.6,"ssa",2,3.29
"pc3","2cpu-dc",0.6,"ssa",1,3.34
"pc3","2cpu-dc",0.6,"ssa",2,3.36
"pc3","2cpu-dc",0.6,"ssa",1,3.21
"pc3","2cpu-dc",0.6,"ssa",2,3.35
"pc3","2cpu-dc",0.6,"ssa",1,3.31
"pc3","2cpu-dc",0.6,"ssa",2,3.39
"pc3","2cpu-dc",0.6,"ssa",1,3.28
"pc3","2cpu-dc",0.6,"ssa",2,3.28
"pc3","2cpu-dc",0.6,"ssa",1,3.3
"pc3","2cpu-dc",0.6,"ssa",2,3.31
"pc3","2cpu-dc",0.6,"ssa",1,3.28
"pc3","2cpu-dc",0.6,"ssa",2,3.37
"pc3","2cpu-dc",0.6,"ssa",1,3.17
"pc3","2cpu-dc",0.6,"ssa",2,3.34
"pc3","2cpu-dc",0.6,"ssa",1,3.27
"pc3","2cpu-dc",0.6,"ssa",2,3.38
"pc3","2cpu-dc",0.6,"ssa",1,3.3
"pc3","2cpu-dc",0.6,"ssa",2,3.37
"pc3","2cpu-dc",0.6,"ssa",2,3.29
"pc3","2cpu-dc",0.6,"ssa",1,3.31
"pc3","2cpu-dc",0.6,"ssa",1,3.25
"pc3","2cpu-dc",0.6,"ssa",2,3.32
"pc3","2cpu-dc",0.6,"ssa",1,3.28
"pc3","2cpu-dc",0.6,"ssa",2,3.3
"pc3","2cpu-dc",0.6,"ssa",1,3.34
"pc3","2cpu-dc",0.6,"ssa",2,3.38
"pc3","2cpu-dc",0.6,"ssa",1,3.34
"pc3","2cpu-dc",0.6,"ssa",2,3.35
"pc3","2cpu-dc",0.6,"ssa",1,3.35
"pc3","2cpu-dc",0.6,"ssa",2,3.37
"pc3","2cpu-dc",0.6,"ssa",1,3.34
"pc3","2cpu-dc",0.6,"ssa",2,3.39
"pc3","2cpu-dc",0.6,"ssa",1,3.38
"pc3","2cpu-dc",0.6,"ssa",2,3.4
"pc3","2cpu-dc",0.6,"ssa",2,3.37
"pc3","2cpu-dc",0.6,"ssa",1,3.38
"pc3","2cpu-dc",0.6,"ssa",1,3.38
"pc3","2cpu-dc",0.6,"ssa",2,3.52
"pc3","2cpu-dc",0.6,"ssa",1,3.36
"pc3","2cpu-dc",0.6,"ssa",2,3.39
"pc3","2cpu-dc",0.6,"ssa",1,3.36
"pc3","2cpu-dc",0.6,"ssa",2,3.44
"pc3","2cpu-dc",0.6,"ssa",1,3.4
"pc3","2cpu-dc",0.6,"ssa",2,3.48
"pc3","2cpu-dc",0.6,"ssa",1,3.35
"pc3","2cpu-dc",0.6,"ssa",2,3.42
"pc3","2cpu-dc",0.6,"ssa",1,3.39
"pc3","2cpu-dc",0.6,"ssa",2,3.48
"pc3","2cpu-dc",0.6,"ssa",1,3.37
"pc3","2cpu-dc",0.6,"ssa",2,3.47
"pc3","2cpu-dc",0.6,"ssa",1,3.36
"pc3","2cpu-dc",0.6,"ssa",2,3.44
"pc3","2cpu-dc",0.7,"ssa",2,3.01
"pc3","2cpu-dc",0.7,"ssa",1,3.16
"pc3","2cpu-dc",0.7,"ssa",1,3.16
"pc3","2cpu-dc",0.7,"ssa",2,3.21
"pc3","2cpu-dc",0.7,"ssa",1,2.89
"pc3","2cpu-dc",0.7,"ssa",2,2.95
"pc3","2cpu-dc",0.7,"ssa",1,2.82
"pc3","2cpu-dc",0.7,"ssa",2,2.87
"pc3","2cpu-dc",0.7,"ssa",1,2.81
"pc3","2cpu-dc",0.7,"ssa",2,2.98
"pc3","2cpu-dc",0.7,"ssa",1,2.84
"pc3","2cpu-dc",0.7,"ssa",2,2.86
"pc3","2cpu-dc",0.7,"ssa",1,2.79
"pc3","2cpu-dc",0.7,"ssa",2,2.86
"pc3","2cpu-dc",0.7,"ssa",1,2.78
"pc3","2cpu-dc",0.7,"ssa",2,2.92
"pc3","2cpu-dc",0.7,"ssa",1,2.8
"pc3","2cpu-dc",0.7,"ssa",2,2.85
"pc3","2cpu-dc",0.7,"ssa",1,2.82
"pc3","2cpu-dc",0.7,"ssa",2,2.84
"pc3","2cpu-dc",0.7,"ssa",1,2.8
"pc3","2cpu-dc",0.7,"ssa",2,2.87
"pc3","2cpu-dc",0.7,"ssa",1,2.77
"pc3","2cpu-dc",0.7,"ssa",2,2.86
"pc3","2cpu-dc",0.7,"ssa",1,2.81
"pc3","2cpu-dc",0.7,"ssa",2,3.1
"pc3","2cpu-dc",0.7,"ssa",1,2.76
"pc3","2cpu-dc",0.7,"ssa",2,2.93
"pc3","2cpu-dc",0.7,"ssa",1,2.81
"pc3","2cpu-dc",0.7,"ssa",2,2.87
"pc3","2cpu-dc",0.7,"ssa",1,2.79
"pc3","2cpu-dc",0.7,"ssa",2,2.87
"pc3","2cpu-dc",0.7,"ssa",1,2.78
"pc3","2cpu-dc",0.7,"ssa",2,2.87
"pc3","2cpu-dc",0.7,"ssa",1,2.7
"pc3","2cpu-dc",0.7,"ssa",2,2.81
"pc3","2cpu-dc",0.7,"ssa",1,2.73
"pc3","2cpu-dc",0.7,"ssa",2,2.86
"pc3","2cpu-dc",0.7,"ssa",1,2.79
"pc3","2cpu-dc",0.7,"ssa",2,2.87
"pc3","2cpu-dc",0.7,"ssa",1,2.83
"pc3","2cpu-dc",0.7,"ssa",2,2.86
"pc3","2cpu-dc",0.7,"ssa",1,2.76
"pc3","2cpu-dc",0.7,"ssa",2,3.07
"pc3","2cpu-dc",0.7,"ssa",1,2.79
"pc3","2cpu-dc",0.7,"ssa",2,2.86
"pc3","2cpu-dc",0.7,"ssa",1,2.75
"pc3","2cpu-dc",0.7,"ssa",2,2.86
"pc3","2cpu-dc",0.7,"ssa",1,2.77
"pc3","2cpu-dc",0.7,"ssa",2,2.79
"pc3","2cpu-dc",0.7,"ssa",1,2.79
"pc3","2cpu-dc",0.7,"ssa",2,2.96
"pc3","2cpu-dc",0.7,"ssa",1,2.78
"pc3","2cpu-dc",0.7,"ssa",2,2.86
"pc3","2cpu-dc",0.7,"ssa",1,2.82
"pc3","2cpu-dc",0.7,"ssa",2,2.89
"pc3","2cpu-dc",0.7,"ssa",1,2.85
"pc3","2cpu-dc",0.7,"ssa",2,2.89
"pc3","2cpu-dc",0.7,"ssa",1,2.8
"pc3","2cpu-dc",0.7,"ssa",2,2.84
"pc3","2cpu-dc",0.8,"ssa",2,2.7
"pc3","2cpu-dc",0.8,"ssa",1,2.74
"pc3","2cpu-dc",0.8,"ssa",1,2.72
"pc3","2cpu-dc",0.8,"ssa",2,2.76
"pc3","2cpu-dc",0.8,"ssa",1,2.46
"pc3","2cpu-dc",0.8,"ssa",2,2.52
"pc3","2cpu-dc",0.8,"ssa",2,2.49
"pc3","2cpu-dc",0.8,"ssa",1,2.54
"pc3","2cpu-dc",0.8,"ssa",2,2.45
"pc3","2cpu-dc",0.8,"ssa",1,2.53
"pc3","2cpu-dc",0.8,"ssa",2,2.42
"pc3","2cpu-dc",0.8,"ssa",1,2.5
"pc3","2cpu-dc",0.8,"ssa",2,2.42
"pc3","2cpu-dc",0.8,"ssa",1,2.58
"pc3","2cpu-dc",0.8,"ssa",2,2.44
"pc3","2cpu-dc",0.8,"ssa",1,2.56
"pc3","2cpu-dc",0.8,"ssa",1,2.53
"pc3","2cpu-dc",0.8,"ssa",2,2.51
"pc3","2cpu-dc",0.8,"ssa",2,2.46
"pc3","2cpu-dc",0.8,"ssa",1,2.59
"pc3","2cpu-dc",0.8,"ssa",2,2.45
"pc3","2cpu-dc",0.8,"ssa",1,2.53
"pc3","2cpu-dc",0.8,"ssa",2,2.48
"pc3","2cpu-dc",0.8,"ssa",1,2.5
"pc3","2cpu-dc",0.8,"ssa",2,2.4
"pc3","2cpu-dc",0.8,"ssa",1,2.54
"pc3","2cpu-dc",0.8,"ssa",2,2.45
"pc3","2cpu-dc",0.8,"ssa",1,2.59
"pc3","2cpu-dc",0.8,"ssa",1,2.47
"pc3","2cpu-dc",0.8,"ssa",2,2.48
"pc3","2cpu-dc",0.8,"ssa",2,2.41
"pc3","2cpu-dc",0.8,"ssa",1,2.53
"pc3","2cpu-dc",0.8,"ssa",2,2.43
"pc3","2cpu-dc",0.8,"ssa",1,2.57
"pc3","2cpu-dc",0.8,"ssa",2,2.47
"pc3","2cpu-dc",0.8,"ssa",1,2.49
"pc3","2cpu-dc",0.8,"ssa",2,2.43
"pc3","2cpu-dc",0.8,"ssa",1,2.58
"pc3","2cpu-dc",0.8,"ssa",2,2.45
"pc3","2cpu-dc",0.8,"ssa",1,2.52
"pc3","2cpu-dc",0.8,"ssa",2,2.41
"pc3","2cpu-dc",0.8,"ssa",1,2.5
"pc3","2cpu-dc",0.8,"ssa",2,2.4
"pc3","2cpu-dc",0.8,"ssa",1,2.69
"pc3","2cpu-dc",0.8,"ssa",2,2.48
"pc3","2cpu-dc",0.8,"ssa",1,2.57
"pc3","2cpu-dc",0.8,"ssa",1,2.46
"pc3","2cpu-dc",0.8,"ssa",2,2.48
"pc3","2cpu-dc",0.8,"ssa",2,2.43
"pc3","2cpu-dc",0.8,"ssa",1,2.51
"pc3","2cpu-dc",0.8,"ssa",2,2.41
"pc3","2cpu-dc",0.8,"ssa",1,2.48
"pc3","2cpu-dc",0.8,"ssa",2,2.44
"pc3","2cpu-dc",0.8,"ssa",1,2.48
"pc3","2cpu-dc",0.8,"ssa",2,2.44
"pc3","2cpu-dc",0.8,"ssa",1,2.75
"pc3","2cpu-dc",0.8,"ssa",2,2.45
"pc3","2cpu-dc",0.8,"ssa",1,2.53
"pc3","2cpu-dc",0.8,"ssa",2,2.51
"pc3","2cpu-dc",0.8,"ssa",1,2.53
"pc3","2cpu-dc",0.9,"ssa",1,2.48
"pc3","2cpu-dc",0.9,"ssa",2,2.5
"pc3","2cpu-dc",0.9,"ssa",1,2.43
"pc3","2cpu-dc",0.9,"ssa",2,2.45
"pc3","2cpu-dc",0.9,"ssa",2,2.2
"pc3","2cpu-dc",0.9,"ssa",1,2.2
"pc3","2cpu-dc",0.9,"ssa",1,2.22
"pc3","2cpu-dc",0.9,"ssa",2,2.25
"pc3","2cpu-dc",0.9,"ssa",2,2.29
"pc3","2cpu-dc",0.9,"ssa",1,2.29
"pc3","2cpu-dc",0.9,"ssa",2,2.21
"pc3","2cpu-dc",0.9,"ssa",1,2.28
"pc3","2cpu-dc",0.9,"ssa",1,2.27
"pc3","2cpu-dc",0.9,"ssa",2,2.29
"pc3","2cpu-dc",0.9,"ssa",1,2.26
"pc3","2cpu-dc",0.9,"ssa",2,3.64
"pc3","2cpu-dc",0.9,"ssa",2,2.16
"pc3","2cpu-dc",0.9,"ssa",1,2.2
"pc3","2cpu-dc",0.9,"ssa",1,2.23
"pc3","2cpu-dc",0.9,"ssa",2,2.31
"pc3","2cpu-dc",0.9,"ssa",1,2.26
"pc3","2cpu-dc",0.9,"ssa",2,2.28
"pc3","2cpu-dc",0.9,"ssa",2,2.21
"pc3","2cpu-dc",0.9,"ssa",1,2.25
"pc3","2cpu-dc",0.9,"ssa",1,2.24
"pc3","2cpu-dc",0.9,"ssa",2,2.27
"pc3","2cpu-dc",0.9,"ssa",1,2.25
"pc3","2cpu-dc",0.9,"ssa",2,2.35
"pc3","2cpu-dc",0.9,"ssa",1,2.22
"pc3","2cpu-dc",0.9,"ssa",2,2.2
"pc3","2cpu-dc",0.9,"ssa",1,2.2
"pc3","2cpu-dc",0.9,"ssa",2,2.23
"pc3","2cpu-dc",0.9,"ssa",1,2.2
"pc3","2cpu-dc",0.9,"ssa",2,2.22
"pc3","2cpu-dc",0.9,"ssa",2,2.19
"pc3","2cpu-dc",0.9,"ssa",1,2.21
"pc3","2cpu-dc",0.9,"ssa",1,2.21
"pc3","2cpu-dc",0.9,"ssa",2,2.22
"pc3","2cpu-dc",0.9,"ssa",1,2.22
"pc3","2cpu-dc",0.9,"ssa",2,2.23
"pc3","2cpu-dc",0.9,"ssa",2,2.13
"pc3","2cpu-dc",0.9,"ssa",1,2.19
"pc3","2cpu-dc",0.9,"ssa",2,2.21
"pc3","2cpu-dc",0.9,"ssa",1,2.24
"pc3","2cpu-dc",0.9,"ssa",1,2.22
"pc3","2cpu-dc",0.9,"ssa",2,2.25
"pc3","2cpu-dc",0.9,"ssa",2,2.16
"pc3","2cpu-dc",0.9,"ssa",1,2.21
"pc3","2cpu-dc",0.9,"ssa",1,2.19
"pc3","2cpu-dc",0.9,"ssa",2,2.26
"pc3","2cpu-dc",0.9,"ssa",1,2.2
"pc3","2cpu-dc",0.9,"ssa",2,2.29
"pc3","2cpu-dc",0.9,"ssa",2,2.19
"pc3","2cpu-dc",0.9,"ssa",1,2.19
"pc3","2cpu-dc",0.9,"ssa",1,2.26
"pc3","2cpu-dc",0.9,"ssa",2,2.27
"pc3","2cpu-dc",0.9,"ssa",2,2.19
"pc3","2cpu-dc",0.9,"ssa",1,2.21
"pc3","2cpu-dc",0.9,"ssa",1,2.19
"pc3","2cpu-dc",0.9,"ssa",2,2.21
"pc3","2cpu-dc",1,"ssa",2,2.16
"pc3","2cpu-dc",1,"ssa",1,2.2
"pc3","2cpu-dc",1,"ssa",1,2.18
"pc3","2cpu-dc",1,"ssa",2,2.17
"pc3","2cpu-dc",1,"ssa",1,1.97
"pc3","2cpu-dc",1,"ssa",2,2.02
"pc3","2cpu-dc",1,"ssa",2,1.95
"pc3","2cpu-dc",1,"ssa",1,1.99
"pc3","2cpu-dc",1,"ssa",1,1.95
"pc3","2cpu-dc",1,"ssa",2,1.96
"pc3","2cpu-dc",1,"ssa",1,2.01
"pc3","2cpu-dc",1,"ssa",2,2.01
"pc3","2cpu-dc",1,"ssa",2,1.96
"pc3","2cpu-dc",1,"ssa",1,2
"pc3","2cpu-dc",1,"ssa",1,2.02
"pc3","2cpu-dc",1,"ssa",2,2.02
"pc3","2cpu-dc",1,"ssa",1,2.01
"pc3","2cpu-dc",1,"ssa",2,2.02
"pc3","2cpu-dc",1,"ssa",1,2
"pc3","2cpu-dc",1,"ssa",2,1.98
"pc3","2cpu-dc",1,"ssa",1,2.06
"pc3","2cpu-dc",1,"ssa",2,2.05
"pc3","2cpu-dc",1,"ssa",1,1.97
"pc3","2cpu-dc",1,"ssa",2,2.02
"pc3","2cpu-dc",1,"ssa",1,2.01
"pc3","2cpu-dc",1,"ssa",2,2.05
"pc3","2cpu-dc",1,"ssa",2,1.96
"pc3","2cpu-dc",1,"ssa",1,1.99
"pc3","2cpu-dc",1,"ssa",2,2.02
"pc3","2cpu-dc",1,"ssa",1,2.05
"pc3","2cpu-dc",1,"ssa",1,1.98
"pc3","2cpu-dc",1,"ssa",2,1.97
"pc3","2cpu-dc",1,"ssa",1,2
"pc3","2cpu-dc",1,"ssa",2,2.04
"pc3","2cpu-dc",1,"ssa",1,1.97
"pc3","2cpu-dc",1,"ssa",2,2
"pc3","2cpu-dc",1,"ssa",2,1.95
"pc3","2cpu-dc",1,"ssa",1,1.98
"pc3","2cpu-dc",1,"ssa",2,2.01
"pc3","2cpu-dc",1,"ssa",1,2.07
"pc3","2cpu-dc",1,"ssa",1,1.97
"pc3","2cpu-dc",1,"ssa",2,1.97
"pc3","2cpu-dc",1,"ssa",1,1.98
"pc3","2cpu-dc",1,"ssa",2,2.03
"pc3","2cpu-dc",1,"ssa",2,2
"pc3","2cpu-dc",1,"ssa",1,2
"pc3","2cpu-dc",1,"ssa",2,2
"pc3","2cpu-dc",1,"ssa",1,2
"pc3","2cpu-dc",1,"ssa",1,2.04
"pc3","2cpu-dc",1,"ssa",2,2.04
"pc3","2cpu-dc",1,"ssa",2,2.02
"pc3","2cpu-dc",1,"ssa",1,2.02
"pc3","2cpu-dc",1,"ssa",1,1.98
"pc3","2cpu-dc",1,"ssa",2,2
"pc3","2cpu-dc",1,"ssa",1,2
"pc3","2cpu-dc",1,"ssa",2,2.03
"pc3","2cpu-dc",1,"ssa",2,1.95
"pc3","2cpu-dc",1,"ssa",1,2
"pc3","2cpu-dc",0.1,"seadec",1,23.44
"pc3","2cpu-dc",0.1,"seadec",2,23.71
"pc3","2cpu-dc",0.1,"seadec",2,24.06
"pc3","2cpu-dc",0.1,"seadec",1,24.09
"pc3","2cpu-dc",0.1,"seadec",2,20.74
"pc3","2cpu-dc",0.1,"seadec",1,20.85
"pc3","2cpu-dc",0.1,"seadec",2,20.89
"pc3","2cpu-dc",0.1,"seadec",1,21
"pc3","2cpu-dc",0.1,"seadec",2,21.16
"pc3","2cpu-dc",0.1,"seadec",1,21.27
"pc3","2cpu-dc",0.1,"seadec",2,21.17
"pc3","2cpu-dc",0.1,"seadec",1,21.37
"pc3","2cpu-dc",0.1,"seadec",2,21.15
"pc3","2cpu-dc",0.1,"seadec",1,21.17
"pc3","2cpu-dc",0.1,"seadec",1,20.99
"pc3","2cpu-dc",0.1,"seadec",2,20.99
"pc3","2cpu-dc",0.1,"seadec",1,21.16
"pc3","2cpu-dc",0.1,"seadec",2,21.25
"pc3","2cpu-dc",0.1,"seadec",1,21.17
"pc3","2cpu-dc",0.1,"seadec",2,21.26
"pc3","2cpu-dc",0.1,"seadec",1,21.27
"pc3","2cpu-dc",0.1,"seadec",2,21.27
"pc3","2cpu-dc",0.1,"seadec",1,20.89
"pc3","2cpu-dc",0.1,"seadec",2,21.17
"pc3","2cpu-dc",0.1,"seadec",1,21.17
"pc3","2cpu-dc",0.1,"seadec",2,21.27
"pc3","2cpu-dc",0.1,"seadec",2,20.78
"pc3","2cpu-dc",0.1,"seadec",1,20.88
"pc3","2cpu-dc",0.1,"seadec",1,20.98
"pc3","2cpu-dc",0.1,"seadec",2,21.16
"pc3","2cpu-dc",0.1,"seadec",2,20.85
"pc3","2cpu-dc",0.1,"seadec",1,20.86
"pc3","2cpu-dc",0.1,"seadec",1,20.97
"pc3","2cpu-dc",0.1,"seadec",2,21.06
"pc3","2cpu-dc",0.1,"seadec",1,19.99
"pc3","2cpu-dc",0.1,"seadec",2,20.58
"pc3","2cpu-dc",0.1,"seadec",1,19.98
"pc3","2cpu-dc",0.1,"seadec",2,20.38
"pc3","2cpu-dc",0.1,"seadec",1,20.15
"pc3","2cpu-dc",0.1,"seadec",2,20.45
"pc3","2cpu-dc",0.1,"seadec",1,21.35
"pc3","2cpu-dc",0.1,"seadec",2,21.45
"pc3","2cpu-dc",0.1,"seadec",1,21.35
"pc3","2cpu-dc",0.1,"seadec",2,21.44
"pc3","2cpu-dc",0.1,"seadec",1,21.35
"pc3","2cpu-dc",0.1,"seadec",2,21.43
"pc3","2cpu-dc",0.1,"seadec",1,21.87
"pc3","2cpu-dc",0.1,"seadec",2,21.87
"pc3","2cpu-dc",0.1,"seadec",2,21.85
"pc3","2cpu-dc",0.1,"seadec",1,21.94
"pc3","2cpu-dc",0.1,"seadec",2,21.7
"pc3","2cpu-dc",0.1,"seadec",1,22
"pc3","2cpu-dc",0.1,"seadec",2,21.55
"pc3","2cpu-dc",0.1,"seadec",1,21.75
"pc3","2cpu-dc",0.1,"seadec",1,21.58
"pc3","2cpu-dc",0.1,"seadec",2,21.77
"pc3","2cpu-dc",0.1,"seadec",2,21.87
"pc3","2cpu-dc",0.1,"seadec",1,21.87
"pc3","2cpu-dc",0.1,"seadec",2,21.46
"pc3","2cpu-dc",0.1,"seadec",1,21.56
"pc3","2cpu-dc",0.2,"seadec",1,9.66
"pc3","2cpu-dc",0.2,"seadec",2,9.72
"pc3","2cpu-dc",0.2,"seadec",2,9.78
"pc3","2cpu-dc",0.2,"seadec",1,9.89
"pc3","2cpu-dc",0.2,"seadec",1,8.66
"pc3","2cpu-dc",0.2,"seadec",2,8.84
"pc3","2cpu-dc",0.2,"seadec",1,8.67
"pc3","2cpu-dc",0.2,"seadec",2,8.77
"pc3","2cpu-dc",0.2,"seadec",2,8.74
"pc3","2cpu-dc",0.2,"seadec",1,8.85
"pc3","2cpu-dc",0.2,"seadec",2,8.7
"pc3","2cpu-dc",0.2,"seadec",1,8.79
"pc3","2cpu-dc",0.2,"seadec",1,8.71
"pc3","2cpu-dc",0.2,"seadec",2,8.79
"pc3","2cpu-dc",0.2,"seadec",1,8.67
"pc3","2cpu-dc",0.2,"seadec",2,8.76
"pc3","2cpu-dc",0.2,"seadec",1,8.79
"pc3","2cpu-dc",0.2,"seadec",2,8.87
"pc3","2cpu-dc",0.2,"seadec",1,8.89
"pc3","2cpu-dc",0.2,"seadec",2,8.98
"pc3","2cpu-dc",0.2,"seadec",1,8.69
"pc3","2cpu-dc",0.2,"seadec",2,8.79
"pc3","2cpu-dc",0.2,"seadec",1,8.67
"pc3","2cpu-dc",0.2,"seadec",2,8.76
"pc3","2cpu-dc",0.2,"seadec",1,8.98
"pc3","2cpu-dc",0.2,"seadec",2,9.09
"pc3","2cpu-dc",0.2,"seadec",1,8.96
"pc3","2cpu-dc",0.2,"seadec",2,9.05
"pc3","2cpu-dc",0.2,"seadec",2,8.78
"pc3","2cpu-dc",0.2,"seadec",1,8.8
"pc3","2cpu-dc",0.2,"seadec",1,9.08
"pc3","2cpu-dc",0.2,"seadec",2,9.28
"pc3","2cpu-dc",0.2,"seadec",1,8.77
"pc3","2cpu-dc",0.2,"seadec",2,8.95
"pc3","2cpu-dc",0.2,"seadec",1,8.68
"pc3","2cpu-dc",0.2,"seadec",2,8.87
"pc3","2cpu-dc",0.2,"seadec",1,8.8
"pc3","2cpu-dc",0.2,"seadec",2,8.98
"pc3","2cpu-dc",0.2,"seadec",1,8.87
"pc3","2cpu-dc",0.2,"seadec",2,8.97
"pc3","2cpu-dc",0.2,"seadec",1,8.86
"pc3","2cpu-dc",0.2,"seadec",2,8.95
"pc3","2cpu-dc",0.2,"seadec",1,8.89
"pc3","2cpu-dc",0.2,"seadec",2,8.97
"pc3","2cpu-dc",0.2,"seadec",1,8.79
"pc3","2cpu-dc",0.2,"seadec",2,8.87
"pc3","2cpu-dc",0.2,"seadec",1,8.69
"pc3","2cpu-dc",0.2,"seadec",2,8.78
"pc3","2cpu-dc",0.2,"seadec",1,8.88
"pc3","2cpu-dc",0.2,"seadec",2,8.89
"pc3","2cpu-dc",0.2,"seadec",1,8.88
"pc3","2cpu-dc",0.2,"seadec",2,8.96
"pc3","2cpu-dc",0.2,"seadec",1,8.8
"pc3","2cpu-dc",0.2,"seadec",2,8.89
"pc3","2cpu-dc",0.2,"seadec",1,8.87
"pc3","2cpu-dc",0.2,"seadec",2,8.97
"pc3","2cpu-dc",0.2,"seadec",1,8.88
"pc3","2cpu-dc",0.2,"seadec",2,8.98
"pc3","2cpu-dc",0.2,"seadec",1,8.77
"pc3","2cpu-dc",0.2,"seadec",2,8.85
"pc3","2cpu-dc",0.3,"seadec",2,6.14
"pc3","2cpu-dc",0.3,"seadec",1,6.17
"pc3","2cpu-dc",0.3,"seadec",2,6.15
"pc3","2cpu-dc",0.3,"seadec",1,6.16
"pc3","2cpu-dc",0.3,"seadec",2,5.57
"pc3","2cpu-dc",0.3,"seadec",1,5.57
"pc3","2cpu-dc",0.3,"seadec",2,5.5
"pc3","2cpu-dc",0.3,"seadec",1,5.53
"pc3","2cpu-dc",0.3,"seadec",2,5.46
"pc3","2cpu-dc",0.3,"seadec",1,5.48
"pc3","2cpu-dc",0.3,"seadec",2,5.47
"pc3","2cpu-dc",0.3,"seadec",1,5.47
"pc3","2cpu-dc",0.3,"seadec",1,5.42
"pc3","2cpu-dc",0.3,"seadec",2,5.42
"pc3","2cpu-dc",0.3,"seadec",2,5.46
"pc3","2cpu-dc",0.3,"seadec",1,5.48
"pc3","2cpu-dc",0.3,"seadec",2,5.47
"pc3","2cpu-dc",0.3,"seadec",1,5.56
"pc3","2cpu-dc",0.3,"seadec",2,5.39
"pc3","2cpu-dc",0.3,"seadec",1,5.48
"pc3","2cpu-dc",0.3,"seadec",2,5.51
"pc3","2cpu-dc",0.3,"seadec",1,5.51
"pc3","2cpu-dc",0.3,"seadec",2,5.54
"pc3","2cpu-dc",0.3,"seadec",1,5.55
"pc3","2cpu-dc",0.3,"seadec",1,5.57
"pc3","2cpu-dc",0.3,"seadec",2,5.57
"pc3","2cpu-dc",0.3,"seadec",2,5.58
"pc3","2cpu-dc",0.3,"seadec",1,5.66
"pc3","2cpu-dc",0.3,"seadec",1,5.5
"pc3","2cpu-dc",0.3,"seadec",2,5.5
"pc3","2cpu-dc",0.3,"seadec",2,5.57
"pc3","2cpu-dc",0.3,"seadec",1,5.59
"pc3","2cpu-dc",0.3,"seadec",2,5.65
"pc3","2cpu-dc",0.3,"seadec",1,5.67
"pc3","2cpu-dc",0.3,"seadec",1,5.58
"pc3","2cpu-dc",0.3,"seadec",2,5.67
"pc3","2cpu-dc",0.3,"seadec",2,5.57
"pc3","2cpu-dc",0.3,"seadec",1,5.6
"pc3","2cpu-dc",0.3,"seadec",2,5.6
"pc3","2cpu-dc",0.3,"seadec",1,5.63
"pc3","2cpu-dc",0.3,"seadec",2,5.67
"pc3","2cpu-dc",0.3,"seadec",1,5.76
"pc3","2cpu-dc",0.3,"seadec",2,5.59
"pc3","2cpu-dc",0.3,"seadec",1,5.61
"pc3","2cpu-dc",0.3,"seadec",2,5.56
"pc3","2cpu-dc",0.3,"seadec",1,5.65
"pc3","2cpu-dc",0.3,"seadec",2,5.5
"pc3","2cpu-dc",0.3,"seadec",1,5.59
"pc3","2cpu-dc",0.3,"seadec",2,5.49
"pc3","2cpu-dc",0.3,"seadec",1,5.49
"pc3","2cpu-dc",0.3,"seadec",2,5.56
"pc3","2cpu-dc",0.3,"seadec",1,5.56
"pc3","2cpu-dc",0.3,"seadec",1,5.65
"pc3","2cpu-dc",0.3,"seadec",2,5.65
"pc3","2cpu-dc",0.3,"seadec",1,5.5
"pc3","2cpu-dc",0.3,"seadec",2,5.5
"pc3","2cpu-dc",0.3,"seadec",2,5.56
"pc3","2cpu-dc",0.3,"seadec",1,5.57
"pc3","2cpu-dc",0.3,"seadec",2,5.55
"pc3","2cpu-dc",0.3,"seadec",1,5.58
"pc3","2cpu-dc",0.4,"seadec",2,4.44
"pc3","2cpu-dc",0.4,"seadec",1,4.46
"pc3","2cpu-dc",0.4,"seadec",2,4.52
"pc3","2cpu-dc",0.4,"seadec",1,4.56
"pc3","2cpu-dc",0.4,"seadec",2,3.97
"pc3","2cpu-dc",0.4,"seadec",1,4.05
"pc3","2cpu-dc",0.4,"seadec",2,3.89
"pc3","2cpu-dc",0.4,"seadec",1,3.98
"pc3","2cpu-dc",0.4,"seadec",2,3.9
"pc3","2cpu-dc",0.4,"seadec",1,3.92
"pc3","2cpu-dc",0.4,"seadec",2,3.95
"pc3","2cpu-dc",0.4,"seadec",1,3.96
"pc3","2cpu-dc",0.4,"seadec",1,3.95
"pc3","2cpu-dc",0.4,"seadec",2,3.96
"pc3","2cpu-dc",0.4,"seadec",2,3.97
"pc3","2cpu-dc",0.4,"seadec",1,4.1
"pc3","2cpu-dc",0.4,"seadec",1,3.96
"pc3","2cpu-dc",0.4,"seadec",2,3.96
"pc3","2cpu-dc",0.4,"seadec",2,3.95
"pc3","2cpu-dc",0.4,"seadec",1,4.03
"pc3","2cpu-dc",0.4,"seadec",2,3.92
"pc3","2cpu-dc",0.4,"seadec",1,4.01
"pc3","2cpu-dc",0.4,"seadec",1,4.05
"pc3","2cpu-dc",0.4,"seadec",2,4.05
"pc3","2cpu-dc",0.4,"seadec",2,3.87
"pc3","2cpu-dc",0.4,"seadec",1,3.94
"pc3","2cpu-dc",0.4,"seadec",2,3.9
"pc3","2cpu-dc",0.4,"seadec",1,3.98
"pc3","2cpu-dc",0.4,"seadec",2,3.99
"pc3","2cpu-dc",0.4,"seadec",1,4.02
"pc3","2cpu-dc",0.4,"seadec",2,3.95
"pc3","2cpu-dc",0.4,"seadec",1,4.16
"pc3","2cpu-dc",0.4,"seadec",1,3.99
"pc3","2cpu-dc",0.4,"seadec",2,3.99
"pc3","2cpu-dc",0.4,"seadec",1,4.13
"pc3","2cpu-dc",0.4,"seadec",2,4.14
"pc3","2cpu-dc",0.4,"seadec",1,4.08
"pc3","2cpu-dc",0.4,"seadec",2,4.08
"pc3","2cpu-dc",0.4,"seadec",2,4.03
"pc3","2cpu-dc",0.4,"seadec",1,4.06
"pc3","2cpu-dc",0.4,"seadec",1,4.09
"pc3","2cpu-dc",0.4,"seadec",2,4.09
"pc3","2cpu-dc",0.4,"seadec",2,4.05
"pc3","2cpu-dc",0.4,"seadec",1,4.05
"pc3","2cpu-dc",0.4,"seadec",1,4.09
"pc3","2cpu-dc",0.4,"seadec",2,4.16
"pc3","2cpu-dc",0.4,"seadec",2,4.1
"pc3","2cpu-dc",0.4,"seadec",1,4.1
"pc3","2cpu-dc",0.4,"seadec",2,4.06
"pc3","2cpu-dc",0.4,"seadec",1,4.13
"pc3","2cpu-dc",0.4,"seadec",2,4.1
"pc3","2cpu-dc",0.4,"seadec",1,4.12
"pc3","2cpu-dc",0.4,"seadec",2,4.02
"pc3","2cpu-dc",0.4,"seadec",1,4.1
"pc3","2cpu-dc",0.4,"seadec",2,3.99
"pc3","2cpu-dc",0.4,"seadec",1,4.02
"pc3","2cpu-dc",0.4,"seadec",2,4.06
"pc3","2cpu-dc",0.4,"seadec",1,4.08
"pc3","2cpu-dc",0.4,"seadec",2,3.98
"pc3","2cpu-dc",0.4,"seadec",1,3.98
"pc3","2cpu-dc",0.5,"seadec",1,3.57
"pc3","2cpu-dc",0.5,"seadec",2,3.56
"pc3","2cpu-dc",0.5,"seadec",1,3.57
"pc3","2cpu-dc",0.5,"seadec",2,3.57
"pc3","2cpu-dc",0.5,"seadec",2,3.16
"pc3","2cpu-dc",0.5,"seadec",1,3.23
"pc3","2cpu-dc",0.5,"seadec",1,3.19
"pc3","2cpu-dc",0.5,"seadec",2,3.19
"pc3","2cpu-dc",0.5,"seadec",1,3.19
"pc3","2cpu-dc",0.5,"seadec",2,3.2
"pc3","2cpu-dc",0.5,"seadec",1,3.16
"pc3","2cpu-dc",0.5,"seadec",2,3.17
"pc3","2cpu-dc",0.5,"seadec",1,3.16
"pc3","2cpu-dc",0.5,"seadec",2,3.23
"pc3","2cpu-dc",0.5,"seadec",2,3.12
"pc3","2cpu-dc",0.5,"seadec",1,3.12
"pc3","2cpu-dc",0.5,"seadec",1,3.16
"pc3","2cpu-dc",0.5,"seadec",2,3.16
"pc3","2cpu-dc",0.5,"seadec",1,3.23
"pc3","2cpu-dc",0.5,"seadec",2,3.24
"pc3","2cpu-dc",0.5,"seadec",1,3.19
"pc3","2cpu-dc",0.5,"seadec",2,3.19
"pc3","2cpu-dc",0.5,"seadec",1,3.15
"pc3","2cpu-dc",0.5,"seadec",2,3.22
"pc3","2cpu-dc",0.5,"seadec",1,3.19
"pc3","2cpu-dc",0.5,"seadec",2,3.2
"pc3","2cpu-dc",0.5,"seadec",1,3.19
"pc3","2cpu-dc",0.5,"seadec",2,3.24
"pc3","2cpu-dc",0.5,"seadec",2,3.18
"pc3","2cpu-dc",0.5,"seadec",1,3.21
"pc3","2cpu-dc",0.5,"seadec",2,3.16
"pc3","2cpu-dc",0.5,"seadec",1,3.19
"pc3","2cpu-dc",0.5,"seadec",1,3.16
"pc3","2cpu-dc",0.5,"seadec",2,3.23
"pc3","2cpu-dc",0.5,"seadec",1,3.27
"pc3","2cpu-dc",0.5,"seadec",2,3.27
"pc3","2cpu-dc",0.5,"seadec",1,3.2
"pc3","2cpu-dc",0.5,"seadec",2,3.2
"pc3","2cpu-dc",0.5,"seadec",1,3.16
"pc3","2cpu-dc",0.5,"seadec",2,3.22
"pc3","2cpu-dc",0.5,"seadec",1,3.12
"pc3","2cpu-dc",0.5,"seadec",2,3.18
"pc3","2cpu-dc",0.5,"seadec",1,3.17
"pc3","2cpu-dc",0.5,"seadec",2,3.22
"pc3","2cpu-dc",0.5,"seadec",1,3.12
"pc3","2cpu-dc",0.5,"seadec",2,3.18
"pc3","2cpu-dc",0.5,"seadec",1,3.09
"pc3","2cpu-dc",0.5,"seadec",2,3.16
"pc3","2cpu-dc",0.5,"seadec",1,3.13
"pc3","2cpu-dc",0.5,"seadec",2,3.14
"pc3","2cpu-dc",0.5,"seadec",1,3.14
"pc3","2cpu-dc",0.5,"seadec",2,3.2
"pc3","2cpu-dc",0.5,"seadec",1,3.18
"pc3","2cpu-dc",0.5,"seadec",2,3.2
"pc3","2cpu-dc",0.5,"seadec",1,3.16
"pc3","2cpu-dc",0.5,"seadec",2,3.17
"pc3","2cpu-dc",0.5,"seadec",1,3.16
"pc3","2cpu-dc",0.5,"seadec",2,3.16
"pc3","2cpu-dc",0.5,"seadec",1,3.15
"pc3","2cpu-dc",0.5,"seadec",2,3.16
"pc3","2cpu-dc",0.6,"seadec",2,2.85
"pc3","2cpu-dc",0.6,"seadec",1,2.94
"pc3","2cpu-dc",0.6,"seadec",2,2.9
"pc3","2cpu-dc",0.6,"seadec",1,3
"pc3","2cpu-dc",0.6,"seadec",1,2.56
"pc3","2cpu-dc",0.6,"seadec",2,2.59
"pc3","2cpu-dc",0.6,"seadec",2,2.57
"pc3","2cpu-dc",0.6,"seadec",1,2.6
"pc3","2cpu-dc",0.6,"seadec",2,2.55
"pc3","2cpu-dc",0.6,"seadec",1,2.63
"pc3","2cpu-dc",0.6,"seadec",2,2.58
"pc3","2cpu-dc",0.6,"seadec",1,2.62
"pc3","2cpu-dc",0.6,"seadec",2,2.56
"pc3","2cpu-dc",0.6,"seadec",1,2.59
"pc3","2cpu-dc",0.6,"seadec",2,2.55
"pc3","2cpu-dc",0.6,"seadec",1,2.61
"pc3","2cpu-dc",0.6,"seadec",2,2.52
"pc3","2cpu-dc",0.6,"seadec",1,2.58
"pc3","2cpu-dc",0.6,"seadec",2,2.53
"pc3","2cpu-dc",0.6,"seadec",1,2.59
"pc3","2cpu-dc",0.6,"seadec",2,2.58
"pc3","2cpu-dc",0.6,"seadec",1,2.61
"pc3","2cpu-dc",0.6,"seadec",2,2.58
"pc3","2cpu-dc",0.6,"seadec",1,2.66
"pc3","2cpu-dc",0.6,"seadec",2,2.57
"pc3","2cpu-dc",0.6,"seadec",1,2.64
"pc3","2cpu-dc",0.6,"seadec",2,2.58
"pc3","2cpu-dc",0.6,"seadec",1,2.61
"pc3","2cpu-dc",0.6,"seadec",2,2.55
"pc3","2cpu-dc",0.6,"seadec",1,2.62
"pc3","2cpu-dc",0.6,"seadec",2,2.6
"pc3","2cpu-dc",0.6,"seadec",1,2.63
"pc3","2cpu-dc",0.6,"seadec",2,2.66
"pc3","2cpu-dc",0.6,"seadec",1,2.66
"pc3","2cpu-dc",0.6,"seadec",2,2.66
"pc3","2cpu-dc",0.6,"seadec",1,2.68
"pc3","2cpu-dc",0.6,"seadec",2,2.6
"pc3","2cpu-dc",0.6,"seadec",1,2.67
"pc3","2cpu-dc",0.6,"seadec",2,2.57
"pc3","2cpu-dc",0.6,"seadec",1,2.64
"pc3","2cpu-dc",0.6,"seadec",1,2.65
"pc3","2cpu-dc",0.6,"seadec",2,2.65
"pc3","2cpu-dc",0.6,"seadec",2,2.65
"pc3","2cpu-dc",0.6,"seadec",1,2.67
"pc3","2cpu-dc",0.6,"seadec",2,2.59
"pc3","2cpu-dc",0.6,"seadec",1,2.61
"pc3","2cpu-dc",0.6,"seadec",1,2.63
"pc3","2cpu-dc",0.6,"seadec",2,2.62
"pc3","2cpu-dc",0.6,"seadec",2,2.64
"pc3","2cpu-dc",0.6,"seadec",1,2.66
"pc3","2cpu-dc",0.6,"seadec",1,2.6
"pc3","2cpu-dc",0.6,"seadec",2,2.6
"pc3","2cpu-dc",0.6,"seadec",2,2.59
"pc3","2cpu-dc",0.6,"seadec",1,2.62
"pc3","2cpu-dc",0.6,"seadec",2,2.64
"pc3","2cpu-dc",0.6,"seadec",1,2.72
"pc3","2cpu-dc",0.6,"seadec",2,2.6
"pc3","2cpu-dc",0.6,"seadec",1,2.67
"pc3","2cpu-dc",0.6,"seadec",2,2.58
"pc3","2cpu-dc",0.6,"seadec",1,2.62
"pc3","2cpu-dc",0.7,"seadec",1,2.43
"pc3","2cpu-dc",0.7,"seadec",2,2.43
"pc3","2cpu-dc",0.7,"seadec",1,2.48
"pc3","2cpu-dc",0.7,"seadec",2,2.48
"pc3","2cpu-dc",0.7,"seadec",2,2.2
"pc3","2cpu-dc",0.7,"seadec",1,2.2
"pc3","2cpu-dc",0.7,"seadec",1,2.2
"pc3","2cpu-dc",0.7,"seadec",2,2.21
"pc3","2cpu-dc",0.7,"seadec",1,2.21
"pc3","2cpu-dc",0.7,"seadec",2,2.21
"pc3","2cpu-dc",0.7,"seadec",1,2.18
"pc3","2cpu-dc",0.7,"seadec",2,2.17
"pc3","2cpu-dc",0.7,"seadec",1,2.15
"pc3","2cpu-dc",0.7,"seadec",2,2.15
"pc3","2cpu-dc",0.7,"seadec",1,2.19
"pc3","2cpu-dc",0.7,"seadec",2,2.19
"pc3","2cpu-dc",0.7,"seadec",1,2.2
"pc3","2cpu-dc",0.7,"seadec",2,2.19
"pc3","2cpu-dc",0.7,"seadec",1,2.21
"pc3","2cpu-dc",0.7,"seadec",2,2.21
"pc3","2cpu-dc",0.7,"seadec",1,2.19
"pc3","2cpu-dc",0.7,"seadec",2,2.19
"pc3","2cpu-dc",0.7,"seadec",2,2.18
"pc3","2cpu-dc",0.7,"seadec",1,2.22
"pc3","2cpu-dc",0.7,"seadec",2,2.15
"pc3","2cpu-dc",0.7,"seadec",1,2.19
"pc3","2cpu-dc",0.7,"seadec",2,2.17
"pc3","2cpu-dc",0.7,"seadec",1,2.18
"pc3","2cpu-dc",0.7,"seadec",2,2.19
"pc3","2cpu-dc",0.7,"seadec",1,2.19
"pc3","2cpu-dc",0.7,"seadec",2,2.21
"pc3","2cpu-dc",0.7,"seadec",1,2.21
"pc3","2cpu-dc",0.7,"seadec",1,2.2
"pc3","2cpu-dc",0.7,"seadec",2,2.21
"pc3","2cpu-dc",0.7,"seadec",1,2.21
"pc3","2cpu-dc",0.7,"seadec",2,2.22
"pc3","2cpu-dc",0.7,"seadec",2,2.23
"pc3","2cpu-dc",0.7,"seadec",1,2.24
"pc3","2cpu-dc",0.7,"seadec",2,2.22
"pc3","2cpu-dc",0.7,"seadec",1,2.25
"pc3","2cpu-dc",0.7,"seadec",2,2.25
"pc3","2cpu-dc",0.7,"seadec",2,2.27
"pc3","2cpu-dc",0.7,"seadec",1,2.3
"pc3","2cpu-dc",0.7,"seadec",2,2.29
"pc3","2cpu-dc",0.7,"seadec",1,2.29
"pc3","2cpu-dc",0.7,"seadec",1,2.28
"pc3","2cpu-dc",0.7,"seadec",2,2.29
"pc3","2cpu-dc",0.7,"seadec",1,2.3
"pc3","2cpu-dc",0.7,"seadec",2,2.3
"pc3","2cpu-dc",0.7,"seadec",2,2.28
"pc3","2cpu-dc",0.7,"seadec",1,2.31
"pc3","2cpu-dc",0.7,"seadec",2,2.26
"pc3","2cpu-dc",0.7,"seadec",1,2.29
"pc3","2cpu-dc",0.7,"seadec",2,2.25
"pc3","2cpu-dc",0.7,"seadec",1,2.25
"pc3","2cpu-dc",0.7,"seadec",1,2.29
"pc3","2cpu-dc",0.7,"seadec",2,2.29
"pc3","2cpu-dc",0.7,"seadec",1,2.37
"pc3","2cpu-dc",0.7,"seadec",2,2.38
"pc3","2cpu-dc",0.8,"seadec",2,2.19
"pc3","2cpu-dc",0.8,"seadec",1,2.19
"pc3","2cpu-dc",0.8,"seadec",2,2.23
"pc3","2cpu-dc",0.8,"seadec",1,2.23
"pc3","2cpu-dc",0.8,"seadec",2,1.95
"pc3","2cpu-dc",0.8,"seadec",1,1.97
"pc3","2cpu-dc",0.8,"seadec",2,1.93
"pc3","2cpu-dc",0.8,"seadec",1,1.93
"pc3","2cpu-dc",0.8,"seadec",1,1.92
"pc3","2cpu-dc",0.8,"seadec",2,1.94
"pc3","2cpu-dc",0.8,"seadec",1,1.93
"pc3","2cpu-dc",0.8,"seadec",2,1.93
"pc3","2cpu-dc",0.8,"seadec",1,1.93
"pc3","2cpu-dc",0.8,"seadec",2,1.93
"pc3","2cpu-dc",0.8,"seadec",1,1.93
"pc3","2cpu-dc",0.8,"seadec",2,1.93
"pc3","2cpu-dc",0.8,"seadec",2,1.92
"pc3","2cpu-dc",0.8,"seadec",1,1.93
"pc3","2cpu-dc",0.8,"seadec",2,1.92
"pc3","2cpu-dc",0.8,"seadec",1,1.95
"pc3","2cpu-dc",0.8,"seadec",2,1.91
"pc3","2cpu-dc",0.8,"seadec",1,1.91
"pc3","2cpu-dc",0.8,"seadec",1,1.93
"pc3","2cpu-dc",0.8,"seadec",2,1.94
"pc3","2cpu-dc",0.8,"seadec",1,1.95
"pc3","2cpu-dc",0.8,"seadec",2,1.97
"pc3","2cpu-dc",0.8,"seadec",1,1.95
"pc3","2cpu-dc",0.8,"seadec",2,1.95
"pc3","2cpu-dc",0.8,"seadec",1,1.95
"pc3","2cpu-dc",0.8,"seadec",2,1.95
"pc3","2cpu-dc",0.8,"seadec",2,1.93
"pc3","2cpu-dc",0.8,"seadec",1,1.96
"pc3","2cpu-dc",0.8,"seadec",1,1.93
"pc3","2cpu-dc",0.8,"seadec",2,1.96
"pc3","2cpu-dc",0.8,"seadec",1,1.95
"pc3","2cpu-dc",0.8,"seadec",2,1.98
"pc3","2cpu-dc",0.8,"seadec",1,1.98
"pc3","2cpu-dc",0.8,"seadec",2,1.98
"pc3","2cpu-dc",0.8,"seadec",2,1.98
"pc3","2cpu-dc",0.8,"seadec",1,1.98
"pc3","2cpu-dc",0.8,"seadec",1,1.99
"pc3","2cpu-dc",0.8,"seadec",2,1.98
"pc3","2cpu-dc",0.8,"seadec",2,1.96
"pc3","2cpu-dc",0.8,"seadec",1,1.98
"pc3","2cpu-dc",0.8,"seadec",1,1.95
"pc3","2cpu-dc",0.8,"seadec",2,1.95
"pc3","2cpu-dc",0.8,"seadec",1,2
"pc3","2cpu-dc",0.8,"seadec",2,2
"pc3","2cpu-dc",0.8,"seadec",2,1.98
"pc3","2cpu-dc",0.8,"seadec",1,1.98
"pc3","2cpu-dc",0.8,"seadec",2,1.97
"pc3","2cpu-dc",0.8,"seadec",1,1.97
"pc3","2cpu-dc",0.8,"seadec",2,1.95
"pc3","2cpu-dc",0.8,"seadec",1,1.97
"pc3","2cpu-dc",0.8,"seadec",1,1.94
"pc3","2cpu-dc",0.8,"seadec",2,1.94
"pc3","2cpu-dc",0.8,"seadec",1,1.98
"pc3","2cpu-dc",0.8,"seadec",2,1.98
"pc3","2cpu-dc",0.8,"seadec",2,1.96
"pc3","2cpu-dc",0.8,"seadec",1,1.96
"pc3","2cpu-dc",0.9,"seadec",2,1.91
"pc3","2cpu-dc",0.9,"seadec",1,1.91
"pc3","2cpu-dc",0.9,"seadec",1,1.93
"pc3","2cpu-dc",0.9,"seadec",2,1.93
"pc3","2cpu-dc",0.9,"seadec",1,1.73
"pc3","2cpu-dc",0.9,"seadec",2,1.73
"pc3","2cpu-dc",0.9,"seadec",1,1.73
"pc3","2cpu-dc",0.9,"seadec",2,1.72
"pc3","2cpu-dc",0.9,"seadec",2,1.7
"pc3","2cpu-dc",0.9,"seadec",1,1.72
"pc3","2cpu-dc",0.9,"seadec",1,1.71
"pc3","2cpu-dc",0.9,"seadec",2,1.71
"pc3","2cpu-dc",0.9,"seadec",1,1.7
"pc3","2cpu-dc",0.9,"seadec",2,1.71
"pc3","2cpu-dc",0.9,"seadec",1,1.7
"pc3","2cpu-dc",0.9,"seadec",2,1.71
"pc3","2cpu-dc",0.9,"seadec",1,1.71
"pc3","2cpu-dc",0.9,"seadec",2,1.71
"pc3","2cpu-dc",0.9,"seadec",2,1.71
"pc3","2cpu-dc",0.9,"seadec",1,1.71
"pc3","2cpu-dc",0.9,"seadec",1,1.7
"pc3","2cpu-dc",0.9,"seadec",2,1.72
"pc3","2cpu-dc",0.9,"seadec",2,1.7
"pc3","2cpu-dc",0.9,"seadec",1,1.7
"pc3","2cpu-dc",0.9,"seadec",2,1.73
"pc3","2cpu-dc",0.9,"seadec",1,1.73
"pc3","2cpu-dc",0.9,"seadec",1,1.71
"pc3","2cpu-dc",0.9,"seadec",2,1.72
"pc3","2cpu-dc",0.9,"seadec",1,1.72
"pc3","2cpu-dc",0.9,"seadec",2,1.73
"pc3","2cpu-dc",0.9,"seadec",1,1.71
"pc3","2cpu-dc",0.9,"seadec",2,1.71
"pc3","2cpu-dc",0.9,"seadec",1,1.73
"pc3","2cpu-dc",0.9,"seadec",2,1.74
"pc3","2cpu-dc",0.9,"seadec",2,1.74
"pc3","2cpu-dc",0.9,"seadec",1,1.74
"pc3","2cpu-dc",0.9,"seadec",1,1.73
"pc3","2cpu-dc",0.9,"seadec",2,1.73
"pc3","2cpu-dc",0.9,"seadec",1,1.76
"pc3","2cpu-dc",0.9,"seadec",2,1.76
"pc3","2cpu-dc",0.9,"seadec",1,1.73
"pc3","2cpu-dc",0.9,"seadec",2,1.73
"pc3","2cpu-dc",0.9,"seadec",1,1.76
"pc3","2cpu-dc",0.9,"seadec",2,1.75
"pc3","2cpu-dc",0.9,"seadec",2,1.75
"pc3","2cpu-dc",0.9,"seadec",1,1.75
"pc3","2cpu-dc",0.9,"seadec",2,1.73
"pc3","2cpu-dc",0.9,"seadec",1,1.74
"pc3","2cpu-dc",0.9,"seadec",2,1.73
"pc3","2cpu-dc",0.9,"seadec",1,1.75
"pc3","2cpu-dc",0.9,"seadec",2,1.73
"pc3","2cpu-dc",0.9,"seadec",1,1.74
"pc3","2cpu-dc",0.9,"seadec",1,1.73
"pc3","2cpu-dc",0.9,"seadec",2,1.73
"pc3","2cpu-dc",0.9,"seadec",1,1.73
"pc3","2cpu-dc",0.9,"seadec",2,1.73
"pc3","2cpu-dc",0.9,"seadec",1,1.73
"pc3","2cpu-dc",0.9,"seadec",2,1.73
"pc3","2cpu-dc",0.9,"seadec",1,1.73
"pc3","2cpu-dc",0.9,"seadec",2,1.74
"pc3","2cpu-dc",1,"seadec",1,1.73
"pc3","2cpu-dc",1,"seadec",2,1.74
"pc3","2cpu-dc",1,"seadec",1,1.77
"pc3","2cpu-dc",1,"seadec",2,1.79
"pc3","2cpu-dc",1,"seadec",2,1.56
"pc3","2cpu-dc",1,"seadec",1,1.56
"pc3","2cpu-dc",1,"seadec",1,1.55
"pc3","2cpu-dc",1,"seadec",2,1.55
"pc3","2cpu-dc",1,"seadec",1,1.55
"pc3","2cpu-dc",1,"seadec",2,1.55
"pc3","2cpu-dc",1,"seadec",2,1.56
"pc3","2cpu-dc",1,"seadec",1,1.56
"pc3","2cpu-dc",1,"seadec",2,1.54
"pc3","2cpu-dc",1,"seadec",1,1.56
"pc3","2cpu-dc",1,"seadec",2,1.53
"pc3","2cpu-dc",1,"seadec",1,1.54
"pc3","2cpu-dc",1,"seadec",1,1.55
"pc3","2cpu-dc",1,"seadec",2,1.54
"pc3","2cpu-dc",1,"seadec",2,1.53
"pc3","2cpu-dc",1,"seadec",1,1.54
"pc3","2cpu-dc",1,"seadec",1,1.53
"pc3","2cpu-dc",1,"seadec",2,1.54
"pc3","2cpu-dc",1,"seadec",1,1.55
"pc3","2cpu-dc",1,"seadec",2,1.56
"pc3","2cpu-dc",1,"seadec",1,1.53
"pc3","2cpu-dc",1,"seadec",2,1.53
"pc3","2cpu-dc",1,"seadec",2,1.55
"pc3","2cpu-dc",1,"seadec",1,1.57
"pc3","2cpu-dc",1,"seadec",2,1.53
"pc3","2cpu-dc",1,"seadec",1,1.55
"pc3","2cpu-dc",1,"seadec",1,1.53
"pc3","2cpu-dc",1,"seadec",2,1.56
"pc3","2cpu-dc",1,"seadec",2,1.56
"pc3","2cpu-dc",1,"seadec",1,1.56
"pc3","2cpu-dc",1,"seadec",1,1.56
"pc3","2cpu-dc",1,"seadec",2,1.55
"pc3","2cpu-dc",1,"seadec",1,1.57
"pc3","2cpu-dc",1,"seadec",2,1.57
"pc3","2cpu-dc",1,"seadec",2,1.58
"pc3","2cpu-dc",1,"seadec",1,1.76
"pc3","2cpu-dc",1,"seadec",1,1.64
"pc3","2cpu-dc",1,"seadec",2,1.72
"pc3","2cpu-dc",1,"seadec",1,1.58
"pc3","2cpu-dc",1,"seadec",2,1.76
"pc3","2cpu-dc",1,"seadec",1,1.61
"pc3","2cpu-dc",1,"seadec",2,1.78
"pc3","2cpu-dc",1,"seadec",1,1.6
"pc3","2cpu-dc",1,"seadec",2,1.78
"pc3","2cpu-dc",1,"seadec",1,1.58
"pc3","2cpu-dc",1,"seadec",2,1.76
"pc3","2cpu-dc",1,"seadec",1,1.62
"pc3","2cpu-dc",1,"seadec",2,1.76
"pc3","2cpu-dc",1,"seadec",1,1.58
"pc3","2cpu-dc",1,"seadec",2,1.77
"pc3","2cpu-dc",1,"seadec",2,1.65
"pc3","2cpu-dc",1,"seadec",1,1.73
"pc3","2cpu-dc",1,"seadec",1,1.59
"pc3","2cpu-dc",1,"seadec",2,1.78
"pc3","2cpu-dc",0.1,"SMA",2,22.39
"pc3","2cpu-dc",0.1,"SMA",1,22.5
"pc3","2cpu-dc",0.1,"SMA",2,23.3
"pc3","2cpu-dc",0.1,"SMA",1,23.48
"pc3","2cpu-dc",0.1,"SMA",1,20.68
"pc3","2cpu-dc",0.1,"SMA",2,20.98
"pc3","2cpu-dc",0.1,"SMA",1,21.16
"pc3","2cpu-dc",0.1,"SMA",2,21.24
"pc3","2cpu-dc",0.1,"SMA",2,22.27
"pc3","2cpu-dc",0.1,"SMA",1,22.28
"pc3","2cpu-dc",0.1,"SMA",1,22.78
"pc3","2cpu-dc",0.1,"SMA",2,22.78
"pc3","2cpu-dc",0.1,"SMA",2,22.76
"pc3","2cpu-dc",0.1,"SMA",1,22.88
"pc3","2cpu-dc",0.1,"SMA",2,22.15
"pc3","2cpu-dc",0.1,"SMA",1,22.37
"pc3","2cpu-dc",0.1,"SMA",1,21.86
"pc3","2cpu-dc",0.1,"SMA",2,21.86
"pc3","2cpu-dc",0.1,"SMA",1,21.89
"pc3","2cpu-dc",0.1,"SMA",2,22.07
"pc3","2cpu-dc",0.1,"SMA",2,22.26
"pc3","2cpu-dc",0.1,"SMA",1,22.47
"pc3","2cpu-dc",0.1,"SMA",1,21.97
"pc3","2cpu-dc",0.1,"SMA",2,22.05
"pc3","2cpu-dc",0.1,"SMA",2,22.48
"pc3","2cpu-dc",0.1,"SMA",1,22.59
"pc3","2cpu-dc",0.1,"SMA",1,22.4
"pc3","2cpu-dc",0.1,"SMA",2,22.48
"pc3","2cpu-dc",0.1,"SMA",1,22.78
"pc3","2cpu-dc",0.1,"SMA",2,22.87
"pc3","2cpu-dc",0.1,"SMA",2,22.4
"pc3","2cpu-dc",0.1,"SMA",1,22.4
"pc3","2cpu-dc",0.1,"SMA",1,21.95
"pc3","2cpu-dc",0.1,"SMA",2,21.95
"pc3","2cpu-dc",0.1,"SMA",2,21.08
"pc3","2cpu-dc",0.1,"SMA",1,21.18
"pc3","2cpu-dc",0.1,"SMA",1,21.28
"pc3","2cpu-dc",0.1,"SMA",2,21.37
"pc3","2cpu-dc",0.1,"SMA",1,20.97
"pc3","2cpu-dc",0.1,"SMA",2,20.97
"pc3","2cpu-dc",0.1,"SMA",1,22.09
"pc3","2cpu-dc",0.1,"SMA",2,22.28
"pc3","2cpu-dc",0.1,"SMA",1,22.16
"pc3","2cpu-dc",0.1,"SMA",2,22.15
"pc3","2cpu-dc",0.1,"SMA",2,21.86
"pc3","2cpu-dc",0.1,"SMA",1,21.97
"pc3","2cpu-dc",0.1,"SMA",2,22.68
"pc3","2cpu-dc",0.1,"SMA",1,22.77
"pc3","2cpu-dc",0.1,"SMA",2,22.08
"pc3","2cpu-dc",0.1,"SMA",1,22.09
"pc3","2cpu-dc",0.1,"SMA",2,21.76
"pc3","2cpu-dc",0.1,"SMA",1,21.96
"pc3","2cpu-dc",0.1,"SMA",1,22.46
"pc3","2cpu-dc",0.1,"SMA",2,22.46
"pc3","2cpu-dc",0.1,"SMA",2,22.34
"pc3","2cpu-dc",0.1,"SMA",1,22.46
"pc3","2cpu-dc",0.1,"SMA",2,22.06
"pc3","2cpu-dc",0.1,"SMA",1,22.36
"pc3","2cpu-dc",0.1,"SMA",1,21.96
"pc3","2cpu-dc",0.1,"SMA",2,21.96
"pc3","2cpu-dc",0.2,"SMA",2,9.81
"pc3","2cpu-dc",0.2,"SMA",1,9.81
"pc3","2cpu-dc",0.2,"SMA",2,10.05
"pc3","2cpu-dc",0.2,"SMA",1,10.16
"pc3","2cpu-dc",0.2,"SMA",2,8.97
"pc3","2cpu-dc",0.2,"SMA",1,9.08
"pc3","2cpu-dc",0.2,"SMA",2,8.96
"pc3","2cpu-dc",0.2,"SMA",1,9
"pc3","2cpu-dc",0.2,"SMA",2,8.86
"pc3","2cpu-dc",0.2,"SMA",1,8.87
"pc3","2cpu-dc",0.2,"SMA",1,8.96
"pc3","2cpu-dc",0.2,"SMA",2,8.96
"pc3","2cpu-dc",0.2,"SMA",1,8.87
"pc3","2cpu-dc",0.2,"SMA",2,8.87
"pc3","2cpu-dc",0.2,"SMA",2,8.86
"pc3","2cpu-dc",0.2,"SMA",1,9.05
"pc3","2cpu-dc",0.2,"SMA",2,9.18
"pc3","2cpu-dc",0.2,"SMA",1,9.28
"pc3","2cpu-dc",0.2,"SMA",2,8.87
"pc3","2cpu-dc",0.2,"SMA",1,8.87
"pc3","2cpu-dc",0.2,"SMA",2,9.09
"pc3","2cpu-dc",0.2,"SMA",1,9.09
"pc3","2cpu-dc",0.2,"SMA",2,8.85
"pc3","2cpu-dc",0.2,"SMA",1,8.85
"pc3","2cpu-dc",0.2,"SMA",1,8.94
"pc3","2cpu-dc",0.2,"SMA",2,8.94
"pc3","2cpu-dc",0.2,"SMA",2,8.86
"pc3","2cpu-dc",0.2,"SMA",1,8.88
"pc3","2cpu-dc",0.2,"SMA",2,8.85
"pc3","2cpu-dc",0.2,"SMA",1,8.87
"pc3","2cpu-dc",0.2,"SMA",2,9.18
"pc3","2cpu-dc",0.2,"SMA",1,9.37
"pc3","2cpu-dc",0.2,"SMA",2,8.88
"pc3","2cpu-dc",0.2,"SMA",1,8.88
"pc3","2cpu-dc",0.2,"SMA",1,8.96
"pc3","2cpu-dc",0.2,"SMA",2,9.05
"pc3","2cpu-dc",0.2,"SMA",1,9.07
"pc3","2cpu-dc",0.2,"SMA",2,9.26
"pc3","2cpu-dc",0.2,"SMA",1,9.05
"pc3","2cpu-dc",0.2,"SMA",2,9.05
"pc3","2cpu-dc",0.2,"SMA",2,9.48
"pc3","2cpu-dc",0.2,"SMA",1,9.48
"pc3","2cpu-dc",0.2,"SMA",2,9.28
"pc3","2cpu-dc",0.2,"SMA",1,9.38
"pc3","2cpu-dc",0.2,"SMA",2,9.27
"pc3","2cpu-dc",0.2,"SMA",1,9.47
"pc3","2cpu-dc",0.2,"SMA",2,9.36
"pc3","2cpu-dc",0.2,"SMA",1,9.46
"pc3","2cpu-dc",0.2,"SMA",1,9.49
"pc3","2cpu-dc",0.2,"SMA",2,9.5
"pc3","2cpu-dc",0.2,"SMA",1,9.35
"pc3","2cpu-dc",0.2,"SMA",2,9.35
"pc3","2cpu-dc",0.2,"SMA",2,9.18
"pc3","2cpu-dc",0.2,"SMA",1,9.28
"pc3","2cpu-dc",0.2,"SMA",2,9.06
"pc3","2cpu-dc",0.2,"SMA",1,9.18
"pc3","2cpu-dc",0.2,"SMA",2,9.27
"pc3","2cpu-dc",0.2,"SMA",1,9.47
"pc3","2cpu-dc",0.2,"SMA",2,9.28
"pc3","2cpu-dc",0.2,"SMA",1,9.48
"pc3","2cpu-dc",0.3,"SMA",1,6.18
"pc3","2cpu-dc",0.3,"SMA",2,6.18
"pc3","2cpu-dc",0.3,"SMA",2,6.24
"pc3","2cpu-dc",0.3,"SMA",1,6.24
"pc3","2cpu-dc",0.3,"SMA",2,5.56
"pc3","2cpu-dc",0.3,"SMA",1,5.67
"pc3","2cpu-dc",0.3,"SMA",1,5.56
"pc3","2cpu-dc",0.3,"SMA",2,5.58
"pc3","2cpu-dc",0.3,"SMA",2,5.59
"pc3","2cpu-dc",0.3,"SMA",1,5.68
"pc3","2cpu-dc",0.3,"SMA",2,5.58
"pc3","2cpu-dc",0.3,"SMA",1,5.68
"pc3","2cpu-dc",0.3,"SMA",2,5.58
"pc3","2cpu-dc",0.3,"SMA",1,5.67
"pc3","2cpu-dc",0.3,"SMA",2,5.59
"pc3","2cpu-dc",0.3,"SMA",1,5.61
"pc3","2cpu-dc",0.3,"SMA",2,5.73
"pc3","2cpu-dc",0.3,"SMA",1,5.75
"pc3","2cpu-dc",0.3,"SMA",2,5.65
"pc3","2cpu-dc",0.3,"SMA",1,5.66
"pc3","2cpu-dc",0.3,"SMA",2,5.64
"pc3","2cpu-dc",0.3,"SMA",1,5.74
"pc3","2cpu-dc",0.3,"SMA",2,5.64
"pc3","2cpu-dc",0.3,"SMA",1,5.75
"pc3","2cpu-dc",0.3,"SMA",1,5.74
"pc3","2cpu-dc",0.3,"SMA",2,5.74
"pc3","2cpu-dc",0.3,"SMA",1,5.65
"pc3","2cpu-dc",0.3,"SMA",2,3.58
"pc3","2cpu-dc",0.3,"SMA",2,5.66
"pc3","2cpu-dc",0.3,"SMA",1,5.68
"pc3","2cpu-dc",0.3,"SMA",2,5.64
"pc3","2cpu-dc",0.3,"SMA",1,5.66
"pc3","2cpu-dc",0.3,"SMA",2,5.55
"pc3","2cpu-dc",0.3,"SMA",1,5.67
"pc3","2cpu-dc",0.3,"SMA",2,5.78
"pc3","2cpu-dc",0.3,"SMA",1,5.78
"pc3","2cpu-dc",0.3,"SMA",1,5.74
"pc3","2cpu-dc",0.3,"SMA",2,5.73
"pc3","2cpu-dc",0.3,"SMA",1,5.79
"pc3","2cpu-dc",0.3,"SMA",2,5.79
"pc3","2cpu-dc",0.3,"SMA",2,5.72
"pc3","2cpu-dc",0.3,"SMA",1,5.74
"pc3","2cpu-dc",0.3,"SMA",2,5.65
"pc3","2cpu-dc",0.3,"SMA",1,5.75
"pc3","2cpu-dc",0.3,"SMA",2,5.57
"pc3","2cpu-dc",0.3,"SMA",1,5.7
"pc3","2cpu-dc",0.3,"SMA",2,5.57
"pc3","2cpu-dc",0.3,"SMA",1,5.77
"pc3","2cpu-dc",0.3,"SMA",2,5.67
"pc3","2cpu-dc",0.3,"SMA",1,5.78
"pc3","2cpu-dc",0.3,"SMA",2,3.27
"pc3","2cpu-dc",0.3,"SMA",1,3.36
"pc3","2cpu-dc",0.3,"SMA",2,5.67
"pc3","2cpu-dc",0.3,"SMA",1,5.69
"pc3","2cpu-dc",0.3,"SMA",2,5.64
"pc3","2cpu-dc",0.3,"SMA",1,5.74
"pc3","2cpu-dc",0.3,"SMA",2,5.59
"pc3","2cpu-dc",0.3,"SMA",1,5.7
"pc3","2cpu-dc",0.3,"SMA",2,5.65
"pc3","2cpu-dc",0.3,"SMA",1,5.76
"pc3","2cpu-dc",0.4,"SMA",1,4.46
"pc3","2cpu-dc",0.4,"SMA",2,4.47
"pc3","2cpu-dc",0.4,"SMA",1,4.55
"pc3","2cpu-dc",0.4,"SMA",2,4.62
"pc3","2cpu-dc",0.4,"SMA",1,3.99
"pc3","2cpu-dc",0.4,"SMA",2,4.05
"pc3","2cpu-dc",0.4,"SMA",1,4.08
"pc3","2cpu-dc",0.4,"SMA",2,4.11
"pc3","2cpu-dc",0.4,"SMA",1,4.02
"pc3","2cpu-dc",0.4,"SMA",2,4.03
"pc3","2cpu-dc",0.4,"SMA",1,4.08
"pc3","2cpu-dc",0.4,"SMA",2,4.15
"pc3","2cpu-dc",0.4,"SMA",1,4.1
"pc3","2cpu-dc",0.4,"SMA",2,4.11
"pc3","2cpu-dc",0.4,"SMA",1,4.05
"pc3","2cpu-dc",0.4,"SMA",2,4.12
"pc3","2cpu-dc",0.4,"SMA",1,4.08
"pc3","2cpu-dc",0.4,"SMA",2,4.09
"pc3","2cpu-dc",0.4,"SMA",1,3.99
"pc3","2cpu-dc",0.4,"SMA",2,4.06
"pc3","2cpu-dc",0.4,"SMA",1,4.09
"pc3","2cpu-dc",0.4,"SMA",2,4.18
"pc3","2cpu-dc",0.4,"SMA",1,3.99
"pc3","2cpu-dc",0.4,"SMA",2,4.08
"pc3","2cpu-dc",0.4,"SMA",1,4.05
"pc3","2cpu-dc",0.4,"SMA",2,4.05
"pc3","2cpu-dc",0.4,"SMA",1,4.03
"pc3","2cpu-dc",0.4,"SMA",2,4.04
"pc3","2cpu-dc",0.4,"SMA",1,4.05
"pc3","2cpu-dc",0.4,"SMA",2,4.07
"pc3","2cpu-dc",0.4,"SMA",1,3.97
"pc3","2cpu-dc",0.4,"SMA",2,4.06
"pc3","2cpu-dc",0.4,"SMA",1,4
"pc3","2cpu-dc",0.4,"SMA",2,4.08
"pc3","2cpu-dc",0.4,"SMA",1,3.97
"pc3","2cpu-dc",0.4,"SMA",2,4.16
"pc3","2cpu-dc",0.4,"SMA",1,3.98
"pc3","2cpu-dc",0.4,"SMA",2,4.07
"pc3","2cpu-dc",0.4,"SMA",1,4.05
"pc3","2cpu-dc",0.4,"SMA",2,4.06
"pc3","2cpu-dc",0.4,"SMA",1,4.06
"pc3","2cpu-dc",0.4,"SMA",2,4.08
"pc3","2cpu-dc",0.4,"SMA",1,4.17
"pc3","2cpu-dc",0.4,"SMA",2,4.25
"pc3","2cpu-dc",0.4,"SMA",1,4.17
"pc3","2cpu-dc",0.4,"SMA",2,4.18
"pc3","2cpu-dc",0.4,"SMA",2,4.16
"pc3","2cpu-dc",0.4,"SMA",1,4.26
"pc3","2cpu-dc",0.4,"SMA",1,4.2
"pc3","2cpu-dc",0.4,"SMA",2,4.27
"pc3","2cpu-dc",0.4,"SMA",1,4.1
"pc3","2cpu-dc",0.4,"SMA",2,4.17
"pc3","2cpu-dc",0.4,"SMA",2,4.18
"pc3","2cpu-dc",0.4,"SMA",1,4.2
"pc3","2cpu-dc",0.4,"SMA",1,4.08
"pc3","2cpu-dc",0.4,"SMA",2,4.14
"pc3","2cpu-dc",0.4,"SMA",1,4.14
"pc3","2cpu-dc",0.4,"SMA",2,4.15
"pc3","2cpu-dc",0.4,"SMA",1,4.16
"pc3","2cpu-dc",0.5,"SMA",1,3.58
"pc3","2cpu-dc",0.5,"SMA",2,3.58
"pc3","2cpu-dc",0.5,"SMA",2,3.61
"pc3","2cpu-dc",0.5,"SMA",1,3.64
"pc3","2cpu-dc",0.5,"SMA",1,3.22
"pc3","2cpu-dc",0.5,"SMA",2,3.21
"pc3","2cpu-dc",0.5,"SMA",2,3.21
"pc3","2cpu-dc",0.5,"SMA",1,3.27
"pc3","2cpu-dc",0.5,"SMA",1,3.43
"pc3","2cpu-dc",0.5,"SMA",2,3.48
"pc3","2cpu-dc",0.5,"SMA",2,3.21
"pc3","2cpu-dc",0.5,"SMA",1,3.22
"pc3","2cpu-dc",0.5,"SMA",1,3.27
"pc3","2cpu-dc",0.5,"SMA",2,3.27
"pc3","2cpu-dc",0.5,"SMA",2,3.24
"pc3","2cpu-dc",0.5,"SMA",1,3.24
"pc3","2cpu-dc",0.5,"SMA",2,3.26
"pc3","2cpu-dc",0.5,"SMA",1,3.26
"pc3","2cpu-dc",0.5,"SMA",2,3.19
"pc3","2cpu-dc",0.5,"SMA",1,3.25
"pc3","2cpu-dc",0.5,"SMA",1,3.2
"pc3","2cpu-dc",0.5,"SMA",2,3.2
"pc3","2cpu-dc",0.5,"SMA",2,3.25
"pc3","2cpu-dc",0.5,"SMA",1,3.27
"pc3","2cpu-dc",0.5,"SMA",1,3.23
"pc3","2cpu-dc",0.5,"SMA",2,3.23
"pc3","2cpu-dc",0.5,"SMA",2,3.25
"pc3","2cpu-dc",0.5,"SMA",1,3.25
"pc3","2cpu-dc",0.5,"SMA",1,3.22
"pc3","2cpu-dc",0.5,"SMA",2,3.22
"pc3","2cpu-dc",0.5,"SMA",2,3.22
"pc3","2cpu-dc",0.5,"SMA",1,3.24
"pc3","2cpu-dc",0.5,"SMA",1,3.23
"pc3","2cpu-dc",0.5,"SMA",2,3.24
"pc3","2cpu-dc",0.5,"SMA",1,3.25
"pc3","2cpu-dc",0.5,"SMA",2,3.34
"pc3","2cpu-dc",0.5,"SMA",1,3.22
"pc3","2cpu-dc",0.5,"SMA",2,3.27
"pc3","2cpu-dc",0.5,"SMA",1,3.23
"pc3","2cpu-dc",0.5,"SMA",2,3.24
"pc3","2cpu-dc",0.5,"SMA",2,3.26
"pc3","2cpu-dc",0.5,"SMA",1,3.26
"pc3","2cpu-dc",0.5,"SMA",2,3.23
"pc3","2cpu-dc",0.5,"SMA",1,3.25
"pc3","2cpu-dc",0.5,"SMA",1,3.25
"pc3","2cpu-dc",0.5,"SMA",2,3.26
"pc3","2cpu-dc",0.5,"SMA",1,3.24
"pc3","2cpu-dc",0.5,"SMA",2,3.25
"pc3","2cpu-dc",0.5,"SMA",2,3.3
"pc3","2cpu-dc",0.5,"SMA",1,3.3
"pc3","2cpu-dc",0.5,"SMA",2,3.24
"pc3","2cpu-dc",0.5,"SMA",1,3.26
"pc3","2cpu-dc",0.5,"SMA",2,3.24
"pc3","2cpu-dc",0.5,"SMA",1,3.27
"pc3","2cpu-dc",0.5,"SMA",2,3.24
"pc3","2cpu-dc",0.5,"SMA",1,3.26
"pc3","2cpu-dc",0.5,"SMA",1,1.89
"pc3","2cpu-dc",0.5,"SMA",2,1.89
"pc3","2cpu-dc",0.5,"SMA",2,3.15
"pc3","2cpu-dc",0.5,"SMA",1,3.22
"pc3","2cpu-dc",0.6,"SMA",1,2.94
"pc3","2cpu-dc",0.6,"SMA",2,2.94
"pc3","2cpu-dc",0.6,"SMA",1,2.91
"pc3","2cpu-dc",0.6,"SMA",2,2.9
"pc3","2cpu-dc",0.6,"SMA",1,2.63
"pc3","2cpu-dc",0.6,"SMA",2,2.63
"pc3","2cpu-dc",0.6,"SMA",1,2.58
"pc3","2cpu-dc",0.6,"SMA",2,2.59
"pc3","2cpu-dc",0.6,"SMA",1,2.58
"pc3","2cpu-dc",0.6,"SMA",2,2.58
"pc3","2cpu-dc",0.6,"SMA",1,2.58
"pc3","2cpu-dc",0.6,"SMA",2,2.59
"pc3","2cpu-dc",0.6,"SMA",1,2.59
"pc3","2cpu-dc",0.6,"SMA",2,2.66
"pc3","2cpu-dc",0.6,"SMA",1,2.58
"pc3","2cpu-dc",0.6,"SMA",2,2.59
"pc3","2cpu-dc",0.6,"SMA",1,2.59
"pc3","2cpu-dc",0.6,"SMA",2,2.59
"pc3","2cpu-dc",0.6,"SMA",2,2.6
"pc3","2cpu-dc",0.6,"SMA",1,2.62
"pc3","2cpu-dc",0.6,"SMA",2,2.58
"pc3","2cpu-dc",0.6,"SMA",1,2.59
"pc3","2cpu-dc",0.6,"SMA",1,2.61
"pc3","2cpu-dc",0.6,"SMA",2,2.61
"pc3","2cpu-dc",0.6,"SMA",2,2.59
"pc3","2cpu-dc",0.6,"SMA",1,2.59
"pc3","2cpu-dc",0.6,"SMA",2,2.57
"pc3","2cpu-dc",0.6,"SMA",1,2.59
"pc3","2cpu-dc",0.6,"SMA",1,2.62
"pc3","2cpu-dc",0.6,"SMA",2,2.61
"pc3","2cpu-dc",0.6,"SMA",1,2.6
"pc3","2cpu-dc",0.6,"SMA",2,2.6
"pc3","2cpu-dc",0.6,"SMA",1,2.71
"pc3","2cpu-dc",0.6,"SMA",2,2.74
"pc3","2cpu-dc",0.6,"SMA",1,2.69
"pc3","2cpu-dc",0.6,"SMA",2,2.74
"pc3","2cpu-dc",0.6,"SMA",1,2.73
"pc3","2cpu-dc",0.6,"SMA",2,2.73
"pc3","2cpu-dc",0.6,"SMA",1,2.66
"pc3","2cpu-dc",0.6,"SMA",2,2.66
"pc3","2cpu-dc",0.6,"SMA",1,2.63
"pc3","2cpu-dc",0.6,"SMA",2,2.63
"pc3","2cpu-dc",0.6,"SMA",1,2.67
"pc3","2cpu-dc",0.6,"SMA",2,2.67
"pc3","2cpu-dc",0.6,"SMA",2,2.66
"pc3","2cpu-dc",0.6,"SMA",1,2.66
"pc3","2cpu-dc",0.6,"SMA",1,2.67
"pc3","2cpu-dc",0.6,"SMA",2,2.72
"pc3","2cpu-dc",0.6,"SMA",1,2.63
"pc3","2cpu-dc",0.6,"SMA",2,2.63
"pc3","2cpu-dc",0.6,"SMA",2,2.67
"pc3","2cpu-dc",0.6,"SMA",1,2.67
"pc3","2cpu-dc",0.6,"SMA",1,2.64
"pc3","2cpu-dc",0.6,"SMA",2,2.63
"pc3","2cpu-dc",0.6,"SMA",2,2.68
"pc3","2cpu-dc",0.6,"SMA",1,2.68
"pc3","2cpu-dc",0.6,"SMA",1,2.65
"pc3","2cpu-dc",0.6,"SMA",2,2.65
"pc3","2cpu-dc",0.7,"SMA",1,1.28
"pc3","2cpu-dc",0.7,"SMA",2,1.27
"pc3","2cpu-dc",0.7,"SMA",2,2.51
"pc3","2cpu-dc",0.7,"SMA",1,2.51
"pc3","2cpu-dc",0.7,"SMA",2,2.23
"pc3","2cpu-dc",0.7,"SMA",1,2.24
"pc3","2cpu-dc",0.7,"SMA",2,2.21
"pc3","2cpu-dc",0.7,"SMA",1,2.24
"pc3","2cpu-dc",0.7,"SMA",1,2.28
"pc3","2cpu-dc",0.7,"SMA",2,2.28
"pc3","2cpu-dc",0.7,"SMA",1,2.23
"pc3","2cpu-dc",0.7,"SMA",2,2.24
"pc3","2cpu-dc",0.7,"SMA",2,2.26
"pc3","2cpu-dc",0.7,"SMA",1,2.26
"pc3","2cpu-dc",0.7,"SMA",2,2.21
"pc3","2cpu-dc",0.7,"SMA",1,2.24
"pc3","2cpu-dc",0.7,"SMA",1,2.22
"pc3","2cpu-dc",0.7,"SMA",2,2.22
"pc3","2cpu-dc",0.7,"SMA",1,2.24
"pc3","2cpu-dc",0.7,"SMA",2,2.25
"pc3","2cpu-dc",0.7,"SMA",1,2.2
"pc3","2cpu-dc",0.7,"SMA",2,2.21
"pc3","2cpu-dc",0.7,"SMA",1,2.24
"pc3","2cpu-dc",0.7,"SMA",2,2.24
"pc3","2cpu-dc",0.7,"SMA",2,2.21
"pc3","2cpu-dc",0.7,"SMA",1,2.24
"pc3","2cpu-dc",0.7,"SMA",1,2.25
"pc3","2cpu-dc",0.7,"SMA",2,2.24
"pc3","2cpu-dc",0.7,"SMA",2,2.21
"pc3","2cpu-dc",0.7,"SMA",1,2.21
"pc3","2cpu-dc",0.7,"SMA",2,2.21
"pc3","2cpu-dc",0.7,"SMA",1,2.22
"pc3","2cpu-dc",0.7,"SMA",1,2.22
"pc3","2cpu-dc",0.7,"SMA",2,2.29
"pc3","2cpu-dc",0.7,"SMA",1,2.26
"pc3","2cpu-dc",0.7,"SMA",2,2.28
"pc3","2cpu-dc",0.7,"SMA",2,2.27
"pc3","2cpu-dc",0.7,"SMA",1,2.27
"pc3","2cpu-dc",0.7,"SMA",1,2.28
"pc3","2cpu-dc",0.7,"SMA",2,2.28
"pc3","2cpu-dc",0.7,"SMA",2,2.28
"pc3","2cpu-dc",0.7,"SMA",1,2.28
"pc3","2cpu-dc",0.7,"SMA",2,2.27
"pc3","2cpu-dc",0.7,"SMA",1,2.28
"pc3","2cpu-dc",0.7,"SMA",2,2.26
"pc3","2cpu-dc",0.7,"SMA",1,2.26
"pc3","2cpu-dc",0.7,"SMA",1,2.25
"pc3","2cpu-dc",0.7,"SMA",2,2.26
"pc3","2cpu-dc",0.7,"SMA",2,2.27
"pc3","2cpu-dc",0.7,"SMA",1,2.27
"pc3","2cpu-dc",0.7,"SMA",1,2.27
"pc3","2cpu-dc",0.7,"SMA",2,2.27
"pc3","2cpu-dc",0.7,"SMA",2,2.24
"pc3","2cpu-dc",0.7,"SMA",1,2.25
"pc3","2cpu-dc",0.7,"SMA",2,2.24
"pc3","2cpu-dc",0.7,"SMA",1,2.27
"pc3","2cpu-dc",0.7,"SMA",1,2.26
"pc3","2cpu-dc",0.7,"SMA",2,2.26
"pc3","2cpu-dc",0.7,"SMA",2,2.23
"pc3","2cpu-dc",0.7,"SMA",1,2.24
"pc3","2cpu-dc",0.8,"SMA",1,2.23
"pc3","2cpu-dc",0.8,"SMA",2,2.23
"pc3","2cpu-dc",0.8,"SMA",1,2.3
"pc3","2cpu-dc",0.8,"SMA",2,2.3
"pc3","2cpu-dc",0.8,"SMA",2,2
"pc3","2cpu-dc",0.8,"SMA",1,2.02
"pc3","2cpu-dc",0.8,"SMA",1,2
"pc3","2cpu-dc",0.8,"SMA",2,2
"pc3","2cpu-dc",0.8,"SMA",2,2.05
"pc3","2cpu-dc",0.8,"SMA",1,2.05
"pc3","2cpu-dc",0.8,"SMA",1,2
"pc3","2cpu-dc",0.8,"SMA",2,2.01
"pc3","2cpu-dc",0.8,"SMA",1,2.01
"pc3","2cpu-dc",0.8,"SMA",2,2.01
"pc3","2cpu-dc",0.8,"SMA",1,2.03
"pc3","2cpu-dc",0.8,"SMA",2,2.09
"pc3","2cpu-dc",0.8,"SMA",2,1.93
"pc3","2cpu-dc",0.8,"SMA",1,1.93
"pc3","2cpu-dc",0.8,"SMA",2,1.98
"pc3","2cpu-dc",0.8,"SMA",1,2.01
"pc3","2cpu-dc",0.8,"SMA",2,1.99
"pc3","2cpu-dc",0.8,"SMA",1,1.99
"pc3","2cpu-dc",0.8,"SMA",1,1.95
"pc3","2cpu-dc",0.8,"SMA",2,1.95
"pc3","2cpu-dc",0.8,"SMA",2,1.97
"pc3","2cpu-dc",0.8,"SMA",1,1.97
"pc3","2cpu-dc",0.8,"SMA",2,1.95
"pc3","2cpu-dc",0.8,"SMA",1,1.96
"pc3","2cpu-dc",0.8,"SMA",1,1.95
"pc3","2cpu-dc",0.8,"SMA",2,1.95
"pc3","2cpu-dc",0.8,"SMA",2,1.97
"pc3","2cpu-dc",0.8,"SMA",1,1.97
"pc3","2cpu-dc",0.8,"SMA",1,1.99
"pc3","2cpu-dc",0.8,"SMA",2,1.99
"pc3","2cpu-dc",0.8,"SMA",1,1.95
"pc3","2cpu-dc",0.8,"SMA",2,1.98
"pc3","2cpu-dc",0.8,"SMA",1,1.96
"pc3","2cpu-dc",0.8,"SMA",2,2
"pc3","2cpu-dc",0.8,"SMA",1,1.99
"pc3","2cpu-dc",0.8,"SMA",2,2
"pc3","2cpu-dc",0.8,"SMA",1,2
"pc3","2cpu-dc",0.8,"SMA",2,2.01
"pc3","2cpu-dc",0.8,"SMA",2,1.98
"pc3","2cpu-dc",0.8,"SMA",1,1.98
"pc3","2cpu-dc",0.8,"SMA",2,2
"pc3","2cpu-dc",0.8,"SMA",1,2
"pc3","2cpu-dc",0.8,"SMA",1,2.01
"pc3","2cpu-dc",0.8,"SMA",2,2.04
"pc3","2cpu-dc",0.8,"SMA",2,1.99
"pc3","2cpu-dc",0.8,"SMA",1,2.02
"pc3","2cpu-dc",0.8,"SMA",1,2.01
"pc3","2cpu-dc",0.8,"SMA",2,2.03
"pc3","2cpu-dc",0.8,"SMA",1,2
"pc3","2cpu-dc",0.8,"SMA",2,2.01
"pc3","2cpu-dc",0.8,"SMA",1,2
"pc3","2cpu-dc",0.8,"SMA",2,2.01
"pc3","2cpu-dc",0.8,"SMA",2,2.01
"pc3","2cpu-dc",0.8,"SMA",1,2.01
"pc3","2cpu-dc",0.8,"SMA",1,1.99
"pc3","2cpu-dc",0.8,"SMA",2,1.99
"pc3","2cpu-dc",0.9,"SMA",1,1.96
"pc3","2cpu-dc",0.9,"SMA",2,1.95
"pc3","2cpu-dc",0.9,"SMA",2,1.97
"pc3","2cpu-dc",0.9,"SMA",1,1.97
"pc3","2cpu-dc",0.9,"SMA",2,1.76
"pc3","2cpu-dc",0.9,"SMA",1,1.76
"pc3","2cpu-dc",0.9,"SMA",1,1
"pc3","2cpu-dc",0.9,"SMA",2,1.78
"pc3","2cpu-dc",0.9,"SMA",1,1.74
"pc3","2cpu-dc",0.9,"SMA",2,1.75
"pc3","2cpu-dc",0.9,"SMA",2,1.73
"pc3","2cpu-dc",0.9,"SMA",1,1.74
"pc3","2cpu-dc",0.9,"SMA",1,1.73
"pc3","2cpu-dc",0.9,"SMA",2,1.73
"pc3","2cpu-dc",0.9,"SMA",2,1.76
"pc3","2cpu-dc",0.9,"SMA",1,1.76
"pc3","2cpu-dc",0.9,"SMA",1,1.74
"pc3","2cpu-dc",0.9,"SMA",2,1.74
"pc3","2cpu-dc",0.9,"SMA",1,1.74
"pc3","2cpu-dc",0.9,"SMA",2,1.75
"pc3","2cpu-dc",0.9,"SMA",1,1.74
"pc3","2cpu-dc",0.9,"SMA",2,1.74
"pc3","2cpu-dc",0.9,"SMA",1,1.76
"pc3","2cpu-dc",0.9,"SMA",2,1.76
"pc3","2cpu-dc",0.9,"SMA",2,1.77
"pc3","2cpu-dc",0.9,"SMA",1,1.77
"pc3","2cpu-dc",0.9,"SMA",2,1.77
"pc3","2cpu-dc",0.9,"SMA",1,1.77
"pc3","2cpu-dc",0.9,"SMA",1,1.75
"pc3","2cpu-dc",0.9,"SMA",2,1.76
"pc3","2cpu-dc",0.9,"SMA",1,1.73
"pc3","2cpu-dc",0.9,"SMA",2,1.74
"pc3","2cpu-dc",0.9,"SMA",1,1.74
"pc3","2cpu-dc",0.9,"SMA",2,1.74
"pc3","2cpu-dc",0.9,"SMA",1,1.78
"pc3","2cpu-dc",0.9,"SMA",2,1.79
"pc3","2cpu-dc",0.9,"SMA",1,1.78
"pc3","2cpu-dc",0.9,"SMA",2,1.79
"pc3","2cpu-dc",0.9,"SMA",2,1.81
"pc3","2cpu-dc",0.9,"SMA",1,1.84
"pc3","2cpu-dc",0.9,"SMA",1,1.77
"pc3","2cpu-dc",0.9,"SMA",2,1.77
"pc3","2cpu-dc",0.9,"SMA",1,1.77
"pc3","2cpu-dc",0.9,"SMA",2,1.79
"pc3","2cpu-dc",0.9,"SMA",2,1.77
"pc3","2cpu-dc",0.9,"SMA",1,1.79
"pc3","2cpu-dc",0.9,"SMA",1,1.76
"pc3","2cpu-dc",0.9,"SMA",2,1.78
"pc3","2cpu-dc",0.9,"SMA",2,1.76
"pc3","2cpu-dc",0.9,"SMA",1,1.78
"pc3","2cpu-dc",0.9,"SMA",2,1.76
"pc3","2cpu-dc",0.9,"SMA",1,1.77
"pc3","2cpu-dc",0.9,"SMA",2,1.77
"pc3","2cpu-dc",0.9,"SMA",1,1.78
"pc3","2cpu-dc",0.9,"SMA",2,1.76
"pc3","2cpu-dc",0.9,"SMA",1,1.78
"pc3","2cpu-dc",0.9,"SMA",1,1.77
"pc3","2cpu-dc",0.9,"SMA",2,1.76
"pc3","2cpu-dc",1,"SMA",1,1.77
"pc3","2cpu-dc",1,"SMA",2,1.78
"pc3","2cpu-dc",1,"SMA",1,1.78
"pc3","2cpu-dc",1,"SMA",2,1.78
"pc3","2cpu-dc",1,"SMA",1,1.6
"pc3","2cpu-dc",1,"SMA",2,1.59
"pc3","2cpu-dc",1,"SMA",1,1.57
"pc3","2cpu-dc",1,"SMA",2,1.57
"pc3","2cpu-dc",1,"SMA",1,1.56
"pc3","2cpu-dc",1,"SMA",2,1.57
"pc3","2cpu-dc",1,"SMA",1,1.55
"pc3","2cpu-dc",1,"SMA",2,1.55
"pc3","2cpu-dc",1,"SMA",1,1.57
"pc3","2cpu-dc",1,"SMA",2,1.6
"pc3","2cpu-dc",1,"SMA",1,1.58
"pc3","2cpu-dc",1,"SMA",2,1.58
"pc3","2cpu-dc",1,"SMA",1,1.57
"pc3","2cpu-dc",1,"SMA",2,1.57
"pc3","2cpu-dc",1,"SMA",1,1.56
"pc3","2cpu-dc",1,"SMA",2,1.57
"pc3","2cpu-dc",1,"SMA",1,1.56
"pc3","2cpu-dc",1,"SMA",2,1.56
"pc3","2cpu-dc",1,"SMA",1,1.58
"pc3","2cpu-dc",1,"SMA",2,1.58
"pc3","2cpu-dc",1,"SMA",2,1.57
"pc3","2cpu-dc",1,"SMA",1,1.57
"pc3","2cpu-dc",1,"SMA",2,1.57
"pc3","2cpu-dc",1,"SMA",1,1.56
"pc3","2cpu-dc",1,"SMA",2,1.57
"pc3","2cpu-dc",1,"SMA",1,1.59
"pc3","2cpu-dc",1,"SMA",2,1.58
"pc3","2cpu-dc",1,"SMA",2,1.56
"pc3","2cpu-dc",1,"SMA",1,1.59
"pc3","2cpu-dc",1,"SMA",2,1.6
"pc3","2cpu-dc",1,"SMA",1,1.6
"pc3","2cpu-dc",1,"SMA",1,1.64
"pc3","2cpu-dc",1,"SMA",2,1.62
"pc3","2cpu-dc",1,"SMA",1,1.6
"pc3","2cpu-dc",1,"SMA",2,1.6
"pc3","2cpu-dc",1,"SMA",1,1.6
"pc3","2cpu-dc",1,"SMA",2,1.6
"pc3","2cpu-dc",1,"SMA",1,1.63
"pc3","2cpu-dc",1,"SMA",2,1.62
"pc3","2cpu-dc",1,"SMA",2,1.63
"pc3","2cpu-dc",1,"SMA",1,1.66
"pc3","2cpu-dc",1,"SMA",1,1.61
"pc3","2cpu-dc",1,"SMA",2,1.62
"pc3","2cpu-dc",1,"SMA",1,1.61
"pc3","2cpu-dc",1,"SMA",2,1.59
"pc3","2cpu-dc",1,"SMA",2,1.6
"pc3","2cpu-dc",1,"SMA",1,1.61
"pc3","2cpu-dc",1,"SMA",2,1.58
"pc3","2cpu-dc",1,"SMA",1,1.6
"pc3","2cpu-dc",1,"SMA",2,1.58
"pc3","2cpu-dc",1,"SMA",1,1.6
"pc3","2cpu-dc",1,"SMA",1,1.6
"pc3","2cpu-dc",1,"SMA",2,1.6
"pc1","4cpu-i7",0.05,"stine",3,36.76
"pc1","4cpu-i7",0.05,"stine",4,40.33
"pc1","4cpu-i7",0.05,"stine",2,40.61
"pc1","4cpu-i7",0.05,"stine",1,41.33
"pc1","4cpu-i7",0.05,"stine",3,42.64
"pc1","4cpu-i7",0.05,"stine",1,43.36
"pc1","4cpu-i7",0.05,"stine",2,44.14
"pc1","4cpu-i7",0.05,"stine",4,44.14
"pc1","4cpu-i7",0.05,"stine",2,38.57
"pc1","4cpu-i7",0.05,"stine",1,39.79
"pc1","4cpu-i7",0.05,"stine",3,39.86
"pc1","4cpu-i7",0.05,"stine",4,39.95
"pc1","4cpu-i7",0.05,"stine",3,42.58
"pc1","4cpu-i7",0.05,"stine",2,43.08
"pc1","4cpu-i7",0.05,"stine",1,43.29
"pc1","4cpu-i7",0.05,"stine",4,43.36
"pc1","4cpu-i7",0.05,"stine",2,40.58
"pc1","4cpu-i7",0.05,"stine",3,40.97
"pc1","4cpu-i7",0.05,"stine",1,41.09
"pc1","4cpu-i7",0.05,"stine",4,41.07
"pc1","4cpu-i7",0.05,"stine",4,40.26
"pc1","4cpu-i7",0.05,"stine",3,40.36
"pc1","4cpu-i7",0.05,"stine",2,40.57
"pc1","4cpu-i7",0.05,"stine",1,40.88
"pc1","4cpu-i7",0.05,"stine",2,41.65
"pc1","4cpu-i7",0.05,"stine",1,41.76
"pc1","4cpu-i7",0.05,"stine",3,42.15
"pc1","4cpu-i7",0.05,"stine",4,42.24
"pc1","4cpu-i7",0.05,"stine",2,37.97
"pc1","4cpu-i7",0.05,"stine",4,39.55
"pc1","4cpu-i7",0.05,"stine",1,40.78
"pc1","4cpu-i7",0.05,"stine",3,41.46
"pc1","4cpu-i7",0.05,"stine",1,40.66
"pc1","4cpu-i7",0.05,"stine",4,41.8
"pc1","4cpu-i7",0.05,"stine",3,41.92
"pc1","4cpu-i7",0.05,"stine",2,42.34
"pc1","4cpu-i7",0.05,"stine",4,37.65
"pc1","4cpu-i7",0.05,"stine",2,38.37
"pc1","4cpu-i7",0.05,"stine",1,38.88
"pc1","4cpu-i7",0.05,"stine",3,39.06
"pc1","4cpu-i7",0.05,"stine",1,40.25
"pc1","4cpu-i7",0.05,"stine",2,40.54
"pc1","4cpu-i7",0.05,"stine",3,41.24
"pc1","4cpu-i7",0.05,"stine",4,41.23
"pc1","4cpu-i7",0.05,"stine",3,37.37
"pc1","4cpu-i7",0.05,"stine",1,37.69
"pc1","4cpu-i7",0.05,"stine",2,38.18
"pc1","4cpu-i7",0.05,"stine",4,39.67
"pc1","4cpu-i7",0.05,"stine",2,39.47
"pc1","4cpu-i7",0.05,"stine",4,39.88
"pc1","4cpu-i7",0.05,"stine",1,39.88
"pc1","4cpu-i7",0.05,"stine",3,40.75
"pc1","4cpu-i7",0.05,"stine",2,41.57
"pc1","4cpu-i7",0.05,"stine",4,41.75
"pc1","4cpu-i7",0.05,"stine",1,41.87
"pc1","4cpu-i7",0.05,"stine",3,41.96
"pc1","4cpu-i7",0.05,"stine",4,37.23
"pc1","4cpu-i7",0.05,"stine",1,37.45
"pc1","4cpu-i7",0.05,"stine",3,37.84
"pc1","4cpu-i7",0.05,"stine",2,38.05
"pc1","4cpu-i7",0.05,"stine",4,39.24
"pc1","4cpu-i7",0.05,"stine",1,39.45
"pc1","4cpu-i7",0.05,"stine",2,39.45
"pc1","4cpu-i7",0.05,"stine",3,39.64
"pc1","4cpu-i7",0.05,"stine",2,39.25
"pc1","4cpu-i7",0.05,"stine",4,39.33
"pc1","4cpu-i7",0.05,"stine",3,40.16
"pc1","4cpu-i7",0.05,"stine",1,40.16
"pc1","4cpu-i7",0.05,"stine",4,40.76
"pc1","4cpu-i7",0.05,"stine",3,40.97
"pc1","4cpu-i7",0.05,"stine",2,41.78
"pc1","4cpu-i7",0.05,"stine",1,41.88
"pc1","4cpu-i7",0.05,"stine",4,40.77
"pc1","4cpu-i7",0.05,"stine",3,40.77
"pc1","4cpu-i7",0.05,"stine",1,40.98
"pc1","4cpu-i7",0.05,"stine",2,41.37
"pc1","4cpu-i7",0.05,"stine",2,38.56
"pc1","4cpu-i7",0.05,"stine",4,38.64
"pc1","4cpu-i7",0.05,"stine",3,38.85
"pc1","4cpu-i7",0.05,"stine",1,39.77
"pc1","4cpu-i7",0.05,"stine",2,39.77
"pc1","4cpu-i7",0.05,"stine",1,40.58
"pc1","4cpu-i7",0.05,"stine",3,40.66
"pc1","4cpu-i7",0.05,"stine",4,41.86
"pc1","4cpu-i7",0.05,"stine",2,40.27
"pc1","4cpu-i7",0.05,"stine",3,41.16
"pc1","4cpu-i7",0.05,"stine",1,41.48
"pc1","4cpu-i7",0.05,"stine",4,41.96
"pc1","4cpu-i7",0.05,"stine",1,40.65
"pc1","4cpu-i7",0.05,"stine",3,41.73
"pc1","4cpu-i7",0.05,"stine",4,41.73
"pc1","4cpu-i7",0.05,"stine",2,41.84
"pc1","4cpu-i7",0.05,"stine",2,39.98
"pc1","4cpu-i7",0.05,"stine",4,40.86
"pc1","4cpu-i7",0.05,"stine",3,41.46
"pc1","4cpu-i7",0.05,"stine",1,42.28
"pc1","4cpu-i7",0.05,"stine",1,39.57
"pc1","4cpu-i7",0.05,"stine",3,39.74
"pc1","4cpu-i7",0.05,"stine",4,39.94
"pc1","4cpu-i7",0.05,"stine",2,40.55
"pc1","4cpu-i7",0.05,"stine",3,41.56
"pc1","4cpu-i7",0.05,"stine",4,42.46
"pc1","4cpu-i7",0.05,"stine",1,42.58
"pc1","4cpu-i7",0.05,"stine",2,42.77
"pc1","4cpu-i7",0.05,"stine",2,40.17
"pc1","4cpu-i7",0.05,"stine",1,40.17
"pc1","4cpu-i7",0.05,"stine",3,40.84
"pc1","4cpu-i7",0.05,"stine",4,41.63
"pc1","4cpu-i7",0.05,"stine",3,42.29
"pc1","4cpu-i7",0.05,"stine",1,42.29
"pc1","4cpu-i7",0.05,"stine",4,42.58
"pc1","4cpu-i7",0.05,"stine",2,42.58
"pc1","4cpu-i7",0.05,"stine",3,37.04
"pc1","4cpu-i7",0.05,"stine",2,37.85
"pc1","4cpu-i7",0.05,"stine",1,38.45
"pc1","4cpu-i7",0.05,"stine",4,39.14
"pc1","4cpu-i7",0.05,"stine",2,39.47
"pc1","4cpu-i7",0.05,"stine",1,39.88
"pc1","4cpu-i7",0.05,"stine",4,40.36
"pc1","4cpu-i7",0.05,"stine",3,40.56
"pc1","4cpu-i7",0.15,"stine",3,9.78
"pc1","4cpu-i7",0.15,"stine",2,10.11
"pc1","4cpu-i7",0.15,"stine",1,10.11
"pc1","4cpu-i7",0.15,"stine",4,10.16
"pc1","4cpu-i7",0.15,"stine",3,9.86
"pc1","4cpu-i7",0.15,"stine",4,10.06
"pc1","4cpu-i7",0.15,"stine",1,10.29
"pc1","4cpu-i7",0.15,"stine",2,10.47
"pc1","4cpu-i7",0.15,"stine",2,9.27
"pc1","4cpu-i7",0.15,"stine",3,9.27
"pc1","4cpu-i7",0.15,"stine",1,9.36
"pc1","4cpu-i7",0.15,"stine",4,9.35
"pc1","4cpu-i7",0.15,"stine",3,9.56
"pc1","4cpu-i7",0.15,"stine",2,9.66
"pc1","4cpu-i7",0.15,"stine",4,9.65
"pc1","4cpu-i7",0.15,"stine",1,9.77
"pc1","4cpu-i7",0.15,"stine",1,9.28
"pc1","4cpu-i7",0.15,"stine",3,9.28
"pc1","4cpu-i7",0.15,"stine",4,9.35
"pc1","4cpu-i7",0.15,"stine",2,9.47
"pc1","4cpu-i7",0.15,"stine",1,9.49
"pc1","4cpu-i7",0.15,"stine",3,9.57
"pc1","4cpu-i7",0.15,"stine",4,9.57
"pc1","4cpu-i7",0.15,"stine",2,9.59
"pc1","4cpu-i7",0.15,"stine",4,8.95
"pc1","4cpu-i7",0.15,"stine",1,8.98
"pc1","4cpu-i7",0.15,"stine",3,9.07
"pc1","4cpu-i7",0.15,"stine",2,9.07
"pc1","4cpu-i7",0.15,"stine",1,9.26
"pc1","4cpu-i7",0.15,"stine",2,9.35
"pc1","4cpu-i7",0.15,"stine",3,9.35
"pc1","4cpu-i7",0.15,"stine",4,9.35
"pc1","4cpu-i7",0.15,"stine",1,9.53
"pc1","4cpu-i7",0.15,"stine",3,9.53
"pc1","4cpu-i7",0.15,"stine",4,9.62
"pc1","4cpu-i7",0.15,"stine",2,9.65
"pc1","4cpu-i7",0.15,"stine",3,8.74
"pc1","4cpu-i7",0.15,"stine",1,8.86
"pc1","4cpu-i7",0.15,"stine",4,8.95
"pc1","4cpu-i7",0.15,"stine",2,9.25
"pc1","4cpu-i7",0.15,"stine",3,8.62
"pc1","4cpu-i7",0.15,"stine",2,8.84
"pc1","4cpu-i7",0.15,"stine",1,8.96
"pc1","4cpu-i7",0.15,"stine",4,9.12
"pc1","4cpu-i7",0.15,"stine",3,9.34
"pc1","4cpu-i7",0.15,"stine",2,9.36
"pc1","4cpu-i7",0.15,"stine",1,9.48
"pc1","4cpu-i7",0.15,"stine",4,9.73
"pc1","4cpu-i7",0.15,"stine",2,9.16
"pc1","4cpu-i7",0.15,"stine",3,9.16
"pc1","4cpu-i7",0.15,"stine",1,9.36
"pc1","4cpu-i7",0.15,"stine",4,9.34
"pc1","4cpu-i7",0.15,"stine",1,9.11
"pc1","4cpu-i7",0.15,"stine",4,9.11
"pc1","4cpu-i7",0.15,"stine",2,9.23
"pc1","4cpu-i7",0.15,"stine",3,9.42
"pc1","4cpu-i7",0.15,"stine",1,8.87
"pc1","4cpu-i7",0.15,"stine",2,9.03
"pc1","4cpu-i7",0.15,"stine",3,9.21
"pc1","4cpu-i7",0.15,"stine",4,9.22
"pc1","4cpu-i7",0.15,"stine",1,9.77
"pc1","4cpu-i7",0.15,"stine",2,9.85
"pc1","4cpu-i7",0.15,"stine",4,9.85
"pc1","4cpu-i7",0.15,"stine",3,9.95
"pc1","4cpu-i7",0.15,"stine",4,8.87
"pc1","4cpu-i7",0.15,"stine",1,8.87
"pc1","4cpu-i7",0.15,"stine",2,8.86
"pc1","4cpu-i7",0.15,"stine",3,8.94
"pc1","4cpu-i7",0.15,"stine",1,9.67
"pc1","4cpu-i7",0.15,"stine",4,9.67
"pc1","4cpu-i7",0.15,"stine",2,9.78
"pc1","4cpu-i7",0.15,"stine",3,9.87
"pc1","4cpu-i7",0.15,"stine",4,9.14
"pc1","4cpu-i7",0.15,"stine",1,9.18
"pc1","4cpu-i7",0.15,"stine",2,9.36
"pc1","4cpu-i7",0.15,"stine",3,9.55
"pc1","4cpu-i7",0.15,"stine",4,9.06
"pc1","4cpu-i7",0.15,"stine",3,9.16
"pc1","4cpu-i7",0.15,"stine",2,9.28
"pc1","4cpu-i7",0.15,"stine",1,9.28
"pc1","4cpu-i7",0.15,"stine",3,9.16
"pc1","4cpu-i7",0.15,"stine",4,9.24
"pc1","4cpu-i7",0.15,"stine",2,9.27
"pc1","4cpu-i7",0.15,"stine",1,9.48
"pc1","4cpu-i7",0.15,"stine",3,9.25
"pc1","4cpu-i7",0.15,"stine",2,9.44
"pc1","4cpu-i7",0.15,"stine",4,9.44
"pc1","4cpu-i7",0.15,"stine",1,9.57
"pc1","4cpu-i7",0.15,"stine",3,9.35
"pc1","4cpu-i7",0.15,"stine",2,9.56
"pc1","4cpu-i7",0.15,"stine",4,9.56
"pc1","4cpu-i7",0.15,"stine",1,9.88
"pc1","4cpu-i7",0.15,"stine",3,8.97
"pc1","4cpu-i7",0.15,"stine",4,9.06
"pc1","4cpu-i7",0.15,"stine",2,9.37
"pc1","4cpu-i7",0.15,"stine",1,9.67
"pc1","4cpu-i7",0.15,"stine",2,9.57
"pc1","4cpu-i7",0.15,"stine",1,9.78
"pc1","4cpu-i7",0.15,"stine",4,9.96
"pc1","4cpu-i7",0.15,"stine",3,10.06
"pc1","4cpu-i7",0.15,"stine",1,9.28
"pc1","4cpu-i7",0.15,"stine",4,9.36
"pc1","4cpu-i7",0.15,"stine",3,9.46
"pc1","4cpu-i7",0.15,"stine",2,9.57
"pc1","4cpu-i7",0.15,"stine",3,9.26
"pc1","4cpu-i7",0.15,"stine",2,9.37
"pc1","4cpu-i7",0.15,"stine",4,9.45
"pc1","4cpu-i7",0.15,"stine",1,9.68
"pc1","4cpu-i7",0.15,"stine",3,9.53
"pc1","4cpu-i7",0.15,"stine",4,9.61
"pc1","4cpu-i7",0.15,"stine",1,9.76
"pc1","4cpu-i7",0.15,"stine",2,9.74
"pc1","4cpu-i7",0.15,"stine",3,9.56
"pc1","4cpu-i7",0.15,"stine",4,9.65
"pc1","4cpu-i7",0.15,"stine",1,9.78
"pc1","4cpu-i7",0.15,"stine",2,9.78
"pc1","4cpu-i7",0.15,"stine",4,8.83
"pc1","4cpu-i7",0.15,"stine",1,9.05
"pc1","4cpu-i7",0.15,"stine",3,9.05
"pc1","4cpu-i7",0.15,"stine",2,9.25
"pc1","4cpu-i7",0.25,"stine",2,5.46
"pc1","4cpu-i7",0.25,"stine",3,5.46
"pc1","4cpu-i7",0.25,"stine",4,5.46
"pc1","4cpu-i7",0.25,"stine",1,5.58
"pc1","4cpu-i7",0.25,"stine",2,5.44
"pc1","4cpu-i7",0.25,"stine",4,5.42
"pc1","4cpu-i7",0.25,"stine",1,5.54
"pc1","4cpu-i7",0.25,"stine",3,5.53
"pc1","4cpu-i7",0.25,"stine",4,4.95
"pc1","4cpu-i7",0.25,"stine",2,4.98
"pc1","4cpu-i7",0.25,"stine",1,5.06
"pc1","4cpu-i7",0.25,"stine",3,5.06
"pc1","4cpu-i7",0.25,"stine",4,4.76
"pc1","4cpu-i7",0.25,"stine",2,4.86
"pc1","4cpu-i7",0.25,"stine",1,4.98
"pc1","4cpu-i7",0.25,"stine",3,5.05
"pc1","4cpu-i7",0.25,"stine",4,4.95
"pc1","4cpu-i7",0.25,"stine",1,4.98
"pc1","4cpu-i7",0.25,"stine",2,4.98
"pc1","4cpu-i7",0.25,"stine",3,4.98
"pc1","4cpu-i7",0.25,"stine",4,4.87
"pc1","4cpu-i7",0.25,"stine",1,4.87
"pc1","4cpu-i7",0.25,"stine",3,4.95
"pc1","4cpu-i7",0.25,"stine",2,4.96
"pc1","4cpu-i7",0.25,"stine",4,5.16
"pc1","4cpu-i7",0.25,"stine",3,5.28
"pc1","4cpu-i7",0.25,"stine",1,5.28
"pc1","4cpu-i7",0.25,"stine",2,5.28
"pc1","4cpu-i7",0.25,"stine",3,4.87
"pc1","4cpu-i7",0.25,"stine",4,4.87
"pc1","4cpu-i7",0.25,"stine",1,4.96
"pc1","4cpu-i7",0.25,"stine",2,4.98
"pc1","4cpu-i7",0.25,"stine",4,4.85
"pc1","4cpu-i7",0.25,"stine",1,4.85
"pc1","4cpu-i7",0.25,"stine",3,4.97
"pc1","4cpu-i7",0.25,"stine",2,4.97
"pc1","4cpu-i7",0.25,"stine",1,5.07
"pc1","4cpu-i7",0.25,"stine",3,5.06
"pc1","4cpu-i7",0.25,"stine",2,5.14
"pc1","4cpu-i7",0.25,"stine",4,5.14
"pc1","4cpu-i7",0.25,"stine",1,4.98
"pc1","4cpu-i7",0.25,"stine",2,4.98
"pc1","4cpu-i7",0.25,"stine",3,5.05
"pc1","4cpu-i7",0.25,"stine",4,5.06
"pc1","4cpu-i7",0.25,"stine",1,4.98
"pc1","4cpu-i7",0.25,"stine",3,4.97
"pc1","4cpu-i7",0.25,"stine",2,4.98
"pc1","4cpu-i7",0.25,"stine",4,5.05
"pc1","4cpu-i7",0.25,"stine",3,5.09
"pc1","4cpu-i7",0.25,"stine",2,5.17
"pc1","4cpu-i7",0.25,"stine",4,5.16
"pc1","4cpu-i7",0.25,"stine",3,5.05
"pc1","4cpu-i7",0.25,"stine",1,5.17
"pc1","4cpu-i7",0.25,"stine",2,5.28
"pc1","4cpu-i7",0.25,"stine",4,5.35
"pc1","4cpu-i7",0.25,"stine",4,4.9
"pc1","4cpu-i7",0.25,"stine",2,4.9
"pc1","4cpu-i7",0.25,"stine",1,4.98
"pc1","4cpu-i7",0.25,"stine",3,5.07
"pc1","4cpu-i7",0.25,"stine",1,4.88
"pc1","4cpu-i7",0.25,"stine",2,4.88
"pc1","4cpu-i7",0.25,"stine",3,4.95
"pc1","4cpu-i7",0.25,"stine",4,4.95
"pc1","4cpu-i7",0.25,"stine",2,4.98
"pc1","4cpu-i7",0.25,"stine",1,5.07
"pc1","4cpu-i7",0.25,"stine",3,5.06
"pc1","4cpu-i7",0.25,"stine",4,5.24
"pc1","4cpu-i7",0.25,"stine",1,5.07
"pc1","4cpu-i7",0.25,"stine",4,5.05
"pc1","4cpu-i7",0.25,"stine",3,5.06
"pc1","4cpu-i7",0.25,"stine",2,5.07
"pc1","4cpu-i7",0.25,"stine",1,5.07
"pc1","4cpu-i7",0.25,"stine",2,5.07
"pc1","4cpu-i7",0.25,"stine",3,5.07
"pc1","4cpu-i7",0.25,"stine",4,5.14
"pc1","4cpu-i7",0.25,"stine",3,5
"pc1","4cpu-i7",0.25,"stine",4,5.11
"pc1","4cpu-i7",0.25,"stine",1,5.11
"pc1","4cpu-i7",0.25,"stine",2,5.19
"pc1","4cpu-i7",0.25,"stine",1,4.96
"pc1","4cpu-i7",0.25,"stine",4,4.96
"pc1","4cpu-i7",0.25,"stine",3,5.05
"pc1","4cpu-i7",0.25,"stine",2,5.06
"pc1","4cpu-i7",0.25,"stine",4,4.95
"pc1","4cpu-i7",0.25,"stine",1,4.99
"pc1","4cpu-i7",0.25,"stine",3,4.99
"pc1","4cpu-i7",0.25,"stine",2,4.99
"pc1","4cpu-i7",0.25,"stine",4,5.06
"pc1","4cpu-i7",0.25,"stine",1,5.06
"pc1","4cpu-i7",0.25,"stine",3,5.05
"pc1","4cpu-i7",0.25,"stine",2,5.06
"pc1","4cpu-i7",0.25,"stine",4,4.86
"pc1","4cpu-i7",0.25,"stine",1,5.06
"pc1","4cpu-i7",0.25,"stine",3,5.07
"pc1","4cpu-i7",0.25,"stine",2,5.15
"pc1","4cpu-i7",0.25,"stine",4,4.99
"pc1","4cpu-i7",0.25,"stine",3,4.99
"pc1","4cpu-i7",0.25,"stine",1,5.09
"pc1","4cpu-i7",0.25,"stine",2,5.09
"pc1","4cpu-i7",0.25,"stine",3,4.97
"pc1","4cpu-i7",0.25,"stine",4,5.07
"pc1","4cpu-i7",0.25,"stine",2,5.26
"pc1","4cpu-i7",0.25,"stine",1,5.28
"pc1","4cpu-i7",0.25,"stine",4,4.97
"pc1","4cpu-i7",0.25,"stine",3,5.07
"pc1","4cpu-i7",0.25,"stine",2,5.16
"pc1","4cpu-i7",0.25,"stine",1,5.28
"pc1","4cpu-i7",0.25,"stine",4,4.96
"pc1","4cpu-i7",0.25,"stine",2,4.98
"pc1","4cpu-i7",0.25,"stine",3,4.98
"pc1","4cpu-i7",0.25,"stine",1,5.09
"pc1","4cpu-i7",0.25,"stine",4,4.95
"pc1","4cpu-i7",0.25,"stine",2,5.05
"pc1","4cpu-i7",0.25,"stine",3,5.06
"pc1","4cpu-i7",0.25,"stine",1,5.16
"pc1","4cpu-i7",0.25,"stine",3,4.94
"pc1","4cpu-i7",0.25,"stine",4,4.94
"pc1","4cpu-i7",0.25,"stine",2,4.97
"pc1","4cpu-i7",0.25,"stine",1,5.08
"pc1","4cpu-i7",0.35,"stine",4,3.48
"pc1","4cpu-i7",0.35,"stine",3,3.58
"pc1","4cpu-i7",0.35,"stine",1,3.69
"pc1","4cpu-i7",0.35,"stine",2,3.7
"pc1","4cpu-i7",0.35,"stine",1,3.72
"pc1","4cpu-i7",0.35,"stine",3,3.75
"pc1","4cpu-i7",0.35,"stine",4,3.75
"pc1","4cpu-i7",0.35,"stine",2,3.75
"pc1","4cpu-i7",0.35,"stine",1,3.27
"pc1","4cpu-i7",0.35,"stine",4,3.35
"pc1","4cpu-i7",0.35,"stine",2,3.45
"pc1","4cpu-i7",0.35,"stine",3,3.46
"pc1","4cpu-i7",0.35,"stine",2,3.23
"pc1","4cpu-i7",0.35,"stine",1,3.25
"pc1","4cpu-i7",0.35,"stine",4,3.25
"pc1","4cpu-i7",0.35,"stine",3,3.33
"pc1","4cpu-i7",0.35,"stine",4,3.26
"pc1","4cpu-i7",0.35,"stine",3,3.36
"pc1","4cpu-i7",0.35,"stine",1,3.46
"pc1","4cpu-i7",0.35,"stine",2,3.46
"pc1","4cpu-i7",0.35,"stine",4,3.18
"pc1","4cpu-i7",0.35,"stine",3,3.31
"pc1","4cpu-i7",0.35,"stine",2,3.3
"pc1","4cpu-i7",0.35,"stine",1,3.3
"pc1","4cpu-i7",0.35,"stine",2,3.34
"pc1","4cpu-i7",0.35,"stine",3,3.35
"pc1","4cpu-i7",0.35,"stine",4,3.44
"pc1","4cpu-i7",0.35,"stine",1,3.47
"pc1","4cpu-i7",0.35,"stine",3,3.28
"pc1","4cpu-i7",0.35,"stine",2,3.37
"pc1","4cpu-i7",0.35,"stine",4,3.45
"pc1","4cpu-i7",0.35,"stine",1,3.45
"pc1","4cpu-i7",0.35,"stine",2,3.19
"pc1","4cpu-i7",0.35,"stine",3,3.26
"pc1","4cpu-i7",0.35,"stine",4,3.26
"pc1","4cpu-i7",0.35,"stine",1,3.37
"pc1","4cpu-i7",0.35,"stine",3,3.26
"pc1","4cpu-i7",0.35,"stine",4,3.27
"pc1","4cpu-i7",0.35,"stine",1,3.37
"pc1","4cpu-i7",0.35,"stine",2,3.36
"pc1","4cpu-i7",0.35,"stine",4,3.08
"pc1","4cpu-i7",0.35,"stine",3,3.18
"pc1","4cpu-i7",0.35,"stine",1,3.3
"pc1","4cpu-i7",0.35,"stine",2,3.38
"pc1","4cpu-i7",0.35,"stine",3,3.17
"pc1","4cpu-i7",0.35,"stine",1,3.35
"pc1","4cpu-i7",0.35,"stine",2,3.36
"pc1","4cpu-i7",0.35,"stine",4,3.36
"pc1","4cpu-i7",0.35,"stine",3,3.19
"pc1","4cpu-i7",0.35,"stine",2,3.27
"pc1","4cpu-i7",0.35,"stine",4,3.27
"pc1","4cpu-i7",0.35,"stine",1,3.37
"pc1","4cpu-i7",0.35,"stine",4,3.16
"pc1","4cpu-i7",0.35,"stine",2,3.29
"pc1","4cpu-i7",0.35,"stine",1,3.29
"pc1","4cpu-i7",0.35,"stine",3,3.29
"pc1","4cpu-i7",0.35,"stine",4,3.22
"pc1","4cpu-i7",0.35,"stine",2,3.34
"pc1","4cpu-i7",0.35,"stine",3,3.33
"pc1","4cpu-i7",0.35,"stine",1,3.36
"pc1","4cpu-i7",0.35,"stine",2,3.16
"pc1","4cpu-i7",0.35,"stine",3,3.24
"pc1","4cpu-i7",0.35,"stine",1,3.36
"pc1","4cpu-i7",0.35,"stine",4,3.34
"pc1","4cpu-i7",0.35,"stine",2,3.37
"pc1","4cpu-i7",0.35,"stine",4,3.4
"pc1","4cpu-i7",0.35,"stine",1,3.4
"pc1","4cpu-i7",0.35,"stine",3,3.48
"pc1","4cpu-i7",0.35,"stine",2,3.18
"pc1","4cpu-i7",0.35,"stine",1,3.27
"pc1","4cpu-i7",0.35,"stine",4,3.25
"pc1","4cpu-i7",0.35,"stine",3,3.36
"pc1","4cpu-i7",0.35,"stine",1,3.37
"pc1","4cpu-i7",0.35,"stine",4,3.37
"pc1","4cpu-i7",0.35,"stine",2,3.37
"pc1","4cpu-i7",0.35,"stine",3,3.47
"pc1","4cpu-i7",0.35,"stine",1,3.29
"pc1","4cpu-i7",0.35,"stine",4,3.37
"pc1","4cpu-i7",0.35,"stine",2,3.48
"pc1","4cpu-i7",0.35,"stine",3,3.48
"pc1","4cpu-i7",0.35,"stine",1,3.34
"pc1","4cpu-i7",0.35,"stine",4,3.33
"pc1","4cpu-i7",0.35,"stine",2,3.36
"pc1","4cpu-i7",0.35,"stine",3,3.42
"pc1","4cpu-i7",0.35,"stine",2,3.3
"pc1","4cpu-i7",0.35,"stine",4,3.3
"pc1","4cpu-i7",0.35,"stine",3,3.38
"pc1","4cpu-i7",0.35,"stine",1,3.39
"pc1","4cpu-i7",0.35,"stine",4,3.34
"pc1","4cpu-i7",0.35,"stine",2,3.38
"pc1","4cpu-i7",0.35,"stine",3,3.37
"pc1","4cpu-i7",0.35,"stine",1,3.47
"pc1","4cpu-i7",0.35,"stine",4,3.26
"pc1","4cpu-i7",0.35,"stine",2,3.29
"pc1","4cpu-i7",0.35,"stine",3,3.38
"pc1","4cpu-i7",0.35,"stine",1,3.39
"pc1","4cpu-i7",0.35,"stine",2,3.37
"pc1","4cpu-i7",0.35,"stine",4,3.37
"pc1","4cpu-i7",0.35,"stine",3,3.45
"pc1","4cpu-i7",0.35,"stine",1,3.47
"pc1","4cpu-i7",0.35,"stine",4,3.26
"pc1","4cpu-i7",0.35,"stine",2,3.37
"pc1","4cpu-i7",0.35,"stine",1,3.39
"pc1","4cpu-i7",0.35,"stine",3,3.47
"pc1","4cpu-i7",0.35,"stine",1,3.4
"pc1","4cpu-i7",0.35,"stine",2,3.45
"pc1","4cpu-i7",0.35,"stine",4,3.44
"pc1","4cpu-i7",0.35,"stine",3,3.47
"pc1","4cpu-i7",0.35,"stine",4,3.33
"pc1","4cpu-i7",0.35,"stine",1,3.37
"pc1","4cpu-i7",0.35,"stine",3,3.37
"pc1","4cpu-i7",0.35,"stine",2,3.37
"pc1","4cpu-i7",0.35,"stine",3,3.26
"pc1","4cpu-i7",0.35,"stine",4,3.26
"pc1","4cpu-i7",0.35,"stine",1,3.38
"pc1","4cpu-i7",0.35,"stine",2,3.45
"pc1","4cpu-i7",0.35,"stine",4,3.16
"pc1","4cpu-i7",0.35,"stine",3,3.17
"pc1","4cpu-i7",0.35,"stine",1,3.36
"pc1","4cpu-i7",0.35,"stine",2,3.36
"pc1","4cpu-i7",0.45,"stine",3,2.68
"pc1","4cpu-i7",0.45,"stine",2,2.69
"pc1","4cpu-i7",0.45,"stine",4,2.75
"pc1","4cpu-i7",0.45,"stine",1,2.77
"pc1","4cpu-i7",0.45,"stine",2,2.78
"pc1","4cpu-i7",0.45,"stine",3,2.77
"pc1","4cpu-i7",0.45,"stine",4,2.87
"pc1","4cpu-i7",0.45,"stine",1,2.96
"pc1","4cpu-i7",0.45,"stine",4,2.38
"pc1","4cpu-i7",0.45,"stine",2,2.38
"pc1","4cpu-i7",0.45,"stine",3,2.47
"pc1","4cpu-i7",0.45,"stine",1,2.5
"pc1","4cpu-i7",0.45,"stine",3,2.58
"pc1","4cpu-i7",0.45,"stine",4,2.58
"pc1","4cpu-i7",0.45,"stine",2,2.58
"pc1","4cpu-i7",0.45,"stine",1,2.6
"pc1","4cpu-i7",0.45,"stine",3,2.44
"pc1","4cpu-i7",0.45,"stine",4,2.45
"pc1","4cpu-i7",0.45,"stine",2,2.53
"pc1","4cpu-i7",0.45,"stine",1,2.56
"pc1","4cpu-i7",0.45,"stine",3,2.45
"pc1","4cpu-i7",0.45,"stine",2,2.48
"pc1","4cpu-i7",0.45,"stine",4,2.48
"pc1","4cpu-i7",0.45,"stine",1,2.48
"pc1","4cpu-i7",0.45,"stine",4,2.49
"pc1","4cpu-i7",0.45,"stine",3,2.53
"pc1","4cpu-i7",0.45,"stine",1,2.53
"pc1","4cpu-i7",0.45,"stine",2,2.53
"pc1","4cpu-i7",0.45,"stine",4,2.43
"pc1","4cpu-i7",0.45,"stine",3,2.46
"pc1","4cpu-i7",0.45,"stine",2,2.53
"pc1","4cpu-i7",0.45,"stine",1,2.55
"pc1","4cpu-i7",0.45,"stine",2,2.5
"pc1","4cpu-i7",0.45,"stine",1,2.56
"pc1","4cpu-i7",0.45,"stine",3,2.56
"pc1","4cpu-i7",0.45,"stine",4,2.55
"pc1","4cpu-i7",0.45,"stine",2,2.46
"pc1","4cpu-i7",0.45,"stine",3,2.46
"pc1","4cpu-i7",0.45,"stine",1,2.48
"pc1","4cpu-i7",0.45,"stine",4,2.54
"pc1","4cpu-i7",0.45,"stine",2,2.48
"pc1","4cpu-i7",0.45,"stine",4,2.48
"pc1","4cpu-i7",0.45,"stine",3,2.49
"pc1","4cpu-i7",0.45,"stine",1,2.52
"pc1","4cpu-i7",0.45,"stine",4,2.45
"pc1","4cpu-i7",0.45,"stine",2,2.48
"pc1","4cpu-i7",0.45,"stine",3,2.48
"pc1","4cpu-i7",0.45,"stine",1,2.56
"pc1","4cpu-i7",0.45,"stine",3,2.39
"pc1","4cpu-i7",0.45,"stine",4,2.47
"pc1","4cpu-i7",0.45,"stine",2,2.51
"pc1","4cpu-i7",0.45,"stine",1,2.59
"pc1","4cpu-i7",0.45,"stine",4,2.45
"pc1","4cpu-i7",0.45,"stine",1,2.49
"pc1","4cpu-i7",0.45,"stine",2,2.49
"pc1","4cpu-i7",0.45,"stine",3,2.49
"pc1","4cpu-i7",0.45,"stine",4,2.53
"pc1","4cpu-i7",0.45,"stine",1,2.56
"pc1","4cpu-i7",0.45,"stine",2,2.56
"pc1","4cpu-i7",0.45,"stine",3,2.56
"pc1","4cpu-i7",0.45,"stine",2,2.52
"pc1","4cpu-i7",0.45,"stine",4,2.52
"pc1","4cpu-i7",0.45,"stine",1,2.55
"pc1","4cpu-i7",0.45,"stine",3,2.54
"pc1","4cpu-i7",0.45,"stine",2,2.45
"pc1","4cpu-i7",0.45,"stine",1,2.47
"pc1","4cpu-i7",0.45,"stine",3,2.54
"pc1","4cpu-i7",0.45,"stine",4,2.54
"pc1","4cpu-i7",0.45,"stine",2,2.46
"pc1","4cpu-i7",0.45,"stine",1,2.47
"pc1","4cpu-i7",0.45,"stine",3,2.47
"pc1","4cpu-i7",0.45,"stine",4,2.53
"pc1","4cpu-i7",0.45,"stine",2,2.5
"pc1","4cpu-i7",0.45,"stine",3,2.5
"pc1","4cpu-i7",0.45,"stine",4,2.51
"pc1","4cpu-i7",0.45,"stine",1,2.51
"pc1","4cpu-i7",0.45,"stine",3,2.43
"pc1","4cpu-i7",0.45,"stine",4,2.5
"pc1","4cpu-i7",0.45,"stine",1,2.54
"pc1","4cpu-i7",0.45,"stine",2,2.53
"pc1","4cpu-i7",0.45,"stine",2,2.54
"pc1","4cpu-i7",0.45,"stine",1,2.54
"pc1","4cpu-i7",0.45,"stine",4,2.54
"pc1","4cpu-i7",0.45,"stine",3,2.56
"pc1","4cpu-i7",0.45,"stine",3,2.48
"pc1","4cpu-i7",0.45,"stine",4,2.48
"pc1","4cpu-i7",0.45,"stine",1,2.48
"pc1","4cpu-i7",0.45,"stine",2,2.58
"pc1","4cpu-i7",0.45,"stine",1,2.47
"pc1","4cpu-i7",0.45,"stine",4,2.55
"pc1","4cpu-i7",0.45,"stine",2,2.58
"pc1","4cpu-i7",0.45,"stine",3,2.57
"pc1","4cpu-i7",0.45,"stine",4,2.55
"pc1","4cpu-i7",0.45,"stine",1,2.58
"pc1","4cpu-i7",0.45,"stine",3,2.57
"pc1","4cpu-i7",0.45,"stine",2,2.66
"pc1","4cpu-i7",0.45,"stine",1,2.48
"pc1","4cpu-i7",0.45,"stine",3,2.47
"pc1","4cpu-i7",0.45,"stine",4,2.52
"pc1","4cpu-i7",0.45,"stine",2,2.55
"pc1","4cpu-i7",0.45,"stine",4,2.49
"pc1","4cpu-i7",0.45,"stine",3,2.5
"pc1","4cpu-i7",0.45,"stine",2,2.5
"pc1","4cpu-i7",0.45,"stine",1,2.58
"pc1","4cpu-i7",0.45,"stine",3,2.55
"pc1","4cpu-i7",0.45,"stine",4,2.58
"pc1","4cpu-i7",0.45,"stine",2,2.58
"pc1","4cpu-i7",0.45,"stine",1,2.58
"pc1","4cpu-i7",0.45,"stine",4,2.53
"pc1","4cpu-i7",0.45,"stine",3,2.53
"pc1","4cpu-i7",0.45,"stine",2,2.62
"pc1","4cpu-i7",0.45,"stine",1,2.64
"pc1","4cpu-i7",0.45,"stine",4,2.46
"pc1","4cpu-i7",0.45,"stine",3,2.48
"pc1","4cpu-i7",0.45,"stine",2,2.54
"pc1","4cpu-i7",0.45,"stine",1,2.58
"pc1","4cpu-i7",0.45,"stine",3,2.47
"pc1","4cpu-i7",0.45,"stine",2,2.47
"pc1","4cpu-i7",0.45,"stine",4,2.54
"pc1","4cpu-i7",0.45,"stine",1,2.56
"pc1","4cpu-i7",0.55,"stine",4,2.13
"pc1","4cpu-i7",0.55,"stine",3,2.15
"pc1","4cpu-i7",0.55,"stine",2,2.21
"pc1","4cpu-i7",0.55,"stine",1,2.23
"pc1","4cpu-i7",0.55,"stine",2,2.26
"pc1","4cpu-i7",0.55,"stine",1,2.27
"pc1","4cpu-i7",0.55,"stine",4,2.26
"pc1","4cpu-i7",0.55,"stine",3,2.28
"pc1","4cpu-i7",0.55,"stine",3,1.98
"pc1","4cpu-i7",0.55,"stine",2,1.98
"pc1","4cpu-i7",0.55,"stine",1,2
"pc1","4cpu-i7",0.55,"stine",4,2.02
"pc1","4cpu-i7",0.55,"stine",1,1.98
"pc1","4cpu-i7",0.55,"stine",4,1.98
"pc1","4cpu-i7",0.55,"stine",2,1.98
"pc1","4cpu-i7",0.55,"stine",3,1.98
"pc1","4cpu-i7",0.55,"stine",4,1.91
"pc1","4cpu-i7",0.55,"stine",3,1.98
"pc1","4cpu-i7",0.55,"stine",1,2.02
"pc1","4cpu-i7",0.55,"stine",2,2.02
"pc1","4cpu-i7",0.55,"stine",2,1.97
"pc1","4cpu-i7",0.55,"stine",3,1.97
"pc1","4cpu-i7",0.55,"stine",1,1.97
"pc1","4cpu-i7",0.55,"stine",4,1.97
"pc1","4cpu-i7",0.55,"stine",3,1.94
"pc1","4cpu-i7",0.55,"stine",1,2.02
"pc1","4cpu-i7",0.55,"stine",4,2.01
"pc1","4cpu-i7",0.55,"stine",2,2.01
"pc1","4cpu-i7",0.55,"stine",3,1.9
"pc1","4cpu-i7",0.55,"stine",1,1.97
"pc1","4cpu-i7",0.55,"stine",2,1.99
"pc1","4cpu-i7",0.55,"stine",4,1.99
"pc1","4cpu-i7",0.55,"stine",4,1.97
"pc1","4cpu-i7",0.55,"stine",2,1.99
"pc1","4cpu-i7",0.55,"stine",3,1.99
"pc1","4cpu-i7",0.55,"stine",1,2.05
"pc1","4cpu-i7",0.55,"stine",3,1.92
"pc1","4cpu-i7",0.55,"stine",2,2.01
"pc1","4cpu-i7",0.55,"stine",2,1.94
"pc1","4cpu-i7",0.55,"stine",4,1.95
"pc1","4cpu-i7",0.55,"stine",1,1.99
"pc1","4cpu-i7",0.55,"stine",3,2.02
"pc1","4cpu-i7",0.55,"stine",1,1.92
"pc1","4cpu-i7",0.55,"stine",2,1.98
"pc1","4cpu-i7",0.55,"stine",4,1.97
"pc1","4cpu-i7",0.55,"stine",3,2
"pc1","4cpu-i7",0.55,"stine",2,1.97
"pc1","4cpu-i7",0.55,"stine",1,1.97
"pc1","4cpu-i7",0.55,"stine",3,3.07
"pc1","4cpu-i7",0.55,"stine",4,3.09
"pc1","4cpu-i7",0.55,"stine",3,1.91
"pc1","4cpu-i7",0.55,"stine",2,1.94
"pc1","4cpu-i7",0.55,"stine",4,1.93
"pc1","4cpu-i7",0.55,"stine",1,2.02
"pc1","4cpu-i7",0.55,"stine",2,1.91
"pc1","4cpu-i7",0.55,"stine",4,1.91
"pc1","4cpu-i7",0.55,"stine",3,1.97
"pc1","4cpu-i7",0.55,"stine",1,2
"pc1","4cpu-i7",0.55,"stine",4,1.92
"pc1","4cpu-i7",0.55,"stine",2,2
"pc1","4cpu-i7",0.55,"stine",1,2.05
"pc1","4cpu-i7",0.55,"stine",3,2.02
"pc1","4cpu-i7",0.55,"stine",2,1.97
"pc1","4cpu-i7",0.55,"stine",1,1.99
"pc1","4cpu-i7",0.55,"stine",3,2.06
"pc1","4cpu-i7",0.55,"stine",4,2.06
"pc1","4cpu-i7",0.55,"stine",2,1.98
"pc1","4cpu-i7",0.55,"stine",1,1.99
"pc1","4cpu-i7",0.55,"stine",4,2.02
"pc1","4cpu-i7",0.55,"stine",3,2.05
"pc1","4cpu-i7",0.55,"stine",2,2.01
"pc1","4cpu-i7",0.55,"stine",1,2.02
"pc1","4cpu-i7",0.55,"stine",3,2.07
"pc1","4cpu-i7",0.55,"stine",4,2.07
"pc1","4cpu-i7",0.55,"stine",1,1.96
"pc1","4cpu-i7",0.55,"stine",3,1.98
"pc1","4cpu-i7",0.55,"stine",2,1.98
"pc1","4cpu-i7",0.55,"stine",4,2.04
"pc1","4cpu-i7",0.55,"stine",1,1.92
"pc1","4cpu-i7",0.55,"stine",2,1.98
"pc1","4cpu-i7",0.55,"stine",4,1.97
"pc1","4cpu-i7",0.55,"stine",3,1.98
"pc1","4cpu-i7",0.55,"stine",1,1.99
"pc1","4cpu-i7",0.55,"stine",3,2
"pc1","4cpu-i7",0.55,"stine",4,2.03
"pc1","4cpu-i7",0.55,"stine",2,2.06
"pc1","4cpu-i7",0.55,"stine",3,1.99
"pc1","4cpu-i7",0.55,"stine",1,2.06
"pc1","4cpu-i7",0.55,"stine",4,2.06
"pc1","4cpu-i7",0.55,"stine",2,2.08
"pc1","4cpu-i7",0.55,"stine",3,2.04
"pc1","4cpu-i7",0.55,"stine",1,2.07
"pc1","4cpu-i7",0.55,"stine",4,2.08
"pc1","4cpu-i7",0.55,"stine",3,1.99
"pc1","4cpu-i7",0.55,"stine",4,2.03
"pc1","4cpu-i7",0.55,"stine",1,2.08
"pc1","4cpu-i7",0.55,"stine",2,2.08
"pc1","4cpu-i7",0.55,"stine",4,1.98
"pc1","4cpu-i7",0.55,"stine",1,1.98
"pc1","4cpu-i7",0.55,"stine",3,2.06
"pc1","4cpu-i7",0.55,"stine",2,2.07
"pc1","4cpu-i7",0.55,"stine",3,2
"pc1","4cpu-i7",0.55,"stine",4,2.05
"pc1","4cpu-i7",0.55,"stine",1,2.08
"pc1","4cpu-i7",0.55,"stine",2,2.08
"pc1","4cpu-i7",0.55,"stine",2,1.99
"pc1","4cpu-i7",0.55,"stine",1,2.07
"pc1","4cpu-i7",0.55,"stine",4,2.06
"pc1","4cpu-i7",0.55,"stine",3,2.06
"pc1","4cpu-i7",0.55,"stine",2,2
"pc1","4cpu-i7",0.55,"stine",3,2.05
"pc1","4cpu-i7",0.55,"stine",1,2.09
"pc1","4cpu-i7",0.55,"stine",4,2.05
"pc1","4cpu-i7",0.55,"stine",2,1.96
"pc1","4cpu-i7",0.55,"stine",3,1.96
"pc1","4cpu-i7",0.55,"stine",4,2.08
"pc1","4cpu-i7",0.55,"stine",1,2.08
"pc1","4cpu-i7",0.65,"stine",2,1.83
"pc1","4cpu-i7",0.65,"stine",1,1.85
"pc1","4cpu-i7",0.65,"stine",3,1.86
"pc1","4cpu-i7",0.65,"stine",4,1.86
"pc1","4cpu-i7",0.65,"stine",1,1.84
"pc1","4cpu-i7",0.65,"stine",2,1.83
"pc1","4cpu-i7",0.65,"stine",3,1.82
"pc1","4cpu-i7",0.65,"stine",4,1.84
"pc1","4cpu-i7",0.65,"stine",2,1.61
"pc1","4cpu-i7",0.65,"stine",4,1.6
"pc1","4cpu-i7",0.65,"stine",3,1.65
"pc1","4cpu-i7",0.65,"stine",1,1.65
"pc1","4cpu-i7",0.65,"stine",2,1.65
"pc1","4cpu-i7",0.65,"stine",1,1.67
"pc1","4cpu-i7",0.65,"stine",3,1.7
"pc1","4cpu-i7",0.65,"stine",4,1.7
"pc1","4cpu-i7",0.65,"stine",1,1.63
"pc1","4cpu-i7",0.65,"stine",2,1.63
"pc1","4cpu-i7",0.65,"stine",3,1.63
"pc1","4cpu-i7",0.65,"stine",4,1.67
"pc1","4cpu-i7",0.65,"stine",3,1.61
"pc1","4cpu-i7",0.65,"stine",2,1.62
"pc1","4cpu-i7",0.65,"stine",1,1.63
"pc1","4cpu-i7",0.65,"stine",4,1.67
"pc1","4cpu-i7",0.65,"stine",1,1.68
"pc1","4cpu-i7",0.65,"stine",2,1.69
"pc1","4cpu-i7",0.65,"stine",3,1.69
"pc1","4cpu-i7",0.65,"stine",4,1.69
"pc1","4cpu-i7",0.65,"stine",1,1.66
"pc1","4cpu-i7",0.65,"stine",4,1.64
"pc1","4cpu-i7",0.65,"stine",2,1.67
"pc1","4cpu-i7",0.65,"stine",3,1.71
"pc1","4cpu-i7",0.65,"stine",4,1.61
"pc1","4cpu-i7",0.65,"stine",2,1.66
"pc1","4cpu-i7",0.65,"stine",1,1.68
"pc1","4cpu-i7",0.65,"stine",3,1.68
"pc1","4cpu-i7",0.65,"stine",1,1.67
"pc1","4cpu-i7",0.65,"stine",2,1.67
"pc1","4cpu-i7",0.65,"stine",4,1.68
"pc1","4cpu-i7",0.65,"stine",3,1.68
"pc1","4cpu-i7",0.65,"stine",1,1.65
"pc1","4cpu-i7",0.65,"stine",2,1.64
"pc1","4cpu-i7",0.65,"stine",4,1.65
"pc1","4cpu-i7",0.65,"stine",3,1.68
"pc1","4cpu-i7",0.65,"stine",1,1.66
"pc1","4cpu-i7",0.65,"stine",2,1.67
"pc1","4cpu-i7",0.65,"stine",4,1.65
"pc1","4cpu-i7",0.65,"stine",3,1.67
"pc1","4cpu-i7",0.65,"stine",4,2.85
"pc1","4cpu-i7",0.65,"stine",2,1.68
"pc1","4cpu-i7",0.65,"stine",1,2.84
"pc1","4cpu-i7",0.65,"stine",3,2.84
"pc1","4cpu-i7",0.65,"stine",1,1.62
"pc1","4cpu-i7",0.65,"stine",3,1.63
"pc1","4cpu-i7",0.65,"stine",2,1.66
"pc1","4cpu-i7",0.65,"stine",4,1.66
"pc1","4cpu-i7",0.65,"stine",1,1.68
"pc1","4cpu-i7",0.65,"stine",3,1.67
"pc1","4cpu-i7",0.65,"stine",2,1.67
"pc1","4cpu-i7",0.65,"stine",4,1.67
"pc1","4cpu-i7",0.65,"stine",3,1.63
"pc1","4cpu-i7",0.65,"stine",4,1.63
"pc1","4cpu-i7",0.65,"stine",1,1.67
"pc1","4cpu-i7",0.65,"stine",2,1.7
"pc1","4cpu-i7",0.65,"stine",2,1.67
"pc1","4cpu-i7",0.65,"stine",1,1.67
"pc1","4cpu-i7",0.65,"stine",3,1.68
"pc1","4cpu-i7",0.65,"stine",4,1.69
"pc1","4cpu-i7",0.65,"stine",3,1.61
"pc1","4cpu-i7",0.65,"stine",1,1.67
"pc1","4cpu-i7",0.65,"stine",2,1.7
"pc1","4cpu-i7",0.65,"stine",4,1.68
"pc1","4cpu-i7",0.65,"stine",1,1.63
"pc1","4cpu-i7",0.65,"stine",2,1.68
"pc1","4cpu-i7",0.65,"stine",4,1.69
"pc1","4cpu-i7",0.65,"stine",3,1.69
"pc1","4cpu-i7",0.65,"stine",3,1.67
"pc1","4cpu-i7",0.65,"stine",4,1.7
"pc1","4cpu-i7",0.65,"stine",2,1.71
"pc1","4cpu-i7",0.65,"stine",1,1.72
"pc1","4cpu-i7",0.65,"stine",1,1.62
"pc1","4cpu-i7",0.65,"stine",2,1.67
"pc1","4cpu-i7",0.65,"stine",3,1.67
"pc1","4cpu-i7",0.65,"stine",4,1.68
"pc1","4cpu-i7",0.65,"stine",1,1.68
"pc1","4cpu-i7",0.65,"stine",2,1.68
"pc1","4cpu-i7",0.65,"stine",3,1.69
"pc1","4cpu-i7",0.65,"stine",4,1.69
"pc1","4cpu-i7",0.65,"stine",3,1.64
"pc1","4cpu-i7",0.65,"stine",4,1.64
"pc1","4cpu-i7",0.65,"stine",2,1.68
"pc1","4cpu-i7",0.65,"stine",1,1.68
"pc1","4cpu-i7",0.65,"stine",4,1.7
"pc1","4cpu-i7",0.65,"stine",2,1.73
"pc1","4cpu-i7",0.65,"stine",3,1.73
"pc1","4cpu-i7",0.65,"stine",1,1.73
"pc1","4cpu-i7",0.65,"stine",4,1.68
"pc1","4cpu-i7",0.65,"stine",3,1.68
"pc1","4cpu-i7",0.65,"stine",2,1.7
"pc1","4cpu-i7",0.65,"stine",1,1.74
"pc1","4cpu-i7",0.65,"stine",1,1.69
"pc1","4cpu-i7",0.65,"stine",2,1.68
"pc1","4cpu-i7",0.65,"stine",4,1.67
"pc1","4cpu-i7",0.65,"stine",1,1.69
"pc1","4cpu-i7",0.65,"stine",2,1.68
"pc1","4cpu-i7",0.65,"stine",4,1.68
"pc1","4cpu-i7",0.65,"stine",3,1.69
"pc1","4cpu-i7",0.65,"stine",4,1.63
"pc1","4cpu-i7",0.65,"stine",3,1.63
"pc1","4cpu-i7",0.65,"stine",1,1.7
"pc1","4cpu-i7",0.65,"stine",2,1.69
"pc1","4cpu-i7",0.65,"stine",3,1.72
"pc1","4cpu-i7",0.65,"stine",1,1.73
"pc1","4cpu-i7",0.65,"stine",2,1.73
"pc1","4cpu-i7",0.65,"stine",4,1.7
"pc1","4cpu-i7",0.65,"stine",4,1.72
"pc1","4cpu-i7",0.65,"stine",3,1.72
"pc1","4cpu-i7",0.65,"stine",2,1.72
"pc1","4cpu-i7",0.65,"stine",1,1.72
"pc1","4cpu-i7",0.75,"stine",3,1.56
"pc1","4cpu-i7",0.75,"stine",2,1.58
"pc1","4cpu-i7",0.75,"stine",1,1.65
"pc1","4cpu-i7",0.75,"stine",4,1.65
"pc1","4cpu-i7",0.75,"stine",2,1.6
"pc1","4cpu-i7",0.75,"stine",1,1.62
"pc1","4cpu-i7",0.75,"stine",3,1.62
"pc1","4cpu-i7",0.75,"stine",4,1.62
"pc1","4cpu-i7",0.75,"stine",1,1.43
"pc1","4cpu-i7",0.75,"stine",4,1.45
"pc1","4cpu-i7",0.75,"stine",2,1.43
"pc1","4cpu-i7",0.75,"stine",3,1.43
"pc1","4cpu-i7",0.75,"stine",3,1.4
"pc1","4cpu-i7",0.75,"stine",4,1.4
"pc1","4cpu-i7",0.75,"stine",2,1.45
"pc1","4cpu-i7",0.75,"stine",1,1.46
"pc1","4cpu-i7",0.75,"stine",2,1.4
"pc1","4cpu-i7",0.75,"stine",3,1.42
"pc1","4cpu-i7",0.75,"stine",1,1.46
"pc1","4cpu-i7",0.75,"stine",4,1.45
"pc1","4cpu-i7",0.75,"stine",1,1.4
"pc1","4cpu-i7",0.75,"stine",2,1.42
"pc1","4cpu-i7",0.75,"stine",3,1.43
"pc1","4cpu-i7",0.75,"stine",4,1.43
"pc1","4cpu-i7",0.75,"stine",1,1.4
"pc1","4cpu-i7",0.75,"stine",2,1.4
"pc1","4cpu-i7",0.75,"stine",3,1.41
"pc1","4cpu-i7",0.75,"stine",4,1.42
"pc1","4cpu-i7",0.75,"stine",1,1.43
"pc1","4cpu-i7",0.75,"stine",2,1.43
"pc1","4cpu-i7",0.75,"stine",4,1.44
"pc1","4cpu-i7",0.75,"stine",3,1.44
"pc1","4cpu-i7",0.75,"stine",1,1.44
"pc1","4cpu-i7",0.75,"stine",4,1.46
"pc1","4cpu-i7",0.75,"stine",2,1.46
"pc1","4cpu-i7",0.75,"stine",3,1.48
"pc1","4cpu-i7",0.75,"stine",2,1.42
"pc1","4cpu-i7",0.75,"stine",4,1.43
"pc1","4cpu-i7",0.75,"stine",3,1.45
"pc1","4cpu-i7",0.75,"stine",1,1.53
"pc1","4cpu-i7",0.75,"stine",1,1.46
"pc1","4cpu-i7",0.75,"stine",2,1.47
"pc1","4cpu-i7",0.75,"stine",3,1.47
"pc1","4cpu-i7",0.75,"stine",4,1.5
"pc1","4cpu-i7",0.75,"stine",2,1.37
"pc1","4cpu-i7",0.75,"stine",1,1.42
"pc1","4cpu-i7",0.75,"stine",4,1.42
"pc1","4cpu-i7",0.75,"stine",3,1.46
"pc1","4cpu-i7",0.75,"stine",3,1.43
"pc1","4cpu-i7",0.75,"stine",1,1.48
"pc1","4cpu-i7",0.75,"stine",2,1.49
"pc1","4cpu-i7",0.75,"stine",4,1.49
"pc1","4cpu-i7",0.75,"stine",2,1.54
"pc1","4cpu-i7",0.75,"stine",4,1.55
"pc1","4cpu-i7",0.75,"stine",1,1.63
"pc1","4cpu-i7",0.75,"stine",3,1.63
"pc1","4cpu-i7",0.75,"stine",4,1.47
"pc1","4cpu-i7",0.75,"stine",2,1.47
"pc1","4cpu-i7",0.75,"stine",3,1.47
"pc1","4cpu-i7",0.75,"stine",1,1.49
"pc1","4cpu-i7",0.75,"stine",4,1.56
"pc1","4cpu-i7",0.75,"stine",3,1.56
"pc1","4cpu-i7",0.75,"stine",2,1.56
"pc1","4cpu-i7",0.75,"stine",1,1.41
"pc1","4cpu-i7",0.75,"stine",2,1.43
"pc1","4cpu-i7",0.75,"stine",4,1.47
"pc1","4cpu-i7",0.75,"stine",3,1.48
"pc1","4cpu-i7",0.75,"stine",2,1.37
"pc1","4cpu-i7",0.75,"stine",1,1.4
"pc1","4cpu-i7",0.75,"stine",4,1.39
"pc1","4cpu-i7",0.75,"stine",3,1.42
"pc1","4cpu-i7",0.75,"stine",3,1.33
"pc1","4cpu-i7",0.75,"stine",1,1.4
"pc1","4cpu-i7",0.75,"stine",2,1.44
"pc1","4cpu-i7",0.75,"stine",4,1.51
"pc1","4cpu-i7",0.75,"stine",1,1.48
"pc1","4cpu-i7",0.75,"stine",2,1.48
"pc1","4cpu-i7",0.75,"stine",4,1.47
"pc1","4cpu-i7",0.75,"stine",3,1.55
"pc1","4cpu-i7",0.75,"stine",1,1.48
"pc1","4cpu-i7",0.75,"stine",3,1.48
"pc1","4cpu-i7",0.75,"stine",4,1.5
"pc1","4cpu-i7",0.75,"stine",2,1.58
"pc1","4cpu-i7",0.75,"stine",4,1.47
"pc1","4cpu-i7",0.75,"stine",3,1.52
"pc1","4cpu-i7",0.75,"stine",1,1.58
"pc1","4cpu-i7",0.75,"stine",2,1.59
"pc1","4cpu-i7",0.75,"stine",1,1.49
"pc1","4cpu-i7",0.75,"stine",2,1.54
"pc1","4cpu-i7",0.75,"stine",4,1.55
"pc1","4cpu-i7",0.75,"stine",3,1.64
"pc1","4cpu-i7",0.75,"stine",4,1.4
"pc1","4cpu-i7",0.75,"stine",3,1.45
"pc1","4cpu-i7",0.75,"stine",1,1.49
"pc1","4cpu-i7",0.75,"stine",2,1.53
"pc1","4cpu-i7",0.75,"stine",1,1.69
"pc1","4cpu-i7",0.75,"stine",3,1.56
"pc1","4cpu-i7",0.75,"stine",4,1.56
"pc1","4cpu-i7",0.75,"stine",2,1.63
"pc1","4cpu-i7",0.75,"stine",1,1.43
"pc1","4cpu-i7",0.75,"stine",3,1.49
"pc1","4cpu-i7",0.75,"stine",4,1.49
"pc1","4cpu-i7",0.75,"stine",2,1.56
"pc1","4cpu-i7",0.75,"stine",2,1.43
"pc1","4cpu-i7",0.75,"stine",3,1.43
"pc1","4cpu-i7",0.75,"stine",1,1.48
"pc1","4cpu-i7",0.75,"stine",4,1.48
"pc1","4cpu-i7",0.75,"stine",2,1.41
"pc1","4cpu-i7",0.75,"stine",3,1.41
"pc1","4cpu-i7",0.75,"stine",4,1.46
"pc1","4cpu-i7",0.75,"stine",1,1.46
"pc1","4cpu-i7",0.75,"stine",4,1.4
"pc1","4cpu-i7",0.75,"stine",3,1.4
"pc1","4cpu-i7",0.75,"stine",2,1.41
"pc1","4cpu-i7",0.75,"stine",1,1.46
"pc1","4cpu-i7",0.75,"stine",2,1.41
"pc1","4cpu-i7",0.75,"stine",4,1.41
"pc1","4cpu-i7",0.75,"stine",3,1.49
"pc1","4cpu-i7",0.75,"stine",1,1.49
"pc1","4cpu-i7",0.85,"stine",3,1.42
"pc1","4cpu-i7",0.85,"stine",4,1.43
"pc1","4cpu-i7",0.85,"stine",2,1.46
"pc1","4cpu-i7",0.85,"stine",1,1.46
"pc1","4cpu-i7",0.85,"stine",4,1.41
"pc1","4cpu-i7",0.85,"stine",2,1.44
"pc1","4cpu-i7",0.85,"stine",3,1.47
"pc1","4cpu-i7",0.85,"stine",1,1.49
"pc1","4cpu-i7",0.85,"stine",2,1.25
"pc1","4cpu-i7",0.85,"stine",3,1.25
"pc1","4cpu-i7",0.85,"stine",1,1.33
"pc1","4cpu-i7",0.85,"stine",4,1.33
"pc1","4cpu-i7",0.85,"stine",2,1.27
"pc1","4cpu-i7",0.85,"stine",4,1.26
"pc1","4cpu-i7",0.85,"stine",1,1.3
"pc1","4cpu-i7",0.85,"stine",3,1.3
"pc1","4cpu-i7",0.85,"stine",4,1.27
"pc1","4cpu-i7",0.85,"stine",1,1.27
"pc1","4cpu-i7",0.85,"stine",2,1.29
"pc1","4cpu-i7",0.85,"stine",3,1.28
"pc1","4cpu-i7",0.85,"stine",4,1.26
"pc1","4cpu-i7",0.85,"stine",2,1.26
"pc1","4cpu-i7",0.85,"stine",3,1.28
"pc1","4cpu-i7",0.85,"stine",1,1.31
"pc1","4cpu-i7",0.85,"stine",4,1.25
"pc1","4cpu-i7",0.85,"stine",3,1.25
"pc1","4cpu-i7",0.85,"stine",2,1.3
"pc1","4cpu-i7",0.85,"stine",1,1.33
"pc1","4cpu-i7",0.85,"stine",3,1.26
"pc1","4cpu-i7",0.85,"stine",4,1.26
"pc1","4cpu-i7",0.85,"stine",2,1.3
"pc1","4cpu-i7",0.85,"stine",1,1.32
"pc1","4cpu-i7",0.85,"stine",2,1.27
"pc1","4cpu-i7",0.85,"stine",3,1.3
"pc1","4cpu-i7",0.85,"stine",1,1.3
"pc1","4cpu-i7",0.85,"stine",4,1.3
"pc1","4cpu-i7",0.85,"stine",3,1.24
"pc1","4cpu-i7",0.85,"stine",4,1.24
"pc1","4cpu-i7",0.85,"stine",1,1.31
"pc1","4cpu-i7",0.85,"stine",2,1.3
"pc1","4cpu-i7",0.85,"stine",2,1.29
"pc1","4cpu-i7",0.85,"stine",3,1.29
"pc1","4cpu-i7",0.85,"stine",1,1.29
"pc1","4cpu-i7",0.85,"stine",4,1.29
"pc1","4cpu-i7",0.85,"stine",2,1.28
"pc1","4cpu-i7",0.85,"stine",4,1.28
"pc1","4cpu-i7",0.85,"stine",1,2.08
"pc1","4cpu-i7",0.85,"stine",3,1.31
"pc1","4cpu-i7",0.85,"stine",1,1.26
"pc1","4cpu-i7",0.85,"stine",2,1.25
"pc1","4cpu-i7",0.85,"stine",4,1.25
"pc1","4cpu-i7",0.85,"stine",3,1.26
"pc1","4cpu-i7",0.85,"stine",1,1.3
"pc1","4cpu-i7",0.85,"stine",2,1.29
"pc1","4cpu-i7",0.85,"stine",4,1.3
"pc1","4cpu-i7",0.85,"stine",3,1.3
"pc1","4cpu-i7",0.85,"stine",1,1.29
"pc1","4cpu-i7",0.85,"stine",2,1.3
"pc1","4cpu-i7",0.85,"stine",3,1.3
"pc1","4cpu-i7",0.85,"stine",4,1.3
"pc1","4cpu-i7",0.85,"stine",3,1.3
"pc1","4cpu-i7",0.85,"stine",2,1.3
"pc1","4cpu-i7",0.85,"stine",4,1.3
"pc1","4cpu-i7",0.85,"stine",1,1.27
"pc1","4cpu-i7",0.85,"stine",2,1.28
"pc1","4cpu-i7",0.85,"stine",4,1.28
"pc1","4cpu-i7",0.85,"stine",3,1.28
"pc1","4cpu-i7",0.85,"stine",1,1.24
"pc1","4cpu-i7",0.85,"stine",2,1.24
"pc1","4cpu-i7",0.85,"stine",4,1.28
"pc1","4cpu-i7",0.85,"stine",3,1.29
"pc1","4cpu-i7",0.85,"stine",1,1.26
"pc1","4cpu-i7",0.85,"stine",3,1.27
"pc1","4cpu-i7",0.85,"stine",2,1.3
"pc1","4cpu-i7",0.85,"stine",4,1.3
"pc1","4cpu-i7",0.85,"stine",3,1.28
"pc1","4cpu-i7",0.85,"stine",2,1.29
"pc1","4cpu-i7",0.85,"stine",1,1.3
"pc1","4cpu-i7",0.85,"stine",4,1.3
"pc1","4cpu-i7",0.85,"stine",2,1.27
"pc1","4cpu-i7",0.85,"stine",3,1.29
"pc1","4cpu-i7",0.85,"stine",1,1.31
"pc1","4cpu-i7",0.85,"stine",4,1.31
"pc1","4cpu-i7",0.85,"stine",2,1.28
"pc1","4cpu-i7",0.85,"stine",4,1.28
"pc1","4cpu-i7",0.85,"stine",1,1.31
"pc1","4cpu-i7",0.85,"stine",3,1.31
"pc1","4cpu-i7",0.85,"stine",1,1.27
"pc1","4cpu-i7",0.85,"stine",2,1.27
"pc1","4cpu-i7",0.85,"stine",4,1.27
"pc1","4cpu-i7",0.85,"stine",3,1.31
"pc1","4cpu-i7",0.85,"stine",3,1.28
"pc1","4cpu-i7",0.85,"stine",4,1.28
"pc1","4cpu-i7",0.85,"stine",1,1.32
"pc1","4cpu-i7",0.85,"stine",2,1.32
"pc1","4cpu-i7",0.85,"stine",1,1.29
"pc1","4cpu-i7",0.85,"stine",4,1.29
"pc1","4cpu-i7",0.85,"stine",3,1.31
"pc1","4cpu-i7",0.85,"stine",2,1.34
"pc1","4cpu-i7",0.85,"stine",2,1.29
"pc1","4cpu-i7",0.85,"stine",4,1.29
"pc1","4cpu-i7",0.85,"stine",1,1.34
"pc1","4cpu-i7",0.85,"stine",3,1.34
"pc1","4cpu-i7",0.85,"stine",4,1.27
"pc1","4cpu-i7",0.85,"stine",3,1.27
"pc1","4cpu-i7",0.85,"stine",2,1.32
"pc1","4cpu-i7",0.85,"stine",1,1.32
"pc1","4cpu-i7",0.85,"stine",2,1.3
"pc1","4cpu-i7",0.85,"stine",4,1.29
"pc1","4cpu-i7",0.85,"stine",1,1.35
"pc1","4cpu-i7",0.85,"stine",3,1.32
"pc1","4cpu-i7",0.85,"stine",2,1.27
"pc1","4cpu-i7",0.85,"stine",1,1.29
"pc1","4cpu-i7",0.85,"stine",3,1.31
"pc1","4cpu-i7",0.85,"stine",4,1.31
"pc1","4cpu-i7",0.85,"stine",2,1.25
"pc1","4cpu-i7",0.85,"stine",3,1.27
"pc1","4cpu-i7",0.85,"stine",1,1.3
"pc1","4cpu-i7",0.85,"stine",4,1.3
"pc1","4cpu-i7",0.95,"stine",3,1.24
"pc1","4cpu-i7",0.95,"stine",2,1.26
"pc1","4cpu-i7",0.95,"stine",1,1.27
"pc1","4cpu-i7",0.95,"stine",4,1.27
"pc1","4cpu-i7",0.95,"stine",3,1.25
"pc1","4cpu-i7",0.95,"stine",4,1.26
"pc1","4cpu-i7",0.95,"stine",2,1.31
"pc1","4cpu-i7",0.95,"stine",1,1.31
"pc1","4cpu-i7",0.95,"stine",2,1.07
"pc1","4cpu-i7",0.95,"stine",3,1.07
"pc1","4cpu-i7",0.95,"stine",1,1.16
"pc1","4cpu-i7",0.95,"stine",4,1.13
"pc1","4cpu-i7",0.95,"stine",1,1.1
"pc1","4cpu-i7",0.95,"stine",2,1.12
"pc1","4cpu-i7",0.95,"stine",3,1.1
"pc1","4cpu-i7",0.95,"stine",4,1.12
"pc1","4cpu-i7",0.95,"stine",1,1.1
"pc1","4cpu-i7",0.95,"stine",4,1.07
"pc1","4cpu-i7",0.95,"stine",3,1.14
"pc1","4cpu-i7",0.95,"stine",2,1.14
"pc1","4cpu-i7",0.95,"stine",1,1.11
"pc1","4cpu-i7",0.95,"stine",3,1.1
"pc1","4cpu-i7",0.95,"stine",2,1.14
"pc1","4cpu-i7",0.95,"stine",4,1.13
"pc1","4cpu-i7",0.95,"stine",2,1.1
"pc1","4cpu-i7",0.95,"stine",3,1.1
"pc1","4cpu-i7",0.95,"stine",4,1.13
"pc1","4cpu-i7",0.95,"stine",1,1.13
"pc1","4cpu-i7",0.95,"stine",2,1.09
"pc1","4cpu-i7",0.95,"stine",4,1.09
"pc1","4cpu-i7",0.95,"stine",1,1.14
"pc1","4cpu-i7",0.95,"stine",3,1.14
"pc1","4cpu-i7",0.95,"stine",2,1.1
"pc1","4cpu-i7",0.95,"stine",3,1.1
"pc1","4cpu-i7",0.95,"stine",4,1.15
"pc1","4cpu-i7",0.95,"stine",1,1.15
"pc1","4cpu-i7",0.95,"stine",4,1.1
"pc1","4cpu-i7",0.95,"stine",3,1.1
"pc1","4cpu-i7",0.95,"stine",2,1.14
"pc1","4cpu-i7",0.95,"stine",1,1.14
"pc1","4cpu-i7",0.95,"stine",2,1.09
"pc1","4cpu-i7",0.95,"stine",3,1.09
"pc1","4cpu-i7",0.95,"stine",1,1.14
"pc1","4cpu-i7",0.95,"stine",4,1.13
"pc1","4cpu-i7",0.95,"stine",3,1.09
"pc1","4cpu-i7",0.95,"stine",2,1.09
"pc1","4cpu-i7",0.95,"stine",4,1.11
"pc1","4cpu-i7",0.95,"stine",1,1.14
"pc1","4cpu-i7",0.95,"stine",1,1.09
"pc1","4cpu-i7",0.95,"stine",2,1.08
"pc1","4cpu-i7",0.95,"stine",3,1.12
"pc1","4cpu-i7",0.95,"stine",4,1.12
"pc1","4cpu-i7",0.95,"stine",2,1.1
"pc1","4cpu-i7",0.95,"stine",3,1.1
"pc1","4cpu-i7",0.95,"stine",1,1.15
"pc1","4cpu-i7",0.95,"stine",4,1.13
"pc1","4cpu-i7",0.95,"stine",1,1.1
"pc1","4cpu-i7",0.95,"stine",2,1.1
"pc1","4cpu-i7",0.95,"stine",4,1.14
"pc1","4cpu-i7",0.95,"stine",3,1.15
"pc1","4cpu-i7",0.95,"stine",2,1.1
"pc1","4cpu-i7",0.95,"stine",1,1.1
"pc1","4cpu-i7",0.95,"stine",4,1.13
"pc1","4cpu-i7",0.95,"stine",3,1.14
"pc1","4cpu-i7",0.95,"stine",2,1.09
"pc1","4cpu-i7",0.95,"stine",1,1.1
"pc1","4cpu-i7",0.95,"stine",3,1.15
"pc1","4cpu-i7",0.95,"stine",4,1.14
"pc1","4cpu-i7",0.95,"stine",2,1.09
"pc1","4cpu-i7",0.95,"stine",1,1.1
"pc1","4cpu-i7",0.95,"stine",3,1.16
"pc1","4cpu-i7",0.95,"stine",4,1.16
"pc1","4cpu-i7",0.95,"stine",3,1.11
"pc1","4cpu-i7",0.95,"stine",1,1.14
"pc1","4cpu-i7",0.95,"stine",4,1.14
"pc1","4cpu-i7",0.95,"stine",2,1.36
"pc1","4cpu-i7",0.95,"stine",4,1.13
"pc1","4cpu-i7",0.95,"stine",3,1.13
"pc1","4cpu-i7",0.95,"stine",1,1.16
"pc1","4cpu-i7",0.95,"stine",2,1.17
"pc1","4cpu-i7",0.95,"stine",3,1.12
"pc1","4cpu-i7",0.95,"stine",4,1.12
"pc1","4cpu-i7",0.95,"stine",1,1.16
"pc1","4cpu-i7",0.95,"stine",2,1.16
"pc1","4cpu-i7",0.95,"stine",4,1.12
"pc1","4cpu-i7",0.95,"stine",3,1.12
"pc1","4cpu-i7",0.95,"stine",1,1.14
"pc1","4cpu-i7",0.95,"stine",2,1.15
"pc1","4cpu-i7",0.95,"stine",2,1.1
"pc1","4cpu-i7",0.95,"stine",4,1.11
"pc1","4cpu-i7",0.95,"stine",1,1.15
"pc1","4cpu-i7",0.95,"stine",3,1.14
"pc1","4cpu-i7",0.95,"stine",2,1.1
"pc1","4cpu-i7",0.95,"stine",4,1.09
"pc1","4cpu-i7",0.95,"stine",3,1.15
"pc1","4cpu-i7",0.95,"stine",1,1.17
"pc1","4cpu-i7",0.95,"stine",1,1.12
"pc1","4cpu-i7",0.95,"stine",2,1.12
"pc1","4cpu-i7",0.95,"stine",3,1.14
"pc1","4cpu-i7",0.95,"stine",4,1.14
"pc1","4cpu-i7",0.95,"stine",1,1.12
"pc1","4cpu-i7",0.95,"stine",2,1.12
"pc1","4cpu-i7",0.95,"stine",3,1.13
"pc1","4cpu-i7",0.95,"stine",4,1.13
"pc1","4cpu-i7",0.95,"stine",2,1.11
"pc1","4cpu-i7",0.95,"stine",4,1.13
"pc1","4cpu-i7",0.95,"stine",1,1.16
"pc1","4cpu-i7",0.95,"stine",3,1.15
"pc1","4cpu-i7",0.95,"stine",3,1.12
"pc1","4cpu-i7",0.95,"stine",4,1.12
"pc1","4cpu-i7",0.95,"stine",1,1.16
"pc1","4cpu-i7",0.95,"stine",2,1.16
"pc1","4cpu-i7",0.95,"stine",3,1.11
"pc1","4cpu-i7",0.95,"stine",4,1.18
"pc1","4cpu-i7",0.95,"stine",1,1.18
"pc1","4cpu-i7",0.95,"stine",2,1.18
"pc1","4cpu-i7",0.95,"stine",2,1.12
"pc1","4cpu-i7",0.95,"stine",3,1.12
"pc1","4cpu-i7",0.95,"stine",1,1.12
"pc1","4cpu-i7",0.95,"stine",4,1.12
"pc1","4cpu-i7",0.05,"locf",2,42.07
"pc1","4cpu-i7",0.05,"locf",4,43.96
"pc1","4cpu-i7",0.05,"locf",3,44.56
"pc1","4cpu-i7",0.05,"locf",1,44.77
"pc1","4cpu-i7",0.05,"locf",3,44.75
"pc1","4cpu-i7",0.05,"locf",1,44.87
"pc1","4cpu-i7",0.05,"locf",4,44.94
"pc1","4cpu-i7",0.05,"locf",2,45.55
"pc1","4cpu-i7",0.05,"locf",1,42.67
"pc1","4cpu-i7",0.05,"locf",2,42.94
"pc1","4cpu-i7",0.05,"locf",3,42.94
"pc1","4cpu-i7",0.05,"locf",4,43.33
"pc1","4cpu-i7",0.05,"locf",2,40.34
"pc1","4cpu-i7",0.05,"locf",3,41.03
"pc1","4cpu-i7",0.05,"locf",1,41.35
"pc1","4cpu-i7",0.05,"locf",4,41.42
"pc1","4cpu-i7",0.05,"locf",3,37.77
"pc1","4cpu-i7",0.05,"locf",1,38.69
"pc1","4cpu-i7",0.05,"locf",4,39.58
"pc1","4cpu-i7",0.05,"locf",2,39.58
"pc1","4cpu-i7",0.05,"locf",1,39.09
"pc1","4cpu-i7",0.05,"locf",3,39.46
"pc1","4cpu-i7",0.05,"locf",2,40.27
"pc1","4cpu-i7",0.05,"locf",4,41.66
"pc1","4cpu-i7",0.05,"locf",2,41.35
"pc1","4cpu-i7",0.05,"locf",1,41.67
"pc1","4cpu-i7",0.05,"locf",3,41.85
"pc1","4cpu-i7",0.05,"locf",4,41.94
"pc1","4cpu-i7",0.05,"locf",2,39.85
"pc1","4cpu-i7",0.05,"locf",1,40.15
"pc1","4cpu-i7",0.05,"locf",4,41.04
"pc1","4cpu-i7",0.05,"locf",3,41.84
"pc1","4cpu-i7",0.05,"locf",2,39.45
"pc1","4cpu-i7",0.05,"locf",4,39.54
"pc1","4cpu-i7",0.05,"locf",1,39.57
"pc1","4cpu-i7",0.05,"locf",3,39.74
"pc1","4cpu-i7",0.05,"locf",1,41.47
"pc1","4cpu-i7",0.05,"locf",2,42.05
"pc1","4cpu-i7",0.05,"locf",3,42.15
"pc1","4cpu-i7",0.05,"locf",4,42.74
"pc1","4cpu-i7",0.05,"locf",3,40.94
"pc1","4cpu-i7",0.05,"locf",1,41.27
"pc1","4cpu-i7",0.05,"locf",2,41.46
"pc1","4cpu-i7",0.05,"locf",4,42.13
"pc1","4cpu-i7",0.05,"locf",1,40.89
"pc1","4cpu-i7",0.05,"locf",3,41.58
"pc1","4cpu-i7",0.05,"locf",4,41.67
"pc1","4cpu-i7",0.05,"locf",2,41.78
"pc1","4cpu-i7",0.05,"locf",3,39.04
"pc1","4cpu-i7",0.05,"locf",1,39.26
"pc1","4cpu-i7",0.05,"locf",4,39.53
"pc1","4cpu-i7",0.05,"locf",2,40.04
"pc1","4cpu-i7",0.05,"locf",3,36.75
"pc1","4cpu-i7",0.05,"locf",2,37.35
"pc1","4cpu-i7",0.05,"locf",1,38.17
"pc1","4cpu-i7",0.05,"locf",4,38.63
"pc1","4cpu-i7",0.05,"locf",1,38.68
"pc1","4cpu-i7",0.05,"locf",2,38.78
"pc1","4cpu-i7",0.05,"locf",3,38.87
"pc1","4cpu-i7",0.05,"locf",4,39.66
"pc1","4cpu-i7",0.05,"locf",1,37.86
"pc1","4cpu-i7",0.05,"locf",2,38.96
"pc1","4cpu-i7",0.05,"locf",3,40.05
"pc1","4cpu-i7",0.05,"locf",4,40.34
"pc1","4cpu-i7",0.05,"locf",3,39.44
"pc1","4cpu-i7",0.05,"locf",4,39.73
"pc1","4cpu-i7",0.05,"locf",2,39.97
"pc1","4cpu-i7",0.05,"locf",1,39.97
"pc1","4cpu-i7",0.05,"locf",1,38.24
"pc1","4cpu-i7",0.05,"locf",3,38.24
"pc1","4cpu-i7",0.05,"locf",4,38.53
"pc1","4cpu-i7",0.05,"locf",2,39.86
"pc1","4cpu-i7",0.05,"locf",4,39.59
"pc1","4cpu-i7",0.05,"locf",2,39.93
"pc1","4cpu-i7",0.05,"locf",1,40.45
"pc1","4cpu-i7",0.05,"locf",3,40.71
"pc1","4cpu-i7",0.05,"locf",4,41.94
"pc1","4cpu-i7",0.05,"locf",2,42.15
"pc1","4cpu-i7",0.05,"locf",1,42.26
"pc1","4cpu-i7",0.05,"locf",3,42.85
"pc1","4cpu-i7",0.05,"locf",4,41.44
"pc1","4cpu-i7",0.05,"locf",3,41.74
"pc1","4cpu-i7",0.05,"locf",2,41.75
"pc1","4cpu-i7",0.05,"locf",1,42.36
"pc1","4cpu-i7",0.05,"locf",3,41.16
"pc1","4cpu-i7",0.05,"locf",2,41.67
"pc1","4cpu-i7",0.05,"locf",1,42.56
"pc1","4cpu-i7",0.05,"locf",4,42.56
"pc1","4cpu-i7",0.05,"locf",2,39.77
"pc1","4cpu-i7",0.05,"locf",3,40.17
"pc1","4cpu-i7",0.05,"locf",4,40.27
"pc1","4cpu-i7",0.05,"locf",1,40.88
"pc1","4cpu-i7",0.05,"locf",3,40.05
"pc1","4cpu-i7",0.05,"locf",4,40.13
"pc1","4cpu-i7",0.05,"locf",2,40.95
"pc1","4cpu-i7",0.05,"locf",1,41.57
"pc1","4cpu-i7",0.05,"locf",1,42.25
"pc1","4cpu-i7",0.05,"locf",4,42.25
"pc1","4cpu-i7",0.05,"locf",2,42.47
"pc1","4cpu-i7",0.05,"locf",3,42.86
"pc1","4cpu-i7",0.05,"locf",1,39.46
"pc1","4cpu-i7",0.05,"locf",3,39.75
"pc1","4cpu-i7",0.05,"locf",2,39.75
"pc1","4cpu-i7",0.05,"locf",4,40.13
"pc1","4cpu-i7",0.05,"locf",3,42.17
"pc1","4cpu-i7",0.05,"locf",4,42.56
"pc1","4cpu-i7",0.05,"locf",1,42.89
"pc1","4cpu-i7",0.05,"locf",2,43.58
"pc1","4cpu-i7",0.05,"locf",2,39.55
"pc1","4cpu-i7",0.05,"locf",3,39.64
"pc1","4cpu-i7",0.05,"locf",1,40.06
"pc1","4cpu-i7",0.05,"locf",4,40.43
"pc1","4cpu-i7",0.05,"locf",3,40.54
"pc1","4cpu-i7",0.05,"locf",1,41.04
"pc1","4cpu-i7",0.05,"locf",4,41.24
"pc1","4cpu-i7",0.05,"locf",2,41.24
"pc1","4cpu-i7",0.05,"locf",3,41.14
"pc1","4cpu-i7",0.05,"locf",4,41.94
"pc1","4cpu-i7",0.05,"locf",1,42.06
"pc1","4cpu-i7",0.05,"locf",2,42.05
"pc1","4cpu-i7",0.15,"locf",1,9.91
"pc1","4cpu-i7",0.15,"locf",4,9.99
"pc1","4cpu-i7",0.15,"locf",3,10.09
"pc1","4cpu-i7",0.15,"locf",2,10.11
"pc1","4cpu-i7",0.15,"locf",4,9.73
"pc1","4cpu-i7",0.15,"locf",1,9.85
"pc1","4cpu-i7",0.15,"locf",3,9.95
"pc1","4cpu-i7",0.15,"locf",2,10.14
"pc1","4cpu-i7",0.15,"locf",4,8.84
"pc1","4cpu-i7",0.15,"locf",3,8.96
"pc1","4cpu-i7",0.15,"locf",1,8.96
"pc1","4cpu-i7",0.15,"locf",2,9.05
"pc1","4cpu-i7",0.15,"locf",2,9.36
"pc1","4cpu-i7",0.15,"locf",4,9.44
"pc1","4cpu-i7",0.15,"locf",3,9.54
"pc1","4cpu-i7",0.15,"locf",1,9.56
"pc1","4cpu-i7",0.15,"locf",4,9.05
"pc1","4cpu-i7",0.15,"locf",2,9.08
"pc1","4cpu-i7",0.15,"locf",1,9.38
"pc1","4cpu-i7",0.15,"locf",3,9.46
"pc1","4cpu-i7",0.15,"locf",2,9.17
"pc1","4cpu-i7",0.15,"locf",4,9.24
"pc1","4cpu-i7",0.15,"locf",3,9.28
"pc1","4cpu-i7",0.15,"locf",1,9.28
"pc1","4cpu-i7",0.15,"locf",3,9.53
"pc1","4cpu-i7",0.15,"locf",2,9.55
"pc1","4cpu-i7",0.15,"locf",4,9.62
"pc1","4cpu-i7",0.15,"locf",1,9.66
"pc1","4cpu-i7",0.15,"locf",4,9.35
"pc1","4cpu-i7",0.15,"locf",2,9.36
"pc1","4cpu-i7",0.15,"locf",1,9.86
"pc1","4cpu-i7",0.15,"locf",3,9.86
"pc1","4cpu-i7",0.15,"locf",4,8.55
"pc1","4cpu-i7",0.15,"locf",2,8.58
"pc1","4cpu-i7",0.15,"locf",1,8.78
"pc1","4cpu-i7",0.15,"locf",3,8.87
"pc1","4cpu-i7",0.15,"locf",1,8.66
"pc1","4cpu-i7",0.15,"locf",4,8.66
"pc1","4cpu-i7",0.15,"locf",2,8.66
"pc1","4cpu-i7",0.15,"locf",3,8.76
"pc1","4cpu-i7",0.15,"locf",2,8.43
"pc1","4cpu-i7",0.15,"locf",4,8.61
"pc1","4cpu-i7",0.15,"locf",1,8.86
"pc1","4cpu-i7",0.15,"locf",3,9.01
"pc1","4cpu-i7",0.15,"locf",2,9.06
"pc1","4cpu-i7",0.15,"locf",1,9.46
"pc1","4cpu-i7",0.15,"locf",3,9.45
"pc1","4cpu-i7",0.15,"locf",4,9.54
"pc1","4cpu-i7",0.15,"locf",1,9.09
"pc1","4cpu-i7",0.15,"locf",2,9.16
"pc1","4cpu-i7",0.15,"locf",3,9.36
"pc1","4cpu-i7",0.15,"locf",4,9.36
"pc1","4cpu-i7",0.15,"locf",3,9.55
"pc1","4cpu-i7",0.15,"locf",2,9.56
"pc1","4cpu-i7",0.15,"locf",4,9.64
"pc1","4cpu-i7",0.15,"locf",1,9.66
"pc1","4cpu-i7",0.15,"locf",2,9.38
"pc1","4cpu-i7",0.15,"locf",1,9.47
"pc1","4cpu-i7",0.15,"locf",3,9.56
"pc1","4cpu-i7",0.15,"locf",4,9.56
"pc1","4cpu-i7",0.15,"locf",1,9.08
"pc1","4cpu-i7",0.15,"locf",4,9.35
"pc1","4cpu-i7",0.15,"locf",2,9.35
"pc1","4cpu-i7",0.15,"locf",3,9.35
"pc1","4cpu-i7",0.15,"locf",3,8.83
"pc1","4cpu-i7",0.15,"locf",4,8.91
"pc1","4cpu-i7",0.15,"locf",1,9.05
"pc1","4cpu-i7",0.15,"locf",2,9.04
"pc1","4cpu-i7",0.15,"locf",4,8.75
"pc1","4cpu-i7",0.15,"locf",1,8.98
"pc1","4cpu-i7",0.15,"locf",2,8.98
"pc1","4cpu-i7",0.15,"locf",3,9.07
"pc1","4cpu-i7",0.15,"locf",1,9.69
"pc1","4cpu-i7",0.15,"locf",3,9.76
"pc1","4cpu-i7",0.15,"locf",2,9.78
"pc1","4cpu-i7",0.15,"locf",4,9.85
"pc1","4cpu-i7",0.15,"locf",3,9.58
"pc1","4cpu-i7",0.15,"locf",4,9.76
"pc1","4cpu-i7",0.15,"locf",1,9.88
"pc1","4cpu-i7",0.15,"locf",4,9.36
"pc1","4cpu-i7",0.15,"locf",1,9.49
"pc1","4cpu-i7",0.15,"locf",3,9.76
"pc1","4cpu-i7",0.15,"locf",2,9.78
"pc1","4cpu-i7",0.15,"locf",3,9.15
"pc1","4cpu-i7",0.15,"locf",4,9.15
"pc1","4cpu-i7",0.15,"locf",1,9.26
"pc1","4cpu-i7",0.15,"locf",2,9.26
"pc1","4cpu-i7",0.15,"locf",2,9.75
"pc1","4cpu-i7",0.15,"locf",4,9.82
"pc1","4cpu-i7",0.15,"locf",3,10.06
"pc1","4cpu-i7",0.15,"locf",1,10.06
"pc1","4cpu-i7",0.15,"locf",4,8.94
"pc1","4cpu-i7",0.15,"locf",1,9.16
"pc1","4cpu-i7",0.15,"locf",3,9.34
"pc1","4cpu-i7",0.15,"locf",2,9.44
"pc1","4cpu-i7",0.15,"locf",4,9.67
"pc1","4cpu-i7",0.15,"locf",1,9.76
"pc1","4cpu-i7",0.15,"locf",3,9.76
"pc1","4cpu-i7",0.15,"locf",2,9.79
"pc1","4cpu-i7",0.15,"locf",4,9.55
"pc1","4cpu-i7",0.15,"locf",2,9.66
"pc1","4cpu-i7",0.15,"locf",1,9.78
"pc1","4cpu-i7",0.15,"locf",3,9.76
"pc1","4cpu-i7",0.15,"locf",2,9.66
"pc1","4cpu-i7",0.15,"locf",4,9.74
"pc1","4cpu-i7",0.15,"locf",3,9.75
"pc1","4cpu-i7",0.15,"locf",1,9.98
"pc1","4cpu-i7",0.15,"locf",2,8.75
"pc1","4cpu-i7",0.15,"locf",3,8.75
"pc1","4cpu-i7",0.15,"locf",4,8.85
"pc1","4cpu-i7",0.15,"locf",1,9.07
"pc1","4cpu-i7",0.15,"locf",4,9.72
"pc1","4cpu-i7",0.15,"locf",3,9.72
"pc1","4cpu-i7",0.15,"locf",2,9.82
"pc1","4cpu-i7",0.15,"locf",1,9.86
"pc1","4cpu-i7",0.15,"locf",4,9.05
"pc1","4cpu-i7",0.15,"locf",2,9.45
"pc1","4cpu-i7",0.15,"locf",1,9.56
"pc1","4cpu-i7",0.15,"locf",3,9.56
"pc1","4cpu-i7",0.25,"locf",2,5.25
"pc1","4cpu-i7",0.25,"locf",4,5.26
"pc1","4cpu-i7",0.25,"locf",3,5.26
"pc1","4cpu-i7",0.25,"locf",1,5.38
"pc1","4cpu-i7",0.25,"locf",2,5.58
"pc1","4cpu-i7",0.25,"locf",3,5.58
"pc1","4cpu-i7",0.25,"locf",1,5.66
"pc1","4cpu-i7",0.25,"locf",4,5.66
"pc1","4cpu-i7",0.25,"locf",2,4.85
"pc1","4cpu-i7",0.25,"locf",4,4.85
"pc1","4cpu-i7",0.25,"locf",3,4.95
"pc1","4cpu-i7",0.25,"locf",1,5.05
"pc1","4cpu-i7",0.25,"locf",4,4.98
"pc1","4cpu-i7",0.25,"locf",3,5.1
"pc1","4cpu-i7",0.25,"locf",1,5.1
"pc1","4cpu-i7",0.25,"locf",2,5.09
"pc1","4cpu-i7",0.25,"locf",4,4.94
"pc1","4cpu-i7",0.25,"locf",1,5.08
"pc1","4cpu-i7",0.25,"locf",3,5.16
"pc1","4cpu-i7",0.25,"locf",2,5.18
"pc1","4cpu-i7",0.25,"locf",4,4.97
"pc1","4cpu-i7",0.25,"locf",1,4.98
"pc1","4cpu-i7",0.25,"locf",3,4.98
"pc1","4cpu-i7",0.25,"locf",2,4.98
"pc1","4cpu-i7",0.25,"locf",2,4.93
"pc1","4cpu-i7",0.25,"locf",4,4.93
"pc1","4cpu-i7",0.25,"locf",3,4.95
"pc1","4cpu-i7",0.25,"locf",1,5.05
"pc1","4cpu-i7",0.25,"locf",4,4.87
"pc1","4cpu-i7",0.25,"locf",1,4.97
"pc1","4cpu-i7",0.25,"locf",3,4.96
"pc1","4cpu-i7",0.25,"locf",2,4.99
"pc1","4cpu-i7",0.25,"locf",4,4.96
"pc1","4cpu-i7",0.25,"locf",3,5.08
"pc1","4cpu-i7",0.25,"locf",1,5.08
"pc1","4cpu-i7",0.25,"locf",2,5.16
"pc1","4cpu-i7",0.25,"locf",3,4.98
"pc1","4cpu-i7",0.25,"locf",2,5.07
"pc1","4cpu-i7",0.25,"locf",4,5.07
"pc1","4cpu-i7",0.25,"locf",1,5.09
"pc1","4cpu-i7",0.25,"locf",3,4.97
"pc1","4cpu-i7",0.25,"locf",4,5.06
"pc1","4cpu-i7",0.25,"locf",2,5.18
"pc1","4cpu-i7",0.25,"locf",1,5.28
"pc1","4cpu-i7",0.25,"locf",4,4.96
"pc1","4cpu-i7",0.25,"locf",3,5.08
"pc1","4cpu-i7",0.25,"locf",2,5.17
"pc1","4cpu-i7",0.25,"locf",1,5.17
"pc1","4cpu-i7",0.25,"locf",4,4.68
"pc1","4cpu-i7",0.25,"locf",3,4.76
"pc1","4cpu-i7",0.25,"locf",1,4.87
"pc1","4cpu-i7",0.25,"locf",2,4.88
"pc1","4cpu-i7",0.25,"locf",3,4.89
"pc1","4cpu-i7",0.25,"locf",4,4.97
"pc1","4cpu-i7",0.25,"locf",1,5.09
"pc1","4cpu-i7",0.25,"locf",2,5.09
"pc1","4cpu-i7",0.25,"locf",3,4.86
"pc1","4cpu-i7",0.25,"locf",4,4.94
"pc1","4cpu-i7",0.25,"locf",2,4.97
"pc1","4cpu-i7",0.25,"locf",1,4.99
"pc1","4cpu-i7",0.25,"locf",3,4.96
"pc1","4cpu-i7",0.25,"locf",1,5.16
"pc1","4cpu-i7",0.25,"locf",2,5.16
"pc1","4cpu-i7",0.25,"locf",4,5.16
"pc1","4cpu-i7",0.25,"locf",3,4.84
"pc1","4cpu-i7",0.25,"locf",2,4.94
"pc1","4cpu-i7",0.25,"locf",1,4.96
"pc1","4cpu-i7",0.25,"locf",4,5.02
"pc1","4cpu-i7",0.25,"locf",4,5.07
"pc1","4cpu-i7",0.25,"locf",1,5.11
"pc1","4cpu-i7",0.25,"locf",2,5.11
"pc1","4cpu-i7",0.25,"locf",3,5.18
"pc1","4cpu-i7",0.25,"locf",1,5.09
"pc1","4cpu-i7",0.25,"locf",4,5.17
"pc1","4cpu-i7",0.25,"locf",2,5.19
"pc1","4cpu-i7",0.25,"locf",3,5.26
"pc1","4cpu-i7",0.25,"locf",4,4.83
"pc1","4cpu-i7",0.25,"locf",1,4.98
"pc1","4cpu-i7",0.25,"locf",3,4.98
"pc1","4cpu-i7",0.25,"locf",2,5.05
"pc1","4cpu-i7",0.25,"locf",4,4.86
"pc1","4cpu-i7",0.25,"locf",3,4.96
"pc1","4cpu-i7",0.25,"locf",1,4.98
"pc1","4cpu-i7",0.25,"locf",2,5
"pc1","4cpu-i7",0.25,"locf",2,4.84
"pc1","4cpu-i7",0.25,"locf",3,4.85
"pc1","4cpu-i7",0.25,"locf",1,4.85
"pc1","4cpu-i7",0.25,"locf",4,4.85
"pc1","4cpu-i7",0.25,"locf",2,5.04
"pc1","4cpu-i7",0.25,"locf",4,5.03
"pc1","4cpu-i7",0.25,"locf",1,5.14
"pc1","4cpu-i7",0.25,"locf",3,5.14
"pc1","4cpu-i7",0.25,"locf",3,4.71
"pc1","4cpu-i7",0.25,"locf",1,4.84
"pc1","4cpu-i7",0.25,"locf",4,4.81
"pc1","4cpu-i7",0.25,"locf",2,4.92
"pc1","4cpu-i7",0.25,"locf",4,4.75
"pc1","4cpu-i7",0.25,"locf",1,4.87
"pc1","4cpu-i7",0.25,"locf",3,4.85
"pc1","4cpu-i7",0.25,"locf",2,4.96
"pc1","4cpu-i7",0.25,"locf",4,5.07
"pc1","4cpu-i7",0.25,"locf",2,5.07
"pc1","4cpu-i7",0.25,"locf",1,5.09
"pc1","4cpu-i7",0.25,"locf",3,5.26
"pc1","4cpu-i7",0.25,"locf",3,5
"pc1","4cpu-i7",0.25,"locf",2,5
"pc1","4cpu-i7",0.25,"locf",4,5.05
"pc1","4cpu-i7",0.25,"locf",1,5.09
"pc1","4cpu-i7",0.25,"locf",2,4.89
"pc1","4cpu-i7",0.25,"locf",4,5.06
"pc1","4cpu-i7",0.25,"locf",3,5.06
"pc1","4cpu-i7",0.25,"locf",1,5.17
"pc1","4cpu-i7",0.25,"locf",4,4.98
"pc1","4cpu-i7",0.25,"locf",2,5.09
"pc1","4cpu-i7",0.25,"locf",3,5.09
"pc1","4cpu-i7",0.25,"locf",1,5.1
"pc1","4cpu-i7",0.25,"locf",4,4.86
"pc1","4cpu-i7",0.25,"locf",3,4.95
"pc1","4cpu-i7",0.25,"locf",2,4.97
"pc1","4cpu-i7",0.25,"locf",1,5.08
"pc1","4cpu-i7",0.35,"locf",4,3.48
"pc1","4cpu-i7",0.35,"locf",3,3.59
"pc1","4cpu-i7",0.35,"locf",1,3.63
"pc1","4cpu-i7",0.35,"locf",2,3.63
"pc1","4cpu-i7",0.35,"locf",3,3.72
"pc1","4cpu-i7",0.35,"locf",1,3.75
"pc1","4cpu-i7",0.35,"locf",2,3.75
"pc1","4cpu-i7",0.35,"locf",4,3.81
"pc1","4cpu-i7",0.35,"locf",3,3.31
"pc1","4cpu-i7",0.35,"locf",1,3.31
"pc1","4cpu-i7",0.35,"locf",2,3.31
"pc1","4cpu-i7",0.35,"locf",4,3.37
"pc1","4cpu-i7",0.35,"locf",2,3.38
"pc1","4cpu-i7",0.35,"locf",4,3.38
"pc1","4cpu-i7",0.35,"locf",3,3.47
"pc1","4cpu-i7",0.35,"locf",1,3.49
"pc1","4cpu-i7",0.35,"locf",4,3.34
"pc1","4cpu-i7",0.35,"locf",2,3.37
"pc1","4cpu-i7",0.35,"locf",3,3.47
"pc1","4cpu-i7",0.35,"locf",1,3.57
"pc1","4cpu-i7",0.35,"locf",4,3.18
"pc1","4cpu-i7",0.35,"locf",3,3.18
"pc1","4cpu-i7",0.35,"locf",2,3.28
"pc1","4cpu-i7",0.35,"locf",1,3.31
"pc1","4cpu-i7",0.35,"locf",1,3.27
"pc1","4cpu-i7",0.35,"locf",3,3.28
"pc1","4cpu-i7",0.35,"locf",2,3.28
"pc1","4cpu-i7",0.35,"locf",4,3.32
"pc1","4cpu-i7",0.35,"locf",2,3.39
"pc1","4cpu-i7",0.35,"locf",3,3.39
"pc1","4cpu-i7",0.35,"locf",4,3.39
"pc1","4cpu-i7",0.35,"locf",1,3.42
"pc1","4cpu-i7",0.35,"locf",4,3.33
"pc1","4cpu-i7",0.35,"locf",1,3.36
"pc1","4cpu-i7",0.35,"locf",3,3.36
"pc1","4cpu-i7",0.35,"locf",2,3.37
"pc1","4cpu-i7",0.35,"locf",4,3.35
"pc1","4cpu-i7",0.35,"locf",2,3.44
"pc1","4cpu-i7",0.35,"locf",3,3.46
"pc1","4cpu-i7",0.35,"locf",1,3.47
"pc1","4cpu-i7",0.35,"locf",2,3.18
"pc1","4cpu-i7",0.35,"locf",3,3.34
"pc1","4cpu-i7",0.35,"locf",1,3.35
"pc1","4cpu-i7",0.35,"locf",4,3.35
"pc1","4cpu-i7",0.35,"locf",3,3.26
"pc1","4cpu-i7",0.35,"locf",4,3.34
"pc1","4cpu-i7",0.35,"locf",1,3.38
"pc1","4cpu-i7",0.35,"locf",2,3.37
"pc1","4cpu-i7",0.35,"locf",3,3.25
"pc1","4cpu-i7",0.35,"locf",2,3.27
"pc1","4cpu-i7",0.35,"locf",4,3.32
"pc1","4cpu-i7",0.35,"locf",1,3.32
"pc1","4cpu-i7",0.35,"locf",3,3.18
"pc1","4cpu-i7",0.35,"locf",2,3.21
"pc1","4cpu-i7",0.35,"locf",4,3.3
"pc1","4cpu-i7",0.35,"locf",1,3.3
"pc1","4cpu-i7",0.35,"locf",4,3.33
"pc1","4cpu-i7",0.35,"locf",3,3.33
"pc1","4cpu-i7",0.35,"locf",2,3.45
"pc1","4cpu-i7",0.35,"locf",1,3.45
"pc1","4cpu-i7",0.35,"locf",1,3.32
"pc1","4cpu-i7",0.35,"locf",3,3.34
"pc1","4cpu-i7",0.35,"locf",2,3.35
"pc1","4cpu-i7",0.35,"locf",4,3.41
"pc1","4cpu-i7",0.35,"locf",2,3.39
"pc1","4cpu-i7",0.35,"locf",3,3.39
"pc1","4cpu-i7",0.35,"locf",1,3.39
"pc1","4cpu-i7",0.35,"locf",4,3.46
"pc1","4cpu-i7",0.35,"locf",3,3.39
"pc1","4cpu-i7",0.35,"locf",2,3.39
"pc1","4cpu-i7",0.35,"locf",1,3.4
"pc1","4cpu-i7",0.35,"locf",4,3.38
"pc1","4cpu-i7",0.35,"locf",2,3.33
"pc1","4cpu-i7",0.35,"locf",4,3.32
"pc1","4cpu-i7",0.35,"locf",1,3.44
"pc1","4cpu-i7",0.35,"locf",3,3.43
"pc1","4cpu-i7",0.35,"locf",2,3.19
"pc1","4cpu-i7",0.35,"locf",1,3.29
"pc1","4cpu-i7",0.35,"locf",3,3.36
"pc1","4cpu-i7",0.35,"locf",4,3.36
"pc1","4cpu-i7",0.35,"locf",3,3.35
"pc1","4cpu-i7",0.35,"locf",2,3.36
"pc1","4cpu-i7",0.35,"locf",1,3.45
"pc1","4cpu-i7",0.35,"locf",4,3.45
"pc1","4cpu-i7",0.35,"locf",2,3.36
"pc1","4cpu-i7",0.35,"locf",1,3.45
"pc1","4cpu-i7",0.35,"locf",3,3.45
"pc1","4cpu-i7",0.35,"locf",4,3.45
"pc1","4cpu-i7",0.35,"locf",2,3.36
"pc1","4cpu-i7",0.35,"locf",3,3.36
"pc1","4cpu-i7",0.35,"locf",1,3.48
"pc1","4cpu-i7",0.35,"locf",4,3.46
"pc1","4cpu-i7",0.35,"locf",2,3.38
"pc1","4cpu-i7",0.35,"locf",3,3.45
"pc1","4cpu-i7",0.35,"locf",4,3.45
"pc1","4cpu-i7",0.35,"locf",1,3.58
"pc1","4cpu-i7",0.35,"locf",4,3.26
"pc1","4cpu-i7",0.35,"locf",2,3.38
"pc1","4cpu-i7",0.35,"locf",3,3.39
"pc1","4cpu-i7",0.35,"locf",1,3.39
"pc1","4cpu-i7",0.35,"locf",4,3.34
"pc1","4cpu-i7",0.35,"locf",3,3.36
"pc1","4cpu-i7",0.35,"locf",2,3.45
"pc1","4cpu-i7",0.35,"locf",1,3.47
"pc1","4cpu-i7",0.35,"locf",4,3.27
"pc1","4cpu-i7",0.35,"locf",3,3.37
"pc1","4cpu-i7",0.35,"locf",1,3.48
"pc1","4cpu-i7",0.35,"locf",2,3.48
"pc1","4cpu-i7",0.35,"locf",1,3.35
"pc1","4cpu-i7",0.35,"locf",4,3.36
"pc1","4cpu-i7",0.35,"locf",2,3.36
"pc1","4cpu-i7",0.35,"locf",3,3.36
"pc1","4cpu-i7",0.35,"locf",1,3.35
"pc1","4cpu-i7",0.35,"locf",2,3.34
"pc1","4cpu-i7",0.35,"locf",3,3.35
"pc1","4cpu-i7",0.35,"locf",4,3.35
"pc1","4cpu-i7",0.35,"locf",3,3.45
"pc1","4cpu-i7",0.35,"locf",4,3.47
"pc1","4cpu-i7",0.35,"locf",2,3.47
"pc1","4cpu-i7",0.35,"locf",1,3.55
"pc1","4cpu-i7",0.45,"locf",2,2.87
"pc1","4cpu-i7",0.45,"locf",3,2.87
"pc1","4cpu-i7",0.45,"locf",1,2.91
"pc1","4cpu-i7",0.45,"locf",4,2.87
"pc1","4cpu-i7",0.45,"locf",2,2.77
"pc1","4cpu-i7",0.45,"locf",4,2.82
"pc1","4cpu-i7",0.45,"locf",1,2.86
"pc1","4cpu-i7",0.45,"locf",3,2.86
"pc1","4cpu-i7",0.45,"locf",4,2.44
"pc1","4cpu-i7",0.45,"locf",1,2.48
"pc1","4cpu-i7",0.45,"locf",2,2.54
"pc1","4cpu-i7",0.45,"locf",3,2.54
"pc1","4cpu-i7",0.45,"locf",4,2.5
"pc1","4cpu-i7",0.45,"locf",1,2.53
"pc1","4cpu-i7",0.45,"locf",2,2.55
"pc1","4cpu-i7",0.45,"locf",3,2.55
"pc1","4cpu-i7",0.45,"locf",4,2.39
"pc1","4cpu-i7",0.45,"locf",1,2.46
"pc1","4cpu-i7",0.45,"locf",3,2.46
"pc1","4cpu-i7",0.45,"locf",2,2.46
"pc1","4cpu-i7",0.45,"locf",3,2.5
"pc1","4cpu-i7",0.45,"locf",2,2.5
"pc1","4cpu-i7",0.45,"locf",1,2.52
"pc1","4cpu-i7",0.45,"locf",4,2.52
"pc1","4cpu-i7",0.45,"locf",3,2.55
"pc1","4cpu-i7",0.45,"locf",2,2.57
"pc1","4cpu-i7",0.45,"locf",4,2.59
"pc1","4cpu-i7",0.45,"locf",1,2.59
"pc1","4cpu-i7",0.45,"locf",4,2.52
"pc1","4cpu-i7",0.45,"locf",1,2.54
"pc1","4cpu-i7",0.45,"locf",3,2.55
"pc1","4cpu-i7",0.45,"locf",2,2.55
"pc1","4cpu-i7",0.45,"locf",3,2.47
"pc1","4cpu-i7",0.45,"locf",1,2.47
"pc1","4cpu-i7",0.45,"locf",4,2.52
"pc1","4cpu-i7",0.45,"locf",2,2.55
"pc1","4cpu-i7",0.45,"locf",3,2.39
"pc1","4cpu-i7",0.45,"locf",2,2.47
"pc1","4cpu-i7",0.45,"locf",1,2.49
"pc1","4cpu-i7",0.45,"locf",4,2.46
"pc1","4cpu-i7",0.45,"locf",3,2.46
"pc1","4cpu-i7",0.45,"locf",4,2.49
"pc1","4cpu-i7",0.45,"locf",2,2.5
"pc1","4cpu-i7",0.45,"locf",1,2.5
"pc1","4cpu-i7",0.45,"locf",3,2.45
"pc1","4cpu-i7",0.45,"locf",2,2.49
"pc1","4cpu-i7",0.45,"locf",1,2.49
"pc1","4cpu-i7",0.45,"locf",4,2.53
"pc1","4cpu-i7",0.45,"locf",3,2.47
"pc1","4cpu-i7",0.45,"locf",2,2.49
"pc1","4cpu-i7",0.45,"locf",1,2.57
"pc1","4cpu-i7",0.45,"locf",4,2.57
"pc1","4cpu-i7",0.45,"locf",4,2.46
"pc1","4cpu-i7",0.45,"locf",3,2.49
"pc1","4cpu-i7",0.45,"locf",2,2.49
"pc1","4cpu-i7",0.45,"locf",1,2.49
"pc1","4cpu-i7",0.45,"locf",2,2.44
"pc1","4cpu-i7",0.45,"locf",1,2.47
"pc1","4cpu-i7",0.45,"locf",4,2.53
"pc1","4cpu-i7",0.45,"locf",3,2.53
"pc1","4cpu-i7",0.45,"locf",2,2.47
"pc1","4cpu-i7",0.45,"locf",3,2.49
"pc1","4cpu-i7",0.45,"locf",1,2.57
"pc1","4cpu-i7",0.45,"locf",4,2.57
"pc1","4cpu-i7",0.45,"locf",4,2.47
"pc1","4cpu-i7",0.45,"locf",2,2.47
"pc1","4cpu-i7",0.45,"locf",1,2.47
"pc1","4cpu-i7",0.45,"locf",3,2.47
"pc1","4cpu-i7",0.45,"locf",3,2.54
"pc1","4cpu-i7",0.45,"locf",2,2.54
"pc1","4cpu-i7",0.45,"locf",4,2.58
"pc1","4cpu-i7",0.45,"locf",1,2.63
"pc1","4cpu-i7",0.45,"locf",2,2.51
"pc1","4cpu-i7",0.45,"locf",1,2.51
"pc1","4cpu-i7",0.45,"locf",4,2.57
"pc1","4cpu-i7",0.45,"locf",3,2.57
"pc1","4cpu-i7",0.45,"locf",1,2.38
"pc1","4cpu-i7",0.45,"locf",2,2.49
"pc1","4cpu-i7",0.45,"locf",4,2.49
"pc1","4cpu-i7",0.45,"locf",3,2.56
"pc1","4cpu-i7",0.45,"locf",2,2.48
"pc1","4cpu-i7",0.45,"locf",1,2.47
"pc1","4cpu-i7",0.45,"locf",4,2.47
"pc1","4cpu-i7",0.45,"locf",3,2.48
"pc1","4cpu-i7",0.45,"locf",2,2.56
"pc1","4cpu-i7",0.45,"locf",3,2.57
"pc1","4cpu-i7",0.45,"locf",4,2.57
"pc1","4cpu-i7",0.45,"locf",1,2.57
"pc1","4cpu-i7",0.45,"locf",2,2.45
"pc1","4cpu-i7",0.45,"locf",4,2.52
"pc1","4cpu-i7",0.45,"locf",3,2.54
"pc1","4cpu-i7",0.45,"locf",1,2.57
"pc1","4cpu-i7",0.45,"locf",4,2.57
"pc1","4cpu-i7",0.45,"locf",2,2.56
"pc1","4cpu-i7",0.45,"locf",1,2.56
"pc1","4cpu-i7",0.45,"locf",3,2.56
"pc1","4cpu-i7",0.45,"locf",4,2.67
"pc1","4cpu-i7",0.45,"locf",1,2.67
"pc1","4cpu-i7",0.45,"locf",3,2.69
"pc1","4cpu-i7",0.45,"locf",2,2.69
"pc1","4cpu-i7",0.45,"locf",2,2.4
"pc1","4cpu-i7",0.45,"locf",1,2.44
"pc1","4cpu-i7",0.45,"locf",3,2.47
"pc1","4cpu-i7",0.45,"locf",4,2.46
"pc1","4cpu-i7",0.45,"locf",2,2.56
"pc1","4cpu-i7",0.45,"locf",1,2.57
"pc1","4cpu-i7",0.45,"locf",3,2.57
"pc1","4cpu-i7",0.45,"locf",4,2.57
"pc1","4cpu-i7",0.45,"locf",3,2.27
"pc1","4cpu-i7",0.45,"locf",4,2.44
"pc1","4cpu-i7",0.45,"locf",1,2.48
"pc1","4cpu-i7",0.45,"locf",2,2.58
"pc1","4cpu-i7",0.45,"locf",1,2.45
"pc1","4cpu-i7",0.45,"locf",3,2.43
"pc1","4cpu-i7",0.45,"locf",4,2.5
"pc1","4cpu-i7",0.45,"locf",2,2.52
"pc1","4cpu-i7",0.45,"locf",3,2.5
"pc1","4cpu-i7",0.45,"locf",4,2.56
"pc1","4cpu-i7",0.45,"locf",1,2.58
"pc1","4cpu-i7",0.45,"locf",2,2.58
"pc1","4cpu-i7",0.55,"locf",1,2.26
"pc1","4cpu-i7",0.55,"locf",2,2.27
"pc1","4cpu-i7",0.55,"locf",4,2.24
"pc1","4cpu-i7",0.55,"locf",3,2.27
"pc1","4cpu-i7",0.55,"locf",1,2.17
"pc1","4cpu-i7",0.55,"locf",4,2.15
"pc1","4cpu-i7",0.55,"locf",2,2.25
"pc1","4cpu-i7",0.55,"locf",3,2.25
"pc1","4cpu-i7",0.55,"locf",2,1.94
"pc1","4cpu-i7",0.55,"locf",1,1.96
"pc1","4cpu-i7",0.55,"locf",3,1.95
"pc1","4cpu-i7",0.55,"locf",4,1.95
"pc1","4cpu-i7",0.55,"locf",2,1.88
"pc1","4cpu-i7",0.55,"locf",3,1.94
"pc1","4cpu-i7",0.55,"locf",4,1.96
"pc1","4cpu-i7",0.55,"locf",1,1.96
"pc1","4cpu-i7",0.55,"locf",2,1.94
"pc1","4cpu-i7",0.55,"locf",4,1.94
"pc1","4cpu-i7",0.55,"locf",1,1.97
"pc1","4cpu-i7",0.55,"locf",3,1.97
"pc1","4cpu-i7",0.55,"locf",2,1.95
"pc1","4cpu-i7",0.55,"locf",1,1.95
"pc1","4cpu-i7",0.55,"locf",4,1.97
"pc1","4cpu-i7",0.55,"locf",3,1.98
"pc1","4cpu-i7",0.55,"locf",3,1.97
"pc1","4cpu-i7",0.55,"locf",1,1.97
"pc1","4cpu-i7",0.55,"locf",2,2.03
"pc1","4cpu-i7",0.55,"locf",4,2.03
"pc1","4cpu-i7",0.55,"locf",4,1.96
"pc1","4cpu-i7",0.55,"locf",3,2.02
"pc1","4cpu-i7",0.55,"locf",1,2.04
"pc1","4cpu-i7",0.55,"locf",2,2.03
"pc1","4cpu-i7",0.55,"locf",4,1.96
"pc1","4cpu-i7",0.55,"locf",3,1.99
"pc1","4cpu-i7",0.55,"locf",2,1.99
"pc1","4cpu-i7",0.55,"locf",1,2.01
"pc1","4cpu-i7",0.55,"locf",3,1.99
"pc1","4cpu-i7",0.55,"locf",4,4.45
"pc1","4cpu-i7",0.55,"locf",2,2.05
"pc1","4cpu-i7",0.55,"locf",1,2.08
"pc1","4cpu-i7",0.55,"locf",3,1.95
"pc1","4cpu-i7",0.55,"locf",1,2.04
"pc1","4cpu-i7",0.55,"locf",4,2
"pc1","4cpu-i7",0.55,"locf",2,2.03
"pc1","4cpu-i7",0.55,"locf",3,1.96
"pc1","4cpu-i7",0.55,"locf",1,1.99
"pc1","4cpu-i7",0.55,"locf",2,1.99
"pc1","4cpu-i7",0.55,"locf",4,1.98
"pc1","4cpu-i7",0.55,"locf",2,1.94
"pc1","4cpu-i7",0.55,"locf",4,1.94
"pc1","4cpu-i7",0.55,"locf",3,1.98
"pc1","4cpu-i7",0.55,"locf",1,2
"pc1","4cpu-i7",0.55,"locf",2,1.95
"pc1","4cpu-i7",0.55,"locf",3,1.97
"pc1","4cpu-i7",0.55,"locf",4,1.99
"pc1","4cpu-i7",0.55,"locf",1,1.99
"pc1","4cpu-i7",0.55,"locf",2,2.02
"pc1","4cpu-i7",0.55,"locf",3,2.02
"pc1","4cpu-i7",0.55,"locf",1,2.03
"pc1","4cpu-i7",0.55,"locf",4,2.03
"pc1","4cpu-i7",0.55,"locf",1,1.98
"pc1","4cpu-i7",0.55,"locf",2,1.99
"pc1","4cpu-i7",0.55,"locf",3,1.97
"pc1","4cpu-i7",0.55,"locf",4,1.98
"pc1","4cpu-i7",0.55,"locf",1,1.98
"pc1","4cpu-i7",0.55,"locf",2,1.99
"pc1","4cpu-i7",0.55,"locf",3,2.04
"pc1","4cpu-i7",0.55,"locf",4,2.04
"pc1","4cpu-i7",0.55,"locf",2,1.9
"pc1","4cpu-i7",0.55,"locf",3,1.96
"pc1","4cpu-i7",0.55,"locf",1,1.98
"pc1","4cpu-i7",0.55,"locf",4,2.04
"pc1","4cpu-i7",0.55,"locf",2,1.93
"pc1","4cpu-i7",0.55,"locf",4,1.92
"pc1","4cpu-i7",0.55,"locf",1,2
"pc1","4cpu-i7",0.55,"locf",3,1.99
"pc1","4cpu-i7",0.55,"locf",1,1.99
"pc1","4cpu-i7",0.55,"locf",2,1.99
"pc1","4cpu-i7",0.55,"locf",3,2
"pc1","4cpu-i7",0.55,"locf",4,2
"pc1","4cpu-i7",0.55,"locf",1,2
"pc1","4cpu-i7",0.55,"locf",2,2
"pc1","4cpu-i7",0.55,"locf",3,2
"pc1","4cpu-i7",0.55,"locf",4,2
"pc1","4cpu-i7",0.55,"locf",4,1.91
"pc1","4cpu-i7",0.55,"locf",3,1.92
"pc1","4cpu-i7",0.55,"locf",1,1.96
"pc1","4cpu-i7",0.55,"locf",2,2.01
"pc1","4cpu-i7",0.55,"locf",4,1.95
"pc1","4cpu-i7",0.55,"locf",3,1.95
"pc1","4cpu-i7",0.55,"locf",1,2.05
"pc1","4cpu-i7",0.55,"locf",2,2.05
"pc1","4cpu-i7",0.55,"locf",3,1.92
"pc1","4cpu-i7",0.55,"locf",4,1.93
"pc1","4cpu-i7",0.55,"locf",1,2.04
"pc1","4cpu-i7",0.55,"locf",2,2.02
"pc1","4cpu-i7",0.55,"locf",4,2
"pc1","4cpu-i7",0.55,"locf",3,2.02
"pc1","4cpu-i7",0.55,"locf",1,2.06
"pc1","4cpu-i7",0.55,"locf",2,2.04
"pc1","4cpu-i7",0.55,"locf",4,1.99
"pc1","4cpu-i7",0.55,"locf",3,1.99
"pc1","4cpu-i7",0.55,"locf",1,2.02
"pc1","4cpu-i7",0.55,"locf",2,2.02
"pc1","4cpu-i7",0.55,"locf",4,1.95
"pc1","4cpu-i7",0.55,"locf",1,2.03
"pc1","4cpu-i7",0.55,"locf",3,2.03
"pc1","4cpu-i7",0.55,"locf",2,2.04
"pc1","4cpu-i7",0.55,"locf",3,1.97
"pc1","4cpu-i7",0.55,"locf",4,1.97
"pc1","4cpu-i7",0.55,"locf",1,2.07
"pc1","4cpu-i7",0.55,"locf",2,2.09
"pc1","4cpu-i7",0.55,"locf",3,1.96
"pc1","4cpu-i7",0.55,"locf",1,1.98
"pc1","4cpu-i7",0.55,"locf",2,2.04
"pc1","4cpu-i7",0.55,"locf",4,2.04
"pc1","4cpu-i7",0.55,"locf",3,1.92
"pc1","4cpu-i7",0.55,"locf",1,1.92
"pc1","4cpu-i7",0.55,"locf",2,2
"pc1","4cpu-i7",0.55,"locf",4,2
"pc1","4cpu-i7",0.65,"locf",4,1.83
"pc1","4cpu-i7",0.65,"locf",3,1.86
"pc1","4cpu-i7",0.65,"locf",2,1.88
"pc1","4cpu-i7",0.65,"locf",1,1.94
"pc1","4cpu-i7",0.65,"locf",2,1.88
"pc1","4cpu-i7",0.65,"locf",1,1.89
"pc1","4cpu-i7",0.65,"locf",4,1.89
"pc1","4cpu-i7",0.65,"locf",3,1.91
"pc1","4cpu-i7",0.65,"locf",2,1.6
"pc1","4cpu-i7",0.65,"locf",1,1.65
"pc1","4cpu-i7",0.65,"locf",4,1.65
"pc1","4cpu-i7",0.65,"locf",3,1.65
"pc1","4cpu-i7",0.65,"locf",3,1.65
"pc1","4cpu-i7",0.65,"locf",4,1.66
"pc1","4cpu-i7",0.65,"locf",1,1.71
"pc1","4cpu-i7",0.65,"locf",2,1.75
"pc1","4cpu-i7",0.65,"locf",3,1.69
"pc1","4cpu-i7",0.65,"locf",1,1.68
"pc1","4cpu-i7",0.65,"locf",2,1.68
"pc1","4cpu-i7",0.65,"locf",4,1.67
"pc1","4cpu-i7",0.65,"locf",1,1.67
"pc1","4cpu-i7",0.65,"locf",2,1.67
"pc1","4cpu-i7",0.65,"locf",4,1.68
"pc1","4cpu-i7",0.65,"locf",3,1.68
"pc1","4cpu-i7",0.65,"locf",3,1.62
"pc1","4cpu-i7",0.65,"locf",2,1.63
"pc1","4cpu-i7",0.65,"locf",4,1.63
"pc1","4cpu-i7",0.65,"locf",1,1.67
"pc1","4cpu-i7",0.65,"locf",4,1.64
"pc1","4cpu-i7",0.65,"locf",3,1.64
"pc1","4cpu-i7",0.65,"locf",2,1.68
"pc1","4cpu-i7",0.65,"locf",1,1.68
"pc1","4cpu-i7",0.65,"locf",4,1.63
"pc1","4cpu-i7",0.65,"locf",3,1.63
"pc1","4cpu-i7",0.65,"locf",2,1.66
"pc1","4cpu-i7",0.65,"locf",1,1.66
"pc1","4cpu-i7",0.65,"locf",4,1.62
"pc1","4cpu-i7",0.65,"locf",1,1.66
"pc1","4cpu-i7",0.65,"locf",3,1.67
"pc1","4cpu-i7",0.65,"locf",2,1.67
"pc1","4cpu-i7",0.65,"locf",1,1.63
"pc1","4cpu-i7",0.65,"locf",4,1.63
"pc1","4cpu-i7",0.65,"locf",3,1.7
"pc1","4cpu-i7",0.65,"locf",2,1.7
"pc1","4cpu-i7",0.65,"locf",1,1.64
"pc1","4cpu-i7",0.65,"locf",3,1.63
"pc1","4cpu-i7",0.65,"locf",4,1.65
"pc1","4cpu-i7",0.65,"locf",2,1.68
"pc1","4cpu-i7",0.65,"locf",1,1.65
"pc1","4cpu-i7",0.65,"locf",3,1.65
"pc1","4cpu-i7",0.65,"locf",4,1.66
"pc1","4cpu-i7",0.65,"locf",2,1.68
"pc1","4cpu-i7",0.65,"locf",3,1.66
"pc1","4cpu-i7",0.65,"locf",1,1.67
"pc1","4cpu-i7",0.65,"locf",2,1.67
"pc1","4cpu-i7",0.65,"locf",4,1.67
"pc1","4cpu-i7",0.65,"locf",3,1.61
"pc1","4cpu-i7",0.65,"locf",4,1.61
"pc1","4cpu-i7",0.65,"locf",2,1.65
"pc1","4cpu-i7",0.65,"locf",1,1.65
"pc1","4cpu-i7",0.65,"locf",3,1.64
"pc1","4cpu-i7",0.65,"locf",4,1.64
"pc1","4cpu-i7",0.65,"locf",1,1.74
"pc1","4cpu-i7",0.65,"locf",2,1.75
"pc1","4cpu-i7",0.65,"locf",1,1.66
"pc1","4cpu-i7",0.65,"locf",2,1.68
"pc1","4cpu-i7",0.65,"locf",4,1.68
"pc1","4cpu-i7",0.65,"locf",3,1.68
"pc1","4cpu-i7",0.65,"locf",1,1.65
"pc1","4cpu-i7",0.65,"locf",2,1.65
"pc1","4cpu-i7",0.65,"locf",3,1.66
"pc1","4cpu-i7",0.65,"locf",4,1.66
"pc1","4cpu-i7",0.65,"locf",2,1.68
"pc1","4cpu-i7",0.65,"locf",3,1.68
"pc1","4cpu-i7",0.65,"locf",4,1.68
"pc1","4cpu-i7",0.65,"locf",1,1.7
"pc1","4cpu-i7",0.65,"locf",1,1.65
"pc1","4cpu-i7",0.65,"locf",3,1.65
"pc1","4cpu-i7",0.65,"locf",4,1.65
"pc1","4cpu-i7",0.65,"locf",2,1.71
"pc1","4cpu-i7",0.65,"locf",1,1.69
"pc1","4cpu-i7",0.65,"locf",4,1.71
"pc1","4cpu-i7",0.65,"locf",2,1.71
"pc1","4cpu-i7",0.65,"locf",3,1.71
"pc1","4cpu-i7",0.65,"locf",1,1.69
"pc1","4cpu-i7",0.65,"locf",4,1.69
"pc1","4cpu-i7",0.65,"locf",2,1.69
"pc1","4cpu-i7",0.65,"locf",3,1.69
"pc1","4cpu-i7",0.65,"locf",1,1.7
"pc1","4cpu-i7",0.65,"locf",4,1.7
"pc1","4cpu-i7",0.65,"locf",2,1.69
"pc1","4cpu-i7",0.65,"locf",3,1.73
"pc1","4cpu-i7",0.65,"locf",2,1.63
"pc1","4cpu-i7",0.65,"locf",4,1.63
"pc1","4cpu-i7",0.65,"locf",3,1.67
"pc1","4cpu-i7",0.65,"locf",1,1.7
"pc1","4cpu-i7",0.65,"locf",1,1.68
"pc1","4cpu-i7",0.65,"locf",2,1.68
"pc1","4cpu-i7",0.65,"locf",3,1.69
"pc1","4cpu-i7",0.65,"locf",4,1.7
"pc1","4cpu-i7",0.65,"locf",4,1.66
"pc1","4cpu-i7",0.65,"locf",3,1.66
"pc1","4cpu-i7",0.65,"locf",1,1.71
"pc1","4cpu-i7",0.65,"locf",2,1.7
"pc1","4cpu-i7",0.65,"locf",2,1.63
"pc1","4cpu-i7",0.65,"locf",1,1.63
"pc1","4cpu-i7",0.65,"locf",3,1.67
"pc1","4cpu-i7",0.65,"locf",4,1.67
"pc1","4cpu-i7",0.65,"locf",3,1.65
"pc1","4cpu-i7",0.65,"locf",2,1.67
"pc1","4cpu-i7",0.65,"locf",4,1.72
"pc1","4cpu-i7",0.65,"locf",1,1.75
"pc1","4cpu-i7",0.65,"locf",1,1.68
"pc1","4cpu-i7",0.65,"locf",4,1.66
"pc1","4cpu-i7",0.65,"locf",2,1.7
"pc1","4cpu-i7",0.65,"locf",3,1.7
"pc1","4cpu-i7",0.65,"locf",4,1.68
"pc1","4cpu-i7",0.65,"locf",1,1.69
"pc1","4cpu-i7",0.65,"locf",3,1.71
"pc1","4cpu-i7",0.65,"locf",2,1.71
"pc1","4cpu-i7",0.75,"locf",2,1.58
"pc1","4cpu-i7",0.75,"locf",3,1.62
"pc1","4cpu-i7",0.75,"locf",1,1.62
"pc1","4cpu-i7",0.75,"locf",4,1.62
"pc1","4cpu-i7",0.75,"locf",2,1.59
"pc1","4cpu-i7",0.75,"locf",3,1.63
"pc1","4cpu-i7",0.75,"locf",4,1.64
"pc1","4cpu-i7",0.75,"locf",1,1.67
"pc1","4cpu-i7",0.75,"locf",3,1.44
"pc1","4cpu-i7",0.75,"locf",1,1.44
"pc1","4cpu-i7",0.75,"locf",4,1.42
"pc1","4cpu-i7",0.75,"locf",2,1.45
"pc1","4cpu-i7",0.75,"locf",2,1.38
"pc1","4cpu-i7",0.75,"locf",1,1.38
"pc1","4cpu-i7",0.75,"locf",3,1.46
"pc1","4cpu-i7",0.75,"locf",4,1.46
"pc1","4cpu-i7",0.75,"locf",1,1.37
"pc1","4cpu-i7",0.75,"locf",2,1.38
"pc1","4cpu-i7",0.75,"locf",3,1.43
"pc1","4cpu-i7",0.75,"locf",4,1.43
"pc1","4cpu-i7",0.75,"locf",1,1.41
"pc1","4cpu-i7",0.75,"locf",2,1.44
"pc1","4cpu-i7",0.75,"locf",3,1.45
"pc1","4cpu-i7",0.75,"locf",4,1.45
"pc1","4cpu-i7",0.75,"locf",1,1.4
"pc1","4cpu-i7",0.75,"locf",2,1.4
"pc1","4cpu-i7",0.75,"locf",4,1.46
"pc1","4cpu-i7",0.75,"locf",3,1.48
"pc1","4cpu-i7",0.75,"locf",1,1.4
"pc1","4cpu-i7",0.75,"locf",4,1.44
"pc1","4cpu-i7",0.75,"locf",2,1.44
"pc1","4cpu-i7",0.75,"locf",3,1.44
"pc1","4cpu-i7",0.75,"locf",2,1.4
"pc1","4cpu-i7",0.75,"locf",4,1.4
"pc1","4cpu-i7",0.75,"locf",3,1.42
"pc1","4cpu-i7",0.75,"locf",1,1.46
"pc1","4cpu-i7",0.75,"locf",2,1.38
"pc1","4cpu-i7",0.75,"locf",4,1.4
"pc1","4cpu-i7",0.75,"locf",3,1.41
"pc1","4cpu-i7",0.75,"locf",1,1.43
"pc1","4cpu-i7",0.75,"locf",3,1.36
"pc1","4cpu-i7",0.75,"locf",2,1.41
"pc1","4cpu-i7",0.75,"locf",4,1.4
"pc1","4cpu-i7",0.75,"locf",1,1.44
"pc1","4cpu-i7",0.75,"locf",2,1.42
"pc1","4cpu-i7",0.75,"locf",1,1.42
"pc1","4cpu-i7",0.75,"locf",3,1.42
"pc1","4cpu-i7",0.75,"locf",4,1.42
"pc1","4cpu-i7",0.75,"locf",3,1.4
"pc1","4cpu-i7",0.75,"locf",1,1.42
"pc1","4cpu-i7",0.75,"locf",4,1.42
"pc1","4cpu-i7",0.75,"locf",2,1.44
"pc1","4cpu-i7",0.75,"locf",4,1.44
"pc1","4cpu-i7",0.75,"locf",3,1.46
"pc1","4cpu-i7",0.75,"locf",2,1.48
"pc1","4cpu-i7",0.75,"locf",1,1.48
"pc1","4cpu-i7",0.75,"locf",1,1.4
"pc1","4cpu-i7",0.75,"locf",4,1.4
"pc1","4cpu-i7",0.75,"locf",3,1.47
"pc1","4cpu-i7",0.75,"locf",2,1.47
"pc1","4cpu-i7",0.75,"locf",1,1.42
"pc1","4cpu-i7",0.75,"locf",2,1.42
"pc1","4cpu-i7",0.75,"locf",3,1.43
"pc1","4cpu-i7",0.75,"locf",4,1.44
"pc1","4cpu-i7",0.75,"locf",2,1.45
"pc1","4cpu-i7",0.75,"locf",1,1.45
"pc1","4cpu-i7",0.75,"locf",3,1.47
"pc1","4cpu-i7",0.75,"locf",4,1.47
"pc1","4cpu-i7",0.75,"locf",2,1.39
"pc1","4cpu-i7",0.75,"locf",3,1.44
"pc1","4cpu-i7",0.75,"locf",4,1.44
"pc1","4cpu-i7",0.75,"locf",1,1.4
"pc1","4cpu-i7",0.75,"locf",2,1.41
"pc1","4cpu-i7",0.75,"locf",3,1.49
"pc1","4cpu-i7",0.75,"locf",4,1.48
"pc1","4cpu-i7",0.75,"locf",3,1.41
"pc1","4cpu-i7",0.75,"locf",4,1.41
"pc1","4cpu-i7",0.75,"locf",1,1.45
"pc1","4cpu-i7",0.75,"locf",2,1.46
"pc1","4cpu-i7",0.75,"locf",2,1.44
"pc1","4cpu-i7",0.75,"locf",4,1.44
"pc1","4cpu-i7",0.75,"locf",1,1.48
"pc1","4cpu-i7",0.75,"locf",3,1.48
"pc1","4cpu-i7",0.75,"locf",1,1.4
"pc1","4cpu-i7",0.75,"locf",3,1.41
"pc1","4cpu-i7",0.75,"locf",4,1.41
"pc1","4cpu-i7",0.75,"locf",2,1.46
"pc1","4cpu-i7",0.75,"locf",1,1.4
"pc1","4cpu-i7",0.75,"locf",4,1.44
"pc1","4cpu-i7",0.75,"locf",2,1.46
"pc1","4cpu-i7",0.75,"locf",3,1.47
"pc1","4cpu-i7",0.75,"locf",1,1.4
"pc1","4cpu-i7",0.75,"locf",2,1.4
"pc1","4cpu-i7",0.75,"locf",3,1.46
"pc1","4cpu-i7",0.75,"locf",4,1.46
"pc1","4cpu-i7",0.75,"locf",2,1.4
"pc1","4cpu-i7",0.75,"locf",4,1.43
"pc1","4cpu-i7",0.75,"locf",1,1.48
"pc1","4cpu-i7",0.75,"locf",3,1.47
"pc1","4cpu-i7",0.75,"locf",4,1.39
"pc1","4cpu-i7",0.75,"locf",1,1.47
"pc1","4cpu-i7",0.75,"locf",3,1.46
"pc1","4cpu-i7",0.75,"locf",3,1.42
"pc1","4cpu-i7",0.75,"locf",2,1.46
"pc1","4cpu-i7",0.75,"locf",1,1.48
"pc1","4cpu-i7",0.75,"locf",4,1.46
"pc1","4cpu-i7",0.75,"locf",2,1.4
"pc1","4cpu-i7",0.75,"locf",3,1.41
"pc1","4cpu-i7",0.75,"locf",1,1.47
"pc1","4cpu-i7",0.75,"locf",4,1.45
"pc1","4cpu-i7",0.75,"locf",2,1.44
"pc1","4cpu-i7",0.75,"locf",1,1.44
"pc1","4cpu-i7",0.75,"locf",4,1.44
"pc1","4cpu-i7",0.75,"locf",3,1.44
"pc1","4cpu-i7",0.75,"locf",3,1.41
"pc1","4cpu-i7",0.75,"locf",4,1.41
"pc1","4cpu-i7",0.75,"locf",2,1.44
"pc1","4cpu-i7",0.75,"locf",1,1.45
"pc1","4cpu-i7",0.85,"locf",2,1.41
"pc1","4cpu-i7",0.85,"locf",3,1.42
"pc1","4cpu-i7",0.85,"locf",1,1.47
"pc1","4cpu-i7",0.85,"locf",4,1.43
"pc1","4cpu-i7",0.85,"locf",3,1.41
"pc1","4cpu-i7",0.85,"locf",1,1.44
"pc1","4cpu-i7",0.85,"locf",4,1.46
"pc1","4cpu-i7",0.85,"locf",2,1.46
"pc1","4cpu-i7",0.85,"locf",3,1.27
"pc1","4cpu-i7",0.85,"locf",1,1.28
"pc1","4cpu-i7",0.85,"locf",2,1.3
"pc1","4cpu-i7",0.85,"locf",4,1.31
"pc1","4cpu-i7",0.85,"locf",1,1.28
"pc1","4cpu-i7",0.85,"locf",4,1.26
"pc1","4cpu-i7",0.85,"locf",3,1.28
"pc1","4cpu-i7",0.85,"locf",2,1.3
"pc1","4cpu-i7",0.85,"locf",1,1.26
"pc1","4cpu-i7",0.85,"locf",3,1.26
"pc1","4cpu-i7",0.85,"locf",2,1.3
"pc1","4cpu-i7",0.85,"locf",4,1.3
"pc1","4cpu-i7",0.85,"locf",1,1.29
"pc1","4cpu-i7",0.85,"locf",3,1.29
"pc1","4cpu-i7",0.85,"locf",2,1.29
"pc1","4cpu-i7",0.85,"locf",4,1.28
"pc1","4cpu-i7",0.85,"locf",4,1.27
"pc1","4cpu-i7",0.85,"locf",1,1.27
"pc1","4cpu-i7",0.85,"locf",3,1.29
"pc1","4cpu-i7",0.85,"locf",2,1.3
"pc1","4cpu-i7",0.85,"locf",3,1.23
"pc1","4cpu-i7",0.85,"locf",1,1.25
"pc1","4cpu-i7",0.85,"locf",2,1.31
"pc1","4cpu-i7",0.85,"locf",4,1.3
"pc1","4cpu-i7",0.85,"locf",3,1.26
"pc1","4cpu-i7",0.85,"locf",4,1.26
"pc1","4cpu-i7",0.85,"locf",2,1.29
"pc1","4cpu-i7",0.85,"locf",1,1.3
"pc1","4cpu-i7",0.85,"locf",1,1.28
"pc1","4cpu-i7",0.85,"locf",2,1.29
"pc1","4cpu-i7",0.85,"locf",4,1.29
"pc1","4cpu-i7",0.85,"locf",3,1.3
"pc1","4cpu-i7",0.85,"locf",2,1.26
"pc1","4cpu-i7",0.85,"locf",3,1.24
"pc1","4cpu-i7",0.85,"locf",4,1.26
"pc1","4cpu-i7",0.85,"locf",1,1.26
"pc1","4cpu-i7",0.85,"locf",3,1.26
"pc1","4cpu-i7",0.85,"locf",1,1.28
"pc1","4cpu-i7",0.85,"locf",4,1.28
"pc1","4cpu-i7",0.85,"locf",2,1.28
"pc1","4cpu-i7",0.85,"locf",4,1.26
"pc1","4cpu-i7",0.85,"locf",1,1.26
"pc1","4cpu-i7",0.85,"locf",3,1.31
"pc1","4cpu-i7",0.85,"locf",2,1.32
"pc1","4cpu-i7",0.85,"locf",2,1.28
"pc1","4cpu-i7",0.85,"locf",1,1.28
"pc1","4cpu-i7",0.85,"locf",3,1.29
"pc1","4cpu-i7",0.85,"locf",4,1.28
"pc1","4cpu-i7",0.85,"locf",2,1.26
"pc1","4cpu-i7",0.85,"locf",4,1.26
"pc1","4cpu-i7",0.85,"locf",1,1.31
"pc1","4cpu-i7",0.85,"locf",3,1.31
"pc1","4cpu-i7",0.85,"locf",2,1.25
"pc1","4cpu-i7",0.85,"locf",4,1.26
"pc1","4cpu-i7",0.85,"locf",1,1.3
"pc1","4cpu-i7",0.85,"locf",3,1.3
"pc1","4cpu-i7",0.85,"locf",3,1.24
"pc1","4cpu-i7",0.85,"locf",4,1.26
"pc1","4cpu-i7",0.85,"locf",2,1.29
"pc1","4cpu-i7",0.85,"locf",1,1.29
"pc1","4cpu-i7",0.85,"locf",1,1.26
"pc1","4cpu-i7",0.85,"locf",2,1.29
"pc1","4cpu-i7",0.85,"locf",4,1.29
"pc1","4cpu-i7",0.85,"locf",3,1.32
"pc1","4cpu-i7",0.85,"locf",4,1.31
"pc1","4cpu-i7",0.85,"locf",2,1.32
"pc1","4cpu-i7",0.85,"locf",3,1.32
"pc1","4cpu-i7",0.85,"locf",1,1.32
"pc1","4cpu-i7",0.85,"locf",1,1.25
"pc1","4cpu-i7",0.85,"locf",2,1.27
"pc1","4cpu-i7",0.85,"locf",3,1.3
"pc1","4cpu-i7",0.85,"locf",4,1.3
"pc1","4cpu-i7",0.85,"locf",2,1.28
"pc1","4cpu-i7",0.85,"locf",3,1.3
"pc1","4cpu-i7",0.85,"locf",1,2.07
"pc1","4cpu-i7",0.85,"locf",4,1.31
"pc1","4cpu-i7",0.85,"locf",1,1.27
"pc1","4cpu-i7",0.85,"locf",4,1.28
"pc1","4cpu-i7",0.85,"locf",3,1.31
"pc1","4cpu-i7",0.85,"locf",2,1.32
"pc1","4cpu-i7",0.85,"locf",3,1.26
"pc1","4cpu-i7",0.85,"locf",4,1.26
"pc1","4cpu-i7",0.85,"locf",1,1.32
"pc1","4cpu-i7",0.85,"locf",2,1.32
"pc1","4cpu-i7",0.85,"locf",1,1.27
"pc1","4cpu-i7",0.85,"locf",3,1.28
"pc1","4cpu-i7",0.85,"locf",4,1.31
"pc1","4cpu-i7",0.85,"locf",2,1.31
"pc1","4cpu-i7",0.85,"locf",3,1.27
"pc1","4cpu-i7",0.85,"locf",4,1.27
"pc1","4cpu-i7",0.85,"locf",1,1.32
"pc1","4cpu-i7",0.85,"locf",2,1.33
"pc1","4cpu-i7",0.85,"locf",1,1.29
"pc1","4cpu-i7",0.85,"locf",2,1.29
"pc1","4cpu-i7",0.85,"locf",4,1.3
"pc1","4cpu-i7",0.85,"locf",3,1.31
"pc1","4cpu-i7",0.85,"locf",2,1.28
"pc1","4cpu-i7",0.85,"locf",3,1.28
"pc1","4cpu-i7",0.85,"locf",4,1.31
"pc1","4cpu-i7",0.85,"locf",1,1.33
"pc1","4cpu-i7",0.85,"locf",2,1.27
"pc1","4cpu-i7",0.85,"locf",3,1.28
"pc1","4cpu-i7",0.85,"locf",1,1.31
"pc1","4cpu-i7",0.85,"locf",4,1.3
"pc1","4cpu-i7",0.85,"locf",2,1.28
"pc1","4cpu-i7",0.85,"locf",3,1.27
"pc1","4cpu-i7",0.85,"locf",1,1.38
"pc1","4cpu-i7",0.85,"locf",4,1.34
"pc1","4cpu-i7",0.85,"locf",2,1.27
"pc1","4cpu-i7",0.85,"locf",3,1.27
"pc1","4cpu-i7",0.85,"locf",1,1.32
"pc1","4cpu-i7",0.85,"locf",4,1.31
"pc1","4cpu-i7",0.95,"locf",4,1.25
"pc1","4cpu-i7",0.95,"locf",1,1.27
"pc1","4cpu-i7",0.95,"locf",2,1.27
"pc1","4cpu-i7",0.95,"locf",3,1.27
"pc1","4cpu-i7",0.95,"locf",1,1.26
"pc1","4cpu-i7",0.95,"locf",2,1.26
"pc1","4cpu-i7",0.95,"locf",4,1.29
"pc1","4cpu-i7",0.95,"locf",3,1.29
"pc1","4cpu-i7",0.95,"locf",2,1.09
"pc1","4cpu-i7",0.95,"locf",4,1.09
"pc1","4cpu-i7",0.95,"locf",1,1.14
"pc1","4cpu-i7",0.95,"locf",3,1.12
"pc1","4cpu-i7",0.95,"locf",1,1.09
"pc1","4cpu-i7",0.95,"locf",2,1.09
"pc1","4cpu-i7",0.95,"locf",3,1.12
"pc1","4cpu-i7",0.95,"locf",4,1.12
"pc1","4cpu-i7",0.95,"locf",3,1.09
"pc1","4cpu-i7",0.95,"locf",4,1.13
"pc1","4cpu-i7",0.95,"locf",1,1.13
"pc1","4cpu-i7",0.95,"locf",2,1.13
"pc1","4cpu-i7",0.95,"locf",2,1.09
"pc1","4cpu-i7",0.95,"locf",3,1.09
"pc1","4cpu-i7",0.95,"locf",1,1.12
"pc1","4cpu-i7",0.95,"locf",4,1.11
"pc1","4cpu-i7",0.95,"locf",1,1.09
"pc1","4cpu-i7",0.95,"locf",4,1.1
"pc1","4cpu-i7",0.95,"locf",2,1.12
"pc1","4cpu-i7",0.95,"locf",3,1.13
"pc1","4cpu-i7",0.95,"locf",3,1.1
"pc1","4cpu-i7",0.95,"locf",4,1.1
"pc1","4cpu-i7",0.95,"locf",2,1.13
"pc1","4cpu-i7",0.95,"locf",1,1.15
"pc1","4cpu-i7",0.95,"locf",2,1.09
"pc1","4cpu-i7",0.95,"locf",3,1.08
"pc1","4cpu-i7",0.95,"locf",1,1.14
"pc1","4cpu-i7",0.95,"locf",4,1.13
"pc1","4cpu-i7",0.95,"locf",3,1.08
"pc1","4cpu-i7",0.95,"locf",4,1.09
"pc1","4cpu-i7",0.95,"locf",2,1.14
"pc1","4cpu-i7",0.95,"locf",1,1.14
"pc1","4cpu-i7",0.95,"locf",4,1.1
"pc1","4cpu-i7",0.95,"locf",3,1.1
"pc1","4cpu-i7",0.95,"locf",2,1.13
"pc1","4cpu-i7",0.95,"locf",1,1.13
"pc1","4cpu-i7",0.95,"locf",1,1.1
"pc1","4cpu-i7",0.95,"locf",4,1.08
"pc1","4cpu-i7",0.95,"locf",2,1.14
"pc1","4cpu-i7",0.95,"locf",3,1.13
"pc1","4cpu-i7",0.95,"locf",2,1.09
"pc1","4cpu-i7",0.95,"locf",3,1.09
"pc1","4cpu-i7",0.95,"locf",1,1.11
"pc1","4cpu-i7",0.95,"locf",4,1.11
"pc1","4cpu-i7",0.95,"locf",2,1.09
"pc1","4cpu-i7",0.95,"locf",3,1.09
"pc1","4cpu-i7",0.95,"locf",1,1.14
"pc1","4cpu-i7",0.95,"locf",4,1.13
"pc1","4cpu-i7",0.95,"locf",2,1.68
"pc1","4cpu-i7",0.95,"locf",3,1.1
"pc1","4cpu-i7",0.95,"locf",1,1.14
"pc1","4cpu-i7",0.95,"locf",4,1.13
"pc1","4cpu-i7",0.95,"locf",2,1.08
"pc1","4cpu-i7",0.95,"locf",3,1.1
"pc1","4cpu-i7",0.95,"locf",1,1.13
"pc1","4cpu-i7",0.95,"locf",4,1.12
"pc1","4cpu-i7",0.95,"locf",1,1.12
"pc1","4cpu-i7",0.95,"locf",2,1.13
"pc1","4cpu-i7",0.95,"locf",4,1.14
"pc1","4cpu-i7",0.95,"locf",3,1.14
"pc1","4cpu-i7",0.95,"locf",2,1.61
"pc1","4cpu-i7",0.95,"locf",3,1.13
"pc1","4cpu-i7",0.95,"locf",1,1.13
"pc1","4cpu-i7",0.95,"locf",4,1.13
"pc1","4cpu-i7",0.95,"locf",2,1.09
"pc1","4cpu-i7",0.95,"locf",3,1.11
"pc1","4cpu-i7",0.95,"locf",1,1.13
"pc1","4cpu-i7",0.95,"locf",4,1.14
"pc1","4cpu-i7",0.95,"locf",1,1.09
"pc1","4cpu-i7",0.95,"locf",2,1.09
"pc1","4cpu-i7",0.95,"locf",3,1.16
"pc1","4cpu-i7",0.95,"locf",4,1.16
"pc1","4cpu-i7",0.95,"locf",2,1.11
"pc1","4cpu-i7",0.95,"locf",1,1.68
"pc1","4cpu-i7",0.95,"locf",4,1.68
"pc1","4cpu-i7",0.95,"locf",3,1.16
"pc1","4cpu-i7",0.95,"locf",2,1.1
"pc1","4cpu-i7",0.95,"locf",1,1.14
"pc1","4cpu-i7",0.95,"locf",3,1.14
"pc1","4cpu-i7",0.95,"locf",4,1.14
"pc1","4cpu-i7",0.95,"locf",1,1.09
"pc1","4cpu-i7",0.95,"locf",2,1.1
"pc1","4cpu-i7",0.95,"locf",3,1.14
"pc1","4cpu-i7",0.95,"locf",4,1.14
"pc1","4cpu-i7",0.95,"locf",3,1.12
"pc1","4cpu-i7",0.95,"locf",4,1.12
"pc1","4cpu-i7",0.95,"locf",2,1.17
"pc1","4cpu-i7",0.95,"locf",1,1.17
"pc1","4cpu-i7",0.95,"locf",3,1.1
"pc1","4cpu-i7",0.95,"locf",4,1.11
"pc1","4cpu-i7",0.95,"locf",1,1.15
"pc1","4cpu-i7",0.95,"locf",2,1.15
"pc1","4cpu-i7",0.95,"locf",2,1.1
"pc1","4cpu-i7",0.95,"locf",4,1.1
"pc1","4cpu-i7",0.95,"locf",1,1.16
"pc1","4cpu-i7",0.95,"locf",3,1.15
"pc1","4cpu-i7",0.95,"locf",4,1.1
"pc1","4cpu-i7",0.95,"locf",3,1.11
"pc1","4cpu-i7",0.95,"locf",1,1.15
"pc1","4cpu-i7",0.95,"locf",2,1.15
"pc1","4cpu-i7",0.95,"locf",3,1.1
"pc1","4cpu-i7",0.95,"locf",4,1.12
"pc1","4cpu-i7",0.95,"locf",1,1.15
"pc1","4cpu-i7",0.95,"locf",2,1.15
"pc1","4cpu-i7",0.95,"locf",1,1.11
"pc1","4cpu-i7",0.95,"locf",3,1.11
"pc1","4cpu-i7",0.95,"locf",2,1.14
"pc1","4cpu-i7",0.95,"locf",4,1.14
"pc1","4cpu-i7",0.95,"locf",2,1.11
"pc1","4cpu-i7",0.95,"locf",3,1.13
"pc1","4cpu-i7",0.95,"locf",4,1.13
"pc1","4cpu-i7",0.95,"locf",1,1.16
"pc1","4cpu-i7",0.05,"ssa",1,91.98
"pc1","4cpu-i7",0.05,"ssa",2,92.06
"pc1","4cpu-i7",0.05,"ssa",3,92.15
"pc1","4cpu-i7",0.05,"ssa",4,92.32
"pc1","4cpu-i7",0.05,"ssa",4,95.31
"pc1","4cpu-i7",0.05,"ssa",1,95.72
"pc1","4cpu-i7",0.05,"ssa",3,95.72
"pc1","4cpu-i7",0.05,"ssa",2,95.84
"pc1","4cpu-i7",0.05,"ssa",1,90.79
"pc1","4cpu-i7",0.05,"ssa",4,90.95
"pc1","4cpu-i7",0.05,"ssa",2,91.27
"pc1","4cpu-i7",0.05,"ssa",3,91.36
"pc1","4cpu-i7",0.05,"ssa",4,91.25
"pc1","4cpu-i7",0.05,"ssa",3,91.25
"pc1","4cpu-i7",0.05,"ssa",1,91.37
"pc1","4cpu-i7",0.05,"ssa",2,91.46
"pc1","4cpu-i7",0.05,"ssa",3,91.07
"pc1","4cpu-i7",0.05,"ssa",4,91.16
"pc1","4cpu-i7",0.05,"ssa",2,91.38
"pc1","4cpu-i7",0.05,"ssa",1,91.58
"pc1","4cpu-i7",0.05,"ssa",3,89.35
"pc1","4cpu-i7",0.05,"ssa",2,90.55
"pc1","4cpu-i7",0.05,"ssa",4,90.54
"pc1","4cpu-i7",0.05,"ssa",1,91.26
"pc1","4cpu-i7",0.05,"ssa",2,91.25
"pc1","4cpu-i7",0.05,"ssa",3,91.37
"pc1","4cpu-i7",0.05,"ssa",1,91.37
"pc1","4cpu-i7",0.05,"ssa",4,91.43
"pc1","4cpu-i7",0.05,"ssa",4,90.85
"pc1","4cpu-i7",0.05,"ssa",2,91.08
"pc1","4cpu-i7",0.05,"ssa",1,91.26
"pc1","4cpu-i7",0.05,"ssa",3,91.26
"pc1","4cpu-i7",0.05,"ssa",4,90.54
"pc1","4cpu-i7",0.05,"ssa",2,91.05
"pc1","4cpu-i7",0.05,"ssa",3,91.46
"pc1","4cpu-i7",0.05,"ssa",1,91.46
"pc1","4cpu-i7",0.05,"ssa",3,86.64
"pc1","4cpu-i7",0.05,"ssa",4,90.64
"pc1","4cpu-i7",0.05,"ssa",2,91.45
"pc1","4cpu-i7",0.05,"ssa",1,91.66
"pc1","4cpu-i7",0.05,"ssa",3,84.64
"pc1","4cpu-i7",0.05,"ssa",4,90.54
"pc1","4cpu-i7",0.05,"ssa",1,91.17
"pc1","4cpu-i7",0.05,"ssa",2,91.35
"pc1","4cpu-i7",0.05,"ssa",4,86.53
"pc1","4cpu-i7",0.05,"ssa",3,87.14
"pc1","4cpu-i7",0.05,"ssa",2,91.45
"pc1","4cpu-i7",0.05,"ssa",1,91.66
"pc1","4cpu-i7",0.05,"ssa",3,89.14
"pc1","4cpu-i7",0.05,"ssa",4,90.63
"pc1","4cpu-i7",0.05,"ssa",2,91.05
"pc1","4cpu-i7",0.05,"ssa",1,91.46
"pc1","4cpu-i7",0.05,"ssa",2,90.65
"pc1","4cpu-i7",0.05,"ssa",3,90.74
"pc1","4cpu-i7",0.05,"ssa",1,91.16
"pc1","4cpu-i7",0.05,"ssa",4,91.23
"pc1","4cpu-i7",0.05,"ssa",4,89.36
"pc1","4cpu-i7",0.05,"ssa",3,90.76
"pc1","4cpu-i7",0.05,"ssa",1,90.88
"pc1","4cpu-i7",0.05,"ssa",2,91.38
"pc1","4cpu-i7",0.05,"ssa",1,90.56
"pc1","4cpu-i7",0.05,"ssa",4,90.79
"pc1","4cpu-i7",0.05,"ssa",3,90.92
"pc1","4cpu-i7",0.05,"ssa",2,91.54
"pc1","4cpu-i7",0.05,"ssa",4,88.86
"pc1","4cpu-i7",0.05,"ssa",1,90.69
"pc1","4cpu-i7",0.05,"ssa",3,90.77
"pc1","4cpu-i7",0.05,"ssa",2,91.08
"pc1","4cpu-i7",0.05,"ssa",3,87.05
"pc1","4cpu-i7",0.05,"ssa",1,91.37
"pc1","4cpu-i7",0.05,"ssa",4,91.37
"pc1","4cpu-i7",0.05,"ssa",2,91.55
"pc1","4cpu-i7",0.05,"ssa",3,90.64
"pc1","4cpu-i7",0.05,"ssa",2,91.15
"pc1","4cpu-i7",0.05,"ssa",1,91.26
"pc1","4cpu-i7",0.05,"ssa",4,91.53
"pc1","4cpu-i7",0.05,"ssa",1,90.97
"pc1","4cpu-i7",0.05,"ssa",4,91.14
"pc1","4cpu-i7",0.05,"ssa",3,91.35
"pc1","4cpu-i7",0.05,"ssa",2,91.56
"pc1","4cpu-i7",0.05,"ssa",3,88.71
"pc1","4cpu-i7",0.05,"ssa",2,90.94
"pc1","4cpu-i7",0.05,"ssa",1,91.38
"pc1","4cpu-i7",0.05,"ssa",4,91.38
"pc1","4cpu-i7",0.05,"ssa",4,90.77
"pc1","4cpu-i7",0.05,"ssa",3,90.88
"pc1","4cpu-i7",0.05,"ssa",1,91.14
"pc1","4cpu-i7",0.05,"ssa",2,91.32
"pc1","4cpu-i7",0.05,"ssa",3,90.95
"pc1","4cpu-i7",0.05,"ssa",4,91.03
"pc1","4cpu-i7",0.05,"ssa",1,91.27
"pc1","4cpu-i7",0.05,"ssa",2,91.35
"pc1","4cpu-i7",0.05,"ssa",4,88.66
"pc1","4cpu-i7",0.05,"ssa",3,90.66
"pc1","4cpu-i7",0.05,"ssa",1,91.18
"pc1","4cpu-i7",0.05,"ssa",2,91.37
"pc1","4cpu-i7",0.05,"ssa",2,90.36
"pc1","4cpu-i7",0.05,"ssa",4,90.74
"pc1","4cpu-i7",0.05,"ssa",3,91.05
"pc1","4cpu-i7",0.05,"ssa",1,91.57
"pc1","4cpu-i7",0.05,"ssa",4,90.83
"pc1","4cpu-i7",0.05,"ssa",3,90.93
"pc1","4cpu-i7",0.05,"ssa",2,91.06
"pc1","4cpu-i7",0.05,"ssa",1,91.06
"pc1","4cpu-i7",0.05,"ssa",3,82.35
"pc1","4cpu-i7",0.05,"ssa",4,89.05
"pc1","4cpu-i7",0.05,"ssa",2,91.38
"pc1","4cpu-i7",0.05,"ssa",1,91.38
"pc1","4cpu-i7",0.05,"ssa",3,90.62
"pc1","4cpu-i7",0.05,"ssa",4,91.2
"pc1","4cpu-i7",0.05,"ssa",2,91.35
"pc1","4cpu-i7",0.05,"ssa",1,91.86
"pc1","4cpu-i7",0.05,"ssa",4,90.74
"pc1","4cpu-i7",0.05,"ssa",3,91.14
"pc1","4cpu-i7",0.05,"ssa",1,91.45
"pc1","4cpu-i7",0.05,"ssa",2,91.45
"pc1","4cpu-i7",0.05,"ssa",3,90.56
"pc1","4cpu-i7",0.05,"ssa",4,91.15
"pc1","4cpu-i7",0.05,"ssa",2,91.37
"pc1","4cpu-i7",0.05,"ssa",1,91.48
"pc1","4cpu-i7",0.15,"ssa",1,14.21
"pc1","4cpu-i7",0.15,"ssa",4,14.37
"pc1","4cpu-i7",0.15,"ssa",2,21.2
"pc1","4cpu-i7",0.15,"ssa",3,23.99
"pc1","4cpu-i7",0.15,"ssa",4,14.73
"pc1","4cpu-i7",0.15,"ssa",2,15.64
"pc1","4cpu-i7",0.15,"ssa",3,15.73
"pc1","4cpu-i7",0.15,"ssa",1,18.25
"pc1","4cpu-i7",0.15,"ssa",4,13.73
"pc1","4cpu-i7",0.15,"ssa",1,14.07
"pc1","4cpu-i7",0.15,"ssa",3,14.23
"pc1","4cpu-i7",0.15,"ssa",2,18.64
"pc1","4cpu-i7",0.15,"ssa",1,13.49
"pc1","4cpu-i7",0.15,"ssa",2,13.79
"pc1","4cpu-i7",0.15,"ssa",3,14.27
"pc1","4cpu-i7",0.15,"ssa",4,16.77
"pc1","4cpu-i7",0.15,"ssa",4,14.77
"pc1","4cpu-i7",0.15,"ssa",3,18.67
"pc1","4cpu-i7",0.15,"ssa",1,19.59
"pc1","4cpu-i7",0.15,"ssa",2,21.27
"pc1","4cpu-i7",0.15,"ssa",1,13.57
"pc1","4cpu-i7",0.15,"ssa",3,14.15
"pc1","4cpu-i7",0.15,"ssa",4,15.94
"pc1","4cpu-i7",0.15,"ssa",2,18.15
"pc1","4cpu-i7",0.15,"ssa",3,12.52
"pc1","4cpu-i7",0.15,"ssa",4,12.72
"pc1","4cpu-i7",0.15,"ssa",2,14.66
"pc1","4cpu-i7",0.15,"ssa",1,15.27
"pc1","4cpu-i7",0.15,"ssa",2,12.65
"pc1","4cpu-i7",0.15,"ssa",1,14.06
"pc1","4cpu-i7",0.15,"ssa",4,18.73
"pc1","4cpu-i7",0.15,"ssa",3,18.73
"pc1","4cpu-i7",0.15,"ssa",4,13.84
"pc1","4cpu-i7",0.15,"ssa",1,14.17
"pc1","4cpu-i7",0.15,"ssa",3,14.94
"pc1","4cpu-i7",0.15,"ssa",2,20.95
"pc1","4cpu-i7",0.15,"ssa",1,12.46
"pc1","4cpu-i7",0.15,"ssa",4,13.53
"pc1","4cpu-i7",0.15,"ssa",2,14.65
"pc1","4cpu-i7",0.15,"ssa",3,19.24
"pc1","4cpu-i7",0.15,"ssa",3,13.74
"pc1","4cpu-i7",0.15,"ssa",1,14.97
"pc1","4cpu-i7",0.15,"ssa",4,16.13
"pc1","4cpu-i7",0.15,"ssa",2,17.45
"pc1","4cpu-i7",0.15,"ssa",4,16.23
"pc1","4cpu-i7",0.15,"ssa",1,16.36
"pc1","4cpu-i7",0.15,"ssa",3,16.54
"pc1","4cpu-i7",0.15,"ssa",2,18.94
"pc1","4cpu-i7",0.15,"ssa",4,14.07
"pc1","4cpu-i7",0.15,"ssa",2,14.59
"pc1","4cpu-i7",0.15,"ssa",1,14.7
"pc1","4cpu-i7",0.15,"ssa",3,16.87
"pc1","4cpu-i7",0.15,"ssa",1,12.57
"pc1","4cpu-i7",0.15,"ssa",2,14.46
"pc1","4cpu-i7",0.15,"ssa",3,15.34
"pc1","4cpu-i7",0.15,"ssa",4,18.25
"pc1","4cpu-i7",0.15,"ssa",3,13.83
"pc1","4cpu-i7",0.15,"ssa",4,14.04
"pc1","4cpu-i7",0.15,"ssa",1,16.55
"pc1","4cpu-i7",0.15,"ssa",2,16.54
"pc1","4cpu-i7",0.15,"ssa",1,13.96
"pc1","4cpu-i7",0.15,"ssa",4,17.92
"pc1","4cpu-i7",0.15,"ssa",2,19.15
"pc1","4cpu-i7",0.15,"ssa",3,19.43
"pc1","4cpu-i7",0.15,"ssa",3,12.84
"pc1","4cpu-i7",0.15,"ssa",1,13.17
"pc1","4cpu-i7",0.15,"ssa",2,14.26
"pc1","4cpu-i7",0.15,"ssa",4,28.34
"pc1","4cpu-i7",0.15,"ssa",2,14.67
"pc1","4cpu-i7",0.15,"ssa",4,15.19
"pc1","4cpu-i7",0.15,"ssa",1,15.19
"pc1","4cpu-i7",0.15,"ssa",3,19.17
"pc1","4cpu-i7",0.15,"ssa",1,13.49
"pc1","4cpu-i7",0.15,"ssa",2,14.57
"pc1","4cpu-i7",0.15,"ssa",4,17.86
"pc1","4cpu-i7",0.15,"ssa",3,19.65
"pc1","4cpu-i7",0.15,"ssa",1,13.16
"pc1","4cpu-i7",0.15,"ssa",4,13.83
"pc1","4cpu-i7",0.15,"ssa",2,15.16
"pc1","4cpu-i7",0.15,"ssa",3,17.65
"pc1","4cpu-i7",0.15,"ssa",3,14.64
"pc1","4cpu-i7",0.15,"ssa",2,15.46
"pc1","4cpu-i7",0.15,"ssa",4,18.54
"pc1","4cpu-i7",0.15,"ssa",1,24.76
"pc1","4cpu-i7",0.15,"ssa",1,13.97
"pc1","4cpu-i7",0.15,"ssa",4,16.45
"pc1","4cpu-i7",0.15,"ssa",3,17.25
"pc1","4cpu-i7",0.15,"ssa",2,18.85
"pc1","4cpu-i7",0.15,"ssa",4,14.07
"pc1","4cpu-i7",0.15,"ssa",2,15.18
"pc1","4cpu-i7",0.15,"ssa",3,16.58
"pc1","4cpu-i7",0.15,"ssa",1,18.69
"pc1","4cpu-i7",0.15,"ssa",1,13.2
"pc1","4cpu-i7",0.15,"ssa",2,13.48
"pc1","4cpu-i7",0.15,"ssa",3,14.07
"pc1","4cpu-i7",0.15,"ssa",4,15.77
"pc1","4cpu-i7",0.15,"ssa",1,15.55
"pc1","4cpu-i7",0.15,"ssa",4,17.1
"pc1","4cpu-i7",0.15,"ssa",2,17.64
"pc1","4cpu-i7",0.15,"ssa",3,18.2
"pc1","4cpu-i7",0.15,"ssa",4,13.83
"pc1","4cpu-i7",0.15,"ssa",2,14.24
"pc1","4cpu-i7",0.15,"ssa",1,16.06
"pc1","4cpu-i7",0.15,"ssa",3,18.23
"pc1","4cpu-i7",0.15,"ssa",2,14.49
"pc1","4cpu-i7",0.15,"ssa",3,15.08
"pc1","4cpu-i7",0.15,"ssa",1,15.2
"pc1","4cpu-i7",0.15,"ssa",4,17.76
"pc1","4cpu-i7",0.15,"ssa",1,12.96
"pc1","4cpu-i7",0.15,"ssa",2,14.74
"pc1","4cpu-i7",0.15,"ssa",3,17.14
"pc1","4cpu-i7",0.15,"ssa",4,25.03
"pc1","4cpu-i7",0.15,"ssa",1,13.95
"pc1","4cpu-i7",0.15,"ssa",4,14.31
"pc1","4cpu-i7",0.15,"ssa",2,15.63
"pc1","4cpu-i7",0.15,"ssa",3,28.42
"pc1","4cpu-i7",0.15,"ssa",1,13.29
"pc1","4cpu-i7",0.15,"ssa",3,13.77
"pc1","4cpu-i7",0.15,"ssa",4,14.56
"pc1","4cpu-i7",0.15,"ssa",2,16.78
"pc1","4cpu-i7",0.25,"ssa",2,7.56
"pc1","4cpu-i7",0.25,"ssa",4,8.65
"pc1","4cpu-i7",0.25,"ssa",1,9.05
"pc1","4cpu-i7",0.25,"ssa",3,9.45
"pc1","4cpu-i7",0.25,"ssa",1,7.94
"pc1","4cpu-i7",0.25,"ssa",2,7.94
"pc1","4cpu-i7",0.25,"ssa",4,8.64
"pc1","4cpu-i7",0.25,"ssa",3,9.35
"pc1","4cpu-i7",0.25,"ssa",2,7.53
"pc1","4cpu-i7",0.25,"ssa",1,7.76
"pc1","4cpu-i7",0.25,"ssa",3,7.83
"pc1","4cpu-i7",0.25,"ssa",4,9.33
"pc1","4cpu-i7",0.25,"ssa",1,7.56
"pc1","4cpu-i7",0.25,"ssa",3,7.65
"pc1","4cpu-i7",0.25,"ssa",2,7.83
"pc1","4cpu-i7",0.25,"ssa",4,9.62
"pc1","4cpu-i7",0.25,"ssa",3,7.09
"pc1","4cpu-i7",0.25,"ssa",1,7.39
"pc1","4cpu-i7",0.25,"ssa",2,8.19
"pc1","4cpu-i7",0.25,"ssa",4,8.35
"pc1","4cpu-i7",0.25,"ssa",3,7.65
"pc1","4cpu-i7",0.25,"ssa",2,7.67
"pc1","4cpu-i7",0.25,"ssa",4,7.77
"pc1","4cpu-i7",0.25,"ssa",1,8.58
"pc1","4cpu-i7",0.25,"ssa",4,8.06
"pc1","4cpu-i7",0.25,"ssa",3,8.94
"pc1","4cpu-i7",0.25,"ssa",2,9.16
"pc1","4cpu-i7",0.25,"ssa",1,11.96
"pc1","4cpu-i7",0.25,"ssa",3,8.18
"pc1","4cpu-i7",0.25,"ssa",4,8.28
"pc1","4cpu-i7",0.25,"ssa",1,8.99
"pc1","4cpu-i7",0.25,"ssa",2,9.88
"pc1","4cpu-i7",0.25,"ssa",2,6.65
"pc1","4cpu-i7",0.25,"ssa",1,7.55
"pc1","4cpu-i7",0.25,"ssa",4,8.44
"pc1","4cpu-i7",0.25,"ssa",3,8.74
"pc1","4cpu-i7",0.25,"ssa",3,7.67
"pc1","4cpu-i7",0.25,"ssa",1,7.67
"pc1","4cpu-i7",0.25,"ssa",2,7.92
"pc1","4cpu-i7",0.25,"ssa",4,8.9
"pc1","4cpu-i7",0.25,"ssa",4,7.49
"pc1","4cpu-i7",0.25,"ssa",3,7.78
"pc1","4cpu-i7",0.25,"ssa",2,8.7
"pc1","4cpu-i7",0.25,"ssa",1,9.33
"pc1","4cpu-i7",0.25,"ssa",4,7.96
"pc1","4cpu-i7",0.25,"ssa",3,8.26
"pc1","4cpu-i7",0.25,"ssa",1,8.46
"pc1","4cpu-i7",0.25,"ssa",2,8.46
"pc1","4cpu-i7",0.25,"ssa",2,7.66
"pc1","4cpu-i7",0.25,"ssa",3,8.15
"pc1","4cpu-i7",0.25,"ssa",1,9.08
"pc1","4cpu-i7",0.25,"ssa",4,9.17
"pc1","4cpu-i7",0.25,"ssa",4,7.33
"pc1","4cpu-i7",0.25,"ssa",1,8.16
"pc1","4cpu-i7",0.25,"ssa",3,9.03
"pc1","4cpu-i7",0.25,"ssa",2,9.14
"pc1","4cpu-i7",0.25,"ssa",2,7.44
"pc1","4cpu-i7",0.25,"ssa",3,7.74
"pc1","4cpu-i7",0.25,"ssa",4,7.93
"pc1","4cpu-i7",0.25,"ssa",1,8.05
"pc1","4cpu-i7",0.25,"ssa",1,7.7
"pc1","4cpu-i7",0.25,"ssa",4,7.78
"pc1","4cpu-i7",0.25,"ssa",3,7.98
"pc1","4cpu-i7",0.25,"ssa",2,9.4
"pc1","4cpu-i7",0.25,"ssa",3,7.18
"pc1","4cpu-i7",0.25,"ssa",4,7.75
"pc1","4cpu-i7",0.25,"ssa",1,9.37
"pc1","4cpu-i7",0.25,"ssa",2,9.37
"pc1","4cpu-i7",0.25,"ssa",3,7.86
"pc1","4cpu-i7",0.25,"ssa",4,7.86
"pc1","4cpu-i7",0.25,"ssa",2,8.58
"pc1","4cpu-i7",0.25,"ssa",1,9.28
"pc1","4cpu-i7",0.25,"ssa",2,7.27
"pc1","4cpu-i7",0.25,"ssa",4,7.67
"pc1","4cpu-i7",0.25,"ssa",1,8.28
"pc1","4cpu-i7",0.25,"ssa",3,9.17
"pc1","4cpu-i7",0.25,"ssa",1,7.86
"pc1","4cpu-i7",0.25,"ssa",4,7.92
"pc1","4cpu-i7",0.25,"ssa",2,8.85
"pc1","4cpu-i7",0.25,"ssa",3,8.85
"pc1","4cpu-i7",0.25,"ssa",3,7.46
"pc1","4cpu-i7",0.25,"ssa",2,8.06
"pc1","4cpu-i7",0.25,"ssa",1,8.18
"pc1","4cpu-i7",0.25,"ssa",4,8.84
"pc1","4cpu-i7",0.25,"ssa",3,7.54
"pc1","4cpu-i7",0.25,"ssa",1,7.66
"pc1","4cpu-i7",0.25,"ssa",4,8.25
"pc1","4cpu-i7",0.25,"ssa",2,12.26
"pc1","4cpu-i7",0.25,"ssa",3,7.63
"pc1","4cpu-i7",0.25,"ssa",4,8.23
"pc1","4cpu-i7",0.25,"ssa",2,8.55
"pc1","4cpu-i7",0.25,"ssa",1,9.45
"pc1","4cpu-i7",0.25,"ssa",3,7.45
"pc1","4cpu-i7",0.25,"ssa",4,7.53
"pc1","4cpu-i7",0.25,"ssa",2,7.87
"pc1","4cpu-i7",0.25,"ssa",1,8.17
"pc1","4cpu-i7",0.25,"ssa",4,7.03
"pc1","4cpu-i7",0.25,"ssa",2,7.96
"pc1","4cpu-i7",0.25,"ssa",1,8.56
"pc1","4cpu-i7",0.25,"ssa",3,9.34
"pc1","4cpu-i7",0.25,"ssa",4,7.34
"pc1","4cpu-i7",0.25,"ssa",3,7.78
"pc1","4cpu-i7",0.25,"ssa",1,8.19
"pc1","4cpu-i7",0.25,"ssa",2,9.56
"pc1","4cpu-i7",0.25,"ssa",2,7.3
"pc1","4cpu-i7",0.25,"ssa",4,7.77
"pc1","4cpu-i7",0.25,"ssa",1,8.41
"pc1","4cpu-i7",0.25,"ssa",3,8.69
"pc1","4cpu-i7",0.25,"ssa",1,6.97
"pc1","4cpu-i7",0.25,"ssa",3,7.48
"pc1","4cpu-i7",0.25,"ssa",4,7.86
"pc1","4cpu-i7",0.25,"ssa",2,8.68
"pc1","4cpu-i7",0.25,"ssa",3,8.21
"pc1","4cpu-i7",0.25,"ssa",2,8.32
"pc1","4cpu-i7",0.25,"ssa",1,8.45
"pc1","4cpu-i7",0.25,"ssa",4,9
"pc1","4cpu-i7",0.25,"ssa",4,7.52
"pc1","4cpu-i7",0.25,"ssa",3,7.63
"pc1","4cpu-i7",0.25,"ssa",2,7.66
"pc1","4cpu-i7",0.25,"ssa",1,8.26
"pc1","4cpu-i7",0.35,"ssa",3,5.56
"pc1","4cpu-i7",0.35,"ssa",1,6.18
"pc1","4cpu-i7",0.35,"ssa",2,6.45
"pc1","4cpu-i7",0.35,"ssa",4,6.45
"pc1","4cpu-i7",0.35,"ssa",3,5.48
"pc1","4cpu-i7",0.35,"ssa",1,5.68
"pc1","4cpu-i7",0.35,"ssa",4,6.36
"pc1","4cpu-i7",0.35,"ssa",2,6.55
"pc1","4cpu-i7",0.35,"ssa",3,4.95
"pc1","4cpu-i7",0.35,"ssa",1,5.48
"pc1","4cpu-i7",0.35,"ssa",4,5.72
"pc1","4cpu-i7",0.35,"ssa",2,6.14
"pc1","4cpu-i7",0.35,"ssa",1,4.62
"pc1","4cpu-i7",0.35,"ssa",3,4.98
"pc1","4cpu-i7",0.35,"ssa",4,5.87
"pc1","4cpu-i7",0.35,"ssa",2,6.09
"pc1","4cpu-i7",0.35,"ssa",1,4.84
"pc1","4cpu-i7",0.35,"ssa",3,5.04
"pc1","4cpu-i7",0.35,"ssa",2,5.13
"pc1","4cpu-i7",0.35,"ssa",4,6.02
"pc1","4cpu-i7",0.35,"ssa",3,5.27
"pc1","4cpu-i7",0.35,"ssa",1,5.6
"pc1","4cpu-i7",0.35,"ssa",2,5.6
"pc1","4cpu-i7",0.35,"ssa",4,6.26
"pc1","4cpu-i7",0.35,"ssa",1,4.77
"pc1","4cpu-i7",0.35,"ssa",4,5.34
"pc1","4cpu-i7",0.35,"ssa",3,5.77
"pc1","4cpu-i7",0.35,"ssa",2,6.15
"pc1","4cpu-i7",0.35,"ssa",3,4.79
"pc1","4cpu-i7",0.35,"ssa",4,5.1
"pc1","4cpu-i7",0.35,"ssa",1,5.16
"pc1","4cpu-i7",0.35,"ssa",2,6.71
"pc1","4cpu-i7",0.35,"ssa",1,4.89
"pc1","4cpu-i7",0.35,"ssa",3,5.28
"pc1","4cpu-i7",0.35,"ssa",4,5.56
"pc1","4cpu-i7",0.35,"ssa",2,7.05
"pc1","4cpu-i7",0.35,"ssa",3,4.86
"pc1","4cpu-i7",0.35,"ssa",1,5.02
"pc1","4cpu-i7",0.35,"ssa",4,5.55
"pc1","4cpu-i7",0.35,"ssa",2,6.17
"pc1","4cpu-i7",0.35,"ssa",3,4.8
"pc1","4cpu-i7",0.35,"ssa",4,5.09
"pc1","4cpu-i7",0.35,"ssa",1,5.4
"pc1","4cpu-i7",0.35,"ssa",2,6.27
"pc1","4cpu-i7",0.35,"ssa",2,5.08
"pc1","4cpu-i7",0.35,"ssa",3,5.3
"pc1","4cpu-i7",0.35,"ssa",1,5.59
"pc1","4cpu-i7",0.35,"ssa",4,5.78
"pc1","4cpu-i7",0.35,"ssa",1,5.08
"pc1","4cpu-i7",0.35,"ssa",3,5.34
"pc1","4cpu-i7",0.35,"ssa",2,5.44
"pc1","4cpu-i7",0.35,"ssa",4,6.45
"pc1","4cpu-i7",0.35,"ssa",1,5.17
"pc1","4cpu-i7",0.35,"ssa",3,5.35
"pc1","4cpu-i7",0.35,"ssa",2,6.14
"pc1","4cpu-i7",0.35,"ssa",4,7.84
"pc1","4cpu-i7",0.35,"ssa",3,4.85
"pc1","4cpu-i7",0.35,"ssa",4,5.26
"pc1","4cpu-i7",0.35,"ssa",1,5.26
"pc1","4cpu-i7",0.35,"ssa",2,6.54
"pc1","4cpu-i7",0.35,"ssa",1,4.85
"pc1","4cpu-i7",0.35,"ssa",3,5.04
"pc1","4cpu-i7",0.35,"ssa",2,5.14
"pc1","4cpu-i7",0.35,"ssa",4,5.74
"pc1","4cpu-i7",0.35,"ssa",1,5.16
"pc1","4cpu-i7",0.35,"ssa",2,5.45
"pc1","4cpu-i7",0.35,"ssa",3,5.47
"pc1","4cpu-i7",0.35,"ssa",4,5.99
"pc1","4cpu-i7",0.35,"ssa",1,5.23
"pc1","4cpu-i7",0.35,"ssa",3,5.32
"pc1","4cpu-i7",0.35,"ssa",4,6.08
"pc1","4cpu-i7",0.35,"ssa",2,6.42
"pc1","4cpu-i7",0.35,"ssa",1,4.9
"pc1","4cpu-i7",0.35,"ssa",3,5.18
"pc1","4cpu-i7",0.35,"ssa",4,5.85
"pc1","4cpu-i7",0.35,"ssa",2,7.78
"pc1","4cpu-i7",0.35,"ssa",3,4.95
"pc1","4cpu-i7",0.35,"ssa",4,5.05
"pc1","4cpu-i7",0.35,"ssa",2,5.28
"pc1","4cpu-i7",0.35,"ssa",1,5.68
"pc1","4cpu-i7",0.35,"ssa",3,5.23
"pc1","4cpu-i7",0.35,"ssa",1,5.44
"pc1","4cpu-i7",0.35,"ssa",4,6.15
"pc1","4cpu-i7",0.35,"ssa",2,6.36
"pc1","4cpu-i7",0.35,"ssa",3,4.94
"pc1","4cpu-i7",0.35,"ssa",2,5.06
"pc1","4cpu-i7",0.35,"ssa",1,5.36
"pc1","4cpu-i7",0.35,"ssa",4,6.34
"pc1","4cpu-i7",0.35,"ssa",1,4.8
"pc1","4cpu-i7",0.35,"ssa",3,4.98
"pc1","4cpu-i7",0.35,"ssa",2,5.78
"pc1","4cpu-i7",0.35,"ssa",4,5.87
"pc1","4cpu-i7",0.35,"ssa",3,5.07
"pc1","4cpu-i7",0.35,"ssa",1,5.35
"pc1","4cpu-i7",0.35,"ssa",2,5.85
"pc1","4cpu-i7",0.35,"ssa",4,6.45
"pc1","4cpu-i7",0.35,"ssa",1,5.16
"pc1","4cpu-i7",0.35,"ssa",4,5.43
"pc1","4cpu-i7",0.35,"ssa",3,5.73
"pc1","4cpu-i7",0.35,"ssa",2,6.35
"pc1","4cpu-i7",0.35,"ssa",3,4.98
"pc1","4cpu-i7",0.35,"ssa",1,5.55
"pc1","4cpu-i7",0.35,"ssa",2,5.96
"pc1","4cpu-i7",0.35,"ssa",4,6.05
"pc1","4cpu-i7",0.35,"ssa",1,5.16
"pc1","4cpu-i7",0.35,"ssa",3,5.35
"pc1","4cpu-i7",0.35,"ssa",4,5.66
"pc1","4cpu-i7",0.35,"ssa",2,5.88
"pc1","4cpu-i7",0.35,"ssa",1,5.15
"pc1","4cpu-i7",0.35,"ssa",3,5.15
"pc1","4cpu-i7",0.35,"ssa",2,5.55
"pc1","4cpu-i7",0.35,"ssa",4,6.05
"pc1","4cpu-i7",0.35,"ssa",1,5.35
"pc1","4cpu-i7",0.35,"ssa",4,5.65
"pc1","4cpu-i7",0.35,"ssa",2,5.84
"pc1","4cpu-i7",0.35,"ssa",3,5.94
"pc1","4cpu-i7",0.35,"ssa",3,4.97
"pc1","4cpu-i7",0.35,"ssa",1,5.28
"pc1","4cpu-i7",0.35,"ssa",4,6.24
"pc1","4cpu-i7",0.35,"ssa",2,7.36
"pc1","4cpu-i7",0.45,"ssa",3,4.51
"pc1","4cpu-i7",0.45,"ssa",1,4.56
"pc1","4cpu-i7",0.45,"ssa",4,4.61
"pc1","4cpu-i7",0.45,"ssa",2,4.72
"pc1","4cpu-i7",0.45,"ssa",3,4.06
"pc1","4cpu-i7",0.45,"ssa",1,4.17
"pc1","4cpu-i7",0.45,"ssa",2,4.19
"pc1","4cpu-i7",0.45,"ssa",4,4.27
"pc1","4cpu-i7",0.45,"ssa",3,3.98
"pc1","4cpu-i7",0.45,"ssa",1,3.98
"pc1","4cpu-i7",0.45,"ssa",4,4.27
"pc1","4cpu-i7",0.45,"ssa",2,4.46
"pc1","4cpu-i7",0.45,"ssa",3,3.66
"pc1","4cpu-i7",0.45,"ssa",1,3.97
"pc1","4cpu-i7",0.45,"ssa",4,4.02
"pc1","4cpu-i7",0.45,"ssa",2,4.16
"pc1","4cpu-i7",0.45,"ssa",1,3.96
"pc1","4cpu-i7",0.45,"ssa",3,3.96
"pc1","4cpu-i7",0.45,"ssa",2,4.15
"pc1","4cpu-i7",0.45,"ssa",4,4.45
"pc1","4cpu-i7",0.45,"ssa",4,3.65
"pc1","4cpu-i7",0.45,"ssa",1,3.89
"pc1","4cpu-i7",0.45,"ssa",3,4.05
"pc1","4cpu-i7",0.45,"ssa",2,4.74
"pc1","4cpu-i7",0.45,"ssa",1,3.77
"pc1","4cpu-i7",0.45,"ssa",3,3.99
"pc1","4cpu-i7",0.45,"ssa",4,4.16
"pc1","4cpu-i7",0.45,"ssa",2,4.69
"pc1","4cpu-i7",0.45,"ssa",3,3.74
"pc1","4cpu-i7",0.45,"ssa",1,4.08
"pc1","4cpu-i7",0.45,"ssa",2,4.26
"pc1","4cpu-i7",0.45,"ssa",4,4.26
"pc1","4cpu-i7",0.45,"ssa",1,3.78
"pc1","4cpu-i7",0.45,"ssa",4,3.78
"pc1","4cpu-i7",0.45,"ssa",3,3.96
"pc1","4cpu-i7",0.45,"ssa",2,4.17
"pc1","4cpu-i7",0.45,"ssa",1,3.96
"pc1","4cpu-i7",0.45,"ssa",3,3.99
"pc1","4cpu-i7",0.45,"ssa",4,4.08
"pc1","4cpu-i7",0.45,"ssa",2,4.42
"pc1","4cpu-i7",0.45,"ssa",1,4.11
"pc1","4cpu-i7",0.45,"ssa",3,4.17
"pc1","4cpu-i7",0.45,"ssa",4,4.25
"pc1","4cpu-i7",0.45,"ssa",2,4.47
"pc1","4cpu-i7",0.45,"ssa",3,3.75
"pc1","4cpu-i7",0.45,"ssa",1,3.96
"pc1","4cpu-i7",0.45,"ssa",4,4.21
"pc1","4cpu-i7",0.45,"ssa",2,4.33
"pc1","4cpu-i7",0.45,"ssa",3,3.86
"pc1","4cpu-i7",0.45,"ssa",1,4.19
"pc1","4cpu-i7",0.45,"ssa",2,4.2
"pc1","4cpu-i7",0.45,"ssa",4,4.56
"pc1","4cpu-i7",0.45,"ssa",3,3.67
"pc1","4cpu-i7",0.45,"ssa",1,3.99
"pc1","4cpu-i7",0.45,"ssa",2,4.15
"pc1","4cpu-i7",0.45,"ssa",4,4.36
"pc1","4cpu-i7",0.45,"ssa",1,3.83
"pc1","4cpu-i7",0.45,"ssa",3,3.84
"pc1","4cpu-i7",0.45,"ssa",2,4.12
"pc1","4cpu-i7",0.45,"ssa",4,4.41
"pc1","4cpu-i7",0.45,"ssa",1,3.71
"pc1","4cpu-i7",0.45,"ssa",4,3.96
"pc1","4cpu-i7",0.45,"ssa",3,3.98
"pc1","4cpu-i7",0.45,"ssa",2,4.58
"pc1","4cpu-i7",0.45,"ssa",3,3.84
"pc1","4cpu-i7",0.45,"ssa",1,3.9
"pc1","4cpu-i7",0.45,"ssa",2,4.3
"pc1","4cpu-i7",0.45,"ssa",4,4.64
"pc1","4cpu-i7",0.45,"ssa",3,3.93
"pc1","4cpu-i7",0.45,"ssa",1,3.99
"pc1","4cpu-i7",0.45,"ssa",4,4.09
"pc1","4cpu-i7",0.45,"ssa",2,4.51
"pc1","4cpu-i7",0.45,"ssa",3,4.04
"pc1","4cpu-i7",0.45,"ssa",4,4.12
"pc1","4cpu-i7",0.45,"ssa",1,4.16
"pc1","4cpu-i7",0.45,"ssa",2,4.31
"pc1","4cpu-i7",0.45,"ssa",4,3.77
"pc1","4cpu-i7",0.45,"ssa",1,3.89
"pc1","4cpu-i7",0.45,"ssa",2,3.97
"pc1","4cpu-i7",0.45,"ssa",3,4.07
"pc1","4cpu-i7",0.45,"ssa",3,3.94
"pc1","4cpu-i7",0.45,"ssa",1,4.06
"pc1","4cpu-i7",0.45,"ssa",4,4.33
"pc1","4cpu-i7",0.45,"ssa",2,4.36
"pc1","4cpu-i7",0.45,"ssa",3,3.78
"pc1","4cpu-i7",0.45,"ssa",4,3.93
"pc1","4cpu-i7",0.45,"ssa",1,4.07
"pc1","4cpu-i7",0.45,"ssa",2,4.49
"pc1","4cpu-i7",0.45,"ssa",3,3.85
"pc1","4cpu-i7",0.45,"ssa",1,4.04
"pc1","4cpu-i7",0.45,"ssa",2,4.04
"pc1","4cpu-i7",0.45,"ssa",4,4.1
"pc1","4cpu-i7",0.45,"ssa",4,3.88
"pc1","4cpu-i7",0.45,"ssa",3,4.06
"pc1","4cpu-i7",0.45,"ssa",1,4.19
"pc1","4cpu-i7",0.45,"ssa",2,4.5
"pc1","4cpu-i7",0.45,"ssa",1,3.86
"pc1","4cpu-i7",0.45,"ssa",3,3.86
"pc1","4cpu-i7",0.45,"ssa",4,4.04
"pc1","4cpu-i7",0.45,"ssa",2,4.46
"pc1","4cpu-i7",0.45,"ssa",1,3.61
"pc1","4cpu-i7",0.45,"ssa",2,3.86
"pc1","4cpu-i7",0.45,"ssa",4,3.86
"pc1","4cpu-i7",0.45,"ssa",3,3.95
"pc1","4cpu-i7",0.45,"ssa",1,3.91
"pc1","4cpu-i7",0.45,"ssa",3,4.06
"pc1","4cpu-i7",0.45,"ssa",4,4.16
"pc1","4cpu-i7",0.45,"ssa",2,4.47
"pc1","4cpu-i7",0.45,"ssa",1,3.9
"pc1","4cpu-i7",0.45,"ssa",3,3.95
"pc1","4cpu-i7",0.45,"ssa",4,4.04
"pc1","4cpu-i7",0.45,"ssa",2,4.76
"pc1","4cpu-i7",0.45,"ssa",3,3.92
"pc1","4cpu-i7",0.45,"ssa",4,4.1
"pc1","4cpu-i7",0.45,"ssa",1,4.27
"pc1","4cpu-i7",0.45,"ssa",2,4.82
"pc1","4cpu-i7",0.45,"ssa",1,3.88
"pc1","4cpu-i7",0.45,"ssa",4,3.87
"pc1","4cpu-i7",0.45,"ssa",2,3.97
"pc1","4cpu-i7",0.45,"ssa",3,3.97
"pc1","4cpu-i7",0.55,"ssa",4,3.07
"pc1","4cpu-i7",0.55,"ssa",3,3.11
"pc1","4cpu-i7",0.55,"ssa",2,3.31
"pc1","4cpu-i7",0.55,"ssa",1,3.52
"pc1","4cpu-i7",0.55,"ssa",2,3.35
"pc1","4cpu-i7",0.55,"ssa",1,3.56
"pc1","4cpu-i7",0.55,"ssa",3,3.62
"pc1","4cpu-i7",0.55,"ssa",4,4.03
"pc1","4cpu-i7",0.55,"ssa",1,3.35
"pc1","4cpu-i7",0.55,"ssa",2,3.36
"pc1","4cpu-i7",0.55,"ssa",3,3.36
"pc1","4cpu-i7",0.55,"ssa",4,3.5
"pc1","4cpu-i7",0.55,"ssa",2,3.11
"pc1","4cpu-i7",0.55,"ssa",1,3.17
"pc1","4cpu-i7",0.55,"ssa",3,3.26
"pc1","4cpu-i7",0.55,"ssa",4,3.45
"pc1","4cpu-i7",0.55,"ssa",2,3.19
"pc1","4cpu-i7",0.55,"ssa",1,3.34
"pc1","4cpu-i7",0.55,"ssa",3,3.46
"pc1","4cpu-i7",0.55,"ssa",4,3.63
"pc1","4cpu-i7",0.55,"ssa",1,3.4
"pc1","4cpu-i7",0.55,"ssa",4,3.39
"pc1","4cpu-i7",0.55,"ssa",3,3.46
"pc1","4cpu-i7",0.55,"ssa",2,3.49
"pc1","4cpu-i7",0.55,"ssa",3,2.95
"pc1","4cpu-i7",0.55,"ssa",1,3.09
"pc1","4cpu-i7",0.55,"ssa",2,3.18
"pc1","4cpu-i7",0.55,"ssa",4,3.43
"pc1","4cpu-i7",0.55,"ssa",1,3.19
"pc1","4cpu-i7",0.55,"ssa",2,3.25
"pc1","4cpu-i7",0.55,"ssa",3,3.4
"pc1","4cpu-i7",0.55,"ssa",4,3.46
"pc1","4cpu-i7",0.55,"ssa",3,2.99
"pc1","4cpu-i7",0.55,"ssa",1,3.28
"pc1","4cpu-i7",0.55,"ssa",2,3.3
"pc1","4cpu-i7",0.55,"ssa",4,3.41
"pc1","4cpu-i7",0.55,"ssa",1,3.06
"pc1","4cpu-i7",0.55,"ssa",3,3.16
"pc1","4cpu-i7",0.55,"ssa",2,3.25
"pc1","4cpu-i7",0.55,"ssa",4,3.31
"pc1","4cpu-i7",0.55,"ssa",2,3.28
"pc1","4cpu-i7",0.55,"ssa",1,3.3
"pc1","4cpu-i7",0.55,"ssa",3,3.55
"pc1","4cpu-i7",0.55,"ssa",4,4.35
"pc1","4cpu-i7",0.55,"ssa",1,3.22
"pc1","4cpu-i7",0.55,"ssa",4,3.43
"pc1","4cpu-i7",0.55,"ssa",3,3.43
"pc1","4cpu-i7",0.55,"ssa",2,3.56
"pc1","4cpu-i7",0.55,"ssa",1,3.03
"pc1","4cpu-i7",0.55,"ssa",4,3.07
"pc1","4cpu-i7",0.55,"ssa",2,3.2
"pc1","4cpu-i7",0.55,"ssa",3,3.3
"pc1","4cpu-i7",0.55,"ssa",2,3.05
"pc1","4cpu-i7",0.55,"ssa",1,3.19
"pc1","4cpu-i7",0.55,"ssa",3,3.33
"pc1","4cpu-i7",0.55,"ssa",4,4.52
"pc1","4cpu-i7",0.55,"ssa",2,3.3
"pc1","4cpu-i7",0.55,"ssa",1,3.36
"pc1","4cpu-i7",0.55,"ssa",4,3.44
"pc1","4cpu-i7",0.55,"ssa",3,3.88
"pc1","4cpu-i7",0.55,"ssa",1,2.98
"pc1","4cpu-i7",0.55,"ssa",2,3.06
"pc1","4cpu-i7",0.55,"ssa",3,3.16
"pc1","4cpu-i7",0.55,"ssa",4,3.45
"pc1","4cpu-i7",0.55,"ssa",1,3.2
"pc1","4cpu-i7",0.55,"ssa",4,3.27
"pc1","4cpu-i7",0.55,"ssa",2,3.34
"pc1","4cpu-i7",0.55,"ssa",3,3.35
"pc1","4cpu-i7",0.55,"ssa",1,3.3
"pc1","4cpu-i7",0.55,"ssa",3,3.36
"pc1","4cpu-i7",0.55,"ssa",2,3.45
"pc1","4cpu-i7",0.55,"ssa",4,3.67
"pc1","4cpu-i7",0.55,"ssa",1,2.8
"pc1","4cpu-i7",0.55,"ssa",4,3.15
"pc1","4cpu-i7",0.55,"ssa",3,3.25
"pc1","4cpu-i7",0.55,"ssa",2,3.35
"pc1","4cpu-i7",0.55,"ssa",2,3.27
"pc1","4cpu-i7",0.55,"ssa",1,3.27
"pc1","4cpu-i7",0.55,"ssa",3,3.56
"pc1","4cpu-i7",0.55,"ssa",4,4.26
"pc1","4cpu-i7",0.55,"ssa",4,3.22
"pc1","4cpu-i7",0.55,"ssa",2,3.31
"pc1","4cpu-i7",0.55,"ssa",3,3.39
"pc1","4cpu-i7",0.55,"ssa",1,3.45
"pc1","4cpu-i7",0.55,"ssa",1,3.08
"pc1","4cpu-i7",0.55,"ssa",2,3.15
"pc1","4cpu-i7",0.55,"ssa",3,3.17
"pc1","4cpu-i7",0.55,"ssa",4,3.34
"pc1","4cpu-i7",0.55,"ssa",1,3.08
"pc1","4cpu-i7",0.55,"ssa",2,3.17
"pc1","4cpu-i7",0.55,"ssa",4,3.39
"pc1","4cpu-i7",0.55,"ssa",3,3.54
"pc1","4cpu-i7",0.55,"ssa",1,3.19
"pc1","4cpu-i7",0.55,"ssa",3,3.22
"pc1","4cpu-i7",0.55,"ssa",2,3.29
"pc1","4cpu-i7",0.55,"ssa",4,3.29
"pc1","4cpu-i7",0.55,"ssa",3,3.13
"pc1","4cpu-i7",0.55,"ssa",2,3.27
"pc1","4cpu-i7",0.55,"ssa",4,3.26
"pc1","4cpu-i7",0.55,"ssa",1,3.33
"pc1","4cpu-i7",0.55,"ssa",1,3.15
"pc1","4cpu-i7",0.55,"ssa",2,3.4
"pc1","4cpu-i7",0.55,"ssa",4,3.7
"pc1","4cpu-i7",0.55,"ssa",4,3.06
"pc1","4cpu-i7",0.55,"ssa",2,3.33
"pc1","4cpu-i7",0.55,"ssa",1,3.37
"pc1","4cpu-i7",0.55,"ssa",3,3.36
"pc1","4cpu-i7",0.55,"ssa",3,3.02
"pc1","4cpu-i7",0.55,"ssa",2,3.12
"pc1","4cpu-i7",0.55,"ssa",1,3.21
"pc1","4cpu-i7",0.55,"ssa",4,3.19
"pc1","4cpu-i7",0.55,"ssa",1,3.11
"pc1","4cpu-i7",0.55,"ssa",2,3.36
"pc1","4cpu-i7",0.55,"ssa",3,3.44
"pc1","4cpu-i7",0.55,"ssa",4,4.68
"pc1","4cpu-i7",0.55,"ssa",1,3.3
"pc1","4cpu-i7",0.55,"ssa",4,3.43
"pc1","4cpu-i7",0.55,"ssa",3,3.47
"pc1","4cpu-i7",0.65,"ssa",3,2.82
"pc1","4cpu-i7",0.65,"ssa",1,2.92
"pc1","4cpu-i7",0.65,"ssa",4,2.92
"pc1","4cpu-i7",0.65,"ssa",2,3.18
"pc1","4cpu-i7",0.65,"ssa",3,2.91
"pc1","4cpu-i7",0.65,"ssa",1,3
"pc1","4cpu-i7",0.65,"ssa",2,3.02
"pc1","4cpu-i7",0.65,"ssa",4,3.16
"pc1","4cpu-i7",0.65,"ssa",2,2.79
"pc1","4cpu-i7",0.65,"ssa",1,2.85
"pc1","4cpu-i7",0.65,"ssa",3,2.9
"pc1","4cpu-i7",0.65,"ssa",4,2.95
"pc1","4cpu-i7",0.65,"ssa",3,2.82
"pc1","4cpu-i7",0.65,"ssa",4,2.93
"pc1","4cpu-i7",0.65,"ssa",1,2.97
"pc1","4cpu-i7",0.65,"ssa",2,2.97
"pc1","4cpu-i7",0.65,"ssa",3,2.76
"pc1","4cpu-i7",0.65,"ssa",1,2.8
"pc1","4cpu-i7",0.65,"ssa",4,2.79
"pc1","4cpu-i7",0.65,"ssa",2,2.88
"pc1","4cpu-i7",0.65,"ssa",3,2.69
"pc1","4cpu-i7",0.65,"ssa",2,2.87
"pc1","4cpu-i7",0.65,"ssa",1,2.88
"pc1","4cpu-i7",0.65,"ssa",4,2.97
"pc1","4cpu-i7",0.65,"ssa",2,2.72
"pc1","4cpu-i7",0.65,"ssa",3,2.77
"pc1","4cpu-i7",0.65,"ssa",4,2.79
"pc1","4cpu-i7",0.65,"ssa",1,3.03
"pc1","4cpu-i7",0.65,"ssa",3,2.7
"pc1","4cpu-i7",0.65,"ssa",1,2.81
"pc1","4cpu-i7",0.65,"ssa",2,2.93
"pc1","4cpu-i7",0.65,"ssa",4,3.07
"pc1","4cpu-i7",0.65,"ssa",3,2.74
"pc1","4cpu-i7",0.65,"ssa",1,2.84
"pc1","4cpu-i7",0.65,"ssa",2,2.83
"pc1","4cpu-i7",0.65,"ssa",4,3.02
"pc1","4cpu-i7",0.65,"ssa",2,2.8
"pc1","4cpu-i7",0.65,"ssa",3,2.85
"pc1","4cpu-i7",0.65,"ssa",1,2.99
"pc1","4cpu-i7",0.65,"ssa",4,2.99
"pc1","4cpu-i7",0.65,"ssa",3,2.64
"pc1","4cpu-i7",0.65,"ssa",2,2.73
"pc1","4cpu-i7",0.65,"ssa",1,2.77
"pc1","4cpu-i7",0.65,"ssa",4,2.81
"pc1","4cpu-i7",0.65,"ssa",3,2.6
"pc1","4cpu-i7",0.65,"ssa",2,2.91
"pc1","4cpu-i7",0.65,"ssa",1,3.04
"pc1","4cpu-i7",0.65,"ssa",4,3.07
"pc1","4cpu-i7",0.65,"ssa",3,2.78
"pc1","4cpu-i7",0.65,"ssa",2,2.86
"pc1","4cpu-i7",0.65,"ssa",1,2.93
"pc1","4cpu-i7",0.65,"ssa",4,3.3
"pc1","4cpu-i7",0.65,"ssa",4,2.57
"pc1","4cpu-i7",0.65,"ssa",2,2.69
"pc1","4cpu-i7",0.65,"ssa",1,2.72
"pc1","4cpu-i7",0.65,"ssa",3,2.72
"pc1","4cpu-i7",0.65,"ssa",3,2.74
"pc1","4cpu-i7",0.65,"ssa",2,2.78
"pc1","4cpu-i7",0.65,"ssa",1,2.92
"pc1","4cpu-i7",0.65,"ssa",4,2.95
"pc1","4cpu-i7",0.65,"ssa",1,2.71
"pc1","4cpu-i7",0.65,"ssa",3,2.78
"pc1","4cpu-i7",0.65,"ssa",4,2.88
"pc1","4cpu-i7",0.65,"ssa",2,2.89
"pc1","4cpu-i7",0.65,"ssa",3,2.54
"pc1","4cpu-i7",0.65,"ssa",2,2.74
"pc1","4cpu-i7",0.65,"ssa",1,2.78
"pc1","4cpu-i7",0.65,"ssa",4,3.04
"pc1","4cpu-i7",0.65,"ssa",3,2.72
"pc1","4cpu-i7",0.65,"ssa",4,2.89
"pc1","4cpu-i7",0.65,"ssa",2,2.99
"pc1","4cpu-i7",0.65,"ssa",1,3.15
"pc1","4cpu-i7",0.65,"ssa",3,2.68
"pc1","4cpu-i7",0.65,"ssa",2,2.79
"pc1","4cpu-i7",0.65,"ssa",4,2.86
"pc1","4cpu-i7",0.65,"ssa",1,3.01
"pc1","4cpu-i7",0.65,"ssa",2,2.63
"pc1","4cpu-i7",0.65,"ssa",3,2.7
"pc1","4cpu-i7",0.65,"ssa",1,2.94
"pc1","4cpu-i7",0.65,"ssa",4,2.94
"pc1","4cpu-i7",0.65,"ssa",3,2.54
"pc1","4cpu-i7",0.65,"ssa",2,2.87
"pc1","4cpu-i7",0.65,"ssa",1,2.88
"pc1","4cpu-i7",0.65,"ssa",4,3.54
"pc1","4cpu-i7",0.65,"ssa",2,2.72
"pc1","4cpu-i7",0.65,"ssa",3,2.86
"pc1","4cpu-i7",0.65,"ssa",1,2.96
"pc1","4cpu-i7",0.65,"ssa",4,3.16
"pc1","4cpu-i7",0.65,"ssa",3,2.84
"pc1","4cpu-i7",0.65,"ssa",1,2.86
"pc1","4cpu-i7",0.65,"ssa",2,2.86
"pc1","4cpu-i7",0.65,"ssa",4,2.92
"pc1","4cpu-i7",0.65,"ssa",1,2.57
"pc1","4cpu-i7",0.65,"ssa",3,2.7
"pc1","4cpu-i7",0.65,"ssa",4,2.87
"pc1","4cpu-i7",0.65,"ssa",2,3.01
"pc1","4cpu-i7",0.65,"ssa",2,2.68
"pc1","4cpu-i7",0.65,"ssa",3,2.85
"pc1","4cpu-i7",0.65,"ssa",1,2.89
"pc1","4cpu-i7",0.65,"ssa",4,2.95
"pc1","4cpu-i7",0.65,"ssa",3,2.6
"pc1","4cpu-i7",0.65,"ssa",1,2.68
"pc1","4cpu-i7",0.65,"ssa",2,2.78
"pc1","4cpu-i7",0.65,"ssa",4,2.85
"pc1","4cpu-i7",0.65,"ssa",4,2.63
"pc1","4cpu-i7",0.65,"ssa",3,2.67
"pc1","4cpu-i7",0.65,"ssa",1,2.79
"pc1","4cpu-i7",0.65,"ssa",2,2.88
"pc1","4cpu-i7",0.65,"ssa",3,2.64
"pc1","4cpu-i7",0.65,"ssa",2,2.79
"pc1","4cpu-i7",0.65,"ssa",4,2.86
"pc1","4cpu-i7",0.65,"ssa",1,3
"pc1","4cpu-i7",0.65,"ssa",3,2.65
"pc1","4cpu-i7",0.65,"ssa",2,2.86
"pc1","4cpu-i7",0.65,"ssa",4,3.06
"pc1","4cpu-i7",0.65,"ssa",1,3.37
"pc1","4cpu-i7",0.65,"ssa",3,2.66
"pc1","4cpu-i7",0.65,"ssa",2,2.78
"pc1","4cpu-i7",0.65,"ssa",1,2.85
"pc1","4cpu-i7",0.65,"ssa",4,3
"pc1","4cpu-i7",0.75,"ssa",4,2.46
"pc1","4cpu-i7",0.75,"ssa",1,2.57
"pc1","4cpu-i7",0.75,"ssa",3,2.63
"pc1","4cpu-i7",0.75,"ssa",2,2.73
"pc1","4cpu-i7",0.75,"ssa",3,2.57
"pc1","4cpu-i7",0.75,"ssa",4,2.63
"pc1","4cpu-i7",0.75,"ssa",2,2.68
"pc1","4cpu-i7",0.75,"ssa",1,2.75
"pc1","4cpu-i7",0.75,"ssa",2,2.42
"pc1","4cpu-i7",0.75,"ssa",4,2.45
"pc1","4cpu-i7",0.75,"ssa",3,2.5
"pc1","4cpu-i7",0.75,"ssa",1,2.57
"pc1","4cpu-i7",0.75,"ssa",4,2.39
"pc1","4cpu-i7",0.75,"ssa",3,2.44
"pc1","4cpu-i7",0.75,"ssa",1,2.62
"pc1","4cpu-i7",0.75,"ssa",2,2.62
"pc1","4cpu-i7",0.75,"ssa",3,2.4
"pc1","4cpu-i7",0.75,"ssa",4,2.41
"pc1","4cpu-i7",0.75,"ssa",1,2.47
"pc1","4cpu-i7",0.75,"ssa",2,2.52
"pc1","4cpu-i7",0.75,"ssa",2,2.51
"pc1","4cpu-i7",0.75,"ssa",1,2.53
"pc1","4cpu-i7",0.75,"ssa",4,2.53
"pc1","4cpu-i7",0.75,"ssa",3,2.58
"pc1","4cpu-i7",0.75,"ssa",4,2.4
"pc1","4cpu-i7",0.75,"ssa",3,2.49
"pc1","4cpu-i7",0.75,"ssa",2,2.5
"pc1","4cpu-i7",0.75,"ssa",1,2.51
"pc1","4cpu-i7",0.75,"ssa",4,2.34
"pc1","4cpu-i7",0.75,"ssa",3,2.52
"pc1","4cpu-i7",0.75,"ssa",2,2.56
"pc1","4cpu-i7",0.75,"ssa",1,2.56
"pc1","4cpu-i7",0.75,"ssa",4,2.37
"pc1","4cpu-i7",0.75,"ssa",3,2.57
"pc1","4cpu-i7",0.75,"ssa",1,2.57
"pc1","4cpu-i7",0.75,"ssa",2,2.57
"pc1","4cpu-i7",0.75,"ssa",4,2.35
"pc1","4cpu-i7",0.75,"ssa",1,2.49
"pc1","4cpu-i7",0.75,"ssa",3,2.49
"pc1","4cpu-i7",0.75,"ssa",2,2.56
"pc1","4cpu-i7",0.75,"ssa",4,2.36
"pc1","4cpu-i7",0.75,"ssa",2,2.44
"pc1","4cpu-i7",0.75,"ssa",3,2.44
"pc1","4cpu-i7",0.75,"ssa",1,2.71
"pc1","4cpu-i7",0.75,"ssa",2,2.15
"pc1","4cpu-i7",0.75,"ssa",3,2.4
"pc1","4cpu-i7",0.75,"ssa",4,2.42
"pc1","4cpu-i7",0.75,"ssa",1,2.63
"pc1","4cpu-i7",0.75,"ssa",2,2.32
"pc1","4cpu-i7",0.75,"ssa",4,2.34
"pc1","4cpu-i7",0.75,"ssa",3,2.45
"pc1","4cpu-i7",0.75,"ssa",1,2.58
"pc1","4cpu-i7",0.75,"ssa",4,2.22
"pc1","4cpu-i7",0.75,"ssa",1,2.48
"pc1","4cpu-i7",0.75,"ssa",2,2.5
"pc1","4cpu-i7",0.75,"ssa",3,2.57
"pc1","4cpu-i7",0.75,"ssa",4,2.4
"pc1","4cpu-i7",0.75,"ssa",3,2.45
"pc1","4cpu-i7",0.75,"ssa",1,2.49
"pc1","4cpu-i7",0.75,"ssa",2,2.58
"pc1","4cpu-i7",0.75,"ssa",4,2.14
"pc1","4cpu-i7",0.75,"ssa",3,2.36
"pc1","4cpu-i7",0.75,"ssa",2,2.4
"pc1","4cpu-i7",0.75,"ssa",1,2.45
"pc1","4cpu-i7",0.75,"ssa",4,2.28
"pc1","4cpu-i7",0.75,"ssa",3,2.35
"pc1","4cpu-i7",0.75,"ssa",1,2.39
"pc1","4cpu-i7",0.75,"ssa",2,2.57
"pc1","4cpu-i7",0.75,"ssa",4,2.39
"pc1","4cpu-i7",0.75,"ssa",3,2.55
"pc1","4cpu-i7",0.75,"ssa",2,2.58
"pc1","4cpu-i7",0.75,"ssa",1,2.66
"pc1","4cpu-i7",0.75,"ssa",3,2.4
"pc1","4cpu-i7",0.75,"ssa",4,2.41
"pc1","4cpu-i7",0.75,"ssa",1,2.56
"pc1","4cpu-i7",0.75,"ssa",2,2.59
"pc1","4cpu-i7",0.75,"ssa",3,2.32
"pc1","4cpu-i7",0.75,"ssa",1,2.39
"pc1","4cpu-i7",0.75,"ssa",4,2.48
"pc1","4cpu-i7",0.75,"ssa",2,2.66
"pc1","4cpu-i7",0.75,"ssa",4,2.4
"pc1","4cpu-i7",0.75,"ssa",3,2.42
"pc1","4cpu-i7",0.75,"ssa",1,2.5
"pc1","4cpu-i7",0.75,"ssa",2,2.59
"pc1","4cpu-i7",0.75,"ssa",4,2.29
"pc1","4cpu-i7",0.75,"ssa",3,2.31
"pc1","4cpu-i7",0.75,"ssa",2,2.55
"pc1","4cpu-i7",0.75,"ssa",1,2.77
"pc1","4cpu-i7",0.75,"ssa",3,2.3
"pc1","4cpu-i7",0.75,"ssa",4,2.37
"pc1","4cpu-i7",0.75,"ssa",1,2.4
"pc1","4cpu-i7",0.75,"ssa",2,2.56
"pc1","4cpu-i7",0.75,"ssa",4,2.47
"pc1","4cpu-i7",0.75,"ssa",2,2.52
"pc1","4cpu-i7",0.75,"ssa",3,2.53
"pc1","4cpu-i7",0.75,"ssa",1,2.59
"pc1","4cpu-i7",0.75,"ssa",4,2.45
"pc1","4cpu-i7",0.75,"ssa",3,2.49
"pc1","4cpu-i7",0.75,"ssa",2,2.57
"pc1","4cpu-i7",0.75,"ssa",1,2.68
"pc1","4cpu-i7",0.75,"ssa",4,2.13
"pc1","4cpu-i7",0.75,"ssa",2,2.31
"pc1","4cpu-i7",0.75,"ssa",3,2.4
"pc1","4cpu-i7",0.75,"ssa",1,2.72
"pc1","4cpu-i7",0.75,"ssa",4,2.33
"pc1","4cpu-i7",0.75,"ssa",3,2.46
"pc1","4cpu-i7",0.75,"ssa",2,2.49
"pc1","4cpu-i7",0.75,"ssa",1,2.6
"pc1","4cpu-i7",0.75,"ssa",4,2.23
"pc1","4cpu-i7",0.75,"ssa",2,2.28
"pc1","4cpu-i7",0.75,"ssa",3,2.55
"pc1","4cpu-i7",0.75,"ssa",1,2.64
"pc1","4cpu-i7",0.75,"ssa",2,2.24
"pc1","4cpu-i7",0.75,"ssa",4,2.29
"pc1","4cpu-i7",0.75,"ssa",3,2.4
"pc1","4cpu-i7",0.75,"ssa",1,2.52
"pc1","4cpu-i7",0.75,"ssa",1,2.42
"pc1","4cpu-i7",0.75,"ssa",4,2.37
"pc1","4cpu-i7",0.75,"ssa",3,2.69
"pc1","4cpu-i7",0.75,"ssa",2,2.72
"pc1","4cpu-i7",0.85,"ssa",1,2.37
"pc1","4cpu-i7",0.85,"ssa",2,2.37
"pc1","4cpu-i7",0.85,"ssa",4,2.38
"pc1","4cpu-i7",0.85,"ssa",3,2.45
"pc1","4cpu-i7",0.85,"ssa",3,2.38
"pc1","4cpu-i7",0.85,"ssa",1,2.45
"pc1","4cpu-i7",0.85,"ssa",4,2.43
"pc1","4cpu-i7",0.85,"ssa",2,2.48
"pc1","4cpu-i7",0.85,"ssa",2,2.11
"pc1","4cpu-i7",0.85,"ssa",1,2.2
"pc1","4cpu-i7",0.85,"ssa",3,2.27
"pc1","4cpu-i7",0.85,"ssa",4,2.32
"pc1","4cpu-i7",0.85,"ssa",3,2.14
"pc1","4cpu-i7",0.85,"ssa",2,2.21
"pc1","4cpu-i7",0.85,"ssa",1,2.32
"pc1","4cpu-i7",0.85,"ssa",4,2.4
"pc1","4cpu-i7",0.85,"ssa",1,2.05
"pc1","4cpu-i7",0.85,"ssa",4,2.19
"pc1","4cpu-i7",0.85,"ssa",2,2.28
"pc1","4cpu-i7",0.85,"ssa",3,2.34
"pc1","4cpu-i7",0.85,"ssa",2,2.28
"pc1","4cpu-i7",0.85,"ssa",1,2.3
"pc1","4cpu-i7",0.85,"ssa",3,2.31
"pc1","4cpu-i7",0.85,"ssa",4,2.36
"pc1","4cpu-i7",0.85,"ssa",2,2.25
"pc1","4cpu-i7",0.85,"ssa",3,2.33
"pc1","4cpu-i7",0.85,"ssa",4,2.4
"pc1","4cpu-i7",0.85,"ssa",1,2.43
"pc1","4cpu-i7",0.85,"ssa",3,1.98
"pc1","4cpu-i7",0.85,"ssa",2,2.05
"pc1","4cpu-i7",0.85,"ssa",1,2.32
"pc1","4cpu-i7",0.85,"ssa",4,2.59
"pc1","4cpu-i7",0.85,"ssa",1,2.2
"pc1","4cpu-i7",0.85,"ssa",4,2.23
"pc1","4cpu-i7",0.85,"ssa",2,2.26
"pc1","4cpu-i7",0.85,"ssa",3,2.27
"pc1","4cpu-i7",0.85,"ssa",3,2.07
"pc1","4cpu-i7",0.85,"ssa",4,2.08
"pc1","4cpu-i7",0.85,"ssa",2,2.2
"pc1","4cpu-i7",0.85,"ssa",1,2.26
"pc1","4cpu-i7",0.85,"ssa",2,2.26
"pc1","4cpu-i7",0.85,"ssa",1,2.28
"pc1","4cpu-i7",0.85,"ssa",3,2.29
"pc1","4cpu-i7",0.85,"ssa",4,2.47
"pc1","4cpu-i7",0.85,"ssa",2,2.16
"pc1","4cpu-i7",0.85,"ssa",4,2.16
"pc1","4cpu-i7",0.85,"ssa",1,2.27
"pc1","4cpu-i7",0.85,"ssa",3,2.43
"pc1","4cpu-i7",0.85,"ssa",3,2.1
"pc1","4cpu-i7",0.85,"ssa",4,2.23
"pc1","4cpu-i7",0.85,"ssa",1,2.28
"pc1","4cpu-i7",0.85,"ssa",2,2.28
"pc1","4cpu-i7",0.85,"ssa",4,2.21
"pc1","4cpu-i7",0.85,"ssa",2,2.27
"pc1","4cpu-i7",0.85,"ssa",1,2.38
"pc1","4cpu-i7",0.85,"ssa",3,2.45
"pc1","4cpu-i7",0.85,"ssa",2,2.23
"pc1","4cpu-i7",0.85,"ssa",3,2.21
"pc1","4cpu-i7",0.85,"ssa",1,2.28
"pc1","4cpu-i7",0.85,"ssa",4,2.34
"pc1","4cpu-i7",0.85,"ssa",4,2.21
"pc1","4cpu-i7",0.85,"ssa",2,2.21
"pc1","4cpu-i7",0.85,"ssa",1,2.39
"pc1","4cpu-i7",0.85,"ssa",3,2.39
"pc1","4cpu-i7",0.85,"ssa",1,2.22
"pc1","4cpu-i7",0.85,"ssa",2,2.25
"pc1","4cpu-i7",0.85,"ssa",3,2.28
"pc1","4cpu-i7",0.85,"ssa",4,2.34
"pc1","4cpu-i7",0.85,"ssa",2,2.21
"pc1","4cpu-i7",0.85,"ssa",4,2.2
"pc1","4cpu-i7",0.85,"ssa",1,2.5
"pc1","4cpu-i7",0.85,"ssa",3,2.77
"pc1","4cpu-i7",0.85,"ssa",3,2.16
"pc1","4cpu-i7",0.85,"ssa",2,2.38
"pc1","4cpu-i7",0.85,"ssa",1,2.38
"pc1","4cpu-i7",0.85,"ssa",4,2.52
"pc1","4cpu-i7",0.85,"ssa",3,2.1
"pc1","4cpu-i7",0.85,"ssa",4,2.11
"pc1","4cpu-i7",0.85,"ssa",1,2.18
"pc1","4cpu-i7",0.85,"ssa",2,2.24
"pc1","4cpu-i7",0.85,"ssa",4,2.23
"pc1","4cpu-i7",0.85,"ssa",1,2.29
"pc1","4cpu-i7",0.85,"ssa",2,2.31
"pc1","4cpu-i7",0.85,"ssa",3,2.78
"pc1","4cpu-i7",0.85,"ssa",4,2.21
"pc1","4cpu-i7",0.85,"ssa",2,2.27
"pc1","4cpu-i7",0.85,"ssa",1,2.35
"pc1","4cpu-i7",0.85,"ssa",3,2.35
"pc1","4cpu-i7",0.85,"ssa",3,2.31
"pc1","4cpu-i7",0.85,"ssa",2,2.36
"pc1","4cpu-i7",0.85,"ssa",1,2.38
"pc1","4cpu-i7",0.85,"ssa",4,2.36
"pc1","4cpu-i7",0.85,"ssa",2,2.28
"pc1","4cpu-i7",0.85,"ssa",1,2.31
"pc1","4cpu-i7",0.85,"ssa",3,2.31
"pc1","4cpu-i7",0.85,"ssa",4,2.36
"pc1","4cpu-i7",0.85,"ssa",3,2.17
"pc1","4cpu-i7",0.85,"ssa",2,2.22
"pc1","4cpu-i7",0.85,"ssa",4,2.23
"pc1","4cpu-i7",0.85,"ssa",1,2.28
"pc1","4cpu-i7",0.85,"ssa",2,2.23
"pc1","4cpu-i7",0.85,"ssa",3,2.24
"pc1","4cpu-i7",0.85,"ssa",1,2.3
"pc1","4cpu-i7",0.85,"ssa",4,2.35
"pc1","4cpu-i7",0.85,"ssa",1,2.22
"pc1","4cpu-i7",0.85,"ssa",2,2.22
"pc1","4cpu-i7",0.85,"ssa",4,2.24
"pc1","4cpu-i7",0.85,"ssa",3,2.27
"pc1","4cpu-i7",0.85,"ssa",2,2.25
"pc1","4cpu-i7",0.85,"ssa",1,2.29
"pc1","4cpu-i7",0.85,"ssa",4,2.29
"pc1","4cpu-i7",0.85,"ssa",3,2.29
"pc1","4cpu-i7",0.85,"ssa",3,2.14
"pc1","4cpu-i7",0.85,"ssa",1,2.17
"pc1","4cpu-i7",0.85,"ssa",2,2.17
"pc1","4cpu-i7",0.85,"ssa",4,2.2
"pc1","4cpu-i7",0.85,"ssa",2,2.12
"pc1","4cpu-i7",0.85,"ssa",1,2.28
"pc1","4cpu-i7",0.85,"ssa",3,2.29
"pc1","4cpu-i7",0.85,"ssa",4,2.27
"pc1","4cpu-i7",0.95,"ssa",3,2.02
"pc1","4cpu-i7",0.95,"ssa",2,2.1
"pc1","4cpu-i7",0.95,"ssa",1,2.18
"pc1","4cpu-i7",0.95,"ssa",4,2.16
"pc1","4cpu-i7",0.95,"ssa",2,1.93
"pc1","4cpu-i7",0.95,"ssa",3,2.01
"pc1","4cpu-i7",0.95,"ssa",1,2.07
"pc1","4cpu-i7",0.95,"ssa",4,2.07
"pc1","4cpu-i7",0.95,"ssa",2,1.72
"pc1","4cpu-i7",0.95,"ssa",3,1.72
"pc1","4cpu-i7",0.95,"ssa",4,1.86
"pc1","4cpu-i7",0.95,"ssa",1,2.18
"pc1","4cpu-i7",0.95,"ssa",3,1.86
"pc1","4cpu-i7",0.95,"ssa",2,1.91
"pc1","4cpu-i7",0.95,"ssa",4,2.06
"pc1","4cpu-i7",0.95,"ssa",1,2.14
"pc1","4cpu-i7",0.95,"ssa",4,1.97
"pc1","4cpu-i7",0.95,"ssa",3,2
"pc1","4cpu-i7",0.95,"ssa",1,2
"pc1","4cpu-i7",0.95,"ssa",2,2.04
"pc1","4cpu-i7",0.95,"ssa",3,2
"pc1","4cpu-i7",0.95,"ssa",1,2.13
"pc1","4cpu-i7",0.95,"ssa",4,2.13
"pc1","4cpu-i7",0.95,"ssa",2,2.7
"pc1","4cpu-i7",0.95,"ssa",3,1.87
"pc1","4cpu-i7",0.95,"ssa",1,1.95
"pc1","4cpu-i7",0.95,"ssa",4,1.94
"pc1","4cpu-i7",0.95,"ssa",2,2.05
"pc1","4cpu-i7",0.95,"ssa",3,1.93
"pc1","4cpu-i7",0.95,"ssa",4,1.96
"pc1","4cpu-i7",0.95,"ssa",2,2.18
"pc1","4cpu-i7",0.95,"ssa",1,2.29
"pc1","4cpu-i7",0.95,"ssa",4,1.92
"pc1","4cpu-i7",0.95,"ssa",1,1.96
"pc1","4cpu-i7",0.95,"ssa",3,2
"pc1","4cpu-i7",0.95,"ssa",2,2.12
"pc1","4cpu-i7",0.95,"ssa",3,1.93
"pc1","4cpu-i7",0.95,"ssa",4,2.05
"pc1","4cpu-i7",0.95,"ssa",1,2.15
"pc1","4cpu-i7",0.95,"ssa",2,2.64
"pc1","4cpu-i7",0.95,"ssa",2,1.85
"pc1","4cpu-i7",0.95,"ssa",3,1.87
"pc1","4cpu-i7",0.95,"ssa",4,1.92
"pc1","4cpu-i7",0.95,"ssa",1,2.04
"pc1","4cpu-i7",0.95,"ssa",3,1.87
"pc1","4cpu-i7",0.95,"ssa",2,2.1
"pc1","4cpu-i7",0.95,"ssa",4,2.13
"pc1","4cpu-i7",0.95,"ssa",1,2.19
"pc1","4cpu-i7",0.95,"ssa",3,1.92
"pc1","4cpu-i7",0.95,"ssa",2,1.97
"pc1","4cpu-i7",0.95,"ssa",4,2.12
"pc1","4cpu-i7",0.95,"ssa",1,2.21
"pc1","4cpu-i7",0.95,"ssa",4,1.98
"pc1","4cpu-i7",0.95,"ssa",3,2.02
"pc1","4cpu-i7",0.95,"ssa",2,2.05
"pc1","4cpu-i7",0.95,"ssa",1,2.16
"pc1","4cpu-i7",0.95,"ssa",3,2.01
"pc1","4cpu-i7",0.95,"ssa",2,2.03
"pc1","4cpu-i7",0.95,"ssa",1,2.1
"pc1","4cpu-i7",0.95,"ssa",4,2.17
"pc1","4cpu-i7",0.95,"ssa",3,1.82
"pc1","4cpu-i7",0.95,"ssa",2,1.91
"pc1","4cpu-i7",0.95,"ssa",4,1.95
"pc1","4cpu-i7",0.95,"ssa",1,2.07
"pc1","4cpu-i7",0.95,"ssa",3,1.94
"pc1","4cpu-i7",0.95,"ssa",4,1.94
"pc1","4cpu-i7",0.95,"ssa",1,2
"pc1","4cpu-i7",0.95,"ssa",2,2.06
"pc1","4cpu-i7",0.95,"ssa",2,1.86
"pc1","4cpu-i7",0.95,"ssa",4,1.9
"pc1","4cpu-i7",0.95,"ssa",3,1.93
"pc1","4cpu-i7",0.95,"ssa",1,2.08
"pc1","4cpu-i7",0.95,"ssa",2,1.93
"pc1","4cpu-i7",0.95,"ssa",3,1.93
"pc1","4cpu-i7",0.95,"ssa",1,2
"pc1","4cpu-i7",0.95,"ssa",4,2.02
"pc1","4cpu-i7",0.95,"ssa",3,1.92
"pc1","4cpu-i7",0.95,"ssa",4,1.98
"pc1","4cpu-i7",0.95,"ssa",1,2.02
"pc1","4cpu-i7",0.95,"ssa",2,2.57
"pc1","4cpu-i7",0.95,"ssa",3,1.83
"pc1","4cpu-i7",0.95,"ssa",2,1.9
"pc1","4cpu-i7",0.95,"ssa",4,1.98
"pc1","4cpu-i7",0.95,"ssa",1,2.11
"pc1","4cpu-i7",0.95,"ssa",3,1.84
"pc1","4cpu-i7",0.95,"ssa",4,1.96
"pc1","4cpu-i7",0.95,"ssa",1,2
"pc1","4cpu-i7",0.95,"ssa",2,2.04
"pc1","4cpu-i7",0.95,"ssa",4,1.94
"pc1","4cpu-i7",0.95,"ssa",3,1.99
"pc1","4cpu-i7",0.95,"ssa",2,2.02
"pc1","4cpu-i7",0.95,"ssa",1,2.02
"pc1","4cpu-i7",0.95,"ssa",3,1.98
"pc1","4cpu-i7",0.95,"ssa",4,2.11
"pc1","4cpu-i7",0.95,"ssa",2,2.16
"pc1","4cpu-i7",0.95,"ssa",1,2.35
"pc1","4cpu-i7",0.95,"ssa",2,1.89
"pc1","4cpu-i7",0.95,"ssa",1,1.98
"pc1","4cpu-i7",0.95,"ssa",3,1.98
"pc1","4cpu-i7",0.95,"ssa",4,2.03
"pc1","4cpu-i7",0.95,"ssa",4,1.96
"pc1","4cpu-i7",0.95,"ssa",1,2.02
"pc1","4cpu-i7",0.95,"ssa",2,2.02
"pc1","4cpu-i7",0.95,"ssa",3,2.08
"pc1","4cpu-i7",0.95,"ssa",2,2.03
"pc1","4cpu-i7",0.95,"ssa",3,2.03
"pc1","4cpu-i7",0.95,"ssa",4,2.09
"pc1","4cpu-i7",0.95,"ssa",1,2.09
"pc1","4cpu-i7",0.95,"ssa",4,1.99
"pc1","4cpu-i7",0.95,"ssa",2,2.18
"pc1","4cpu-i7",0.95,"ssa",1,2.27
"pc1","4cpu-i7",0.95,"ssa",3,1.88
"pc1","4cpu-i7",0.95,"ssa",2,1.95
"pc1","4cpu-i7",0.95,"ssa",4,2.03
"pc1","4cpu-i7",0.95,"ssa",1,2.09
"pc1","4cpu-i7",0.95,"ssa",1,1.82
"pc1","4cpu-i7",0.95,"ssa",3,1.91
"pc1","4cpu-i7",0.95,"ssa",2,1.93
"pc1","4cpu-i7",0.95,"ssa",4,2.22
"pc1","4cpu-i7",0.05,"seadec",2,40.64
"pc1","4cpu-i7",0.05,"seadec",4,40.84
"pc1","4cpu-i7",0.05,"seadec",3,40.84
"pc1","4cpu-i7",0.05,"seadec",1,41.85
"pc1","4cpu-i7",0.05,"seadec",3,46.96
"pc1","4cpu-i7",0.05,"seadec",1,47.88
"pc1","4cpu-i7",0.05,"seadec",2,48.07
"pc1","4cpu-i7",0.05,"seadec",4,48.76
"pc1","4cpu-i7",0.05,"seadec",1,39.27
"pc1","4cpu-i7",0.05,"seadec",2,39.85
"pc1","4cpu-i7",0.05,"seadec",4,41.04
"pc1","4cpu-i7",0.05,"seadec",3,41.54
"pc1","4cpu-i7",0.05,"seadec",1,40.87
"pc1","4cpu-i7",0.05,"seadec",2,40.95
"pc1","4cpu-i7",0.05,"seadec",3,41.34
"pc1","4cpu-i7",0.05,"seadec",4,41.84
"pc1","4cpu-i7",0.05,"seadec",2,41.55
"pc1","4cpu-i7",0.05,"seadec",1,41.96
"pc1","4cpu-i7",0.05,"seadec",4,42.34
"pc1","4cpu-i7",0.05,"seadec",3,42.44
"pc1","4cpu-i7",0.05,"seadec",1,41.39
"pc1","4cpu-i7",0.05,"seadec",4,41.76
"pc1","4cpu-i7",0.05,"seadec",2,42.08
"pc1","4cpu-i7",0.05,"seadec",3,42.37
"pc1","4cpu-i7",0.05,"seadec",4,43.23
"pc1","4cpu-i7",0.05,"seadec",1,43.66
"pc1","4cpu-i7",0.05,"seadec",2,43.74
"pc1","4cpu-i7",0.05,"seadec",3,43.94
"pc1","4cpu-i7",0.05,"seadec",2,41.05
"pc1","4cpu-i7",0.05,"seadec",4,41.23
"pc1","4cpu-i7",0.05,"seadec",3,41.34
"pc1","4cpu-i7",0.05,"seadec",1,41.46
"pc1","4cpu-i7",0.05,"seadec",3,39.66
"pc1","4cpu-i7",0.05,"seadec",4,39.86
"pc1","4cpu-i7",0.05,"seadec",2,40.19
"pc1","4cpu-i7",0.05,"seadec",1,40.39
"pc1","4cpu-i7",0.05,"seadec",3,41.55
"pc1","4cpu-i7",0.05,"seadec",4,41.84
"pc1","4cpu-i7",0.05,"seadec",1,42.56
"pc1","4cpu-i7",0.05,"seadec",2,42.75
"pc1","4cpu-i7",0.05,"seadec",4,42.43
"pc1","4cpu-i7",0.05,"seadec",3,42.74
"pc1","4cpu-i7",0.05,"seadec",2,42.95
"pc1","4cpu-i7",0.05,"seadec",1,43.26
"pc1","4cpu-i7",0.05,"seadec",1,41.57
"pc1","4cpu-i7",0.05,"seadec",2,41.75
"pc1","4cpu-i7",0.05,"seadec",3,41.94
"pc1","4cpu-i7",0.05,"seadec",4,42.04
"pc1","4cpu-i7",0.05,"seadec",2,39.75
"pc1","4cpu-i7",0.05,"seadec",1,39.86
"pc1","4cpu-i7",0.05,"seadec",3,40.54
"pc1","4cpu-i7",0.05,"seadec",4,40.74
"pc1","4cpu-i7",0.05,"seadec",3,39.78
"pc1","4cpu-i7",0.05,"seadec",2,40.97
"pc1","4cpu-i7",0.05,"seadec",4,40.97
"pc1","4cpu-i7",0.05,"seadec",1,41.49
"pc1","4cpu-i7",0.05,"seadec",4,38.64
"pc1","4cpu-i7",0.05,"seadec",3,38.64
"pc1","4cpu-i7",0.05,"seadec",2,38.85
"pc1","4cpu-i7",0.05,"seadec",1,40.36
"pc1","4cpu-i7",0.05,"seadec",3,39.76
"pc1","4cpu-i7",0.05,"seadec",4,40.06
"pc1","4cpu-i7",0.05,"seadec",2,40.58
"pc1","4cpu-i7",0.05,"seadec",1,40.58
"pc1","4cpu-i7",0.05,"seadec",3,40.07
"pc1","4cpu-i7",0.05,"seadec",4,40.16
"pc1","4cpu-i7",0.05,"seadec",2,40.48
"pc1","4cpu-i7",0.05,"seadec",1,40.48
"pc1","4cpu-i7",0.05,"seadec",3,39.65
"pc1","4cpu-i7",0.05,"seadec",2,41.25
"pc1","4cpu-i7",0.05,"seadec",4,41.44
"pc1","4cpu-i7",0.05,"seadec",1,41.76
"pc1","4cpu-i7",0.05,"seadec",1,40.74
"pc1","4cpu-i7",0.05,"seadec",3,40.74
"pc1","4cpu-i7",0.05,"seadec",2,41.55
"pc1","4cpu-i7",0.05,"seadec",4,42.13
"pc1","4cpu-i7",0.05,"seadec",1,42.37
"pc1","4cpu-i7",0.05,"seadec",3,42.37
"pc1","4cpu-i7",0.05,"seadec",2,42.48
"pc1","4cpu-i7",0.05,"seadec",4,42.86
"pc1","4cpu-i7",0.05,"seadec",2,42.95
"pc1","4cpu-i7",0.05,"seadec",3,43.04
"pc1","4cpu-i7",0.05,"seadec",1,43.06
"pc1","4cpu-i7",0.05,"seadec",4,43.13
"pc1","4cpu-i7",0.05,"seadec",3,40.97
"pc1","4cpu-i7",0.05,"seadec",1,42.09
"pc1","4cpu-i7",0.05,"seadec",4,42.47
"pc1","4cpu-i7",0.05,"seadec",2,43.18
"pc1","4cpu-i7",0.05,"seadec",3,41.47
"pc1","4cpu-i7",0.05,"seadec",4,41.98
"pc1","4cpu-i7",0.05,"seadec",1,41.98
"pc1","4cpu-i7",0.05,"seadec",2,42.37
"pc1","4cpu-i7",0.05,"seadec",3,38.74
"pc1","4cpu-i7",0.05,"seadec",4,39.34
"pc1","4cpu-i7",0.05,"seadec",2,40.15
"pc1","4cpu-i7",0.05,"seadec",1,40.36
"pc1","4cpu-i7",0.05,"seadec",2,40.16
"pc1","4cpu-i7",0.05,"seadec",1,40.37
"pc1","4cpu-i7",0.05,"seadec",3,40.44
"pc1","4cpu-i7",0.05,"seadec",4,40.54
"pc1","4cpu-i7",0.05,"seadec",3,41.85
"pc1","4cpu-i7",0.05,"seadec",2,41.96
"pc1","4cpu-i7",0.05,"seadec",1,42.94
"pc1","4cpu-i7",0.05,"seadec",4,42.94
"pc1","4cpu-i7",0.05,"seadec",2,43.45
"pc1","4cpu-i7",0.05,"seadec",1,43.67
"pc1","4cpu-i7",0.05,"seadec",3,44.54
"pc1","4cpu-i7",0.05,"seadec",4,44.54
"pc1","4cpu-i7",0.05,"seadec",3,39.47
"pc1","4cpu-i7",0.05,"seadec",1,39.58
"pc1","4cpu-i7",0.05,"seadec",4,39.76
"pc1","4cpu-i7",0.05,"seadec",2,40.78
"pc1","4cpu-i7",0.05,"seadec",4,41.71
"pc1","4cpu-i7",0.05,"seadec",3,42.11
"pc1","4cpu-i7",0.05,"seadec",1,42.23
"pc1","4cpu-i7",0.05,"seadec",2,42.52
"pc1","4cpu-i7",0.05,"seadec",3,39.16
"pc1","4cpu-i7",0.05,"seadec",2,39.38
"pc1","4cpu-i7",0.05,"seadec",4,39.55
"pc1","4cpu-i7",0.05,"seadec",1,40.58
"pc1","4cpu-i7",0.15,"seadec",4,9.87
"pc1","4cpu-i7",0.15,"seadec",3,10.09
"pc1","4cpu-i7",0.15,"seadec",1,10.21
"pc1","4cpu-i7",0.15,"seadec",2,10.3
"pc1","4cpu-i7",0.15,"seadec",3,9.55
"pc1","4cpu-i7",0.15,"seadec",2,9.67
"pc1","4cpu-i7",0.15,"seadec",4,9.67
"pc1","4cpu-i7",0.15,"seadec",1,10.07
"pc1","4cpu-i7",0.15,"seadec",3,8.43
"pc1","4cpu-i7",0.15,"seadec",1,8.66
"pc1","4cpu-i7",0.15,"seadec",2,8.64
"pc1","4cpu-i7",0.15,"seadec",4,8.83
"pc1","4cpu-i7",0.15,"seadec",2,9.16
"pc1","4cpu-i7",0.15,"seadec",4,9.24
"pc1","4cpu-i7",0.15,"seadec",3,9.39
"pc1","4cpu-i7",0.15,"seadec",1,9.39
"pc1","4cpu-i7",0.15,"seadec",4,8.84
"pc1","4cpu-i7",0.15,"seadec",2,8.84
"pc1","4cpu-i7",0.15,"seadec",3,9.04
"pc1","4cpu-i7",0.15,"seadec",1,9.04
"pc1","4cpu-i7",0.15,"seadec",4,8.96
"pc1","4cpu-i7",0.15,"seadec",1,8.95
"pc1","4cpu-i7",0.15,"seadec",3,8.95
"pc1","4cpu-i7",0.15,"seadec",2,9.25
"pc1","4cpu-i7",0.15,"seadec",1,9.27
"pc1","4cpu-i7",0.15,"seadec",3,9.27
"pc1","4cpu-i7",0.15,"seadec",4,9.43
"pc1","4cpu-i7",0.15,"seadec",2,9.56
"pc1","4cpu-i7",0.15,"seadec",2,9.16
"pc1","4cpu-i7",0.15,"seadec",3,9.27
"pc1","4cpu-i7",0.15,"seadec",1,9.27
"pc1","4cpu-i7",0.15,"seadec",4,9.43
"pc1","4cpu-i7",0.15,"seadec",3,8.55
"pc1","4cpu-i7",0.15,"seadec",1,8.96
"pc1","4cpu-i7",0.15,"seadec",2,8.96
"pc1","4cpu-i7",0.15,"seadec",4,9.15
"pc1","4cpu-i7",0.15,"seadec",2,8.87
"pc1","4cpu-i7",0.15,"seadec",1,9.07
"pc1","4cpu-i7",0.15,"seadec",3,9.25
"pc1","4cpu-i7",0.15,"seadec",4,9.45
"pc1","4cpu-i7",0.15,"seadec",2,9.58
"pc1","4cpu-i7",0.15,"seadec",3,9.77
"pc1","4cpu-i7",0.15,"seadec",1,9.8
"pc1","4cpu-i7",0.15,"seadec",4,9.86
"pc1","4cpu-i7",0.15,"seadec",1,9.37
"pc1","4cpu-i7",0.15,"seadec",3,9.45
"pc1","4cpu-i7",0.15,"seadec",2,9.46
"pc1","4cpu-i7",0.15,"seadec",4,9.74
"pc1","4cpu-i7",0.15,"seadec",2,9.37
"pc1","4cpu-i7",0.15,"seadec",1,9.57
"pc1","4cpu-i7",0.15,"seadec",3,9.57
"pc1","4cpu-i7",0.15,"seadec",4,9.57
"pc1","4cpu-i7",0.15,"seadec",2,9.36
"pc1","4cpu-i7",0.15,"seadec",1,9.36
"pc1","4cpu-i7",0.15,"seadec",4,9.43
"pc1","4cpu-i7",0.15,"seadec",3,9.54
"pc1","4cpu-i7",0.15,"seadec",1,9.19
"pc1","4cpu-i7",0.15,"seadec",3,9.27
"pc1","4cpu-i7",0.15,"seadec",2,9.37
"pc1","4cpu-i7",0.15,"seadec",4,9.54
"pc1","4cpu-i7",0.15,"seadec",1,9.37
"pc1","4cpu-i7",0.15,"seadec",3,9.37
"pc1","4cpu-i7",0.15,"seadec",4,9.37
"pc1","4cpu-i7",0.15,"seadec",2,9.47
"pc1","4cpu-i7",0.15,"seadec",2,9.72
"pc1","4cpu-i7",0.15,"seadec",4,9.84
"pc1","4cpu-i7",0.15,"seadec",3,9.84
"pc1","4cpu-i7",0.15,"seadec",1,9.92
"pc1","4cpu-i7",0.15,"seadec",2,9.28
"pc1","4cpu-i7",0.15,"seadec",3,9.46
"pc1","4cpu-i7",0.15,"seadec",4,9.46
"pc1","4cpu-i7",0.15,"seadec",1,9.68
"pc1","4cpu-i7",0.15,"seadec",1,9.04
"pc1","4cpu-i7",0.15,"seadec",2,9.04
"pc1","4cpu-i7",0.15,"seadec",4,9.04
"pc1","4cpu-i7",0.15,"seadec",3,9.04
"pc1","4cpu-i7",0.15,"seadec",3,9.83
"pc1","4cpu-i7",0.15,"seadec",2,9.86
"pc1","4cpu-i7",0.15,"seadec",4,9.86
"pc1","4cpu-i7",0.15,"seadec",1,9.86
"pc1","4cpu-i7",0.15,"seadec",3,9.16
"pc1","4cpu-i7",0.15,"seadec",4,9.24
"pc1","4cpu-i7",0.15,"seadec",2,9.26
"pc1","4cpu-i7",0.15,"seadec",1,9.26
"pc1","4cpu-i7",0.15,"seadec",2,8.64
"pc1","4cpu-i7",0.15,"seadec",3,8.73
"pc1","4cpu-i7",0.15,"seadec",4,8.83
"pc1","4cpu-i7",0.15,"seadec",1,8.96
"pc1","4cpu-i7",0.15,"seadec",3,9.57
"pc1","4cpu-i7",0.15,"seadec",1,9.68
"pc1","4cpu-i7",0.15,"seadec",4,9.66
"pc1","4cpu-i7",0.15,"seadec",2,9.68
"pc1","4cpu-i7",0.15,"seadec",4,9.94
"pc1","4cpu-i7",0.15,"seadec",2,10.07
"pc1","4cpu-i7",0.15,"seadec",3,10.26
"pc1","4cpu-i7",0.15,"seadec",1,10.35
"pc1","4cpu-i7",0.15,"seadec",2,9.58
"pc1","4cpu-i7",0.15,"seadec",3,9.7
"pc1","4cpu-i7",0.15,"seadec",1,9.7
"pc1","4cpu-i7",0.15,"seadec",4,9.77
"pc1","4cpu-i7",0.15,"seadec",3,8.96
"pc1","4cpu-i7",0.15,"seadec",4,9.15
"pc1","4cpu-i7",0.15,"seadec",2,9.18
"pc1","4cpu-i7",0.15,"seadec",1,9.28
"pc1","4cpu-i7",0.15,"seadec",2,9.67
"pc1","4cpu-i7",0.15,"seadec",3,9.67
"pc1","4cpu-i7",0.15,"seadec",4,9.97
"pc1","4cpu-i7",0.15,"seadec",1,10.09
"pc1","4cpu-i7",0.15,"seadec",3,8.94
"pc1","4cpu-i7",0.15,"seadec",4,8.95
"pc1","4cpu-i7",0.15,"seadec",2,9.06
"pc1","4cpu-i7",0.15,"seadec",1,9.15
"pc1","4cpu-i7",0.15,"seadec",3,9.05
"pc1","4cpu-i7",0.15,"seadec",1,9.26
"pc1","4cpu-i7",0.15,"seadec",4,9.26
"pc1","4cpu-i7",0.15,"seadec",2,9.37
"pc1","4cpu-i7",0.15,"seadec",1,9.37
"pc1","4cpu-i7",0.15,"seadec",2,9.37
"pc1","4cpu-i7",0.15,"seadec",3,9.45
"pc1","4cpu-i7",0.15,"seadec",4,9.54
"pc1","4cpu-i7",0.25,"seadec",3,5.68
"pc1","4cpu-i7",0.25,"seadec",4,5.68
"pc1","4cpu-i7",0.25,"seadec",1,5.79
"pc1","4cpu-i7",0.25,"seadec",2,5.79
"pc1","4cpu-i7",0.25,"seadec",3,5.35
"pc1","4cpu-i7",0.25,"seadec",2,5.47
"pc1","4cpu-i7",0.25,"seadec",1,5.55
"pc1","4cpu-i7",0.25,"seadec",4,5.55
"pc1","4cpu-i7",0.25,"seadec",3,4.96
"pc1","4cpu-i7",0.25,"seadec",1,4.98
"pc1","4cpu-i7",0.25,"seadec",2,5.07
"pc1","4cpu-i7",0.25,"seadec",4,5.15
"pc1","4cpu-i7",0.25,"seadec",3,4.86
"pc1","4cpu-i7",0.25,"seadec",2,5.07
"pc1","4cpu-i7",0.25,"seadec",1,5.05
"pc1","4cpu-i7",0.25,"seadec",4,5.05
"pc1","4cpu-i7",0.25,"seadec",3,5.13
"pc1","4cpu-i7",0.25,"seadec",2,5.13
"pc1","4cpu-i7",0.25,"seadec",1,5.13
"pc1","4cpu-i7",0.25,"seadec",4,5.13
"pc1","4cpu-i7",0.25,"seadec",1,4.93
"pc1","4cpu-i7",0.25,"seadec",3,4.93
"pc1","4cpu-i7",0.25,"seadec",4,4.93
"pc1","4cpu-i7",0.25,"seadec",2,5.01
"pc1","4cpu-i7",0.25,"seadec",3,5.21
"pc1","4cpu-i7",0.25,"seadec",1,5.24
"pc1","4cpu-i7",0.25,"seadec",4,5.24
"pc1","4cpu-i7",0.25,"seadec",2,5.24
"pc1","4cpu-i7",0.25,"seadec",3,4.96
"pc1","4cpu-i7",0.25,"seadec",1,4.96
"pc1","4cpu-i7",0.25,"seadec",2,4.96
"pc1","4cpu-i7",0.25,"seadec",4,5.03
"pc1","4cpu-i7",0.25,"seadec",4,5.06
"pc1","4cpu-i7",0.25,"seadec",1,5.09
"pc1","4cpu-i7",0.25,"seadec",3,5.16
"pc1","4cpu-i7",0.25,"seadec",2,5.17
"pc1","4cpu-i7",0.25,"seadec",4,4.96
"pc1","4cpu-i7",0.25,"seadec",3,4.98
"pc1","4cpu-i7",0.25,"seadec",2,5.08
"pc1","4cpu-i7",0.25,"seadec",1,5.1
"pc1","4cpu-i7",0.25,"seadec",3,4.84
"pc1","4cpu-i7",0.25,"seadec",4,4.85
"pc1","4cpu-i7",0.25,"seadec",2,4.97
"pc1","4cpu-i7",0.25,"seadec",1,4.97
"pc1","4cpu-i7",0.25,"seadec",3,4.76
"pc1","4cpu-i7",0.25,"seadec",2,4.84
"pc1","4cpu-i7",0.25,"seadec",4,4.84
"pc1","4cpu-i7",0.25,"seadec",1,4.95
"pc1","4cpu-i7",0.25,"seadec",4,5.05
"pc1","4cpu-i7",0.25,"seadec",1,5.18
"pc1","4cpu-i7",0.25,"seadec",2,5.19
"pc1","4cpu-i7",0.25,"seadec",3,5.18
"pc1","4cpu-i7",0.25,"seadec",1,4.95
"pc1","4cpu-i7",0.25,"seadec",4,5.11
"pc1","4cpu-i7",0.25,"seadec",2,5.13
"pc1","4cpu-i7",0.25,"seadec",3,5.13
"pc1","4cpu-i7",0.25,"seadec",2,4.98
"pc1","4cpu-i7",0.25,"seadec",4,5.17
"pc1","4cpu-i7",0.25,"seadec",1,5.17
"pc1","4cpu-i7",0.25,"seadec",3,5.16
"pc1","4cpu-i7",0.25,"seadec",4,5.17
"pc1","4cpu-i7",0.25,"seadec",2,5.18
"pc1","4cpu-i7",0.25,"seadec",1,5.27
"pc1","4cpu-i7",0.25,"seadec",3,5.26
"pc1","4cpu-i7",0.25,"seadec",1,5.19
"pc1","4cpu-i7",0.25,"seadec",2,5.28
"pc1","4cpu-i7",0.25,"seadec",4,5.28
"pc1","4cpu-i7",0.25,"seadec",3,5.37
"pc1","4cpu-i7",0.25,"seadec",1,5.09
"pc1","4cpu-i7",0.25,"seadec",4,5.15
"pc1","4cpu-i7",0.25,"seadec",2,5.18
"pc1","4cpu-i7",0.25,"seadec",3,5.26
"pc1","4cpu-i7",0.25,"seadec",4,4.97
"pc1","4cpu-i7",0.25,"seadec",2,5.07
"pc1","4cpu-i7",0.25,"seadec",1,5.09
"pc1","4cpu-i7",0.25,"seadec",3,5.17
"pc1","4cpu-i7",0.25,"seadec",1,5.19
"pc1","4cpu-i7",0.25,"seadec",4,5.19
"pc1","4cpu-i7",0.25,"seadec",2,5.27
"pc1","4cpu-i7",0.25,"seadec",3,5.27
"pc1","4cpu-i7",0.25,"seadec",4,4.95
"pc1","4cpu-i7",0.25,"seadec",2,5.18
"pc1","4cpu-i7",0.25,"seadec",1,5.18
"pc1","4cpu-i7",0.25,"seadec",3,5.27
"pc1","4cpu-i7",0.25,"seadec",2,5.17
"pc1","4cpu-i7",0.25,"seadec",4,5.17
"pc1","4cpu-i7",0.25,"seadec",3,5.38
"pc1","4cpu-i7",0.25,"seadec",1,5.38
"pc1","4cpu-i7",0.25,"seadec",4,4.94
"pc1","4cpu-i7",0.25,"seadec",2,5.07
"pc1","4cpu-i7",0.25,"seadec",3,5.07
"pc1","4cpu-i7",0.25,"seadec",1,5.26
"pc1","4cpu-i7",0.25,"seadec",3,4.96
"pc1","4cpu-i7",0.25,"seadec",2,5.06
"pc1","4cpu-i7",0.25,"seadec",4,5.13
"pc1","4cpu-i7",0.25,"seadec",1,5.17
"pc1","4cpu-i7",0.25,"seadec",4,5.09
"pc1","4cpu-i7",0.25,"seadec",2,5.09
"pc1","4cpu-i7",0.25,"seadec",3,5.15
"pc1","4cpu-i7",0.25,"seadec",1,5.18
"pc1","4cpu-i7",0.25,"seadec",4,4.96
"pc1","4cpu-i7",0.25,"seadec",2,5.06
"pc1","4cpu-i7",0.25,"seadec",3,5.09
"pc1","4cpu-i7",0.25,"seadec",1,5.09
"pc1","4cpu-i7",0.25,"seadec",3,4.95
"pc1","4cpu-i7",0.25,"seadec",4,5.04
"pc1","4cpu-i7",0.25,"seadec",2,5.04
"pc1","4cpu-i7",0.25,"seadec",1,5.05
"pc1","4cpu-i7",0.25,"seadec",2,4.96
"pc1","4cpu-i7",0.25,"seadec",3,5.08
"pc1","4cpu-i7",0.25,"seadec",1,5.08
"pc1","4cpu-i7",0.25,"seadec",4,5.08
"pc1","4cpu-i7",0.25,"seadec",2,5.35
"pc1","4cpu-i7",0.25,"seadec",4,5.41
"pc1","4cpu-i7",0.25,"seadec",3,5.45
"pc1","4cpu-i7",0.25,"seadec",1,5.45
"pc1","4cpu-i7",0.25,"seadec",2,4.98
"pc1","4cpu-i7",0.25,"seadec",3,5.05
"pc1","4cpu-i7",0.25,"seadec",4,5.14
"pc1","4cpu-i7",0.25,"seadec",1,5.19
"pc1","4cpu-i7",0.35,"seadec",3,3.67
"pc1","4cpu-i7",0.35,"seadec",4,3.67
"pc1","4cpu-i7",0.35,"seadec",1,3.72
"pc1","4cpu-i7",0.35,"seadec",2,3.7
"pc1","4cpu-i7",0.35,"seadec",3,3.66
"pc1","4cpu-i7",0.35,"seadec",1,3.77
"pc1","4cpu-i7",0.35,"seadec",2,3.78
"pc1","4cpu-i7",0.35,"seadec",4,3.84
"pc1","4cpu-i7",0.35,"seadec",4,3.16
"pc1","4cpu-i7",0.35,"seadec",3,3.28
"pc1","4cpu-i7",0.35,"seadec",2,3.29
"pc1","4cpu-i7",0.35,"seadec",1,3.3
"pc1","4cpu-i7",0.35,"seadec",4,3.27
"pc1","4cpu-i7",0.35,"seadec",1,3.37
"pc1","4cpu-i7",0.35,"seadec",3,3.47
"pc1","4cpu-i7",0.35,"seadec",2,3.47
"pc1","4cpu-i7",0.35,"seadec",4,3.34
"pc1","4cpu-i7",0.35,"seadec",1,3.35
"pc1","4cpu-i7",0.35,"seadec",2,3.36
"pc1","4cpu-i7",0.35,"seadec",3,3.35
"pc1","4cpu-i7",0.35,"seadec",2,3.35
"pc1","4cpu-i7",0.35,"seadec",4,3.35
"pc1","4cpu-i7",0.35,"seadec",3,3.35
"pc1","4cpu-i7",0.35,"seadec",1,3.35
"pc1","4cpu-i7",0.35,"seadec",3,3.34
"pc1","4cpu-i7",0.35,"seadec",1,3.41
"pc1","4cpu-i7",0.35,"seadec",4,3.35
"pc1","4cpu-i7",0.35,"seadec",2,3.38
"pc1","4cpu-i7",0.35,"seadec",3,3.36
"pc1","4cpu-i7",0.35,"seadec",1,3.38
"pc1","4cpu-i7",0.35,"seadec",2,3.38
"pc1","4cpu-i7",0.35,"seadec",4,3.44
"pc1","4cpu-i7",0.35,"seadec",4,3.17
"pc1","4cpu-i7",0.35,"seadec",3,3.27
"pc1","4cpu-i7",0.35,"seadec",2,3.3
"pc1","4cpu-i7",0.35,"seadec",1,3.31
"pc1","4cpu-i7",0.35,"seadec",4,3.37
"pc1","4cpu-i7",0.35,"seadec",1,3.37
"pc1","4cpu-i7",0.35,"seadec",3,3.37
"pc1","4cpu-i7",0.35,"seadec",2,3.37
"pc1","4cpu-i7",0.35,"seadec",4,3.45
"pc1","4cpu-i7",0.35,"seadec",2,3.43
"pc1","4cpu-i7",0.35,"seadec",3,3.43
"pc1","4cpu-i7",0.35,"seadec",1,3.43
"pc1","4cpu-i7",0.35,"seadec",2,3.36
"pc1","4cpu-i7",0.35,"seadec",1,3.36
"pc1","4cpu-i7",0.35,"seadec",4,3.33
"pc1","4cpu-i7",0.35,"seadec",3,3.43
"pc1","4cpu-i7",0.35,"seadec",2,3.35
"pc1","4cpu-i7",0.35,"seadec",1,3.38
"pc1","4cpu-i7",0.35,"seadec",4,3.43
"pc1","4cpu-i7",0.35,"seadec",3,3.45
"pc1","4cpu-i7",0.35,"seadec",1,3.37
"pc1","4cpu-i7",0.35,"seadec",2,3.36
"pc1","4cpu-i7",0.35,"seadec",4,3.43
"pc1","4cpu-i7",0.35,"seadec",3,3.45
"pc1","4cpu-i7",0.35,"seadec",2,3.29
"pc1","4cpu-i7",0.35,"seadec",1,3.3
"pc1","4cpu-i7",0.35,"seadec",4,3.3
"pc1","4cpu-i7",0.35,"seadec",3,3.37
"pc1","4cpu-i7",0.35,"seadec",4,3.5
"pc1","4cpu-i7",0.35,"seadec",2,3.5
"pc1","4cpu-i7",0.35,"seadec",1,3.52
"pc1","4cpu-i7",0.35,"seadec",3,3.58
"pc1","4cpu-i7",0.35,"seadec",4,3.35
"pc1","4cpu-i7",0.35,"seadec",2,3.37
"pc1","4cpu-i7",0.35,"seadec",1,3.39
"pc1","4cpu-i7",0.35,"seadec",3,3.46
"pc1","4cpu-i7",0.35,"seadec",2,3.34
"pc1","4cpu-i7",0.35,"seadec",1,3.35
"pc1","4cpu-i7",0.35,"seadec",4,3.35
"pc1","4cpu-i7",0.35,"seadec",3,3.43
"pc1","4cpu-i7",0.35,"seadec",2,3.29
"pc1","4cpu-i7",0.35,"seadec",1,3.38
"pc1","4cpu-i7",0.35,"seadec",4,3.37
"pc1","4cpu-i7",0.35,"seadec",3,3.47
"pc1","4cpu-i7",0.35,"seadec",4,3.36
"pc1","4cpu-i7",0.35,"seadec",2,3.36
"pc1","4cpu-i7",0.35,"seadec",1,3.49
"pc1","4cpu-i7",0.35,"seadec",3,3.48
"pc1","4cpu-i7",0.35,"seadec",2,3.27
"pc1","4cpu-i7",0.35,"seadec",4,3.27
"pc1","4cpu-i7",0.35,"seadec",1,3.37
"pc1","4cpu-i7",0.35,"seadec",3,3.37
"pc1","4cpu-i7",0.35,"seadec",4,3.25
"pc1","4cpu-i7",0.35,"seadec",2,3.28
"pc1","4cpu-i7",0.35,"seadec",1,3.36
"pc1","4cpu-i7",0.35,"seadec",3,3.36
"pc1","4cpu-i7",0.35,"seadec",4,3.25
"pc1","4cpu-i7",0.35,"seadec",2,3.35
"pc1","4cpu-i7",0.35,"seadec",1,3.37
"pc1","4cpu-i7",0.35,"seadec",3,3.37
"pc1","4cpu-i7",0.35,"seadec",4,3.34
"pc1","4cpu-i7",0.35,"seadec",2,3.35
"pc1","4cpu-i7",0.35,"seadec",3,3.36
"pc1","4cpu-i7",0.35,"seadec",1,3.46
"pc1","4cpu-i7",0.35,"seadec",4,3.28
"pc1","4cpu-i7",0.35,"seadec",2,3.39
"pc1","4cpu-i7",0.35,"seadec",3,3.47
"pc1","4cpu-i7",0.35,"seadec",1,3.49
"pc1","4cpu-i7",0.35,"seadec",3,3.36
"pc1","4cpu-i7",0.35,"seadec",2,3.36
"pc1","4cpu-i7",0.35,"seadec",4,3.37
"pc1","4cpu-i7",0.35,"seadec",1,3.48
"pc1","4cpu-i7",0.35,"seadec",4,3.35
"pc1","4cpu-i7",0.35,"seadec",3,3.37
"pc1","4cpu-i7",0.35,"seadec",2,3.47
"pc1","4cpu-i7",0.35,"seadec",1,3.49
"pc1","4cpu-i7",0.35,"seadec",2,3.35
"pc1","4cpu-i7",0.35,"seadec",4,3.37
"pc1","4cpu-i7",0.35,"seadec",1,3.37
"pc1","4cpu-i7",0.35,"seadec",3,3.43
"pc1","4cpu-i7",0.35,"seadec",4,3.37
"pc1","4cpu-i7",0.35,"seadec",3,3.46
"pc1","4cpu-i7",0.35,"seadec",2,3.48
"pc1","4cpu-i7",0.35,"seadec",1,3.56
"pc1","4cpu-i7",0.35,"seadec",2,3.3
"pc1","4cpu-i7",0.35,"seadec",3,3.38
"pc1","4cpu-i7",0.35,"seadec",4,3.5
"pc1","4cpu-i7",0.35,"seadec",1,3.5
"pc1","4cpu-i7",0.45,"seadec",4,2.88
"pc1","4cpu-i7",0.45,"seadec",1,2.86
"pc1","4cpu-i7",0.45,"seadec",2,2.88
"pc1","4cpu-i7",0.45,"seadec",3,2.86
"pc1","4cpu-i7",0.45,"seadec",1,2.91
"pc1","4cpu-i7",0.45,"seadec",3,2.91
"pc1","4cpu-i7",0.45,"seadec",4,2.9
"pc1","4cpu-i7",0.45,"seadec",2,2.9
"pc1","4cpu-i7",0.45,"seadec",4,2.46
"pc1","4cpu-i7",0.45,"seadec",3,2.53
"pc1","4cpu-i7",0.45,"seadec",2,2.54
"pc1","4cpu-i7",0.45,"seadec",1,2.56
"pc1","4cpu-i7",0.45,"seadec",3,2.47
"pc1","4cpu-i7",0.45,"seadec",2,2.5
"pc1","4cpu-i7",0.45,"seadec",1,2.52
"pc1","4cpu-i7",0.45,"seadec",4,2.54
"pc1","4cpu-i7",0.45,"seadec",3,2.5
"pc1","4cpu-i7",0.45,"seadec",2,2.5
"pc1","4cpu-i7",0.45,"seadec",4,2.5
"pc1","4cpu-i7",0.45,"seadec",1,2.58
"pc1","4cpu-i7",0.45,"seadec",4,2.4
"pc1","4cpu-i7",0.45,"seadec",3,2.48
"pc1","4cpu-i7",0.45,"seadec",2,2.5
"pc1","4cpu-i7",0.45,"seadec",1,2.51
"pc1","4cpu-i7",0.45,"seadec",2,2.59
"pc1","4cpu-i7",0.45,"seadec",4,2.59
"pc1","4cpu-i7",0.45,"seadec",3,2.59
"pc1","4cpu-i7",0.45,"seadec",1,2.59
"pc1","4cpu-i7",0.45,"seadec",3,2.51
"pc1","4cpu-i7",0.45,"seadec",4,2.51
"pc1","4cpu-i7",0.45,"seadec",2,2.58
"pc1","4cpu-i7",0.45,"seadec",1,2.61
"pc1","4cpu-i7",0.45,"seadec",2,2.48
"pc1","4cpu-i7",0.45,"seadec",3,2.49
"pc1","4cpu-i7",0.45,"seadec",4,2.49
"pc1","4cpu-i7",0.45,"seadec",1,2.58
"pc1","4cpu-i7",0.45,"seadec",2,2.56
"pc1","4cpu-i7",0.45,"seadec",1,2.59
"pc1","4cpu-i7",0.45,"seadec",4,2.62
"pc1","4cpu-i7",0.45,"seadec",3,2.64
"pc1","4cpu-i7",0.45,"seadec",3,2.49
"pc1","4cpu-i7",0.45,"seadec",1,2.49
"pc1","4cpu-i7",0.45,"seadec",4,2.49
"pc1","4cpu-i7",0.45,"seadec",2,2.49
"pc1","4cpu-i7",0.45,"seadec",1,2.46
"pc1","4cpu-i7",0.45,"seadec",3,2.46
"pc1","4cpu-i7",0.45,"seadec",2,2.55
"pc1","4cpu-i7",0.45,"seadec",4,2.55
"pc1","4cpu-i7",0.45,"seadec",1,2.57
"pc1","4cpu-i7",0.45,"seadec",2,2.57
"pc1","4cpu-i7",0.45,"seadec",4,2.66
"pc1","4cpu-i7",0.45,"seadec",3,2.66
"pc1","4cpu-i7",0.45,"seadec",2,2.44
"pc1","4cpu-i7",0.45,"seadec",1,2.46
"pc1","4cpu-i7",0.45,"seadec",3,2.53
"pc1","4cpu-i7",0.45,"seadec",4,2.53
"pc1","4cpu-i7",0.45,"seadec",2,2.47
"pc1","4cpu-i7",0.45,"seadec",1,2.49
"pc1","4cpu-i7",0.45,"seadec",3,2.49
"pc1","4cpu-i7",0.45,"seadec",4,2.55
"pc1","4cpu-i7",0.45,"seadec",2,2.41
"pc1","4cpu-i7",0.45,"seadec",1,2.49
"pc1","4cpu-i7",0.45,"seadec",4,2.5
"pc1","4cpu-i7",0.45,"seadec",3,2.57
"pc1","4cpu-i7",0.45,"seadec",1,2.5
"pc1","4cpu-i7",0.45,"seadec",3,2.52
"pc1","4cpu-i7",0.45,"seadec",2,2.58
"pc1","4cpu-i7",0.45,"seadec",4,2.57
"pc1","4cpu-i7",0.45,"seadec",2,2.57
"pc1","4cpu-i7",0.45,"seadec",1,2.58
"pc1","4cpu-i7",0.45,"seadec",4,2.56
"pc1","4cpu-i7",0.45,"seadec",3,2.58
"pc1","4cpu-i7",0.45,"seadec",1,2.48
"pc1","4cpu-i7",0.45,"seadec",4,2.53
"pc1","4cpu-i7",0.45,"seadec",2,2.56
"pc1","4cpu-i7",0.45,"seadec",3,2.57
"pc1","4cpu-i7",0.45,"seadec",2,2.59
"pc1","4cpu-i7",0.45,"seadec",1,2.59
"pc1","4cpu-i7",0.45,"seadec",3,2.6
"pc1","4cpu-i7",0.45,"seadec",4,2.65
"pc1","4cpu-i7",0.45,"seadec",3,2.67
"pc1","4cpu-i7",0.45,"seadec",2,2.7
"pc1","4cpu-i7",0.45,"seadec",1,2.7
"pc1","4cpu-i7",0.45,"seadec",4,2.7
"pc1","4cpu-i7",0.45,"seadec",3,2.41
"pc1","4cpu-i7",0.45,"seadec",2,2.54
"pc1","4cpu-i7",0.45,"seadec",1,2.49
"pc1","4cpu-i7",0.45,"seadec",4,2.49
"pc1","4cpu-i7",0.45,"seadec",4,2.43
"pc1","4cpu-i7",0.45,"seadec",3,2.56
"pc1","4cpu-i7",0.45,"seadec",1,2.55
"pc1","4cpu-i7",0.45,"seadec",2,2.55
"pc1","4cpu-i7",0.45,"seadec",3,2.56
"pc1","4cpu-i7",0.45,"seadec",1,2.56
"pc1","4cpu-i7",0.45,"seadec",2,2.63
"pc1","4cpu-i7",0.45,"seadec",4,2.62
"pc1","4cpu-i7",0.45,"seadec",3,2.54
"pc1","4cpu-i7",0.45,"seadec",2,2.59
"pc1","4cpu-i7",0.45,"seadec",4,2.63
"pc1","4cpu-i7",0.45,"seadec",1,2.68
"pc1","4cpu-i7",0.45,"seadec",2,2.47
"pc1","4cpu-i7",0.45,"seadec",1,2.5
"pc1","4cpu-i7",0.45,"seadec",4,2.49
"pc1","4cpu-i7",0.45,"seadec",3,2.55
"pc1","4cpu-i7",0.45,"seadec",2,2.51
"pc1","4cpu-i7",0.45,"seadec",1,2.51
"pc1","4cpu-i7",0.45,"seadec",3,2.5
"pc1","4cpu-i7",0.45,"seadec",4,2.5
"pc1","4cpu-i7",0.45,"seadec",3,2.64
"pc1","4cpu-i7",0.45,"seadec",2,2.64
"pc1","4cpu-i7",0.45,"seadec",1,2.66
"pc1","4cpu-i7",0.45,"seadec",4,2.66
"pc1","4cpu-i7",0.45,"seadec",2,2.56
"pc1","4cpu-i7",0.45,"seadec",1,2.58
"pc1","4cpu-i7",0.45,"seadec",3,2.58
"pc1","4cpu-i7",0.45,"seadec",4,2.62
"pc1","4cpu-i7",0.45,"seadec",3,2.49
"pc1","4cpu-i7",0.45,"seadec",4,2.49
"pc1","4cpu-i7",0.45,"seadec",2,2.52
"pc1","4cpu-i7",0.45,"seadec",1,2.59
"pc1","4cpu-i7",0.55,"seadec",2,2.2
"pc1","4cpu-i7",0.55,"seadec",3,2.21
"pc1","4cpu-i7",0.55,"seadec",4,2.21
"pc1","4cpu-i7",0.55,"seadec",1,2.26
"pc1","4cpu-i7",0.55,"seadec",2,2.26
"pc1","4cpu-i7",0.55,"seadec",4,2.26
"pc1","4cpu-i7",0.55,"seadec",3,2.34
"pc1","4cpu-i7",0.55,"seadec",1,2.36
"pc1","4cpu-i7",0.55,"seadec",2,2.04
"pc1","4cpu-i7",0.55,"seadec",1,2.06
"pc1","4cpu-i7",0.55,"seadec",3,2.04
"pc1","4cpu-i7",0.55,"seadec",4,2.04
"pc1","4cpu-i7",0.55,"seadec",1,2.07
"pc1","4cpu-i7",0.55,"seadec",3,2.07
"pc1","4cpu-i7",0.55,"seadec",2,2.1
"pc1","4cpu-i7",0.55,"seadec",4,2.13
"pc1","4cpu-i7",0.55,"seadec",3,1.97
"pc1","4cpu-i7",0.55,"seadec",2,1.98
"pc1","4cpu-i7",0.55,"seadec",1,2.01
"pc1","4cpu-i7",0.55,"seadec",4,2
"pc1","4cpu-i7",0.55,"seadec",3,1.96
"pc1","4cpu-i7",0.55,"seadec",1,1.98
"pc1","4cpu-i7",0.55,"seadec",2,2.05
"pc1","4cpu-i7",0.55,"seadec",4,2.06
"pc1","4cpu-i7",0.55,"seadec",1,2.05
"pc1","4cpu-i7",0.55,"seadec",4,2.04
"pc1","4cpu-i7",0.55,"seadec",2,2.07
"pc1","4cpu-i7",0.55,"seadec",3,2.07
"pc1","4cpu-i7",0.55,"seadec",2,1.97
"pc1","4cpu-i7",0.55,"seadec",3,1.97
"pc1","4cpu-i7",0.55,"seadec",1,2.05
"pc1","4cpu-i7",0.55,"seadec",4,2.04
"pc1","4cpu-i7",0.55,"seadec",3,2.04
"pc1","4cpu-i7",0.55,"seadec",4,2.04
"pc1","4cpu-i7",0.55,"seadec",1,2.08
"pc1","4cpu-i7",0.55,"seadec",2,2.08
"pc1","4cpu-i7",0.55,"seadec",2,1.98
"pc1","4cpu-i7",0.55,"seadec",1,2.05
"pc1","4cpu-i7",0.55,"seadec",3,2.04
"pc1","4cpu-i7",0.55,"seadec",4,2.04
"pc1","4cpu-i7",0.55,"seadec",2,1.98
"pc1","4cpu-i7",0.55,"seadec",3,1.98
"pc1","4cpu-i7",0.55,"seadec",1,2.06
"pc1","4cpu-i7",0.55,"seadec",4,2.04
"pc1","4cpu-i7",0.55,"seadec",3,2
"pc1","4cpu-i7",0.55,"seadec",4,2.02
"pc1","4cpu-i7",0.55,"seadec",2,2.03
"pc1","4cpu-i7",0.55,"seadec",1,2.03
"pc1","4cpu-i7",0.55,"seadec",4,2.04
"pc1","4cpu-i7",0.55,"seadec",3,2.07
"pc1","4cpu-i7",0.55,"seadec",1,2.07
"pc1","4cpu-i7",0.55,"seadec",2,2.07
"pc1","4cpu-i7",0.55,"seadec",1,1.94
"pc1","4cpu-i7",0.55,"seadec",3,1.97
"pc1","4cpu-i7",0.55,"seadec",2,2.06
"pc1","4cpu-i7",0.55,"seadec",4,2.03
"pc1","4cpu-i7",0.55,"seadec",2,2
"pc1","4cpu-i7",0.55,"seadec",1,2.02
"pc1","4cpu-i7",0.55,"seadec",3,2.06
"pc1","4cpu-i7",0.55,"seadec",4,2.07
"pc1","4cpu-i7",0.55,"seadec",1,1.97
"pc1","4cpu-i7",0.55,"seadec",3,2.04
"pc1","4cpu-i7",0.55,"seadec",2,2.06
"pc1","4cpu-i7",0.55,"seadec",4,2.07
"pc1","4cpu-i7",0.55,"seadec",2,2.04
"pc1","4cpu-i7",0.55,"seadec",4,2.05
"pc1","4cpu-i7",0.55,"seadec",1,2.05
"pc1","4cpu-i7",0.55,"seadec",3,2.06
"pc1","4cpu-i7",0.55,"seadec",4,2.06
"pc1","4cpu-i7",0.55,"seadec",1,2.09
"pc1","4cpu-i7",0.55,"seadec",3,2.09
"pc1","4cpu-i7",0.55,"seadec",2,2.16
"pc1","4cpu-i7",0.55,"seadec",1,1.96
"pc1","4cpu-i7",0.55,"seadec",3,1.97
"pc1","4cpu-i7",0.55,"seadec",2,2.08
"pc1","4cpu-i7",0.55,"seadec",4,2.07
"pc1","4cpu-i7",0.55,"seadec",1,2.08
"pc1","4cpu-i7",0.55,"seadec",2,2.08
"pc1","4cpu-i7",0.55,"seadec",4,2.08
"pc1","4cpu-i7",0.55,"seadec",3,2.08
"pc1","4cpu-i7",0.55,"seadec",1,1.98
"pc1","4cpu-i7",0.55,"seadec",3,1.98
"pc1","4cpu-i7",0.55,"seadec",4,2.03
"pc1","4cpu-i7",0.55,"seadec",2,2.05
"pc1","4cpu-i7",0.55,"seadec",1,2.07
"pc1","4cpu-i7",0.55,"seadec",3,2.09
"pc1","4cpu-i7",0.55,"seadec",4,2.08
"pc1","4cpu-i7",0.55,"seadec",2,2.08
"pc1","4cpu-i7",0.55,"seadec",4,2.06
"pc1","4cpu-i7",0.55,"seadec",3,2.05
"pc1","4cpu-i7",0.55,"seadec",1,2.05
"pc1","4cpu-i7",0.55,"seadec",2,2.07
"pc1","4cpu-i7",0.55,"seadec",1,2.04
"pc1","4cpu-i7",0.55,"seadec",4,2.06
"pc1","4cpu-i7",0.55,"seadec",3,2.06
"pc1","4cpu-i7",0.55,"seadec",2,2.06
"pc1","4cpu-i7",0.55,"seadec",4,2.06
"pc1","4cpu-i7",0.55,"seadec",2,2.06
"pc1","4cpu-i7",0.55,"seadec",3,2.05
"pc1","4cpu-i7",0.55,"seadec",1,2.05
"pc1","4cpu-i7",0.55,"seadec",4,1.92
"pc1","4cpu-i7",0.55,"seadec",3,1.99
"pc1","4cpu-i7",0.55,"seadec",1,2.05
"pc1","4cpu-i7",0.55,"seadec",2,2.05
"pc1","4cpu-i7",0.55,"seadec",4,1.98
"pc1","4cpu-i7",0.55,"seadec",1,2.06
"pc1","4cpu-i7",0.55,"seadec",3,2.04
"pc1","4cpu-i7",0.55,"seadec",2,2.05
"pc1","4cpu-i7",0.55,"seadec",4,2
"pc1","4cpu-i7",0.55,"seadec",3,2.07
"pc1","4cpu-i7",0.55,"seadec",2,2.08
"pc1","4cpu-i7",0.55,"seadec",1,2.09
"pc1","4cpu-i7",0.55,"seadec",3,1.98
"pc1","4cpu-i7",0.55,"seadec",2,1.98
"pc1","4cpu-i7",0.55,"seadec",4,2.06
"pc1","4cpu-i7",0.55,"seadec",1,2.09
"pc1","4cpu-i7",0.55,"seadec",2,1.98
"pc1","4cpu-i7",0.55,"seadec",4,1.98
"pc1","4cpu-i7",0.55,"seadec",3,2.08
"pc1","4cpu-i7",0.55,"seadec",1,2.08
"pc1","4cpu-i7",0.65,"seadec",1,1.91
"pc1","4cpu-i7",0.65,"seadec",2,1.9
"pc1","4cpu-i7",0.65,"seadec",3,1.91
"pc1","4cpu-i7",0.65,"seadec",4,1.93
"pc1","4cpu-i7",0.65,"seadec",3,1.89
"pc1","4cpu-i7",0.65,"seadec",1,1.91
"pc1","4cpu-i7",0.65,"seadec",4,1.93
"pc1","4cpu-i7",0.65,"seadec",2,1.95
"pc1","4cpu-i7",0.65,"seadec",4,1.65
"pc1","4cpu-i7",0.65,"seadec",1,1.69
"pc1","4cpu-i7",0.65,"seadec",2,1.73
"pc1","4cpu-i7",0.65,"seadec",3,1.72
"pc1","4cpu-i7",0.65,"seadec",1,1.63
"pc1","4cpu-i7",0.65,"seadec",3,1.68
"pc1","4cpu-i7",0.65,"seadec",2,1.7
"pc1","4cpu-i7",0.65,"seadec",4,1.68
"pc1","4cpu-i7",0.65,"seadec",1,1.67
"pc1","4cpu-i7",0.65,"seadec",3,1.67
"pc1","4cpu-i7",0.65,"seadec",2,1.68
"pc1","4cpu-i7",0.65,"seadec",4,1.68
"pc1","4cpu-i7",0.65,"seadec",3,1.65
"pc1","4cpu-i7",0.65,"seadec",4,1.65
"pc1","4cpu-i7",0.65,"seadec",1,1.68
"pc1","4cpu-i7",0.65,"seadec",2,1.68
"pc1","4cpu-i7",0.65,"seadec",4,1.74
"pc1","4cpu-i7",0.65,"seadec",3,1.74
"pc1","4cpu-i7",0.65,"seadec",1,1.74
"pc1","4cpu-i7",0.65,"seadec",2,1.74
"pc1","4cpu-i7",0.65,"seadec",2,1.68
"pc1","4cpu-i7",0.65,"seadec",1,1.7
"pc1","4cpu-i7",0.65,"seadec",4,1.72
"pc1","4cpu-i7",0.65,"seadec",3,1.74
"pc1","4cpu-i7",0.65,"seadec",1,1.62
"pc1","4cpu-i7",0.65,"seadec",4,1.62
"pc1","4cpu-i7",0.65,"seadec",2,1.68
"pc1","4cpu-i7",0.65,"seadec",3,1.68
"pc1","4cpu-i7",0.65,"seadec",2,1.68
"pc1","4cpu-i7",0.65,"seadec",1,1.69
"pc1","4cpu-i7",0.65,"seadec",3,1.69
"pc1","4cpu-i7",0.65,"seadec",4,1.69
"pc1","4cpu-i7",0.65,"seadec",4,1.68
"pc1","4cpu-i7",0.65,"seadec",3,1.68
"pc1","4cpu-i7",0.65,"seadec",1,1.68
"pc1","4cpu-i7",0.65,"seadec",2,1.68
"pc1","4cpu-i7",0.65,"seadec",1,1.69
"pc1","4cpu-i7",0.65,"seadec",2,1.68
"pc1","4cpu-i7",0.65,"seadec",3,1.67
"pc1","4cpu-i7",0.65,"seadec",4,1.69
"pc1","4cpu-i7",0.65,"seadec",2,1.71
"pc1","4cpu-i7",0.65,"seadec",1,1.72
"pc1","4cpu-i7",0.65,"seadec",4,1.72
"pc1","4cpu-i7",0.65,"seadec",3,1.77
"pc1","4cpu-i7",0.65,"seadec",2,1.64
"pc1","4cpu-i7",0.65,"seadec",1,1.68
"pc1","4cpu-i7",0.65,"seadec",3,1.7
"pc1","4cpu-i7",0.65,"seadec",4,1.7
"pc1","4cpu-i7",0.65,"seadec",4,1.64
"pc1","4cpu-i7",0.65,"seadec",3,1.7
"pc1","4cpu-i7",0.65,"seadec",1,1.73
"pc1","4cpu-i7",0.65,"seadec",2,1.72
"pc1","4cpu-i7",0.65,"seadec",1,1.68
"pc1","4cpu-i7",0.65,"seadec",2,1.68
"pc1","4cpu-i7",0.65,"seadec",4,1.68
"pc1","4cpu-i7",0.65,"seadec",3,1.7
"pc1","4cpu-i7",0.65,"seadec",1,1.66
"pc1","4cpu-i7",0.65,"seadec",2,1.71
"pc1","4cpu-i7",0.65,"seadec",4,1.72
"pc1","4cpu-i7",0.65,"seadec",3,1.74
"pc1","4cpu-i7",0.65,"seadec",1,1.64
"pc1","4cpu-i7",0.65,"seadec",3,1.67
"pc1","4cpu-i7",0.65,"seadec",2,1.7
"pc1","4cpu-i7",0.65,"seadec",4,1.7
"pc1","4cpu-i7",0.65,"seadec",1,1.69
"pc1","4cpu-i7",0.65,"seadec",3,2.97
"pc1","4cpu-i7",0.65,"seadec",2,1.75
"pc1","4cpu-i7",0.65,"seadec",4,1.75
"pc1","4cpu-i7",0.65,"seadec",2,1.7
"pc1","4cpu-i7",0.65,"seadec",1,1.7
"pc1","4cpu-i7",0.65,"seadec",4,1.7
"pc1","4cpu-i7",0.65,"seadec",3,1.7
"pc1","4cpu-i7",0.65,"seadec",1,1.74
"pc1","4cpu-i7",0.65,"seadec",3,1.75
"pc1","4cpu-i7",0.65,"seadec",2,1.76
"pc1","4cpu-i7",0.65,"seadec",4,1.76
"pc1","4cpu-i7",0.65,"seadec",1,1.69
"pc1","4cpu-i7",0.65,"seadec",2,1.69
"pc1","4cpu-i7",0.65,"seadec",3,1.77
"pc1","4cpu-i7",0.65,"seadec",4,1.77
"pc1","4cpu-i7",0.65,"seadec",1,1.68
"pc1","4cpu-i7",0.65,"seadec",3,1.69
"pc1","4cpu-i7",0.65,"seadec",2,1.77
"pc1","4cpu-i7",0.65,"seadec",4,1.75
"pc1","4cpu-i7",0.65,"seadec",1,1.64
"pc1","4cpu-i7",0.65,"seadec",3,1.65
"pc1","4cpu-i7",0.65,"seadec",2,1.74
"pc1","4cpu-i7",0.65,"seadec",4,1.73
"pc1","4cpu-i7",0.65,"seadec",4,1.71
"pc1","4cpu-i7",0.65,"seadec",2,1.74
"pc1","4cpu-i7",0.65,"seadec",3,1.76
"pc1","4cpu-i7",0.65,"seadec",1,1.76
"pc1","4cpu-i7",0.65,"seadec",1,1.74
"pc1","4cpu-i7",0.65,"seadec",2,1.75
"pc1","4cpu-i7",0.65,"seadec",3,1.75
"pc1","4cpu-i7",0.65,"seadec",4,1.75
"pc1","4cpu-i7",0.65,"seadec",4,1.65
"pc1","4cpu-i7",0.65,"seadec",3,1.7
"pc1","4cpu-i7",0.65,"seadec",2,1.74
"pc1","4cpu-i7",0.65,"seadec",1,1.75
"pc1","4cpu-i7",0.65,"seadec",2,1.71
"pc1","4cpu-i7",0.65,"seadec",1,1.71
"pc1","4cpu-i7",0.65,"seadec",4,1.72
"pc1","4cpu-i7",0.65,"seadec",3,1.73
"pc1","4cpu-i7",0.65,"seadec",2,1.68
"pc1","4cpu-i7",0.65,"seadec",4,1.67
"pc1","4cpu-i7",0.65,"seadec",1,1.7
"pc1","4cpu-i7",0.65,"seadec",3,1.7
"pc1","4cpu-i7",0.65,"seadec",1,1.68
"pc1","4cpu-i7",0.65,"seadec",3,1.68
"pc1","4cpu-i7",0.65,"seadec",4,1.74
"pc1","4cpu-i7",0.65,"seadec",2,1.74
"pc1","4cpu-i7",0.75,"seadec",4,1.66
"pc1","4cpu-i7",0.75,"seadec",2,1.66
"pc1","4cpu-i7",0.75,"seadec",1,1.66
"pc1","4cpu-i7",0.75,"seadec",3,1.66
"pc1","4cpu-i7",0.75,"seadec",1,1.61
"pc1","4cpu-i7",0.75,"seadec",3,1.64
"pc1","4cpu-i7",0.75,"seadec",2,1.67
"pc1","4cpu-i7",0.75,"seadec",4,1.66
"pc1","4cpu-i7",0.75,"seadec",4,1.39
"pc1","4cpu-i7",0.75,"seadec",2,1.43
"pc1","4cpu-i7",0.75,"seadec",3,1.48
"pc1","4cpu-i7",0.75,"seadec",1,1.48
"pc1","4cpu-i7",0.75,"seadec",4,1.41
"pc1","4cpu-i7",0.75,"seadec",1,1.41
"pc1","4cpu-i7",0.75,"seadec",2,1.46
"pc1","4cpu-i7",0.75,"seadec",3,1.45
"pc1","4cpu-i7",0.75,"seadec",1,1.44
"pc1","4cpu-i7",0.75,"seadec",3,1.45
"pc1","4cpu-i7",0.75,"seadec",2,1.46
"pc1","4cpu-i7",0.75,"seadec",4,1.46
"pc1","4cpu-i7",0.75,"seadec",2,1.45
"pc1","4cpu-i7",0.75,"seadec",1,1.45
"pc1","4cpu-i7",0.75,"seadec",4,1.45
"pc1","4cpu-i7",0.75,"seadec",3,1.46
"pc1","4cpu-i7",0.75,"seadec",1,1.46
"pc1","4cpu-i7",0.75,"seadec",4,1.45
"pc1","4cpu-i7",0.75,"seadec",3,1.46
"pc1","4cpu-i7",0.75,"seadec",2,1.48
"pc1","4cpu-i7",0.75,"seadec",3,1.46
"pc1","4cpu-i7",0.75,"seadec",1,1.46
"pc1","4cpu-i7",0.75,"seadec",2,1.48
"pc1","4cpu-i7",0.75,"seadec",4,1.48
"pc1","4cpu-i7",0.75,"seadec",3,1.45
"pc1","4cpu-i7",0.75,"seadec",2,1.45
"pc1","4cpu-i7",0.75,"seadec",4,1.46
"pc1","4cpu-i7",0.75,"seadec",1,1.48
"pc1","4cpu-i7",0.75,"seadec",2,1.42
"pc1","4cpu-i7",0.75,"seadec",1,1.44
"pc1","4cpu-i7",0.75,"seadec",3,1.45
"pc1","4cpu-i7",0.75,"seadec",4,1.45
"pc1","4cpu-i7",0.75,"seadec",2,1.43
"pc1","4cpu-i7",0.75,"seadec",1,1.43
"pc1","4cpu-i7",0.75,"seadec",3,1.45
"pc1","4cpu-i7",0.75,"seadec",4,1.48
"pc1","4cpu-i7",0.75,"seadec",2,1.41
"pc1","4cpu-i7",0.75,"seadec",1,1.45
"pc1","4cpu-i7",0.75,"seadec",4,1.49
"pc1","4cpu-i7",0.75,"seadec",3,1.49
"pc1","4cpu-i7",0.75,"seadec",1,1.44
"pc1","4cpu-i7",0.75,"seadec",2,1.44
"pc1","4cpu-i7",0.75,"seadec",4,1.45
"pc1","4cpu-i7",0.75,"seadec",3,1.45
"pc1","4cpu-i7",0.75,"seadec",2,1.6
"pc1","4cpu-i7",0.75,"seadec",3,1.6
"pc1","4cpu-i7",0.75,"seadec",4,1.6
"pc1","4cpu-i7",0.75,"seadec",1,1.67
"pc1","4cpu-i7",0.75,"seadec",1,1.42
"pc1","4cpu-i7",0.75,"seadec",4,1.43
"pc1","4cpu-i7",0.75,"seadec",2,1.49
"pc1","4cpu-i7",0.75,"seadec",3,1.5
"pc1","4cpu-i7",0.75,"seadec",2,1.45
"pc1","4cpu-i7",0.75,"seadec",3,1.48
"pc1","4cpu-i7",0.75,"seadec",1,1.48
"pc1","4cpu-i7",0.75,"seadec",4,1.49
"pc1","4cpu-i7",0.75,"seadec",2,1.44
"pc1","4cpu-i7",0.75,"seadec",4,1.46
"pc1","4cpu-i7",0.75,"seadec",1,1.5
"pc1","4cpu-i7",0.75,"seadec",3,1.49
"pc1","4cpu-i7",0.75,"seadec",2,1.46
"pc1","4cpu-i7",0.75,"seadec",4,1.46
"pc1","4cpu-i7",0.75,"seadec",1,1.49
"pc1","4cpu-i7",0.75,"seadec",3,1.5
"pc1","4cpu-i7",0.75,"seadec",3,1.43
"pc1","4cpu-i7",0.75,"seadec",1,1.46
"pc1","4cpu-i7",0.75,"seadec",4,1.44
"pc1","4cpu-i7",0.75,"seadec",2,1.5
"pc1","4cpu-i7",0.75,"seadec",3,1.47
"pc1","4cpu-i7",0.75,"seadec",1,1.51
"pc1","4cpu-i7",0.75,"seadec",4,1.51
"pc1","4cpu-i7",0.75,"seadec",2,1.51
"pc1","4cpu-i7",0.75,"seadec",4,1.43
"pc1","4cpu-i7",0.75,"seadec",3,1.44
"pc1","4cpu-i7",0.75,"seadec",1,1.48
"pc1","4cpu-i7",0.75,"seadec",2,1.48
"pc1","4cpu-i7",0.75,"seadec",3,1.49
"pc1","4cpu-i7",0.75,"seadec",1,1.51
"pc1","4cpu-i7",0.75,"seadec",4,1.52
"pc1","4cpu-i7",0.75,"seadec",2,1.52
"pc1","4cpu-i7",0.75,"seadec",2,1.42
"pc1","4cpu-i7",0.75,"seadec",3,1.46
"pc1","4cpu-i7",0.75,"seadec",1,1.46
"pc1","4cpu-i7",0.75,"seadec",4,1.48
"pc1","4cpu-i7",0.75,"seadec",1,1.43
"pc1","4cpu-i7",0.75,"seadec",3,1.43
"pc1","4cpu-i7",0.75,"seadec",2,1.51
"pc1","4cpu-i7",0.75,"seadec",4,1.51
"pc1","4cpu-i7",0.75,"seadec",2,1.43
"pc1","4cpu-i7",0.75,"seadec",4,1.43
"pc1","4cpu-i7",0.75,"seadec",1,1.5
"pc1","4cpu-i7",0.75,"seadec",3,1.49
"pc1","4cpu-i7",0.75,"seadec",4,1.46
"pc1","4cpu-i7",0.75,"seadec",2,1.48
"pc1","4cpu-i7",0.75,"seadec",1,1.52
"pc1","4cpu-i7",0.75,"seadec",3,1.51
"pc1","4cpu-i7",0.75,"seadec",4,1.43
"pc1","4cpu-i7",0.75,"seadec",3,1.43
"pc1","4cpu-i7",0.75,"seadec",2,1.51
"pc1","4cpu-i7",0.75,"seadec",1,1.53
"pc1","4cpu-i7",0.75,"seadec",1,1.43
"pc1","4cpu-i7",0.75,"seadec",3,1.42
"pc1","4cpu-i7",0.75,"seadec",4,1.47
"pc1","4cpu-i7",0.75,"seadec",2,1.49
"pc1","4cpu-i7",0.75,"seadec",1,1.42
"pc1","4cpu-i7",0.75,"seadec",2,1.43
"pc1","4cpu-i7",0.75,"seadec",3,1.5
"pc1","4cpu-i7",0.75,"seadec",4,1.51
"pc1","4cpu-i7",0.75,"seadec",2,1.46
"pc1","4cpu-i7",0.75,"seadec",4,1.47
"pc1","4cpu-i7",0.75,"seadec",3,1.49
"pc1","4cpu-i7",0.75,"seadec",1,1.52
"pc1","4cpu-i7",0.85,"seadec",3,1.66
"pc1","4cpu-i7",0.85,"seadec",1,1.66
"pc1","4cpu-i7",0.85,"seadec",4,1.64
"pc1","4cpu-i7",0.85,"seadec",2,1.64
"pc1","4cpu-i7",0.85,"seadec",4,1.45
"pc1","4cpu-i7",0.85,"seadec",1,1.48
"pc1","4cpu-i7",0.85,"seadec",2,1.49
"pc1","4cpu-i7",0.85,"seadec",3,1.49
"pc1","4cpu-i7",0.85,"seadec",2,1.29
"pc1","4cpu-i7",0.85,"seadec",3,1.28
"pc1","4cpu-i7",0.85,"seadec",1,1.32
"pc1","4cpu-i7",0.85,"seadec",4,1.32
"pc1","4cpu-i7",0.85,"seadec",2,1.32
"pc1","4cpu-i7",0.85,"seadec",3,1.32
"pc1","4cpu-i7",0.85,"seadec",4,1.32
"pc1","4cpu-i7",0.85,"seadec",1,1.32
"pc1","4cpu-i7",0.85,"seadec",2,1.3
"pc1","4cpu-i7",0.85,"seadec",3,1.31
"pc1","4cpu-i7",0.85,"seadec",4,1.31
"pc1","4cpu-i7",0.85,"seadec",1,1.31
"pc1","4cpu-i7",0.85,"seadec",4,1.28
"pc1","4cpu-i7",0.85,"seadec",3,1.31
"pc1","4cpu-i7",0.85,"seadec",1,1.33
"pc1","4cpu-i7",0.85,"seadec",2,1.33
"pc1","4cpu-i7",0.85,"seadec",2,1.29
"pc1","4cpu-i7",0.85,"seadec",1,1.29
"pc1","4cpu-i7",0.85,"seadec",3,1.3
"pc1","4cpu-i7",0.85,"seadec",4,1.3
"pc1","4cpu-i7",0.85,"seadec",2,1.28
"pc1","4cpu-i7",0.85,"seadec",3,1.28
"pc1","4cpu-i7",0.85,"seadec",1,1.31
"pc1","4cpu-i7",0.85,"seadec",4,1.29
"pc1","4cpu-i7",0.85,"seadec",3,1.3
"pc1","4cpu-i7",0.85,"seadec",2,1.3
"pc1","4cpu-i7",0.85,"seadec",1,1.3
"pc1","4cpu-i7",0.85,"seadec",4,1.3
"pc1","4cpu-i7",0.85,"seadec",1,1.58
"pc1","4cpu-i7",0.85,"seadec",4,1.58
"pc1","4cpu-i7",0.85,"seadec",3,1.58
"pc1","4cpu-i7",0.85,"seadec",2,1.58
"pc1","4cpu-i7",0.85,"seadec",1,1.28
"pc1","4cpu-i7",0.85,"seadec",3,1.28
"pc1","4cpu-i7",0.85,"seadec",2,1.32
"pc1","4cpu-i7",0.85,"seadec",4,1.32
"pc1","4cpu-i7",0.85,"seadec",1,2.17
"pc1","4cpu-i7",0.85,"seadec",4,2.17
"pc1","4cpu-i7",0.85,"seadec",2,2.2
"pc1","4cpu-i7",0.85,"seadec",3,2.21
"pc1","4cpu-i7",0.85,"seadec",1,1.33
"pc1","4cpu-i7",0.85,"seadec",2,1.33
"pc1","4cpu-i7",0.85,"seadec",4,1.33
"pc1","4cpu-i7",0.85,"seadec",3,1.36
"pc1","4cpu-i7",0.85,"seadec",4,1.31
"pc1","4cpu-i7",0.85,"seadec",1,1.33
"pc1","4cpu-i7",0.85,"seadec",2,1.33
"pc1","4cpu-i7",0.85,"seadec",3,1.32
"pc1","4cpu-i7",0.85,"seadec",3,1.33
"pc1","4cpu-i7",0.85,"seadec",1,1.33
"pc1","4cpu-i7",0.85,"seadec",4,1.35
"pc1","4cpu-i7",0.85,"seadec",2,1.35
"pc1","4cpu-i7",0.85,"seadec",1,1.32
"pc1","4cpu-i7",0.85,"seadec",3,1.32
"pc1","4cpu-i7",0.85,"seadec",4,1.35
"pc1","4cpu-i7",0.85,"seadec",2,1.35
"pc1","4cpu-i7",0.85,"seadec",3,1.33
"pc1","4cpu-i7",0.85,"seadec",1,1.33
"pc1","4cpu-i7",0.85,"seadec",2,1.32
"pc1","4cpu-i7",0.85,"seadec",4,1.32
"pc1","4cpu-i7",0.85,"seadec",1,1.33
"pc1","4cpu-i7",0.85,"seadec",2,1.3
"pc1","4cpu-i7",0.85,"seadec",3,1.33
"pc1","4cpu-i7",0.85,"seadec",4,1.32
"pc1","4cpu-i7",0.85,"seadec",1,1.28
"pc1","4cpu-i7",0.85,"seadec",2,1.29
"pc1","4cpu-i7",0.85,"seadec",4,1.31
"pc1","4cpu-i7",0.85,"seadec",3,1.31
"pc1","4cpu-i7",0.85,"seadec",1,1.28
"pc1","4cpu-i7",0.85,"seadec",3,1.3
"pc1","4cpu-i7",0.85,"seadec",4,1.31
"pc1","4cpu-i7",0.85,"seadec",2,1.33
"pc1","4cpu-i7",0.85,"seadec",3,1.3
"pc1","4cpu-i7",0.85,"seadec",4,1.3
"pc1","4cpu-i7",0.85,"seadec",1,1.33
"pc1","4cpu-i7",0.85,"seadec",2,1.33
"pc1","4cpu-i7",0.85,"seadec",3,1.34
"pc1","4cpu-i7",0.85,"seadec",1,1.34
"pc1","4cpu-i7",0.85,"seadec",4,1.33
"pc1","4cpu-i7",0.85,"seadec",2,1.33
"pc1","4cpu-i7",0.85,"seadec",4,1.29
"pc1","4cpu-i7",0.85,"seadec",1,1.33
"pc1","4cpu-i7",0.85,"seadec",2,1.34
"pc1","4cpu-i7",0.85,"seadec",3,1.34
"pc1","4cpu-i7",0.85,"seadec",2,1.31
"pc1","4cpu-i7",0.85,"seadec",3,1.32
"pc1","4cpu-i7",0.85,"seadec",4,1.32
"pc1","4cpu-i7",0.85,"seadec",1,1.32
"pc1","4cpu-i7",0.85,"seadec",3,1.33
"pc1","4cpu-i7",0.85,"seadec",1,1.33
"pc1","4cpu-i7",0.85,"seadec",2,1.36
"pc1","4cpu-i7",0.85,"seadec",4,1.36
"pc1","4cpu-i7",0.85,"seadec",3,1.34
"pc1","4cpu-i7",0.85,"seadec",1,1.36
"pc1","4cpu-i7",0.85,"seadec",2,1.36
"pc1","4cpu-i7",0.85,"seadec",4,1.36
"pc1","4cpu-i7",0.85,"seadec",3,1.31
"pc1","4cpu-i7",0.85,"seadec",2,1.32
"pc1","4cpu-i7",0.85,"seadec",1,1.34
"pc1","4cpu-i7",0.85,"seadec",4,1.33
"pc1","4cpu-i7",0.85,"seadec",3,1.3
"pc1","4cpu-i7",0.85,"seadec",1,1.32
"pc1","4cpu-i7",0.85,"seadec",4,1.32
"pc1","4cpu-i7",0.85,"seadec",2,1.32
"pc1","4cpu-i7",0.85,"seadec",3,1.31
"pc1","4cpu-i7",0.85,"seadec",1,1.31
"pc1","4cpu-i7",0.85,"seadec",2,1.3
"pc1","4cpu-i7",0.85,"seadec",4,1.3
"pc1","4cpu-i7",0.85,"seadec",1,1.31
"pc1","4cpu-i7",0.85,"seadec",4,1.3
"pc1","4cpu-i7",0.85,"seadec",2,1.33
"pc1","4cpu-i7",0.85,"seadec",3,1.32
"pc1","4cpu-i7",0.95,"seadec",1,1.22
"pc1","4cpu-i7",0.95,"seadec",3,1.23
"pc1","4cpu-i7",0.95,"seadec",4,1.26
"pc1","4cpu-i7",0.95,"seadec",2,1.35
"pc1","4cpu-i7",0.95,"seadec",1,1.24
"pc1","4cpu-i7",0.95,"seadec",3,1.25
"pc1","4cpu-i7",0.95,"seadec",2,1.3
"pc1","4cpu-i7",0.95,"seadec",4,1.28
"pc1","4cpu-i7",0.95,"seadec",3,1.12
"pc1","4cpu-i7",0.95,"seadec",2,1.12
"pc1","4cpu-i7",0.95,"seadec",1,1.16
"pc1","4cpu-i7",0.95,"seadec",4,1.14
"pc1","4cpu-i7",0.95,"seadec",4,1.14
"pc1","4cpu-i7",0.95,"seadec",1,1.15
"pc1","4cpu-i7",0.95,"seadec",2,1.18
"pc1","4cpu-i7",0.95,"seadec",3,1.18
"pc1","4cpu-i7",0.95,"seadec",1,1.17
"pc1","4cpu-i7",0.95,"seadec",3,1.13
"pc1","4cpu-i7",0.95,"seadec",2,1.15
"pc1","4cpu-i7",0.95,"seadec",4,1.13
"pc1","4cpu-i7",0.95,"seadec",2,1.09
"pc1","4cpu-i7",0.95,"seadec",3,1.11
"pc1","4cpu-i7",0.95,"seadec",1,1.15
"pc1","4cpu-i7",0.95,"seadec",4,1.14
"pc1","4cpu-i7",0.95,"seadec",4,1.13
"pc1","4cpu-i7",0.95,"seadec",3,1.13
"pc1","4cpu-i7",0.95,"seadec",1,1.13
"pc1","4cpu-i7",0.95,"seadec",2,1.13
"pc1","4cpu-i7",0.95,"seadec",2,1.11
"pc1","4cpu-i7",0.95,"seadec",1,1.12
"pc1","4cpu-i7",0.95,"seadec",3,1.14
"pc1","4cpu-i7",0.95,"seadec",4,1.14
"pc1","4cpu-i7",0.95,"seadec",3,1.1
"pc1","4cpu-i7",0.95,"seadec",4,1.11
"pc1","4cpu-i7",0.95,"seadec",2,1.14
"pc1","4cpu-i7",0.95,"seadec",1,1.15
"pc1","4cpu-i7",0.95,"seadec",1,1.14
"pc1","4cpu-i7",0.95,"seadec",3,1.14
"pc1","4cpu-i7",0.95,"seadec",2,1.17
"pc1","4cpu-i7",0.95,"seadec",4,1.16
"pc1","4cpu-i7",0.95,"seadec",2,1.11
"pc1","4cpu-i7",0.95,"seadec",4,1.1
"pc1","4cpu-i7",0.95,"seadec",3,1.14
"pc1","4cpu-i7",0.95,"seadec",1,1.14
"pc1","4cpu-i7",0.95,"seadec",1,1.11
"pc1","4cpu-i7",0.95,"seadec",4,1.11
"pc1","4cpu-i7",0.95,"seadec",2,1.13
"pc1","4cpu-i7",0.95,"seadec",3,1.15
"pc1","4cpu-i7",0.95,"seadec",1,1.12
"pc1","4cpu-i7",0.95,"seadec",2,1.13
"pc1","4cpu-i7",0.95,"seadec",3,1.16
"pc1","4cpu-i7",0.95,"seadec",4,1.16
"pc1","4cpu-i7",0.95,"seadec",4,1.13
"pc1","4cpu-i7",0.95,"seadec",2,1.17
"pc1","4cpu-i7",0.95,"seadec",1,1.17
"pc1","4cpu-i7",0.95,"seadec",3,1.17
"pc1","4cpu-i7",0.95,"seadec",4,1.15
"pc1","4cpu-i7",0.95,"seadec",1,1.15
"pc1","4cpu-i7",0.95,"seadec",2,1.15
"pc1","4cpu-i7",0.95,"seadec",3,1.15
"pc1","4cpu-i7",0.95,"seadec",4,1.17
"pc1","4cpu-i7",0.95,"seadec",1,1.18
"pc1","4cpu-i7",0.95,"seadec",3,1.18
"pc1","4cpu-i7",0.95,"seadec",2,1.18
"pc1","4cpu-i7",0.95,"seadec",1,1.11
"pc1","4cpu-i7",0.95,"seadec",2,1.14
"pc1","4cpu-i7",0.95,"seadec",4,1.13
"pc1","4cpu-i7",0.95,"seadec",3,1.16
"pc1","4cpu-i7",0.95,"seadec",3,1.16
"pc1","4cpu-i7",0.95,"seadec",1,1.16
"pc1","4cpu-i7",0.95,"seadec",4,1.18
"pc1","4cpu-i7",0.95,"seadec",2,1.2
"pc1","4cpu-i7",0.95,"seadec",1,1.13
"pc1","4cpu-i7",0.95,"seadec",2,1.14
"pc1","4cpu-i7",0.95,"seadec",4,1.15
"pc1","4cpu-i7",0.95,"seadec",3,1.15
"pc1","4cpu-i7",0.95,"seadec",1,1.14
"pc1","4cpu-i7",0.95,"seadec",3,1.13
"pc1","4cpu-i7",0.95,"seadec",2,1.15
"pc1","4cpu-i7",0.95,"seadec",4,1.15
"pc1","4cpu-i7",0.95,"seadec",2,1.14
"pc1","4cpu-i7",0.95,"seadec",4,1.14
"pc1","4cpu-i7",0.95,"seadec",3,1.16
"pc1","4cpu-i7",0.95,"seadec",1,1.18
"pc1","4cpu-i7",0.95,"seadec",2,1.12
"pc1","4cpu-i7",0.95,"seadec",3,1.13
"pc1","4cpu-i7",0.95,"seadec",1,1.16
"pc1","4cpu-i7",0.95,"seadec",4,1.14
"pc1","4cpu-i7",0.95,"seadec",1,1.14
"pc1","4cpu-i7",0.95,"seadec",4,1.13
"pc1","4cpu-i7",0.95,"seadec",3,1.15
"pc1","4cpu-i7",0.95,"seadec",2,1.16
"pc1","4cpu-i7",0.95,"seadec",1,1.14
"pc1","4cpu-i7",0.95,"seadec",3,1.13
"pc1","4cpu-i7",0.95,"seadec",2,1.16
"pc1","4cpu-i7",0.95,"seadec",4,1.16
"pc1","4cpu-i7",0.95,"seadec",1,1.16
"pc1","4cpu-i7",0.95,"seadec",3,1.14
"pc1","4cpu-i7",0.95,"seadec",4,1.18
"pc1","4cpu-i7",0.95,"seadec",2,1.18
"pc1","4cpu-i7",0.95,"seadec",2,1.16
"pc1","4cpu-i7",0.95,"seadec",3,1.19
"pc1","4cpu-i7",0.95,"seadec",1,1.19
"pc1","4cpu-i7",0.95,"seadec",4,1.19
"pc1","4cpu-i7",0.95,"seadec",2,1.12
"pc1","4cpu-i7",0.95,"seadec",4,1.12
"pc1","4cpu-i7",0.95,"seadec",3,1.16
"pc1","4cpu-i7",0.95,"seadec",1,1.18
"pc1","4cpu-i7",0.95,"seadec",3,1.15
"pc1","4cpu-i7",0.95,"seadec",1,1.16
"pc1","4cpu-i7",0.95,"seadec",4,1.19
"pc1","4cpu-i7",0.95,"seadec",2,1.19
"pc1","4cpu-i7",0.95,"seadec",2,1.13
"pc1","4cpu-i7",0.95,"seadec",1,1.13
"pc1","4cpu-i7",0.95,"seadec",3,1.18
"pc1","4cpu-i7",0.95,"seadec",4,1.18
"pc1","4cpu-i7",0.95,"seadec",4,1.12
"pc1","4cpu-i7",0.95,"seadec",2,1.15
"pc1","4cpu-i7",0.95,"seadec",3,1.15
"pc1","4cpu-i7",0.95,"seadec",1,1.17
"pc1","4cpu-i7",0.05,"SMA",1,45.62
"pc1","4cpu-i7",0.05,"SMA",2,45.72
"pc1","4cpu-i7",0.05,"SMA",3,45.8
"pc1","4cpu-i7",0.05,"SMA",4,46
"pc1","4cpu-i7",0.05,"SMA",4,45.75
"pc1","4cpu-i7",0.05,"SMA",3,46.06
"pc1","4cpu-i7",0.05,"SMA",2,46.27
"pc1","4cpu-i7",0.05,"SMA",1,46.39
"pc1","4cpu-i7",0.05,"SMA",3,40.35
"pc1","4cpu-i7",0.05,"SMA",1,40.96
"pc1","4cpu-i7",0.05,"SMA",4,41.04
"pc1","4cpu-i7",0.05,"SMA",2,41.25
"pc1","4cpu-i7",0.05,"SMA",3,41.13
"pc1","4cpu-i7",0.05,"SMA",2,41.24
"pc1","4cpu-i7",0.05,"SMA",1,41.24
"pc1","4cpu-i7",0.05,"SMA",4,42.83
"pc1","4cpu-i7",0.05,"SMA",1,40.66
"pc1","4cpu-i7",0.05,"SMA",3,41.95
"pc1","4cpu-i7",0.05,"SMA",2,42.16
"pc1","4cpu-i7",0.05,"SMA",4,43.24
"pc1","4cpu-i7",0.05,"SMA",2,39.55
"pc1","4cpu-i7",0.05,"SMA",3,0.94
"pc1","4cpu-i7",0.05,"SMA",4,40.14
"pc1","4cpu-i7",0.05,"SMA",2,40.88
"pc1","4cpu-i7",0.05,"SMA",1,40.99
"pc1","4cpu-i7",0.05,"SMA",3,42.28
"pc1","4cpu-i7",0.05,"SMA",4,42.47
"pc1","4cpu-i7",0.05,"SMA",1,40.59
"pc1","4cpu-i7",0.05,"SMA",2,41.08
"pc1","4cpu-i7",0.05,"SMA",3,41.47
"pc1","4cpu-i7",0.05,"SMA",4,41.66
"pc1","4cpu-i7",0.05,"SMA",1,41.57
"pc1","4cpu-i7",0.05,"SMA",2,42.45
"pc1","4cpu-i7",0.05,"SMA",3,42.94
"pc1","4cpu-i7",0.05,"SMA",4,43.74
"pc1","4cpu-i7",0.05,"SMA",1,39.97
"pc1","4cpu-i7",0.05,"SMA",3,40.95
"pc1","4cpu-i7",0.05,"SMA",2,41.06
"pc1","4cpu-i7",0.05,"SMA",4,41.54
"pc1","4cpu-i7",0.05,"SMA",1,42.26
"pc1","4cpu-i7",0.05,"SMA",4,42.43
"pc1","4cpu-i7",0.05,"SMA",2,42.95
"pc1","4cpu-i7",0.05,"SMA",3,43.04
"pc1","4cpu-i7",0.05,"SMA",2,41.07
"pc1","4cpu-i7",0.05,"SMA",3,41.57
"pc1","4cpu-i7",0.05,"SMA",1,41.78
"pc1","4cpu-i7",0.05,"SMA",4,42.45
"pc1","4cpu-i7",0.05,"SMA",1,39.58
"pc1","4cpu-i7",0.05,"SMA",3,40.17
"pc1","4cpu-i7",0.05,"SMA",4,40.66
"pc1","4cpu-i7",0.05,"SMA",2,41.48
"pc1","4cpu-i7",0.05,"SMA",3,40.54
"pc1","4cpu-i7",0.05,"SMA",4,40.62
"pc1","4cpu-i7",0.05,"SMA",2,40.94
"pc1","4cpu-i7",0.05,"SMA",1,41.66
"pc1","4cpu-i7",0.05,"SMA",3,40.44
"pc1","4cpu-i7",0.05,"SMA",4,40.53
"pc1","4cpu-i7",0.05,"SMA",1,40.76
"pc1","4cpu-i7",0.05,"SMA",2,41.05
"pc1","4cpu-i7",0.05,"SMA",3,37.72
"pc1","4cpu-i7",0.05,"SMA",4,38.54
"pc1","4cpu-i7",0.05,"SMA",2,38.54
"pc1","4cpu-i7",0.05,"SMA",1,39.37
"pc1","4cpu-i7",0.05,"SMA",4,42.53
"pc1","4cpu-i7",0.05,"SMA",1,43.96
"pc1","4cpu-i7",0.05,"SMA",2,44.15
"pc1","4cpu-i7",0.05,"SMA",3,44.54
"pc1","4cpu-i7",0.05,"SMA",3,42.64
"pc1","4cpu-i7",0.05,"SMA",4,42.94
"pc1","4cpu-i7",0.05,"SMA",2,43.45
"pc1","4cpu-i7",0.05,"SMA",1,43.76
"pc1","4cpu-i7",0.05,"SMA",4,39.84
"pc1","4cpu-i7",0.05,"SMA",1,40.56
"pc1","4cpu-i7",0.05,"SMA",3,40.84
"pc1","4cpu-i7",0.05,"SMA",2,41.15
"pc1","4cpu-i7",0.05,"SMA",3,39.24
"pc1","4cpu-i7",0.05,"SMA",1,39.66
"pc1","4cpu-i7",0.05,"SMA",2,40.84
"pc1","4cpu-i7",0.05,"SMA",4,40.93
"pc1","4cpu-i7",0.05,"SMA",2,43.46
"pc1","4cpu-i7",0.05,"SMA",4,43.65
"pc1","4cpu-i7",0.05,"SMA",3,44.16
"pc1","4cpu-i7",0.05,"SMA",1,44.68
"pc1","4cpu-i7",0.05,"SMA",3,43.26
"pc1","4cpu-i7",0.05,"SMA",1,43.38
"pc1","4cpu-i7",0.05,"SMA",2,43.67
"pc1","4cpu-i7",0.05,"SMA",4,44.26
"pc1","4cpu-i7",0.05,"SMA",3,40.55
"pc1","4cpu-i7",0.05,"SMA",1,40.97
"pc1","4cpu-i7",0.05,"SMA",4,41.25
"pc1","4cpu-i7",0.05,"SMA",2,41.67
"pc1","4cpu-i7",0.05,"SMA",3,42.04
"pc1","4cpu-i7",0.05,"SMA",4,42.14
"pc1","4cpu-i7",0.05,"SMA",2,42.14
"pc1","4cpu-i7",0.05,"SMA",1,42.14
"pc1","4cpu-i7",0.05,"SMA",1,43.14
"pc1","4cpu-i7",0.05,"SMA",4,43.22
"pc1","4cpu-i7",0.05,"SMA",3,44.23
"pc1","4cpu-i7",0.05,"SMA",2,44.43
"pc1","4cpu-i7",0.05,"SMA",4,40.73
"pc1","4cpu-i7",0.05,"SMA",1,42.16
"pc1","4cpu-i7",0.05,"SMA",2,42.45
"pc1","4cpu-i7",0.05,"SMA",3,42.54
"pc1","4cpu-i7",0.05,"SMA",1,40.98
"pc1","4cpu-i7",0.05,"SMA",4,41.05
"pc1","4cpu-i7",0.05,"SMA",2,41.87
"pc1","4cpu-i7",0.05,"SMA",3,42.26
"pc1","4cpu-i7",0.05,"SMA",3,39.54
"pc1","4cpu-i7",0.05,"SMA",1,39.67
"pc1","4cpu-i7",0.05,"SMA",4,39.93
"pc1","4cpu-i7",0.05,"SMA",2,39.96
"pc1","4cpu-i7",0.05,"SMA",1,41.26
"pc1","4cpu-i7",0.05,"SMA",4,41.24
"pc1","4cpu-i7",0.05,"SMA",3,41.54
"pc1","4cpu-i7",0.05,"SMA",2,41.75
"pc1","4cpu-i7",0.05,"SMA",4,39.44
"pc1","4cpu-i7",0.05,"SMA",1,40.26
"pc1","4cpu-i7",0.05,"SMA",2,40.65
"pc1","4cpu-i7",0.05,"SMA",3,40.74
"pc1","4cpu-i7",0.15,"SMA",3,10.2
"pc1","4cpu-i7",0.15,"SMA",1,10.32
"pc1","4cpu-i7",0.15,"SMA",4,10.39
"pc1","4cpu-i7",0.15,"SMA",2,10.5
"pc1","4cpu-i7",0.15,"SMA",2,10.09
"pc1","4cpu-i7",0.15,"SMA",3,10.17
"pc1","4cpu-i7",0.15,"SMA",4,10.26
"pc1","4cpu-i7",0.15,"SMA",1,10.3
"pc1","4cpu-i7",0.15,"SMA",4,9.63
"pc1","4cpu-i7",0.15,"SMA",2,9.66
"pc1","4cpu-i7",0.15,"SMA",3,9.74
"pc1","4cpu-i7",0.15,"SMA",1,9.76
"pc1","4cpu-i7",0.15,"SMA",1,9.17
"pc1","4cpu-i7",0.15,"SMA",4,9.15
"pc1","4cpu-i7",0.15,"SMA",3,9.28
"pc1","4cpu-i7",0.15,"SMA",2,9.28
"pc1","4cpu-i7",0.15,"SMA",4,9.45
"pc1","4cpu-i7",0.15,"SMA",3,9.55
"pc1","4cpu-i7",0.15,"SMA",2,9.66
"pc1","4cpu-i7",0.15,"SMA",1,9.87
"pc1","4cpu-i7",0.15,"SMA",1,8.86
"pc1","4cpu-i7",0.15,"SMA",4,8.93
"pc1","4cpu-i7",0.15,"SMA",3,8.94
"pc1","4cpu-i7",0.15,"SMA",2,9.04
"pc1","4cpu-i7",0.15,"SMA",3,8.75
"pc1","4cpu-i7",0.15,"SMA",1,9.06
"pc1","4cpu-i7",0.15,"SMA",4,9.06
"pc1","4cpu-i7",0.15,"SMA",2,9.06
"pc1","4cpu-i7",0.15,"SMA",4,9.3
"pc1","4cpu-i7",0.15,"SMA",1,9.52
"pc1","4cpu-i7",0.15,"SMA",3,9.52
"pc1","4cpu-i7",0.15,"SMA",2,9.62
"pc1","4cpu-i7",0.15,"SMA",3,10.08
"pc1","4cpu-i7",0.15,"SMA",4,10.17
"pc1","4cpu-i7",0.15,"SMA",1,10.2
"pc1","4cpu-i7",0.15,"SMA",2,10.2
"pc1","4cpu-i7",0.15,"SMA",2,9.44
"pc1","4cpu-i7",0.15,"SMA",3,9.44
"pc1","4cpu-i7",0.15,"SMA",4,9.53
"pc1","4cpu-i7",0.15,"SMA",1,9.56
"pc1","4cpu-i7",0.15,"SMA",3,10.05
"pc1","4cpu-i7",0.15,"SMA",1,10.08
"pc1","4cpu-i7",0.15,"SMA",2,10.16
"pc1","4cpu-i7",0.15,"SMA",4,10.35
"pc1","4cpu-i7",0.15,"SMA",3,9.45
"pc1","4cpu-i7",0.15,"SMA",1,9.47
"pc1","4cpu-i7",0.15,"SMA",2,9.55
"pc1","4cpu-i7",0.15,"SMA",4,9.54
"pc1","4cpu-i7",0.15,"SMA",1,9.27
"pc1","4cpu-i7",0.15,"SMA",3,9.27
"pc1","4cpu-i7",0.15,"SMA",2,9.57
"pc1","4cpu-i7",0.15,"SMA",4,9.75
"pc1","4cpu-i7",0.15,"SMA",3,9.98
"pc1","4cpu-i7",0.15,"SMA",4,9.98
"pc1","4cpu-i7",0.15,"SMA",1,9.98
"pc1","4cpu-i7",0.15,"SMA",2,10.06
"pc1","4cpu-i7",0.15,"SMA",1,9.95
"pc1","4cpu-i7",0.15,"SMA",3,9.95
"pc1","4cpu-i7",0.15,"SMA",2,9.97
"pc1","4cpu-i7",0.15,"SMA",4,10.14
"pc1","4cpu-i7",0.15,"SMA",3,9.65
"pc1","4cpu-i7",0.15,"SMA",1,9.77
"pc1","4cpu-i7",0.15,"SMA",2,9.87
"pc1","4cpu-i7",0.15,"SMA",4,9.94
"pc1","4cpu-i7",0.15,"SMA",1,10.27
"pc1","4cpu-i7",0.15,"SMA",3,10.55
"pc1","4cpu-i7",0.15,"SMA",2,10.75
"pc1","4cpu-i7",0.15,"SMA",4,10.75
"pc1","4cpu-i7",0.15,"SMA",1,9.67
"pc1","4cpu-i7",0.15,"SMA",4,9.66
"pc1","4cpu-i7",0.15,"SMA",2,9.77
"pc1","4cpu-i7",0.15,"SMA",3,9.77
"pc1","4cpu-i7",0.15,"SMA",1,9.36
"pc1","4cpu-i7",0.15,"SMA",2,9.45
"pc1","4cpu-i7",0.15,"SMA",4,9.44
"pc1","4cpu-i7",0.15,"SMA",3,9.65
"pc1","4cpu-i7",0.15,"SMA",1,9.36
"pc1","4cpu-i7",0.15,"SMA",2,9.54
"pc1","4cpu-i7",0.15,"SMA",4,9.53
"pc1","4cpu-i7",0.15,"SMA",3,9.74
"pc1","4cpu-i7",0.15,"SMA",4,9.43
"pc1","4cpu-i7",0.15,"SMA",1,9.47
"pc1","4cpu-i7",0.15,"SMA",2,9.65
"pc1","4cpu-i7",0.15,"SMA",3,9.84
"pc1","4cpu-i7",0.15,"SMA",4,9.82
"pc1","4cpu-i7",0.15,"SMA",3,9.85
"pc1","4cpu-i7",0.15,"SMA",2,9.94
"pc1","4cpu-i7",0.15,"SMA",1,10.07
"pc1","4cpu-i7",0.15,"SMA",4,9.45
"pc1","4cpu-i7",0.15,"SMA",3,9.55
"pc1","4cpu-i7",0.15,"SMA",2,9.67
"pc1","4cpu-i7",0.15,"SMA",1,9.67
"pc1","4cpu-i7",0.15,"SMA",4,9.54
"pc1","4cpu-i7",0.15,"SMA",3,9.64
"pc1","4cpu-i7",0.15,"SMA",1,9.75
"pc1","4cpu-i7",0.15,"SMA",2,9.75
"pc1","4cpu-i7",0.15,"SMA",4,9.05
"pc1","4cpu-i7",0.15,"SMA",3,9.15
"pc1","4cpu-i7",0.15,"SMA",2,9.48
"pc1","4cpu-i7",0.15,"SMA",1,9.48
"pc1","4cpu-i7",0.15,"SMA",3,9.92
"pc1","4cpu-i7",0.15,"SMA",2,9.94
"pc1","4cpu-i7",0.15,"SMA",4,10.02
"pc1","4cpu-i7",0.15,"SMA",1,10.05
"pc1","4cpu-i7",0.15,"SMA",3,10.37
"pc1","4cpu-i7",0.15,"SMA",2,10.57
"pc1","4cpu-i7",0.15,"SMA",4,10.57
"pc1","4cpu-i7",0.15,"SMA",1,10.78
"pc1","4cpu-i7",0.15,"SMA",2,9.97
"pc1","4cpu-i7",0.15,"SMA",3,10.05
"pc1","4cpu-i7",0.15,"SMA",4,10.05
"pc1","4cpu-i7",0.15,"SMA",1,10.38
"pc1","4cpu-i7",0.15,"SMA",4,9.14
"pc1","4cpu-i7",0.15,"SMA",2,9.16
"pc1","4cpu-i7",0.15,"SMA",3,9.35
"pc1","4cpu-i7",0.15,"SMA",1,9.46
"pc1","4cpu-i7",0.15,"SMA",4,9.86
"pc1","4cpu-i7",0.15,"SMA",3,9.99
"pc1","4cpu-i7",0.15,"SMA",2,9.99
"pc1","4cpu-i7",0.15,"SMA",1,10.1
"pc1","4cpu-i7",0.25,"SMA",2,5.62
"pc1","4cpu-i7",0.25,"SMA",1,5.72
"pc1","4cpu-i7",0.25,"SMA",4,5.69
"pc1","4cpu-i7",0.25,"SMA",3,5.71
"pc1","4cpu-i7",0.25,"SMA",2,5.55
"pc1","4cpu-i7",0.25,"SMA",3,5.55
"pc1","4cpu-i7",0.25,"SMA",4,5.59
"pc1","4cpu-i7",0.25,"SMA",1,5.59
"pc1","4cpu-i7",0.25,"SMA",3,5.3
"pc1","4cpu-i7",0.25,"SMA",4,5.3
"pc1","4cpu-i7",0.25,"SMA",2,5.34
"pc1","4cpu-i7",0.25,"SMA",1,5.35
"pc1","4cpu-i7",0.25,"SMA",3,5.07
"pc1","4cpu-i7",0.25,"SMA",1,5.18
"pc1","4cpu-i7",0.25,"SMA",4,5.18
"pc1","4cpu-i7",0.25,"SMA",2,5.18
"pc1","4cpu-i7",0.25,"SMA",4,4.99
"pc1","4cpu-i7",0.25,"SMA",1,5.02
"pc1","4cpu-i7",0.25,"SMA",3,5.02
"pc1","4cpu-i7",0.25,"SMA",2,5.02
"pc1","4cpu-i7",0.25,"SMA",1,5.04
"pc1","4cpu-i7",0.25,"SMA",4,5.04
"pc1","4cpu-i7",0.25,"SMA",3,5.04
"pc1","4cpu-i7",0.25,"SMA",2,5.04
"pc1","4cpu-i7",0.25,"SMA",4,4.98
"pc1","4cpu-i7",0.25,"SMA",2,5.04
"pc1","4cpu-i7",0.25,"SMA",1,5.14
"pc1","4cpu-i7",0.25,"SMA",3,5.11
"pc1","4cpu-i7",0.25,"SMA",4,4.96
"pc1","4cpu-i7",0.25,"SMA",2,5.07
"pc1","4cpu-i7",0.25,"SMA",1,5.2
"pc1","4cpu-i7",0.25,"SMA",3,5.25
"pc1","4cpu-i7",0.25,"SMA",4,5.17
"pc1","4cpu-i7",0.25,"SMA",1,5.29
"pc1","4cpu-i7",0.25,"SMA",3,5.28
"pc1","4cpu-i7",0.25,"SMA",2,5.38
"pc1","4cpu-i7",0.25,"SMA",1,5.16
"pc1","4cpu-i7",0.25,"SMA",4,5.18
"pc1","4cpu-i7",0.25,"SMA",2,5.19
"pc1","4cpu-i7",0.25,"SMA",3,5.19
"pc1","4cpu-i7",0.25,"SMA",3,5.14
"pc1","4cpu-i7",0.25,"SMA",4,5.14
"pc1","4cpu-i7",0.25,"SMA",2,5.23
"pc1","4cpu-i7",0.25,"SMA",1,5.25
"pc1","4cpu-i7",0.25,"SMA",4,5.18
"pc1","4cpu-i7",0.25,"SMA",2,5.2
"pc1","4cpu-i7",0.25,"SMA",3,5.2
"pc1","4cpu-i7",0.25,"SMA",1,5.2
"pc1","4cpu-i7",0.25,"SMA",3,5.25
"pc1","4cpu-i7",0.25,"SMA",1,5.27
"pc1","4cpu-i7",0.25,"SMA",2,5.27
"pc1","4cpu-i7",0.25,"SMA",4,5.34
"pc1","4cpu-i7",0.25,"SMA",3,5.09
"pc1","4cpu-i7",0.25,"SMA",2,5.09
"pc1","4cpu-i7",0.25,"SMA",1,5.09
"pc1","4cpu-i7",0.25,"SMA",4,5.17
"pc1","4cpu-i7",0.25,"SMA",2,5.26
"pc1","4cpu-i7",0.25,"SMA",3,5.35
"pc1","4cpu-i7",0.25,"SMA",4,5.35
"pc1","4cpu-i7",0.25,"SMA",1,5.37
"pc1","4cpu-i7",0.25,"SMA",2,5.18
"pc1","4cpu-i7",0.25,"SMA",1,5.28
"pc1","4cpu-i7",0.25,"SMA",3,5.45
"pc1","4cpu-i7",0.25,"SMA",4,5.45
"pc1","4cpu-i7",0.25,"SMA",2,5.07
"pc1","4cpu-i7",0.25,"SMA",1,5.07
"pc1","4cpu-i7",0.25,"SMA",3,5.15
"pc1","4cpu-i7",0.25,"SMA",4,5.15
"pc1","4cpu-i7",0.25,"SMA",1,5.19
"pc1","4cpu-i7",0.25,"SMA",2,5.18
"pc1","4cpu-i7",0.25,"SMA",4,5.37
"pc1","4cpu-i7",0.25,"SMA",3,5.37
"pc1","4cpu-i7",0.25,"SMA",1,5.07
"pc1","4cpu-i7",0.25,"SMA",2,5.16
"pc1","4cpu-i7",0.25,"SMA",4,5.15
"pc1","4cpu-i7",0.25,"SMA",3,5.35
"pc1","4cpu-i7",0.25,"SMA",4,5.26
"pc1","4cpu-i7",0.25,"SMA",2,5.26
"pc1","4cpu-i7",0.25,"SMA",1,5.36
"pc1","4cpu-i7",0.25,"SMA",3,5.35
"pc1","4cpu-i7",0.25,"SMA",4,5.15
"pc1","4cpu-i7",0.25,"SMA",2,5.26
"pc1","4cpu-i7",0.25,"SMA",1,5.28
"pc1","4cpu-i7",0.25,"SMA",3,5.36
"pc1","4cpu-i7",0.25,"SMA",4,5.15
"pc1","4cpu-i7",0.25,"SMA",2,5.28
"pc1","4cpu-i7",0.25,"SMA",3,5.38
"pc1","4cpu-i7",0.25,"SMA",1,5.38
"pc1","4cpu-i7",0.25,"SMA",4,5.06
"pc1","4cpu-i7",0.25,"SMA",3,5.29
"pc1","4cpu-i7",0.25,"SMA",1,5.29
"pc1","4cpu-i7",0.25,"SMA",2,5.29
"pc1","4cpu-i7",0.25,"SMA",4,5.03
"pc1","4cpu-i7",0.25,"SMA",3,5.27
"pc1","4cpu-i7",0.25,"SMA",2,5.27
"pc1","4cpu-i7",0.25,"SMA",1,5.38
"pc1","4cpu-i7",0.25,"SMA",4,5.13
"pc1","4cpu-i7",0.25,"SMA",3,5.16
"pc1","4cpu-i7",0.25,"SMA",2,5.25
"pc1","4cpu-i7",0.25,"SMA",1,5.36
"pc1","4cpu-i7",0.25,"SMA",3,4.97
"pc1","4cpu-i7",0.25,"SMA",4,5.04
"pc1","4cpu-i7",0.25,"SMA",2,5.08
"pc1","4cpu-i7",0.25,"SMA",1,5.17
"pc1","4cpu-i7",0.25,"SMA",4,5.07
"pc1","4cpu-i7",0.25,"SMA",3,5.17
"pc1","4cpu-i7",0.25,"SMA",2,5.19
"pc1","4cpu-i7",0.25,"SMA",1,5.38
"pc1","4cpu-i7",0.25,"SMA",4,5.18
"pc1","4cpu-i7",0.25,"SMA",2,5.17
"pc1","4cpu-i7",0.25,"SMA",3,5.17
"pc1","4cpu-i7",0.25,"SMA",1,5.38
"pc1","4cpu-i7",0.25,"SMA",2,5.04
"pc1","4cpu-i7",0.25,"SMA",4,5.22
"pc1","4cpu-i7",0.25,"SMA",3,5.22
"pc1","4cpu-i7",0.25,"SMA",1,5.26
"pc1","4cpu-i7",0.25,"SMA",2,4.94
"pc1","4cpu-i7",0.25,"SMA",3,4.93
"pc1","4cpu-i7",0.25,"SMA",1,5.02
"pc1","4cpu-i7",0.25,"SMA",4,5.02
"pc1","4cpu-i7",0.35,"SMA",3,3.75
"pc1","4cpu-i7",0.35,"SMA",4,3.75
"pc1","4cpu-i7",0.35,"SMA",2,3.85
"pc1","4cpu-i7",0.35,"SMA",1,3.88
"pc1","4cpu-i7",0.35,"SMA",2,3.75
"pc1","4cpu-i7",0.35,"SMA",3,3.83
"pc1","4cpu-i7",0.35,"SMA",4,3.83
"pc1","4cpu-i7",0.35,"SMA",1,3.95
"pc1","4cpu-i7",0.35,"SMA",2,3.47
"pc1","4cpu-i7",0.35,"SMA",3,3.47
"pc1","4cpu-i7",0.35,"SMA",1,3.47
"pc1","4cpu-i7",0.35,"SMA",4,3.47
"pc1","4cpu-i7",0.35,"SMA",3,3.24
"pc1","4cpu-i7",0.35,"SMA",2,3.34
"pc1","4cpu-i7",0.35,"SMA",1,3.35
"pc1","4cpu-i7",0.35,"SMA",4,3.41
"pc1","4cpu-i7",0.35,"SMA",4,3.36
"pc1","4cpu-i7",0.35,"SMA",3,3.47
"pc1","4cpu-i7",0.35,"SMA",2,3.47
"pc1","4cpu-i7",0.35,"SMA",1,3.47
"pc1","4cpu-i7",0.35,"SMA",3,3.46
"pc1","4cpu-i7",0.35,"SMA",2,3.46
"pc1","4cpu-i7",0.35,"SMA",4,3.46
"pc1","4cpu-i7",0.35,"SMA",1,3.49
"pc1","4cpu-i7",0.35,"SMA",4,3.34
"pc1","4cpu-i7",0.35,"SMA",3,3.42
"pc1","4cpu-i7",0.35,"SMA",1,3.45
"pc1","4cpu-i7",0.35,"SMA",2,3.44
"pc1","4cpu-i7",0.35,"SMA",3,3.27
"pc1","4cpu-i7",0.35,"SMA",4,3.27
"pc1","4cpu-i7",0.35,"SMA",1,3.39
"pc1","4cpu-i7",0.35,"SMA",2,3.46
"pc1","4cpu-i7",0.35,"SMA",2,3.39
"pc1","4cpu-i7",0.35,"SMA",4,3.4
"pc1","4cpu-i7",0.35,"SMA",1,3.42
"pc1","4cpu-i7",0.35,"SMA",3,3.42
"pc1","4cpu-i7",0.35,"SMA",2,3.45
"pc1","4cpu-i7",0.35,"SMA",4,3.51
"pc1","4cpu-i7",0.35,"SMA",3,3.52
"pc1","4cpu-i7",0.35,"SMA",1,3.54
"pc1","4cpu-i7",0.35,"SMA",4,3.36
"pc1","4cpu-i7",0.35,"SMA",3,3.39
"pc1","4cpu-i7",0.35,"SMA",2,3.4
"pc1","4cpu-i7",0.35,"SMA",1,3.4
"pc1","4cpu-i7",0.35,"SMA",3,3.45
"pc1","4cpu-i7",0.35,"SMA",4,3.45
"pc1","4cpu-i7",0.35,"SMA",1,3.55
"pc1","4cpu-i7",0.35,"SMA",2,3.55
"pc1","4cpu-i7",0.35,"SMA",3,3.36
"pc1","4cpu-i7",0.35,"SMA",4,3.4
"pc1","4cpu-i7",0.35,"SMA",2,3.4
"pc1","4cpu-i7",0.35,"SMA",1,3.47
"pc1","4cpu-i7",0.35,"SMA",2,3.41
"pc1","4cpu-i7",0.35,"SMA",4,3.48
"pc1","4cpu-i7",0.35,"SMA",1,3.51
"pc1","4cpu-i7",0.35,"SMA",3,3.58
"pc1","4cpu-i7",0.35,"SMA",2,3.38
"pc1","4cpu-i7",0.35,"SMA",4,3.38
"pc1","4cpu-i7",0.35,"SMA",1,3.49
"pc1","4cpu-i7",0.35,"SMA",3,3.48
"pc1","4cpu-i7",0.35,"SMA",2,3.27
"pc1","4cpu-i7",0.35,"SMA",4,3.38
"pc1","4cpu-i7",0.35,"SMA",1,3.38
"pc1","4cpu-i7",0.35,"SMA",3,3.46
"pc1","4cpu-i7",0.35,"SMA",1,3.38
"pc1","4cpu-i7",0.35,"SMA",4,3.38
"pc1","4cpu-i7",0.35,"SMA",2,3.58
"pc1","4cpu-i7",0.35,"SMA",3,3.58
"pc1","4cpu-i7",0.35,"SMA",1,3.35
"pc1","4cpu-i7",0.35,"SMA",2,3.44
"pc1","4cpu-i7",0.35,"SMA",4,3.43
"pc1","4cpu-i7",0.35,"SMA",3,3.45
"pc1","4cpu-i7",0.35,"SMA",1,3.36
"pc1","4cpu-i7",0.35,"SMA",2,3.44
"pc1","4cpu-i7",0.35,"SMA",3,3.45
"pc1","4cpu-i7",0.35,"SMA",4,3.45
"pc1","4cpu-i7",0.35,"SMA",2,3.47
"pc1","4cpu-i7",0.35,"SMA",1,3.47
"pc1","4cpu-i7",0.35,"SMA",3,3.56
"pc1","4cpu-i7",0.35,"SMA",4,3.56
"pc1","4cpu-i7",0.35,"SMA",2,3.48
"pc1","4cpu-i7",0.35,"SMA",1,3.57
"pc1","4cpu-i7",0.35,"SMA",3,3.58
"pc1","4cpu-i7",0.35,"SMA",4,3.58
"pc1","4cpu-i7",0.35,"SMA",2,3.45
"pc1","4cpu-i7",0.35,"SMA",1,3.46
"pc1","4cpu-i7",0.35,"SMA",4,3.46
"pc1","4cpu-i7",0.35,"SMA",3,3.53
"pc1","4cpu-i7",0.35,"SMA",4,3.3
"pc1","4cpu-i7",0.35,"SMA",2,3.4
"pc1","4cpu-i7",0.35,"SMA",1,3.41
"pc1","4cpu-i7",0.35,"SMA",3,3.49
"pc1","4cpu-i7",0.35,"SMA",4,3.36
"pc1","4cpu-i7",0.35,"SMA",2,3.47
"pc1","4cpu-i7",0.35,"SMA",1,3.51
"pc1","4cpu-i7",0.35,"SMA",3,3.51
"pc1","4cpu-i7",0.35,"SMA",4,3.44
"pc1","4cpu-i7",0.35,"SMA",2,3.53
"pc1","4cpu-i7",0.35,"SMA",3,3.54
"pc1","4cpu-i7",0.35,"SMA",1,3.54
"pc1","4cpu-i7",0.35,"SMA",4,3.5
"pc1","4cpu-i7",0.35,"SMA",1,3.5
"pc1","4cpu-i7",0.35,"SMA",2,3.56
"pc1","4cpu-i7",0.35,"SMA",3,3.55
"pc1","4cpu-i7",0.35,"SMA",4,3.46
"pc1","4cpu-i7",0.35,"SMA",3,3.57
"pc1","4cpu-i7",0.35,"SMA",1,3.57
"pc1","4cpu-i7",0.35,"SMA",2,3.59
"pc1","4cpu-i7",0.35,"SMA",3,3.35
"pc1","4cpu-i7",0.35,"SMA",4,3.42
"pc1","4cpu-i7",0.35,"SMA",1,3.45
"pc1","4cpu-i7",0.35,"SMA",2,3.45
"pc1","4cpu-i7",0.35,"SMA",3,3.35
"pc1","4cpu-i7",0.35,"SMA",4,3.36
"pc1","4cpu-i7",0.35,"SMA",2,3.49
"pc1","4cpu-i7",0.35,"SMA",1,3.49
"pc1","4cpu-i7",0.35,"SMA",3,3.38
"pc1","4cpu-i7",0.35,"SMA",4,3.47
"pc1","4cpu-i7",0.35,"SMA",2,3.49
"pc1","4cpu-i7",0.35,"SMA",1,3.49
"pc1","4cpu-i7",0.45,"SMA",3,2.74
"pc1","4cpu-i7",0.45,"SMA",1,2.82
"pc1","4cpu-i7",0.45,"SMA",4,2.82
"pc1","4cpu-i7",0.45,"SMA",2,2.91
"pc1","4cpu-i7",0.45,"SMA",4,2.87
"pc1","4cpu-i7",0.45,"SMA",1,2.89
"pc1","4cpu-i7",0.45,"SMA",3,2.9
"pc1","4cpu-i7",0.45,"SMA",2,2.91
"pc1","4cpu-i7",0.45,"SMA",3,2.64
"pc1","4cpu-i7",0.45,"SMA",4,2.64
"pc1","4cpu-i7",0.45,"SMA",1,2.66
"pc1","4cpu-i7",0.45,"SMA",2,2.67
"pc1","4cpu-i7",0.45,"SMA",4,2.51
"pc1","4cpu-i7",0.45,"SMA",3,2.59
"pc1","4cpu-i7",0.45,"SMA",2,2.64
"pc1","4cpu-i7",0.45,"SMA",1,2.64
"pc1","4cpu-i7",0.45,"SMA",2,2.58
"pc1","4cpu-i7",0.45,"SMA",1,2.64
"pc1","4cpu-i7",0.45,"SMA",3,2.63
"pc1","4cpu-i7",0.45,"SMA",4,2.63
"pc1","4cpu-i7",0.45,"SMA",3,2.6
"pc1","4cpu-i7",0.45,"SMA",4,2.67
"pc1","4cpu-i7",0.45,"SMA",1,2.7
"pc1","4cpu-i7",0.45,"SMA",2,2.7
"pc1","4cpu-i7",0.45,"SMA",2,2.58
"pc1","4cpu-i7",0.45,"SMA",1,2.6
"pc1","4cpu-i7",0.45,"SMA",3,2.47
"pc1","4cpu-i7",0.45,"SMA",4,2.53
"pc1","4cpu-i7",0.45,"SMA",2,2.56
"pc1","4cpu-i7",0.45,"SMA",1,2.57
"pc1","4cpu-i7",0.45,"SMA",2,2.54
"pc1","4cpu-i7",0.45,"SMA",4,2.54
"pc1","4cpu-i7",0.45,"SMA",3,2.59
"pc1","4cpu-i7",0.45,"SMA",1,2.59
"pc1","4cpu-i7",0.45,"SMA",2,2.44
"pc1","4cpu-i7",0.45,"SMA",1,2.52
"pc1","4cpu-i7",0.45,"SMA",4,2.57
"pc1","4cpu-i7",0.45,"SMA",3,2.6
"pc1","4cpu-i7",0.45,"SMA",1,2.55
"pc1","4cpu-i7",0.45,"SMA",2,2.55
"pc1","4cpu-i7",0.45,"SMA",4,2.61
"pc1","4cpu-i7",0.45,"SMA",3,2.62
"pc1","4cpu-i7",0.45,"SMA",1,2.6
"pc1","4cpu-i7",0.45,"SMA",3,2.59
"pc1","4cpu-i7",0.45,"SMA",2,2.59
"pc1","4cpu-i7",0.45,"SMA",4,2.59
"pc1","4cpu-i7",0.45,"SMA",2,2.44
"pc1","4cpu-i7",0.45,"SMA",1,2.53
"pc1","4cpu-i7",0.45,"SMA",3,2.52
"pc1","4cpu-i7",0.45,"SMA",4,2.56
"pc1","4cpu-i7",0.45,"SMA",1,2.61
"pc1","4cpu-i7",0.45,"SMA",2,2.67
"pc1","4cpu-i7",0.45,"SMA",4,2.68
"pc1","4cpu-i7",0.45,"SMA",3,2.68
"pc1","4cpu-i7",0.45,"SMA",1,2.56
"pc1","4cpu-i7",0.45,"SMA",2,2.59
"pc1","4cpu-i7",0.45,"SMA",3,2.65
"pc1","4cpu-i7",0.45,"SMA",4,2.65
"pc1","4cpu-i7",0.45,"SMA",2,2.56
"pc1","4cpu-i7",0.45,"SMA",1,2.58
"pc1","4cpu-i7",0.45,"SMA",4,2.66
"pc1","4cpu-i7",0.45,"SMA",3,2.67
"pc1","4cpu-i7",0.45,"SMA",1,2.5
"pc1","4cpu-i7",0.45,"SMA",2,2.5
"pc1","4cpu-i7",0.45,"SMA",4,2.65
"pc1","4cpu-i7",0.45,"SMA",3,2.68
"pc1","4cpu-i7",0.45,"SMA",2,2.57
"pc1","4cpu-i7",0.45,"SMA",1,2.58
"pc1","4cpu-i7",0.45,"SMA",4,2.66
"pc1","4cpu-i7",0.45,"SMA",3,2.66
"pc1","4cpu-i7",0.45,"SMA",1,2.58
"pc1","4cpu-i7",0.45,"SMA",2,2.67
"pc1","4cpu-i7",0.45,"SMA",4,2.67
"pc1","4cpu-i7",0.45,"SMA",3,2.75
"pc1","4cpu-i7",0.45,"SMA",2,2.51
"pc1","4cpu-i7",0.45,"SMA",4,2.5
"pc1","4cpu-i7",0.45,"SMA",1,2.53
"pc1","4cpu-i7",0.45,"SMA",3,2.6
"pc1","4cpu-i7",0.45,"SMA",2,2.57
"pc1","4cpu-i7",0.45,"SMA",3,2.65
"pc1","4cpu-i7",0.45,"SMA",1,2.68
"pc1","4cpu-i7",0.45,"SMA",4,2.67
"pc1","4cpu-i7",0.45,"SMA",2,2.55
"pc1","4cpu-i7",0.45,"SMA",4,2.56
"pc1","4cpu-i7",0.45,"SMA",1,2.66
"pc1","4cpu-i7",0.45,"SMA",3,2.66
"pc1","4cpu-i7",0.45,"SMA",2,2.68
"pc1","4cpu-i7",0.45,"SMA",3,2.7
"pc1","4cpu-i7",0.45,"SMA",1,2.7
"pc1","4cpu-i7",0.45,"SMA",4,2.71
"pc1","4cpu-i7",0.45,"SMA",3,2.49
"pc1","4cpu-i7",0.45,"SMA",4,2.5
"pc1","4cpu-i7",0.45,"SMA",1,2.6
"pc1","4cpu-i7",0.45,"SMA",2,2.59
"pc1","4cpu-i7",0.45,"SMA",4,2.59
"pc1","4cpu-i7",0.45,"SMA",3,2.59
"pc1","4cpu-i7",0.45,"SMA",1,2.66
"pc1","4cpu-i7",0.45,"SMA",2,2.67
"pc1","4cpu-i7",0.45,"SMA",4,2.48
"pc1","4cpu-i7",0.45,"SMA",1,2.59
"pc1","4cpu-i7",0.45,"SMA",2,2.59
"pc1","4cpu-i7",0.45,"SMA",3,2.6
"pc1","4cpu-i7",0.45,"SMA",4,2.56
"pc1","4cpu-i7",0.45,"SMA",1,2.65
"pc1","4cpu-i7",0.45,"SMA",3,2.65
"pc1","4cpu-i7",0.45,"SMA",2,2.67
"pc1","4cpu-i7",0.45,"SMA",1,2.56
"pc1","4cpu-i7",0.45,"SMA",4,2.56
"pc1","4cpu-i7",0.45,"SMA",3,2.63
"pc1","4cpu-i7",0.45,"SMA",2,2.66
"pc1","4cpu-i7",0.45,"SMA",4,2.55
"pc1","4cpu-i7",0.45,"SMA",3,2.59
"pc1","4cpu-i7",0.45,"SMA",1,2.58
"pc1","4cpu-i7",0.45,"SMA",2,2.59
"pc1","4cpu-i7",0.45,"SMA",2,2.64
"pc1","4cpu-i7",0.45,"SMA",1,2.65
"pc1","4cpu-i7",0.45,"SMA",4,2.63
"pc1","4cpu-i7",0.45,"SMA",3,2.7
"pc1","4cpu-i7",0.55,"SMA",2,2.29
"pc1","4cpu-i7",0.55,"SMA",1,2.29
"pc1","4cpu-i7",0.55,"SMA",4,2.29
"pc1","4cpu-i7",0.55,"SMA",3,2.31
"pc1","4cpu-i7",0.55,"SMA",1,2.27
"pc1","4cpu-i7",0.55,"SMA",4,2.27
"pc1","4cpu-i7",0.55,"SMA",3,2.37
"pc1","4cpu-i7",0.55,"SMA",2,2.37
"pc1","4cpu-i7",0.55,"SMA",3,2.05
"pc1","4cpu-i7",0.55,"SMA",2,2.05
"pc1","4cpu-i7",0.55,"SMA",1,2.08
"pc1","4cpu-i7",0.55,"SMA",4,2.12
"pc1","4cpu-i7",0.55,"SMA",3,1.99
"pc1","4cpu-i7",0.55,"SMA",4,1.99
"pc1","4cpu-i7",0.55,"SMA",1,2.08
"pc1","4cpu-i7",0.55,"SMA",2,2.09
"pc1","4cpu-i7",0.55,"SMA",3,2.06
"pc1","4cpu-i7",0.55,"SMA",2,2.06
"pc1","4cpu-i7",0.55,"SMA",1,2.17
"pc1","4cpu-i7",0.55,"SMA",4,2.15
"pc1","4cpu-i7",0.55,"SMA",2,2.07
"pc1","4cpu-i7",0.55,"SMA",1,2.07
"pc1","4cpu-i7",0.55,"SMA",3,2.17
"pc1","4cpu-i7",0.55,"SMA",4,2.16
"pc1","4cpu-i7",0.55,"SMA",1,2.06
"pc1","4cpu-i7",0.55,"SMA",4,2.07
"pc1","4cpu-i7",0.55,"SMA",3,2.07
"pc1","4cpu-i7",0.55,"SMA",2,2.09
"pc1","4cpu-i7",0.55,"SMA",4,2.06
"pc1","4cpu-i7",0.55,"SMA",3,2.06
"pc1","4cpu-i7",0.55,"SMA",1,2.12
"pc1","4cpu-i7",0.55,"SMA",2,2.12
"pc1","4cpu-i7",0.55,"SMA",2,2.01
"pc1","4cpu-i7",0.55,"SMA",3,2.07
"pc1","4cpu-i7",0.55,"SMA",1,2.09
"pc1","4cpu-i7",0.55,"SMA",4,2.07
"pc1","4cpu-i7",0.55,"SMA",4,1.99
"pc1","4cpu-i7",0.55,"SMA",2,2.01
"pc1","4cpu-i7",0.55,"SMA",1,2.07
"pc1","4cpu-i7",0.55,"SMA",3,2.07
"pc1","4cpu-i7",0.55,"SMA",1,2.06
"pc1","4cpu-i7",0.55,"SMA",4,2.06
"pc1","4cpu-i7",0.55,"SMA",2,2.1
"pc1","4cpu-i7",0.55,"SMA",3,2.14
"pc1","4cpu-i7",0.55,"SMA",2,2.01
"pc1","4cpu-i7",0.55,"SMA",4,1.99
"pc1","4cpu-i7",0.55,"SMA",1,2.1
"pc1","4cpu-i7",0.55,"SMA",3,2.1
"pc1","4cpu-i7",0.55,"SMA",2,2.05
"pc1","4cpu-i7",0.55,"SMA",4,2.05
"pc1","4cpu-i7",0.55,"SMA",1,2.07
"pc1","4cpu-i7",0.55,"SMA",3,2.07
"pc1","4cpu-i7",0.55,"SMA",1,2.01
"pc1","4cpu-i7",0.55,"SMA",2,2.01
"pc1","4cpu-i7",0.55,"SMA",3,2.06
"pc1","4cpu-i7",0.55,"SMA",4,2.07
"pc1","4cpu-i7",0.55,"SMA",4,2.07
"pc1","4cpu-i7",0.55,"SMA",1,2.09
"pc1","4cpu-i7",0.55,"SMA",3,2.09
"pc1","4cpu-i7",0.55,"SMA",2,2.15
"pc1","4cpu-i7",0.55,"SMA",3,2.06
"pc1","4cpu-i7",0.55,"SMA",1,2.1
"pc1","4cpu-i7",0.55,"SMA",2,2.08
"pc1","4cpu-i7",0.55,"SMA",4,2.08
"pc1","4cpu-i7",0.55,"SMA",2,2.06
"pc1","4cpu-i7",0.55,"SMA",1,2.07
"pc1","4cpu-i7",0.55,"SMA",4,2.07
"pc1","4cpu-i7",0.55,"SMA",3,2.14
"pc1","4cpu-i7",0.55,"SMA",1,1.99
"pc1","4cpu-i7",0.55,"SMA",3,2.05
"pc1","4cpu-i7",0.55,"SMA",4,2.07
"pc1","4cpu-i7",0.55,"SMA",2,2.09
"pc1","4cpu-i7",0.55,"SMA",1,1.96
"pc1","4cpu-i7",0.55,"SMA",3,2.04
"pc1","4cpu-i7",0.55,"SMA",2,2.05
"pc1","4cpu-i7",0.55,"SMA",4,2.05
"pc1","4cpu-i7",0.55,"SMA",1,2.05
"pc1","4cpu-i7",0.55,"SMA",3,2.07
"pc1","4cpu-i7",0.55,"SMA",2,2.14
"pc1","4cpu-i7",0.55,"SMA",4,2.13
"pc1","4cpu-i7",0.55,"SMA",1,1.97
"pc1","4cpu-i7",0.55,"SMA",4,2.05
"pc1","4cpu-i7",0.55,"SMA",2,2.08
"pc1","4cpu-i7",0.55,"SMA",3,2.08
"pc1","4cpu-i7",0.55,"SMA",4,2.05
"pc1","4cpu-i7",0.55,"SMA",3,2.09
"pc1","4cpu-i7",0.55,"SMA",1,2.09
"pc1","4cpu-i7",0.55,"SMA",2,2.09
"pc1","4cpu-i7",0.55,"SMA",1,2.14
"pc1","4cpu-i7",0.55,"SMA",2,2.12
"pc1","4cpu-i7",0.55,"SMA",3,2.17
"pc1","4cpu-i7",0.55,"SMA",4,2.17
"pc1","4cpu-i7",0.55,"SMA",4,2.13
"pc1","4cpu-i7",0.55,"SMA",3,2.13
"pc1","4cpu-i7",0.55,"SMA",2,2.16
"pc1","4cpu-i7",0.55,"SMA",1,2.16
"pc1","4cpu-i7",0.55,"SMA",4,1.99
"pc1","4cpu-i7",0.55,"SMA",3,2.01
"pc1","4cpu-i7",0.55,"SMA",1,2.14
"pc1","4cpu-i7",0.55,"SMA",2,2.13
"pc1","4cpu-i7",0.55,"SMA",4,1.98
"pc1","4cpu-i7",0.55,"SMA",2,2.07
"pc1","4cpu-i7",0.55,"SMA",1,2.08
"pc1","4cpu-i7",0.55,"SMA",3,2.08
"pc1","4cpu-i7",0.55,"SMA",1,2.08
"pc1","4cpu-i7",0.55,"SMA",2,2.08
"pc1","4cpu-i7",0.55,"SMA",3,2.14
"pc1","4cpu-i7",0.55,"SMA",4,2.15
"pc1","4cpu-i7",0.55,"SMA",3,2.02
"pc1","4cpu-i7",0.55,"SMA",4,2.08
"pc1","4cpu-i7",0.55,"SMA",1,2.14
"pc1","4cpu-i7",0.55,"SMA",2,2.13
"pc1","4cpu-i7",0.55,"SMA",2,2.05
"pc1","4cpu-i7",0.55,"SMA",1,2.07
"pc1","4cpu-i7",0.55,"SMA",3,2.13
"pc1","4cpu-i7",0.55,"SMA",4,2.14
"pc1","4cpu-i7",0.55,"SMA",3,2.06
"pc1","4cpu-i7",0.55,"SMA",4,2.07
"pc1","4cpu-i7",0.55,"SMA",2,2.1
"pc1","4cpu-i7",0.55,"SMA",1,2.15
"pc1","4cpu-i7",0.65,"SMA",4,1.88
"pc1","4cpu-i7",0.65,"SMA",3,1.96
"pc1","4cpu-i7",0.65,"SMA",1,1.96
"pc1","4cpu-i7",0.65,"SMA",2,1.96
"pc1","4cpu-i7",0.65,"SMA",1,1.93
"pc1","4cpu-i7",0.65,"SMA",2,1.97
"pc1","4cpu-i7",0.65,"SMA",3,1.97
"pc1","4cpu-i7",0.65,"SMA",4,1.97
"pc1","4cpu-i7",0.65,"SMA",1,1.69
"pc1","4cpu-i7",0.65,"SMA",4,1.71
"pc1","4cpu-i7",0.65,"SMA",2,1.7
"pc1","4cpu-i7",0.65,"SMA",3,1.7
"pc1","4cpu-i7",0.65,"SMA",3,1.68
"pc1","4cpu-i7",0.65,"SMA",1,1.73
"pc1","4cpu-i7",0.65,"SMA",2,1.75
"pc1","4cpu-i7",0.65,"SMA",4,1.75
"pc1","4cpu-i7",0.65,"SMA",4,1.77
"pc1","4cpu-i7",0.65,"SMA",3,1.78
"pc1","4cpu-i7",0.65,"SMA",1,1.78
"pc1","4cpu-i7",0.65,"SMA",2,1.78
"pc1","4cpu-i7",0.65,"SMA",2,1.68
"pc1","4cpu-i7",0.65,"SMA",4,1.68
"pc1","4cpu-i7",0.65,"SMA",1,1.74
"pc1","4cpu-i7",0.65,"SMA",3,1.74
"pc1","4cpu-i7",0.65,"SMA",3,1.72
"pc1","4cpu-i7",0.65,"SMA",1,1.72
"pc1","4cpu-i7",0.65,"SMA",4,1.75
"pc1","4cpu-i7",0.65,"SMA",2,1.77
"pc1","4cpu-i7",0.65,"SMA",3,1.68
"pc1","4cpu-i7",0.65,"SMA",4,1.68
"pc1","4cpu-i7",0.65,"SMA",1,1.68
"pc1","4cpu-i7",0.65,"SMA",2,1.71
"pc1","4cpu-i7",0.65,"SMA",2,1.69
"pc1","4cpu-i7",0.65,"SMA",4,1.73
"pc1","4cpu-i7",0.65,"SMA",1,1.75
"pc1","4cpu-i7",0.65,"SMA",3,1.75
"pc1","4cpu-i7",0.65,"SMA",3,1.68
"pc1","4cpu-i7",0.65,"SMA",4,1.68
"pc1","4cpu-i7",0.65,"SMA",1,1.71
"pc1","4cpu-i7",0.65,"SMA",2,1.7
"pc1","4cpu-i7",0.65,"SMA",4,1.65
"pc1","4cpu-i7",0.65,"SMA",2,1.71
"pc1","4cpu-i7",0.65,"SMA",1,1.74
"pc1","4cpu-i7",0.65,"SMA",3,1.74
"pc1","4cpu-i7",0.65,"SMA",1,1.73
"pc1","4cpu-i7",0.65,"SMA",2,1.73
"pc1","4cpu-i7",0.65,"SMA",4,1.75
"pc1","4cpu-i7",0.65,"SMA",3,1.75
"pc1","4cpu-i7",0.65,"SMA",4,1.75
"pc1","4cpu-i7",0.65,"SMA",3,1.75
"pc1","4cpu-i7",0.65,"SMA",2,1.75
"pc1","4cpu-i7",0.65,"SMA",1,1.77
"pc1","4cpu-i7",0.65,"SMA",2,1.72
"pc1","4cpu-i7",0.65,"SMA",3,1.72
"pc1","4cpu-i7",0.65,"SMA",1,1.76
"pc1","4cpu-i7",0.65,"SMA",4,1.73
"pc1","4cpu-i7",0.65,"SMA",2,1.74
"pc1","4cpu-i7",0.65,"SMA",1,1.75
"pc1","4cpu-i7",0.65,"SMA",4,1.74
"pc1","4cpu-i7",0.65,"SMA",3,1.77
"pc1","4cpu-i7",0.65,"SMA",1,1.71
"pc1","4cpu-i7",0.65,"SMA",4,1.74
"pc1","4cpu-i7",0.65,"SMA",2,1.76
"pc1","4cpu-i7",0.65,"SMA",3,1.76
"pc1","4cpu-i7",0.65,"SMA",1,1.69
"pc1","4cpu-i7",0.65,"SMA",2,1.72
"pc1","4cpu-i7",0.65,"SMA",4,1.74
"pc1","4cpu-i7",0.65,"SMA",3,1.77
"pc1","4cpu-i7",0.65,"SMA",1,1.7
"pc1","4cpu-i7",0.65,"SMA",2,1.7
"pc1","4cpu-i7",0.65,"SMA",3,1.77
"pc1","4cpu-i7",0.65,"SMA",4,1.77
"pc1","4cpu-i7",0.65,"SMA",3,1.74
"pc1","4cpu-i7",0.65,"SMA",1,1.77
"pc1","4cpu-i7",0.65,"SMA",2,1.77
"pc1","4cpu-i7",0.65,"SMA",4,1.77
"pc1","4cpu-i7",0.65,"SMA",1,1.78
"pc1","4cpu-i7",0.65,"SMA",2,1.78
"pc1","4cpu-i7",0.65,"SMA",3,1.78
"pc1","4cpu-i7",0.65,"SMA",4,1.78
"pc1","4cpu-i7",0.65,"SMA",1,1.75
"pc1","4cpu-i7",0.65,"SMA",3,1.73
"pc1","4cpu-i7",0.65,"SMA",2,1.76
"pc1","4cpu-i7",0.65,"SMA",4,1.76
"pc1","4cpu-i7",0.65,"SMA",2,1.74
"pc1","4cpu-i7",0.65,"SMA",3,1.75
"pc1","4cpu-i7",0.65,"SMA",4,1.75
"pc1","4cpu-i7",0.65,"SMA",1,1.78
"pc1","4cpu-i7",0.65,"SMA",3,1.77
"pc1","4cpu-i7",0.65,"SMA",1,1.77
"pc1","4cpu-i7",0.65,"SMA",4,1.77
"pc1","4cpu-i7",0.65,"SMA",2,1.77
"pc1","4cpu-i7",0.65,"SMA",1,1.72
"pc1","4cpu-i7",0.65,"SMA",2,1.72
"pc1","4cpu-i7",0.65,"SMA",4,1.76
"pc1","4cpu-i7",0.65,"SMA",3,1.79
"pc1","4cpu-i7",0.65,"SMA",1,1.77
"pc1","4cpu-i7",0.65,"SMA",4,1.76
"pc1","4cpu-i7",0.65,"SMA",2,1.76
"pc1","4cpu-i7",0.65,"SMA",3,1.77
"pc1","4cpu-i7",0.65,"SMA",1,1.76
"pc1","4cpu-i7",0.65,"SMA",4,1.77
"pc1","4cpu-i7",0.65,"SMA",2,1.77
"pc1","4cpu-i7",0.65,"SMA",3,1.78
"pc1","4cpu-i7",0.65,"SMA",4,1.74
"pc1","4cpu-i7",0.65,"SMA",3,1.78
"pc1","4cpu-i7",0.65,"SMA",1,1.77
"pc1","4cpu-i7",0.65,"SMA",2,1.78
"pc1","4cpu-i7",0.65,"SMA",3,1.7
"pc1","4cpu-i7",0.65,"SMA",1,1.72
"pc1","4cpu-i7",0.65,"SMA",4,1.72
"pc1","4cpu-i7",0.65,"SMA",2,1.8
"pc1","4cpu-i7",0.65,"SMA",2,1.77
"pc1","4cpu-i7",0.65,"SMA",1,1.77
"pc1","4cpu-i7",0.65,"SMA",3,1.76
"pc1","4cpu-i7",0.65,"SMA",4,1.75
"pc1","4cpu-i7",0.65,"SMA",2,1.74
"pc1","4cpu-i7",0.65,"SMA",1,1.76
"pc1","4cpu-i7",0.65,"SMA",3,1.77
"pc1","4cpu-i7",0.65,"SMA",4,1.75
"pc1","4cpu-i7",0.75,"SMA",4,1.61
"pc1","4cpu-i7",0.75,"SMA",2,5.04
"pc1","4cpu-i7",0.75,"SMA",3,1.68
"pc1","4cpu-i7",0.75,"SMA",1,1.68
"pc1","4cpu-i7",0.75,"SMA",1,1.66
"pc1","4cpu-i7",0.75,"SMA",2,1.65
"pc1","4cpu-i7",0.75,"SMA",3,1.69
"pc1","4cpu-i7",0.75,"SMA",4,1.69
"pc1","4cpu-i7",0.75,"SMA",1,1.44
"pc1","4cpu-i7",0.75,"SMA",2,1.46
"pc1","4cpu-i7",0.75,"SMA",4,1.49
"pc1","4cpu-i7",0.75,"SMA",3,1.5
"pc1","4cpu-i7",0.75,"SMA",2,1.45
"pc1","4cpu-i7",0.75,"SMA",3,1.45
"pc1","4cpu-i7",0.75,"SMA",1,1.53
"pc1","4cpu-i7",0.75,"SMA",4,1.52
"pc1","4cpu-i7",0.75,"SMA",2,1.42
"pc1","4cpu-i7",0.75,"SMA",4,1.42
"pc1","4cpu-i7",0.75,"SMA",1,1.51
"pc1","4cpu-i7",0.75,"SMA",3,1.44
"pc1","4cpu-i7",0.75,"SMA",1,1.46
"pc1","4cpu-i7",0.75,"SMA",4,1.44
"pc1","4cpu-i7",0.75,"SMA",2,1.47
"pc1","4cpu-i7",0.75,"SMA",3,1.48
"pc1","4cpu-i7",0.75,"SMA",3,1.45
"pc1","4cpu-i7",0.75,"SMA",2,1.47
"pc1","4cpu-i7",0.75,"SMA",4,1.5
"pc1","4cpu-i7",0.75,"SMA",1,1.53
"pc1","4cpu-i7",0.75,"SMA",3,1.51
"pc1","4cpu-i7",0.75,"SMA",4,1.51
"pc1","4cpu-i7",0.75,"SMA",1,1.51
"pc1","4cpu-i7",0.75,"SMA",2,1.51
"pc1","4cpu-i7",0.75,"SMA",4,1.42
"pc1","4cpu-i7",0.75,"SMA",3,1.46
"pc1","4cpu-i7",0.75,"SMA",1,1.5
"pc1","4cpu-i7",0.75,"SMA",2,1.49
"pc1","4cpu-i7",0.75,"SMA",3,1.45
"pc1","4cpu-i7",0.75,"SMA",4,1.46
"pc1","4cpu-i7",0.75,"SMA",1,1.49
"pc1","4cpu-i7",0.75,"SMA",2,1.49
"pc1","4cpu-i7",0.75,"SMA",2,1.47
"pc1","4cpu-i7",0.75,"SMA",3,1.48
"pc1","4cpu-i7",0.75,"SMA",1,1.5
"pc1","4cpu-i7",0.75,"SMA",4,1.49
"pc1","4cpu-i7",0.75,"SMA",2,1.45
"pc1","4cpu-i7",0.75,"SMA",1,1.48
"pc1","4cpu-i7",0.75,"SMA",4,1.48
"pc1","4cpu-i7",0.75,"SMA",3,1.5
"pc1","4cpu-i7",0.75,"SMA",1,1.43
"pc1","4cpu-i7",0.75,"SMA",2,1.43
"pc1","4cpu-i7",0.75,"SMA",3,1.48
"pc1","4cpu-i7",0.75,"SMA",4,1.5
"pc1","4cpu-i7",0.75,"SMA",1,1.47
"pc1","4cpu-i7",0.75,"SMA",3,1.47
"pc1","4cpu-i7",0.75,"SMA",2,1.49
"pc1","4cpu-i7",0.75,"SMA",4,1.53
"pc1","4cpu-i7",0.75,"SMA",1,1.46
"pc1","4cpu-i7",0.75,"SMA",2,1.49
"pc1","4cpu-i7",0.75,"SMA",4,1.52
"pc1","4cpu-i7",0.75,"SMA",3,1.56
"pc1","4cpu-i7",0.75,"SMA",2,1.47
"pc1","4cpu-i7",0.75,"SMA",1,1.51
"pc1","4cpu-i7",0.75,"SMA",4,1.51
"pc1","4cpu-i7",0.75,"SMA",3,1.5
"pc1","4cpu-i7",0.75,"SMA",2,1.46
"pc1","4cpu-i7",0.75,"SMA",4,1.47
"pc1","4cpu-i7",0.75,"SMA",1,1.49
"pc1","4cpu-i7",0.75,"SMA",3,1.53
"pc1","4cpu-i7",0.75,"SMA",1,1.48
"pc1","4cpu-i7",0.75,"SMA",2,1.46
"pc1","4cpu-i7",0.75,"SMA",3,1.46
"pc1","4cpu-i7",0.75,"SMA",4,1.51
"pc1","4cpu-i7",0.75,"SMA",1,1.44
"pc1","4cpu-i7",0.75,"SMA",2,1.49
"pc1","4cpu-i7",0.75,"SMA",4,1.5
"pc1","4cpu-i7",0.75,"SMA",3,1.52
"pc1","4cpu-i7",0.75,"SMA",3,1.45
"pc1","4cpu-i7",0.75,"SMA",4,1.46
"pc1","4cpu-i7",0.75,"SMA",1,1.53
"pc1","4cpu-i7",0.75,"SMA",2,1.53
"pc1","4cpu-i7",0.75,"SMA",1,1.47
"pc1","4cpu-i7",0.75,"SMA",3,1.49
"pc1","4cpu-i7",0.75,"SMA",4,1.49
"pc1","4cpu-i7",0.75,"SMA",2,1.52
"pc1","4cpu-i7",0.75,"SMA",4,1.46
"pc1","4cpu-i7",0.75,"SMA",3,1.46
"pc1","4cpu-i7",0.75,"SMA",2,1.54
"pc1","4cpu-i7",0.75,"SMA",1,1.54
"pc1","4cpu-i7",0.75,"SMA",3,1.48
"pc1","4cpu-i7",0.75,"SMA",2,1.52
"pc1","4cpu-i7",0.75,"SMA",4,1.51
"pc1","4cpu-i7",0.75,"SMA",1,1.55
"pc1","4cpu-i7",0.75,"SMA",1,1.48
"pc1","4cpu-i7",0.75,"SMA",2,1.5
"pc1","4cpu-i7",0.75,"SMA",3,1.51
"pc1","4cpu-i7",0.75,"SMA",4,1.51
"pc1","4cpu-i7",0.75,"SMA",3,1.5
"pc1","4cpu-i7",0.75,"SMA",1,1.5
"pc1","4cpu-i7",0.75,"SMA",4,1.5
"pc1","4cpu-i7",0.75,"SMA",2,1.53
"pc1","4cpu-i7",0.75,"SMA",4,1.47
"pc1","4cpu-i7",0.75,"SMA",2,1.51
"pc1","4cpu-i7",0.75,"SMA",3,1.54
"pc1","4cpu-i7",0.75,"SMA",1,1.56
"pc1","4cpu-i7",0.75,"SMA",3,1.47
"pc1","4cpu-i7",0.75,"SMA",4,1.47
"pc1","4cpu-i7",0.75,"SMA",1,1.51
"pc1","4cpu-i7",0.75,"SMA",2,1.51
"pc1","4cpu-i7",0.75,"SMA",3,1.48
"pc1","4cpu-i7",0.75,"SMA",2,1.49
"pc1","4cpu-i7",0.75,"SMA",1,1.55
"pc1","4cpu-i7",0.75,"SMA",4,1.54
"pc1","4cpu-i7",0.75,"SMA",2,1.47
"pc1","4cpu-i7",0.75,"SMA",3,1.48
"pc1","4cpu-i7",0.75,"SMA",4,1.52
"pc1","4cpu-i7",0.75,"SMA",1,1.52
"pc1","4cpu-i7",0.75,"SMA",4,1.48
"pc1","4cpu-i7",0.75,"SMA",1,1.48
"pc1","4cpu-i7",0.75,"SMA",3,1.5
"pc1","4cpu-i7",0.75,"SMA",2,1.53
"pc1","4cpu-i7",0.85,"SMA",3,1.44
"pc1","4cpu-i7",0.85,"SMA",4,1.44
"pc1","4cpu-i7",0.85,"SMA",2,1.51
"pc1","4cpu-i7",0.85,"SMA",1,1.54
"pc1","4cpu-i7",0.85,"SMA",4,1.47
"pc1","4cpu-i7",0.85,"SMA",3,1.5
"pc1","4cpu-i7",0.85,"SMA",2,1.54
"pc1","4cpu-i7",0.85,"SMA",1,1.55
"pc1","4cpu-i7",0.85,"SMA",1,1.3
"pc1","4cpu-i7",0.85,"SMA",2,1.3
"pc1","4cpu-i7",0.85,"SMA",3,1.34
"pc1","4cpu-i7",0.85,"SMA",4,1.35
"pc1","4cpu-i7",0.85,"SMA",2,1.31
"pc1","4cpu-i7",0.85,"SMA",1,1.31
"pc1","4cpu-i7",0.85,"SMA",3,1.31
"pc1","4cpu-i7",0.85,"SMA",4,1.31
"pc1","4cpu-i7",0.85,"SMA",2,1.32
"pc1","4cpu-i7",0.85,"SMA",1,1.32
"pc1","4cpu-i7",0.85,"SMA",4,3.47
"pc1","4cpu-i7",0.85,"SMA",3,3.47
"pc1","4cpu-i7",0.85,"SMA",2,1.28
"pc1","4cpu-i7",0.85,"SMA",4,1.29
"pc1","4cpu-i7",0.85,"SMA",3,1.32
"pc1","4cpu-i7",0.85,"SMA",1,1.32
"pc1","4cpu-i7",0.85,"SMA",1,1.31
"pc1","4cpu-i7",0.85,"SMA",3,1.31
"pc1","4cpu-i7",0.85,"SMA",2,1.35
"pc1","4cpu-i7",0.85,"SMA",4,1.34
"pc1","4cpu-i7",0.85,"SMA",1,1.3
"pc1","4cpu-i7",0.85,"SMA",3,1.31
"pc1","4cpu-i7",0.85,"SMA",2,1.32
"pc1","4cpu-i7",0.85,"SMA",4,1.33
"pc1","4cpu-i7",0.85,"SMA",2,1.32
"pc1","4cpu-i7",0.85,"SMA",4,1.31
"pc1","4cpu-i7",0.85,"SMA",1,1.31
"pc1","4cpu-i7",0.85,"SMA",3,1.33
"pc1","4cpu-i7",0.85,"SMA",2,1.27
"pc1","4cpu-i7",0.85,"SMA",3,1.27
"pc1","4cpu-i7",0.85,"SMA",1,1.31
"pc1","4cpu-i7",0.85,"SMA",4,1.31
"pc1","4cpu-i7",0.85,"SMA",2,1.31
"pc1","4cpu-i7",0.85,"SMA",1,1.33
"pc1","4cpu-i7",0.85,"SMA",4,1.33
"pc1","4cpu-i7",0.85,"SMA",3,1.36
"pc1","4cpu-i7",0.85,"SMA",4,1.29
"pc1","4cpu-i7",0.85,"SMA",3,1.3
"pc1","4cpu-i7",0.85,"SMA",2,1.33
"pc1","4cpu-i7",0.85,"SMA",1,1.36
"pc1","4cpu-i7",0.85,"SMA",4,1.3
"pc1","4cpu-i7",0.85,"SMA",3,1.33
"pc1","4cpu-i7",0.85,"SMA",1,1.35
"pc1","4cpu-i7",0.85,"SMA",2,1.35
"pc1","4cpu-i7",0.85,"SMA",2,1.3
"pc1","4cpu-i7",0.85,"SMA",3,1.33
"pc1","4cpu-i7",0.85,"SMA",4,1.36
"pc1","4cpu-i7",0.85,"SMA",1,1.36
"pc1","4cpu-i7",0.85,"SMA",1,1.29
"pc1","4cpu-i7",0.85,"SMA",2,1.3
"pc1","4cpu-i7",0.85,"SMA",3,1.37
"pc1","4cpu-i7",0.85,"SMA",4,1.37
"pc1","4cpu-i7",0.85,"SMA",2,1.31
"pc1","4cpu-i7",0.85,"SMA",1,1.34
"pc1","4cpu-i7",0.85,"SMA",3,1.34
"pc1","4cpu-i7",0.85,"SMA",4,1.33
"pc1","4cpu-i7",0.85,"SMA",2,1.27
"pc1","4cpu-i7",0.85,"SMA",4,1.31
"pc1","4cpu-i7",0.85,"SMA",1,1.34
"pc1","4cpu-i7",0.85,"SMA",3,1.35
"pc1","4cpu-i7",0.85,"SMA",1,1.34
"pc1","4cpu-i7",0.85,"SMA",4,1.33
"pc1","4cpu-i7",0.85,"SMA",3,1.33
"pc1","4cpu-i7",0.85,"SMA",2,1.33
"pc1","4cpu-i7",0.85,"SMA",2,1.32
"pc1","4cpu-i7",0.85,"SMA",1,1.34
"pc1","4cpu-i7",0.85,"SMA",4,1.33
"pc1","4cpu-i7",0.85,"SMA",3,1.36
"pc1","4cpu-i7",0.85,"SMA",2,1.33
"pc1","4cpu-i7",0.85,"SMA",3,1.35
"pc1","4cpu-i7",0.85,"SMA",4,1.35
"pc1","4cpu-i7",0.85,"SMA",1,1.34
"pc1","4cpu-i7",0.85,"SMA",1,1.34
"pc1","4cpu-i7",0.85,"SMA",3,1.33
"pc1","4cpu-i7",0.85,"SMA",2,1.38
"pc1","4cpu-i7",0.85,"SMA",4,1.36
"pc1","4cpu-i7",0.85,"SMA",2,1.34
"pc1","4cpu-i7",0.85,"SMA",4,1.34
"pc1","4cpu-i7",0.85,"SMA",1,1.38
"pc1","4cpu-i7",0.85,"SMA",3,1.38
"pc1","4cpu-i7",0.85,"SMA",3,1.35
"pc1","4cpu-i7",0.85,"SMA",1,1.35
"pc1","4cpu-i7",0.85,"SMA",2,1.35
"pc1","4cpu-i7",0.85,"SMA",4,1.35
"pc1","4cpu-i7",0.85,"SMA",3,1.31
"pc1","4cpu-i7",0.85,"SMA",4,1.31
"pc1","4cpu-i7",0.85,"SMA",1,1.36
"pc1","4cpu-i7",0.85,"SMA",2,1.36
"pc1","4cpu-i7",0.85,"SMA",4,1.32
"pc1","4cpu-i7",0.85,"SMA",2,1.34
"pc1","4cpu-i7",0.85,"SMA",1,1.38
"pc1","4cpu-i7",0.85,"SMA",3,1.37
"pc1","4cpu-i7",0.85,"SMA",4,1.31
"pc1","4cpu-i7",0.85,"SMA",3,1.32
"pc1","4cpu-i7",0.85,"SMA",1,1.38
"pc1","4cpu-i7",0.85,"SMA",2,1.38
"pc1","4cpu-i7",0.85,"SMA",4,1.3
"pc1","4cpu-i7",0.85,"SMA",3,1.33
"pc1","4cpu-i7",0.85,"SMA",2,1.35
"pc1","4cpu-i7",0.85,"SMA",1,1.36
"pc1","4cpu-i7",0.85,"SMA",2,1.32
"pc1","4cpu-i7",0.85,"SMA",4,1.33
"pc1","4cpu-i7",0.85,"SMA",3,1.35
"pc1","4cpu-i7",0.85,"SMA",1,1.37
"pc1","4cpu-i7",0.85,"SMA",2,1.3
"pc1","4cpu-i7",0.85,"SMA",3,1.3
"pc1","4cpu-i7",0.85,"SMA",4,1.34
"pc1","4cpu-i7",0.85,"SMA",1,1.38
"pc1","4cpu-i7",0.85,"SMA",3,1.34
"pc1","4cpu-i7",0.85,"SMA",4,1.34
"pc1","4cpu-i7",0.85,"SMA",2,1.37
"pc1","4cpu-i7",0.85,"SMA",1,1.38
"pc1","4cpu-i7",0.95,"SMA",1,1.31
"pc1","4cpu-i7",0.95,"SMA",2,1.31
"pc1","4cpu-i7",0.95,"SMA",3,1.31
"pc1","4cpu-i7",0.95,"SMA",4,1.32
"pc1","4cpu-i7",0.95,"SMA",4,1.26
"pc1","4cpu-i7",0.95,"SMA",1,1.29
"pc1","4cpu-i7",0.95,"SMA",2,1.34
"pc1","4cpu-i7",0.95,"SMA",3,1.33
"pc1","4cpu-i7",0.95,"SMA",2,1.14
"pc1","4cpu-i7",0.95,"SMA",3,1.14
"pc1","4cpu-i7",0.95,"SMA",1,1.18
"pc1","4cpu-i7",0.95,"SMA",4,1.17
"pc1","4cpu-i7",0.95,"SMA",3,1.12
"pc1","4cpu-i7",0.95,"SMA",1,1.14
"pc1","4cpu-i7",0.95,"SMA",2,1.17
"pc1","4cpu-i7",0.95,"SMA",4,1.16
"pc1","4cpu-i7",0.95,"SMA",1,1.15
"pc1","4cpu-i7",0.95,"SMA",3,1.15
"pc1","4cpu-i7",0.95,"SMA",2,1.16
"pc1","4cpu-i7",0.95,"SMA",4,1.17
"pc1","4cpu-i7",0.95,"SMA",1,1.13
"pc1","4cpu-i7",0.95,"SMA",2,1.13
"pc1","4cpu-i7",0.95,"SMA",4,1.16
"pc1","4cpu-i7",0.95,"SMA",3,1.16
"pc1","4cpu-i7",0.95,"SMA",1,1.13
"pc1","4cpu-i7",0.95,"SMA",2,1.14
"pc1","4cpu-i7",0.95,"SMA",4,1.16
"pc1","4cpu-i7",0.95,"SMA",3,1.16
"pc1","4cpu-i7",0.95,"SMA",3,1.15
"pc1","4cpu-i7",0.95,"SMA",2,1.15
"pc1","4cpu-i7",0.95,"SMA",1,1.18
"pc1","4cpu-i7",0.95,"SMA",4,1.18
"pc1","4cpu-i7",0.95,"SMA",1,1.17
"pc1","4cpu-i7",0.95,"SMA",3,1.15
"pc1","4cpu-i7",0.95,"SMA",4,1.15
"pc1","4cpu-i7",0.95,"SMA",2,1.15
"pc1","4cpu-i7",0.95,"SMA",2,1.14
"pc1","4cpu-i7",0.95,"SMA",3,1.15
"pc1","4cpu-i7",0.95,"SMA",1,1.2
"pc1","4cpu-i7",0.95,"SMA",4,1.16
"pc1","4cpu-i7",0.95,"SMA",1,1.14
"pc1","4cpu-i7",0.95,"SMA",4,1.14
"pc1","4cpu-i7",0.95,"SMA",2,1.16
"pc1","4cpu-i7",0.95,"SMA",3,1.16
"pc1","4cpu-i7",0.95,"SMA",1,1.13
"pc1","4cpu-i7",0.95,"SMA",3,1.13
"pc1","4cpu-i7",0.95,"SMA",4,1.13
"pc1","4cpu-i7",0.95,"SMA",2,1.16
"pc1","4cpu-i7",0.95,"SMA",2,1.15
"pc1","4cpu-i7",0.95,"SMA",3,1.15
"pc1","4cpu-i7",0.95,"SMA",1,1.2
"pc1","4cpu-i7",0.95,"SMA",4,1.19
"pc1","4cpu-i7",0.95,"SMA",3,1.14
"pc1","4cpu-i7",0.95,"SMA",4,1.15
"pc1","4cpu-i7",0.95,"SMA",2,1.18
"pc1","4cpu-i7",0.95,"SMA",1,1.19
"pc1","4cpu-i7",0.95,"SMA",2,1.14
"pc1","4cpu-i7",0.95,"SMA",4,1.15
"pc1","4cpu-i7",0.95,"SMA",1,1.19
"pc1","4cpu-i7",0.95,"SMA",3,1.2
"pc1","4cpu-i7",0.95,"SMA",2,1.14
"pc1","4cpu-i7",0.95,"SMA",3,1.15
"pc1","4cpu-i7",0.95,"SMA",1,1.18
"pc1","4cpu-i7",0.95,"SMA",4,1.19
"pc1","4cpu-i7",0.95,"SMA",3,1.14
"pc1","4cpu-i7",0.95,"SMA",1,1.17
"pc1","4cpu-i7",0.95,"SMA",2,1.17
"pc1","4cpu-i7",0.95,"SMA",4,1.15
"pc1","4cpu-i7",0.95,"SMA",1,1.13
"pc1","4cpu-i7",0.95,"SMA",2,1.15
"pc1","4cpu-i7",0.95,"SMA",3,1.17
"pc1","4cpu-i7",0.95,"SMA",4,1.18
"pc1","4cpu-i7",0.95,"SMA",4,1.15
"pc1","4cpu-i7",0.95,"SMA",1,1.18
"pc1","4cpu-i7",0.95,"SMA",3,1.18
"pc1","4cpu-i7",0.95,"SMA",2,1.19
"pc1","4cpu-i7",0.95,"SMA",2,1.16
"pc1","4cpu-i7",0.95,"SMA",3,1.16
"pc1","4cpu-i7",0.95,"SMA",1,1.19
"pc1","4cpu-i7",0.95,"SMA",4,1.19
"pc1","4cpu-i7",0.95,"SMA",4,1.17
"pc1","4cpu-i7",0.95,"SMA",1,1.19
"pc1","4cpu-i7",0.95,"SMA",3,1.19
"pc1","4cpu-i7",0.95,"SMA",2,1.19
"pc1","4cpu-i7",0.95,"SMA",2,1.15
"pc1","4cpu-i7",0.95,"SMA",3,1.15
"pc1","4cpu-i7",0.95,"SMA",1,1.2
"pc1","4cpu-i7",0.95,"SMA",4,1.18
"pc1","4cpu-i7",0.95,"SMA",1,1.16
"pc1","4cpu-i7",0.95,"SMA",3,1.16
"pc1","4cpu-i7",0.95,"SMA",2,1.17
"pc1","4cpu-i7",0.95,"SMA",4,1.17
"pc1","4cpu-i7",0.95,"SMA",2,1.17
"pc1","4cpu-i7",0.95,"SMA",3,1.17
"pc1","4cpu-i7",0.95,"SMA",4,1.19
"pc1","4cpu-i7",0.95,"SMA",1,1.19
"pc1","4cpu-i7",0.95,"SMA",1,1.17
"pc1","4cpu-i7",0.95,"SMA",2,1.18
"pc1","4cpu-i7",0.95,"SMA",3,1.18
"pc1","4cpu-i7",0.95,"SMA",4,1.18
"pc1","4cpu-i7",0.95,"SMA",4,1.16
"pc1","4cpu-i7",0.95,"SMA",3,1.16
"pc1","4cpu-i7",0.95,"SMA",1,1.22
"pc1","4cpu-i7",0.95,"SMA",2,1.22
"pc1","4cpu-i7",0.95,"SMA",1,1.15
"pc1","4cpu-i7",0.95,"SMA",3,1.15
"pc1","4cpu-i7",0.95,"SMA",4,1.17
"pc1","4cpu-i7",0.95,"SMA",2,1.19
"pc1","4cpu-i7",0.95,"SMA",1,1.18
"pc1","4cpu-i7",0.95,"SMA",3,1.17
"pc1","4cpu-i7",0.95,"SMA",4,1.18
"pc1","4cpu-i7",0.95,"SMA",2,1.18
"pc1","4cpu-i7",0.95,"SMA",3,1.18
"pc1","4cpu-i7",0.95,"SMA",4,1.18
"pc1","4cpu-i7",0.95,"SMA",1,1.19
"pc1","4cpu-i7",0.95,"SMA",2,1.2
"pc1","4cpu-i7",0.95,"SMA",3,1.02
"pc1","4cpu-i7",0.95,"SMA",4,1.16
"pc1","4cpu-i7",0.95,"SMA",1,1.16
"pc1","4cpu-i7",0.95,"SMA",2,1.28
"pc2","4cpu-amd",0.05,"stine",1,50.16
"pc2","4cpu-amd",0.05,"stine",4,50.97
"pc2","4cpu-amd",0.05,"stine",3,51.39
"pc2","4cpu-amd",0.05,"stine",2,53.74
"pc2","4cpu-amd",0.05,"stine",4,50.56
"pc2","4cpu-amd",0.05,"stine",3,51.96
"pc2","4cpu-amd",0.05,"stine",2,52.17
"pc2","4cpu-amd",0.05,"stine",1,52.28
"pc2","4cpu-amd",0.05,"stine",4,49.15
"pc2","4cpu-amd",0.05,"stine",1,49.36
"pc2","4cpu-amd",0.05,"stine",2,50.36
"pc2","4cpu-amd",0.05,"stine",3,52.35
"pc2","4cpu-amd",0.05,"stine",2,47.63
"pc2","4cpu-amd",0.05,"stine",3,47.63
"pc2","4cpu-amd",0.05,"stine",4,49.02
"pc2","4cpu-amd",0.05,"stine",1,49.85
"pc2","4cpu-amd",0.05,"stine",2,47.84
"pc2","4cpu-amd",0.05,"stine",4,48.01
"pc2","4cpu-amd",0.05,"stine",3,48.42
"pc2","4cpu-amd",0.05,"stine",1,50.26
"pc2","4cpu-amd",0.05,"stine",1,48.67
"pc2","4cpu-amd",0.05,"stine",3,49.04
"pc2","4cpu-amd",0.05,"stine",2,49.36
"pc2","4cpu-amd",0.05,"stine",4,49.83
"pc2","4cpu-amd",0.05,"stine",4,48.34
"pc2","4cpu-amd",0.05,"stine",1,48.87
"pc2","4cpu-amd",0.05,"stine",3,49.06
"pc2","4cpu-amd",0.05,"stine",2,50.36
"pc2","4cpu-amd",0.05,"stine",4,46.7
"pc2","4cpu-amd",0.05,"stine",1,48.36
"pc2","4cpu-amd",0.05,"stine",3,49.12
"pc2","4cpu-amd",0.05,"stine",2,50.05
"pc2","4cpu-amd",0.05,"stine",1,47.37
"pc2","4cpu-amd",0.05,"stine",2,48.15
"pc2","4cpu-amd",0.05,"stine",4,48.34
"pc2","4cpu-amd",0.05,"stine",3,49.24
"pc2","4cpu-amd",0.05,"stine",3,48.35
"pc2","4cpu-amd",0.05,"stine",2,48.55
"pc2","4cpu-amd",0.05,"stine",1,48.57
"pc2","4cpu-amd",0.05,"stine",4,49.53
"pc2","4cpu-amd",0.05,"stine",3,47.16
"pc2","4cpu-amd",0.05,"stine",2,48.28
"pc2","4cpu-amd",0.05,"stine",4,48.46
"pc2","4cpu-amd",0.05,"stine",1,49.29
"pc2","4cpu-amd",0.05,"stine",4,46.36
"pc2","4cpu-amd",0.05,"stine",2,47.67
"pc2","4cpu-amd",0.05,"stine",3,49.56
"pc2","4cpu-amd",0.05,"stine",1,49.68
"pc2","4cpu-amd",0.05,"stine",3,46.07
"pc2","4cpu-amd",0.05,"stine",1,46.98
"pc2","4cpu-amd",0.05,"stine",2,48.07
"pc2","4cpu-amd",0.05,"stine",4,50.95
"pc2","4cpu-amd",0.05,"stine",2,47.98
"pc2","4cpu-amd",0.05,"stine",1,48.59
"pc2","4cpu-amd",0.05,"stine",3,49.07
"pc2","4cpu-amd",0.05,"stine",4,49.07
"pc2","4cpu-amd",0.05,"stine",3,47.84
"pc2","4cpu-amd",0.05,"stine",2,48.35
"pc2","4cpu-amd",0.05,"stine",4,48.53
"pc2","4cpu-amd",0.05,"stine",1,50.45
"pc2","4cpu-amd",0.05,"stine",2,48.75
"pc2","4cpu-amd",0.05,"stine",1,49.27
"pc2","4cpu-amd",0.05,"stine",3,49.74
"pc2","4cpu-amd",0.05,"stine",4,49.74
"pc2","4cpu-amd",0.05,"stine",1,48.08
"pc2","4cpu-amd",0.05,"stine",2,48.17
"pc2","4cpu-amd",0.05,"stine",3,48.77
"pc2","4cpu-amd",0.05,"stine",4,49.06
"pc2","4cpu-amd",0.05,"stine",4,46.12
"pc2","4cpu-amd",0.05,"stine",3,49.62
"pc2","4cpu-amd",0.05,"stine",1,49.75
"pc2","4cpu-amd",0.05,"stine",2,50.84
"pc2","4cpu-amd",0.05,"stine",3,47.04
"pc2","4cpu-amd",0.05,"stine",4,48.54
"pc2","4cpu-amd",0.05,"stine",2,49.15
"pc2","4cpu-amd",0.05,"stine",1,49.26
"pc2","4cpu-amd",0.05,"stine",1,47.68
"pc2","4cpu-amd",0.05,"stine",4,48.05
"pc2","4cpu-amd",0.05,"stine",3,49.56
"pc2","4cpu-amd",0.05,"stine",2,49.96
"pc2","4cpu-amd",0.05,"stine",4,46.25
"pc2","4cpu-amd",0.05,"stine",3,47.57
"pc2","4cpu-amd",0.05,"stine",1,48.09
"pc2","4cpu-amd",0.05,"stine",2,49.47
"pc2","4cpu-amd",0.05,"stine",1,47.06
"pc2","4cpu-amd",0.05,"stine",3,47.44
"pc2","4cpu-amd",0.05,"stine",4,47.91
"pc2","4cpu-amd",0.05,"stine",2,48.34
"pc2","4cpu-amd",0.05,"stine",1,48.79
"pc2","4cpu-amd",0.05,"stine",2,49.48
"pc2","4cpu-amd",0.05,"stine",3,50.07
"pc2","4cpu-amd",0.05,"stine",4,50.57
"pc2","4cpu-amd",0.05,"stine",3,46.44
"pc2","4cpu-amd",0.05,"stine",2,47.44
"pc2","4cpu-amd",0.05,"stine",4,47.44
"pc2","4cpu-amd",0.05,"stine",1,47.87
"pc2","4cpu-amd",0.05,"stine",4,47.43
"pc2","4cpu-amd",0.05,"stine",1,48.17
"pc2","4cpu-amd",0.05,"stine",3,48.74
"pc2","4cpu-amd",0.05,"stine",2,49.25
"pc2","4cpu-amd",0.05,"stine",2,47.06
"pc2","4cpu-amd",0.05,"stine",3,48.86
"pc2","4cpu-amd",0.05,"stine",1,49.28
"pc2","4cpu-amd",0.05,"stine",4,50.35
"pc2","4cpu-amd",0.05,"stine",4,47.94
"pc2","4cpu-amd",0.05,"stine",1,48.07
"pc2","4cpu-amd",0.05,"stine",2,48.15
"pc2","4cpu-amd",0.05,"stine",3,48.75
"pc2","4cpu-amd",0.05,"stine",2,48.04
"pc2","4cpu-amd",0.05,"stine",4,48.73
"pc2","4cpu-amd",0.05,"stine",3,49.14
"pc2","4cpu-amd",0.05,"stine",1,49.35
"pc2","4cpu-amd",0.05,"stine",3,46.84
"pc2","4cpu-amd",0.05,"stine",4,48.94
"pc2","4cpu-amd",0.05,"stine",2,49.46
"pc2","4cpu-amd",0.05,"stine",1,50.97
"pc2","4cpu-amd",0.05,"stine",3,48.34
"pc2","4cpu-amd",0.05,"stine",2,48.95
"pc2","4cpu-amd",0.05,"stine",4,49.24
"pc2","4cpu-amd",0.05,"stine",1,50.06
"pc2","4cpu-amd",0.15,"stine",3,11.48
"pc2","4cpu-amd",0.15,"stine",4,11.67
"pc2","4cpu-amd",0.15,"stine",2,11.99
"pc2","4cpu-amd",0.15,"stine",1,12.1
"pc2","4cpu-amd",0.15,"stine",2,11.57
"pc2","4cpu-amd",0.15,"stine",3,11.75
"pc2","4cpu-amd",0.15,"stine",4,11.94
"pc2","4cpu-amd",0.15,"stine",1,12.56
"pc2","4cpu-amd",0.15,"stine",1,10.16
"pc2","4cpu-amd",0.15,"stine",4,10.48
"pc2","4cpu-amd",0.15,"stine",2,10.62
"pc2","4cpu-amd",0.15,"stine",3,10.6
"pc2","4cpu-amd",0.15,"stine",1,9.89
"pc2","4cpu-amd",0.15,"stine",4,10.17
"pc2","4cpu-amd",0.15,"stine",2,10.58
"pc2","4cpu-amd",0.15,"stine",3,10.76
"pc2","4cpu-amd",0.15,"stine",3,10.02
"pc2","4cpu-amd",0.15,"stine",1,10.36
"pc2","4cpu-amd",0.15,"stine",4,11.02
"pc2","4cpu-amd",0.15,"stine",2,11.24
"pc2","4cpu-amd",0.15,"stine",2,9.65
"pc2","4cpu-amd",0.15,"stine",4,10.04
"pc2","4cpu-amd",0.15,"stine",3,10.04
"pc2","4cpu-amd",0.15,"stine",1,10.37
"pc2","4cpu-amd",0.15,"stine",4,9.64
"pc2","4cpu-amd",0.15,"stine",1,9.96
"pc2","4cpu-amd",0.15,"stine",3,10.33
"pc2","4cpu-amd",0.15,"stine",2,11.04
"pc2","4cpu-amd",0.15,"stine",3,9.95
"pc2","4cpu-amd",0.15,"stine",2,10.05
"pc2","4cpu-amd",0.15,"stine",1,10.06
"pc2","4cpu-amd",0.15,"stine",4,10.53
"pc2","4cpu-amd",0.15,"stine",4,10.08
"pc2","4cpu-amd",0.15,"stine",3,10.28
"pc2","4cpu-amd",0.15,"stine",2,10.37
"pc2","4cpu-amd",0.15,"stine",1,10.68
"pc2","4cpu-amd",0.15,"stine",2,10.8
"pc2","4cpu-amd",0.15,"stine",1,10.8
"pc2","4cpu-amd",0.15,"stine",3,11.08
"pc2","4cpu-amd",0.15,"stine",4,11.08
"pc2","4cpu-amd",0.15,"stine",2,10.25
"pc2","4cpu-amd",0.15,"stine",4,10.43
"pc2","4cpu-amd",0.15,"stine",3,10.65
"pc2","4cpu-amd",0.15,"stine",1,10.96
"pc2","4cpu-amd",0.15,"stine",3,10.14
"pc2","4cpu-amd",0.15,"stine",4,10.14
"pc2","4cpu-amd",0.15,"stine",1,10.56
"pc2","4cpu-amd",0.15,"stine",2,10.86
"pc2","4cpu-amd",0.15,"stine",4,9.44
"pc2","4cpu-amd",0.15,"stine",3,10.06
"pc2","4cpu-amd",0.15,"stine",2,10.15
"pc2","4cpu-amd",0.15,"stine",1,10.95
"pc2","4cpu-amd",0.15,"stine",1,10.47
"pc2","4cpu-amd",0.15,"stine",3,10.66
"pc2","4cpu-amd",0.15,"stine",2,10.75
"pc2","4cpu-amd",0.15,"stine",4,11.64
"pc2","4cpu-amd",0.15,"stine",4,9.93
"pc2","4cpu-amd",0.15,"stine",1,10.47
"pc2","4cpu-amd",0.15,"stine",2,10.76
"pc2","4cpu-amd",0.15,"stine",3,11.53
"pc2","4cpu-amd",0.15,"stine",1,9.98
"pc2","4cpu-amd",0.15,"stine",2,10.27
"pc2","4cpu-amd",0.15,"stine",4,10.77
"pc2","4cpu-amd",0.15,"stine",3,11.37
"pc2","4cpu-amd",0.15,"stine",4,9.71
"pc2","4cpu-amd",0.15,"stine",2,10.05
"pc2","4cpu-amd",0.15,"stine",3,10.66
"pc2","4cpu-amd",0.15,"stine",1,10.66
"pc2","4cpu-amd",0.15,"stine",1,9.98
"pc2","4cpu-amd",0.15,"stine",3,10.37
"pc2","4cpu-amd",0.15,"stine",2,11.28
"pc2","4cpu-amd",0.15,"stine",4,11.56
"pc2","4cpu-amd",0.15,"stine",2,9.96
"pc2","4cpu-amd",0.15,"stine",3,10.45
"pc2","4cpu-amd",0.15,"stine",1,10.67
"pc2","4cpu-amd",0.15,"stine",4,11.34
"pc2","4cpu-amd",0.15,"stine",4,9.83
"pc2","4cpu-amd",0.15,"stine",1,9.86
"pc2","4cpu-amd",0.15,"stine",2,10.56
"pc2","4cpu-amd",0.15,"stine",3,11.04
"pc2","4cpu-amd",0.15,"stine",3,9.86
"pc2","4cpu-amd",0.15,"stine",4,10.55
"pc2","4cpu-amd",0.15,"stine",2,11.06
"pc2","4cpu-amd",0.15,"stine",1,11.28
"pc2","4cpu-amd",0.15,"stine",2,9.56
"pc2","4cpu-amd",0.15,"stine",1,9.77
"pc2","4cpu-amd",0.15,"stine",4,10.33
"pc2","4cpu-amd",0.15,"stine",3,10.54
"pc2","4cpu-amd",0.15,"stine",3,10.25
"pc2","4cpu-amd",0.15,"stine",4,10.53
"pc2","4cpu-amd",0.15,"stine",1,10.76
"pc2","4cpu-amd",0.15,"stine",2,11.24
"pc2","4cpu-amd",0.15,"stine",3,10.13
"pc2","4cpu-amd",0.15,"stine",1,10.58
"pc2","4cpu-amd",0.15,"stine",4,10.8
"pc2","4cpu-amd",0.15,"stine",2,11.14
"pc2","4cpu-amd",0.15,"stine",3,10.17
"pc2","4cpu-amd",0.15,"stine",1,6.75
"pc2","4cpu-amd",0.15,"stine",4,10.45
"pc2","4cpu-amd",0.15,"stine",2,11.28
"pc2","4cpu-amd",0.15,"stine",4,10.25
"pc2","4cpu-amd",0.15,"stine",3,10.76
"pc2","4cpu-amd",0.15,"stine",2,10.97
"pc2","4cpu-amd",0.15,"stine",1,11.18
"pc2","4cpu-amd",0.15,"stine",2,10.46
"pc2","4cpu-amd",0.15,"stine",4,10.45
"pc2","4cpu-amd",0.15,"stine",1,10.77
"pc2","4cpu-amd",0.15,"stine",3,10.96
"pc2","4cpu-amd",0.15,"stine",3,9.85
"pc2","4cpu-amd",0.15,"stine",4,9.95
"pc2","4cpu-amd",0.15,"stine",2,10.44
"pc2","4cpu-amd",0.15,"stine",1,10.47
"pc2","4cpu-amd",0.15,"stine",2,10.24
"pc2","4cpu-amd",0.15,"stine",4,10.32
"pc2","4cpu-amd",0.15,"stine",1,10.44
"pc2","4cpu-amd",0.15,"stine",3,10.52
"pc2","4cpu-amd",0.15,"stine",1,10.5
"pc2","4cpu-amd",0.15,"stine",4,10.68
"pc2","4cpu-amd",0.15,"stine",3,10.78
"pc2","4cpu-amd",0.15,"stine",2,11.79
"pc2","4cpu-amd",0.25,"stine",1,0.02
"pc2","4cpu-amd",0.25,"stine",2,5.07
"pc2","4cpu-amd",0.25,"stine",3,5.15
"pc2","4cpu-amd",0.25,"stine",4,5.23
"pc2","4cpu-amd",0.25,"stine",4,5.09
"pc2","4cpu-amd",0.25,"stine",2,5.2
"pc2","4cpu-amd",0.25,"stine",3,5.29
"pc2","4cpu-amd",0.25,"stine",1,5.48
"pc2","4cpu-amd",0.25,"stine",4,4.35
"pc2","4cpu-amd",0.25,"stine",2,4.57
"pc2","4cpu-amd",0.25,"stine",3,4.74
"pc2","4cpu-amd",0.25,"stine",1,5.48
"pc2","4cpu-amd",0.25,"stine",4,4.34
"pc2","4cpu-amd",0.25,"stine",2,4.44
"pc2","4cpu-amd",0.25,"stine",3,4.65
"pc2","4cpu-amd",0.25,"stine",1,5.14
"pc2","4cpu-amd",0.25,"stine",3,4.39
"pc2","4cpu-amd",0.25,"stine",2,4.67
"pc2","4cpu-amd",0.25,"stine",4,4.77
"pc2","4cpu-amd",0.25,"stine",1,5.1
"pc2","4cpu-amd",0.25,"stine",3,4.34
"pc2","4cpu-amd",0.25,"stine",1,4.55
"pc2","4cpu-amd",0.25,"stine",4,4.54
"pc2","4cpu-amd",0.25,"stine",2,4.75
"pc2","4cpu-amd",0.25,"stine",1,4.38
"pc2","4cpu-amd",0.25,"stine",2,4.46
"pc2","4cpu-amd",0.25,"stine",3,4.46
"pc2","4cpu-amd",0.25,"stine",4,4.55
"pc2","4cpu-amd",0.25,"stine",2,4.46
"pc2","4cpu-amd",0.25,"stine",3,4.46
"pc2","4cpu-amd",0.25,"stine",4,4.74
"pc2","4cpu-amd",0.25,"stine",1,4.88
"pc2","4cpu-amd",0.25,"stine",4,4.37
"pc2","4cpu-amd",0.25,"stine",3,4.56
"pc2","4cpu-amd",0.25,"stine",1,4.59
"pc2","4cpu-amd",0.25,"stine",2,4.78
"pc2","4cpu-amd",0.25,"stine",4,4.56
"pc2","4cpu-amd",0.25,"stine",3,4.68
"pc2","4cpu-amd",0.25,"stine",1,4.68
"pc2","4cpu-amd",0.25,"stine",2,4.86
"pc2","4cpu-amd",0.25,"stine",4,4.34
"pc2","4cpu-amd",0.25,"stine",1,4.46
"pc2","4cpu-amd",0.25,"stine",3,4.54
"pc2","4cpu-amd",0.25,"stine",2,4.76
"pc2","4cpu-amd",0.25,"stine",1,4.36
"pc2","4cpu-amd",0.25,"stine",4,4.52
"pc2","4cpu-amd",0.25,"stine",2,4.56
"pc2","4cpu-amd",0.25,"stine",3,4.75
"pc2","4cpu-amd",0.25,"stine",4,4.31
"pc2","4cpu-amd",0.25,"stine",3,4.33
"pc2","4cpu-amd",0.25,"stine",2,4.65
"pc2","4cpu-amd",0.25,"stine",1,4.84
"pc2","4cpu-amd",0.25,"stine",4,4.65
"pc2","4cpu-amd",0.25,"stine",2,4.75
"pc2","4cpu-amd",0.25,"stine",1,4.79
"pc2","4cpu-amd",0.25,"stine",3,4.87
"pc2","4cpu-amd",0.25,"stine",2,4.44
"pc2","4cpu-amd",0.25,"stine",3,4.63
"pc2","4cpu-amd",0.25,"stine",4,4.63
"pc2","4cpu-amd",0.25,"stine",1,4.73
"pc2","4cpu-amd",0.25,"stine",3,4.66
"pc2","4cpu-amd",0.25,"stine",2,4.49
"pc2","4cpu-amd",0.25,"stine",1,4.49
"pc2","4cpu-amd",0.25,"stine",4,4.77
"pc2","4cpu-amd",0.25,"stine",3,4.47
"pc2","4cpu-amd",0.25,"stine",1,4.67
"pc2","4cpu-amd",0.25,"stine",2,4.68
"pc2","4cpu-amd",0.25,"stine",4,5.17
"pc2","4cpu-amd",0.25,"stine",3,4.54
"pc2","4cpu-amd",0.25,"stine",1,4.65
"pc2","4cpu-amd",0.25,"stine",4,4.74
"pc2","4cpu-amd",0.25,"stine",2,4.74
"pc2","4cpu-amd",0.25,"stine",1,4.79
"pc2","4cpu-amd",0.25,"stine",2,4.79
"pc2","4cpu-amd",0.25,"stine",3,4.85
"pc2","4cpu-amd",0.25,"stine",4,4.97
"pc2","4cpu-amd",0.25,"stine",3,4.34
"pc2","4cpu-amd",0.25,"stine",1,4.37
"pc2","4cpu-amd",0.25,"stine",4,4.62
"pc2","4cpu-amd",0.25,"stine",2,4.74
"pc2","4cpu-amd",0.25,"stine",4,4.57
"pc2","4cpu-amd",0.25,"stine",1,4.88
"pc2","4cpu-amd",0.25,"stine",2,4.89
"pc2","4cpu-amd",0.25,"stine",3,4.98
"pc2","4cpu-amd",0.25,"stine",4,4.56
"pc2","4cpu-amd",0.25,"stine",1,4.69
"pc2","4cpu-amd",0.25,"stine",3,4.96
"pc2","4cpu-amd",0.25,"stine",2,4.99
"pc2","4cpu-amd",0.25,"stine",3,4.44
"pc2","4cpu-amd",0.25,"stine",2,4.46
"pc2","4cpu-amd",0.25,"stine",4,4.52
"pc2","4cpu-amd",0.25,"stine",1,4.65
"pc2","4cpu-amd",0.25,"stine",1,4.58
"pc2","4cpu-amd",0.25,"stine",4,4.76
"pc2","4cpu-amd",0.25,"stine",2,4.76
"pc2","4cpu-amd",0.25,"stine",3,4.75
"pc2","4cpu-amd",0.25,"stine",1,4.55
"pc2","4cpu-amd",0.25,"stine",2,4.64
"pc2","4cpu-amd",0.25,"stine",3,4.72
"pc2","4cpu-amd",0.25,"stine",4,4.73
"pc2","4cpu-amd",0.25,"stine",2,4.27
"pc2","4cpu-amd",0.25,"stine",4,4.56
"pc2","4cpu-amd",0.25,"stine",3,4.84
"pc2","4cpu-amd",0.25,"stine",1,4.96
"pc2","4cpu-amd",0.25,"stine",3,4.56
"pc2","4cpu-amd",0.25,"stine",1,4.68
"pc2","4cpu-amd",0.25,"stine",4,4.73
"pc2","4cpu-amd",0.25,"stine",2,4.87
"pc2","4cpu-amd",0.25,"stine",3,4.55
"pc2","4cpu-amd",0.25,"stine",2,4.72
"pc2","4cpu-amd",0.25,"stine",4,4.72
"pc2","4cpu-amd",0.25,"stine",1,4.77
"pc2","4cpu-amd",0.25,"stine",4,4.44
"pc2","4cpu-amd",0.25,"stine",2,4.64
"pc2","4cpu-amd",0.25,"stine",3,4.64
"pc2","4cpu-amd",0.25,"stine",1,4.67
"pc2","4cpu-amd",0.25,"stine",3,4.45
"pc2","4cpu-amd",0.25,"stine",4,4.53
"pc2","4cpu-amd",0.25,"stine",2,4.56
"pc2","4cpu-amd",0.25,"stine",1,4.68
"pc2","4cpu-amd",0.35,"stine",1,3.28
"pc2","4cpu-amd",0.35,"stine",2,3.29
"pc2","4cpu-amd",0.35,"stine",4,3.29
"pc2","4cpu-amd",0.35,"stine",3,3.29
"pc2","4cpu-amd",0.35,"stine",2,3.41
"pc2","4cpu-amd",0.35,"stine",1,3.41
"pc2","4cpu-amd",0.35,"stine",4,3.41
"pc2","4cpu-amd",0.35,"stine",3,3.48
"pc2","4cpu-amd",0.35,"stine",4,2.78
"pc2","4cpu-amd",0.35,"stine",1,2.89
"pc2","4cpu-amd",0.35,"stine",3,2.98
"pc2","4cpu-amd",0.35,"stine",2,2.98
"pc2","4cpu-amd",0.35,"stine",4,2.86
"pc2","4cpu-amd",0.35,"stine",3,2.86
"pc2","4cpu-amd",0.35,"stine",1,2.97
"pc2","4cpu-amd",0.35,"stine",2,3.14
"pc2","4cpu-amd",0.35,"stine",2,2.84
"pc2","4cpu-amd",0.35,"stine",3,2.85
"pc2","4cpu-amd",0.35,"stine",4,3.47
"pc2","4cpu-amd",0.35,"stine",1,2.98
"pc2","4cpu-amd",0.35,"stine",4,2.79
"pc2","4cpu-amd",0.35,"stine",2,2.87
"pc2","4cpu-amd",0.35,"stine",3,2.87
"pc2","4cpu-amd",0.35,"stine",1,2.89
"pc2","4cpu-amd",0.35,"stine",4,2.75
"pc2","4cpu-amd",0.35,"stine",3,2.86
"pc2","4cpu-amd",0.35,"stine",1,3.07
"pc2","4cpu-amd",0.35,"stine",2,3.07
"pc2","4cpu-amd",0.35,"stine",4,2.75
"pc2","4cpu-amd",0.35,"stine",1,2.86
"pc2","4cpu-amd",0.35,"stine",3,2.86
"pc2","4cpu-amd",0.35,"stine",2,2.95
"pc2","4cpu-amd",0.35,"stine",1,2.89
"pc2","4cpu-amd",0.35,"stine",3,2.88
"pc2","4cpu-amd",0.35,"stine",4,2.88
"pc2","4cpu-amd",0.35,"stine",2,3
"pc2","4cpu-amd",0.35,"stine",1,2.78
"pc2","4cpu-amd",0.35,"stine",4,2.83
"pc2","4cpu-amd",0.35,"stine",3,2.86
"pc2","4cpu-amd",0.35,"stine",2,2.86
"pc2","4cpu-amd",0.35,"stine",4,2.78
"pc2","4cpu-amd",0.35,"stine",1,2.96
"pc2","4cpu-amd",0.35,"stine",2,2.97
"pc2","4cpu-amd",0.35,"stine",3,3.18
"pc2","4cpu-amd",0.35,"stine",1,2.85
"pc2","4cpu-amd",0.35,"stine",3,2.93
"pc2","4cpu-amd",0.35,"stine",4,2.92
"pc2","4cpu-amd",0.35,"stine",2,3.03
"pc2","4cpu-amd",0.35,"stine",4,2.85
"pc2","4cpu-amd",0.35,"stine",1,2.9
"pc2","4cpu-amd",0.35,"stine",3,2.88
"pc2","4cpu-amd",0.35,"stine",2,2.99
"pc2","4cpu-amd",0.35,"stine",3,2.76
"pc2","4cpu-amd",0.35,"stine",1,2.84
"pc2","4cpu-amd",0.35,"stine",2,2.84
"pc2","4cpu-amd",0.35,"stine",4,2.85
"pc2","4cpu-amd",0.35,"stine",1,2.96
"pc2","4cpu-amd",0.35,"stine",3,2.97
"pc2","4cpu-amd",0.35,"stine",2,3.05
"pc2","4cpu-amd",0.35,"stine",4,3.04
"pc2","4cpu-amd",0.35,"stine",2,2.75
"pc2","4cpu-amd",0.35,"stine",3,2.87
"pc2","4cpu-amd",0.35,"stine",1,2.87
"pc2","4cpu-amd",0.35,"stine",4,3.06
"pc2","4cpu-amd",0.35,"stine",3,2.79
"pc2","4cpu-amd",0.35,"stine",1,2.86
"pc2","4cpu-amd",0.35,"stine",2,2.91
"pc2","4cpu-amd",0.35,"stine",4,2.86
"pc2","4cpu-amd",0.35,"stine",2,2.77
"pc2","4cpu-amd",0.35,"stine",1,2.87
"pc2","4cpu-amd",0.35,"stine",3,2.97
"pc2","4cpu-amd",0.35,"stine",4,3.13
"pc2","4cpu-amd",0.35,"stine",1,2.79
"pc2","4cpu-amd",0.35,"stine",2,2.79
"pc2","4cpu-amd",0.35,"stine",4,2.87
"pc2","4cpu-amd",0.35,"stine",3,2.96
"pc2","4cpu-amd",0.35,"stine",1,2.88
"pc2","4cpu-amd",0.35,"stine",2,2.88
"pc2","4cpu-amd",0.35,"stine",4,2.97
"pc2","4cpu-amd",0.35,"stine",3,3.16
"pc2","4cpu-amd",0.35,"stine",4,2.85
"pc2","4cpu-amd",0.35,"stine",1,2.85
"pc2","4cpu-amd",0.35,"stine",3,2.85
"pc2","4cpu-amd",0.35,"stine",2,2.95
"pc2","4cpu-amd",0.35,"stine",1,2.95
"pc2","4cpu-amd",0.35,"stine",4,2.92
"pc2","4cpu-amd",0.35,"stine",3,2.93
"pc2","4cpu-amd",0.35,"stine",2,3.01
"pc2","4cpu-amd",0.35,"stine",4,2.85
"pc2","4cpu-amd",0.35,"stine",3,2.88
"pc2","4cpu-amd",0.35,"stine",2,3.09
"pc2","4cpu-amd",0.35,"stine",1,3.09
"pc2","4cpu-amd",0.35,"stine",2,2.95
"pc2","4cpu-amd",0.35,"stine",1,2.97
"pc2","4cpu-amd",0.35,"stine",3,3.05
"pc2","4cpu-amd",0.35,"stine",4,3.05
"pc2","4cpu-amd",0.35,"stine",2,2.88
"pc2","4cpu-amd",0.35,"stine",4,2.97
"pc2","4cpu-amd",0.35,"stine",1,2.96
"pc2","4cpu-amd",0.35,"stine",3,2.96
"pc2","4cpu-amd",0.35,"stine",3,2.86
"pc2","4cpu-amd",0.35,"stine",2,2.87
"pc2","4cpu-amd",0.35,"stine",4,2.93
"pc2","4cpu-amd",0.35,"stine",1,3.07
"pc2","4cpu-amd",0.35,"stine",2,2.89
"pc2","4cpu-amd",0.35,"stine",1,2.89
"pc2","4cpu-amd",0.35,"stine",4,2.94
"pc2","4cpu-amd",0.35,"stine",3,2.96
"pc2","4cpu-amd",0.35,"stine",1,2.97
"pc2","4cpu-amd",0.35,"stine",2,2.98
"pc2","4cpu-amd",0.35,"stine",3,2.99
"pc2","4cpu-amd",0.35,"stine",4,3.05
"pc2","4cpu-amd",0.35,"stine",4,2.85
"pc2","4cpu-amd",0.35,"stine",1,2.89
"pc2","4cpu-amd",0.35,"stine",3,3.07
"pc2","4cpu-amd",0.35,"stine",2,3.07
"pc2","4cpu-amd",0.35,"stine",4,2.83
"pc2","4cpu-amd",0.35,"stine",1,2.93
"pc2","4cpu-amd",0.35,"stine",3,2.93
"pc2","4cpu-amd",0.35,"stine",2,2.95
"pc2","4cpu-amd",0.45,"stine",3,2.38
"pc2","4cpu-amd",0.45,"stine",1,2.47
"pc2","4cpu-amd",0.45,"stine",2,2.86
"pc2","4cpu-amd",0.45,"stine",4,2.47
"pc2","4cpu-amd",0.45,"stine",3,2.45
"pc2","4cpu-amd",0.45,"stine",4,2.51
"pc2","4cpu-amd",0.45,"stine",1,2.55
"pc2","4cpu-amd",0.45,"stine",2,2.55
"pc2","4cpu-amd",0.45,"stine",3,2.06
"pc2","4cpu-amd",0.45,"stine",4,2.12
"pc2","4cpu-amd",0.45,"stine",2,2.25
"pc2","4cpu-amd",0.45,"stine",1,2.37
"pc2","4cpu-amd",0.45,"stine",4,2.06
"pc2","4cpu-amd",0.45,"stine",2,2.06
"pc2","4cpu-amd",0.45,"stine",1,2.08
"pc2","4cpu-amd",0.45,"stine",3,2.08
"pc2","4cpu-amd",0.45,"stine",3,2.08
"pc2","4cpu-amd",0.45,"stine",2,2.12
"pc2","4cpu-amd",0.45,"stine",4,2.1
"pc2","4cpu-amd",0.45,"stine",1,2.1
"pc2","4cpu-amd",0.45,"stine",1,2.13
"pc2","4cpu-amd",0.45,"stine",4,2.14
"pc2","4cpu-amd",0.45,"stine",2,2.16
"pc2","4cpu-amd",0.45,"stine",3,2.15
"pc2","4cpu-amd",0.45,"stine",1,2.14
"pc2","4cpu-amd",0.45,"stine",4,2.13
"pc2","4cpu-amd",0.45,"stine",3,2.23
"pc2","4cpu-amd",0.45,"stine",2,2.24
"pc2","4cpu-amd",0.45,"stine",3,2.08
"pc2","4cpu-amd",0.45,"stine",2,2.09
"pc2","4cpu-amd",0.45,"stine",1,2.19
"pc2","4cpu-amd",0.45,"stine",4,2.19
"pc2","4cpu-amd",0.45,"stine",2,2.16
"pc2","4cpu-amd",0.45,"stine",1,2.16
"pc2","4cpu-amd",0.45,"stine",3,2.16
"pc2","4cpu-amd",0.45,"stine",4,2.17
"pc2","4cpu-amd",0.45,"stine",3,2.05
"pc2","4cpu-amd",0.45,"stine",1,2.13
"pc2","4cpu-amd",0.45,"stine",2,2.14
"pc2","4cpu-amd",0.45,"stine",4,2.13
"pc2","4cpu-amd",0.45,"stine",1,2.08
"pc2","4cpu-amd",0.45,"stine",3,1.64
"pc2","4cpu-amd",0.45,"stine",2,1.67
"pc2","4cpu-amd",0.45,"stine",4,2.16
"pc2","4cpu-amd",0.45,"stine",2,2.16
"pc2","4cpu-amd",0.45,"stine",1,2.16
"pc2","4cpu-amd",0.45,"stine",4,2.16
"pc2","4cpu-amd",0.45,"stine",3,2.16
"pc2","4cpu-amd",0.45,"stine",4,2.03
"pc2","4cpu-amd",0.45,"stine",2,2.17
"pc2","4cpu-amd",0.45,"stine",3,2.21
"pc2","4cpu-amd",0.45,"stine",1,2.24
"pc2","4cpu-amd",0.45,"stine",4,2.08
"pc2","4cpu-amd",0.45,"stine",2,2.08
"pc2","4cpu-amd",0.45,"stine",3,2.08
"pc2","4cpu-amd",0.45,"stine",1,2.2
"pc2","4cpu-amd",0.45,"stine",2,2.15
"pc2","4cpu-amd",0.45,"stine",4,2.16
"pc2","4cpu-amd",0.45,"stine",3,2.18
"pc2","4cpu-amd",0.45,"stine",1,2.18
"pc2","4cpu-amd",0.45,"stine",2,2.13
"pc2","4cpu-amd",0.45,"stine",3,2.17
"pc2","4cpu-amd",0.45,"stine",1,2.17
"pc2","4cpu-amd",0.45,"stine",4,2.18
"pc2","4cpu-amd",0.45,"stine",3,2.09
"pc2","4cpu-amd",0.45,"stine",1,2.09
"pc2","4cpu-amd",0.45,"stine",2,2.1
"pc2","4cpu-amd",0.45,"stine",4,2.17
"pc2","4cpu-amd",0.45,"stine",4,2.13
"pc2","4cpu-amd",0.45,"stine",2,2.16
"pc2","4cpu-amd",0.45,"stine",1,2.16
"pc2","4cpu-amd",0.45,"stine",3,2.22
"pc2","4cpu-amd",0.45,"stine",4,2.14
"pc2","4cpu-amd",0.45,"stine",3,2.14
"pc2","4cpu-amd",0.45,"stine",1,2.14
"pc2","4cpu-amd",0.45,"stine",2,2.13
"pc2","4cpu-amd",0.45,"stine",3,2.19
"pc2","4cpu-amd",0.45,"stine",2,2.19
"pc2","4cpu-amd",0.45,"stine",4,2.19
"pc2","4cpu-amd",0.45,"stine",1,2.19
"pc2","4cpu-amd",0.45,"stine",1,2.08
"pc2","4cpu-amd",0.45,"stine",4,2.14
"pc2","4cpu-amd",0.45,"stine",3,2.17
"pc2","4cpu-amd",0.45,"stine",2,2.17
"pc2","4cpu-amd",0.45,"stine",1,2.07
"pc2","4cpu-amd",0.45,"stine",4,2.13
"pc2","4cpu-amd",0.45,"stine",2,2.22
"pc2","4cpu-amd",0.45,"stine",3,2.22
"pc2","4cpu-amd",0.45,"stine",1,2.1
"pc2","4cpu-amd",0.45,"stine",3,2.18
"pc2","4cpu-amd",0.45,"stine",2,2.19
"pc2","4cpu-amd",0.45,"stine",4,2.18
"pc2","4cpu-amd",0.45,"stine",4,2.16
"pc2","4cpu-amd",0.45,"stine",2,2.16
"pc2","4cpu-amd",0.45,"stine",1,2.17
"pc2","4cpu-amd",0.45,"stine",3,2.24
"pc2","4cpu-amd",0.45,"stine",4,2.1
"pc2","4cpu-amd",0.45,"stine",3,2.12
"pc2","4cpu-amd",0.45,"stine",1,2.16
"pc2","4cpu-amd",0.45,"stine",2,1.67
"pc2","4cpu-amd",0.45,"stine",3,2.15
"pc2","4cpu-amd",0.45,"stine",2,2.15
"pc2","4cpu-amd",0.45,"stine",1,2.15
"pc2","4cpu-amd",0.45,"stine",4,2.18
"pc2","4cpu-amd",0.45,"stine",3,2.11
"pc2","4cpu-amd",0.45,"stine",1,2.11
"pc2","4cpu-amd",0.45,"stine",2,2.15
"pc2","4cpu-amd",0.45,"stine",4,2.15
"pc2","4cpu-amd",0.45,"stine",4,2.11
"pc2","4cpu-amd",0.45,"stine",3,2.21
"pc2","4cpu-amd",0.45,"stine",2,2.21
"pc2","4cpu-amd",0.45,"stine",1,2.24
"pc2","4cpu-amd",0.45,"stine",3,2.08
"pc2","4cpu-amd",0.45,"stine",1,2.15
"pc2","4cpu-amd",0.45,"stine",4,2.17
"pc2","4cpu-amd",0.45,"stine",2,2.17
"pc2","4cpu-amd",0.45,"stine",3,2.13
"pc2","4cpu-amd",0.45,"stine",1,2.16
"pc2","4cpu-amd",0.45,"stine",4,2.18
"pc2","4cpu-amd",0.45,"stine",2,2.18
"pc2","4cpu-amd",0.55,"stine",4,1.91
"pc2","4cpu-amd",0.55,"stine",3,1.96
"pc2","4cpu-amd",0.55,"stine",1,1.96
"pc2","4cpu-amd",0.55,"stine",2,1.99
"pc2","4cpu-amd",0.55,"stine",1,1.91
"pc2","4cpu-amd",0.55,"stine",4,1.91
"pc2","4cpu-amd",0.55,"stine",3,1.97
"pc2","4cpu-amd",0.55,"stine",2,2
"pc2","4cpu-amd",0.55,"stine",3,1.6
"pc2","4cpu-amd",0.55,"stine",1,1.68
"pc2","4cpu-amd",0.55,"stine",4,1.68
"pc2","4cpu-amd",0.55,"stine",2,1.78
"pc2","4cpu-amd",0.55,"stine",2,1.67
"pc2","4cpu-amd",0.55,"stine",4,1.67
"pc2","4cpu-amd",0.55,"stine",3,1.67
"pc2","4cpu-amd",0.55,"stine",1,1.71
"pc2","4cpu-amd",0.55,"stine",4,1.61
"pc2","4cpu-amd",0.55,"stine",2,1.7
"pc2","4cpu-amd",0.55,"stine",3,1.7
"pc2","4cpu-amd",0.55,"stine",1,1.83
"pc2","4cpu-amd",0.55,"stine",4,1.67
"pc2","4cpu-amd",0.55,"stine",1,1.75
"pc2","4cpu-amd",0.55,"stine",2,1.75
"pc2","4cpu-amd",0.55,"stine",3,1.74
"pc2","4cpu-amd",0.55,"stine",1,1.69
"pc2","4cpu-amd",0.55,"stine",2,1.69
"pc2","4cpu-amd",0.55,"stine",3,1.68
"pc2","4cpu-amd",0.55,"stine",4,1.7
"pc2","4cpu-amd",0.55,"stine",2,1.65
"pc2","4cpu-amd",0.55,"stine",4,1.67
"pc2","4cpu-amd",0.55,"stine",1,1.72
"pc2","4cpu-amd",0.55,"stine",3,1.72
"pc2","4cpu-amd",0.55,"stine",3,1.68
"pc2","4cpu-amd",0.55,"stine",2,1.68
"pc2","4cpu-amd",0.55,"stine",1,1.68
"pc2","4cpu-amd",0.55,"stine",4,1.68
"pc2","4cpu-amd",0.55,"stine",4,1.62
"pc2","4cpu-amd",0.55,"stine",1,1.65
"pc2","4cpu-amd",0.55,"stine",2,1.65
"pc2","4cpu-amd",0.55,"stine",3,1.65
"pc2","4cpu-amd",0.55,"stine",1,1.65
"pc2","4cpu-amd",0.55,"stine",2,1.65
"pc2","4cpu-amd",0.55,"stine",4,1.65
"pc2","4cpu-amd",0.55,"stine",3,1.72
"pc2","4cpu-amd",0.55,"stine",1,1.68
"pc2","4cpu-amd",0.55,"stine",2,1.69
"pc2","4cpu-amd",0.55,"stine",3,1.69
"pc2","4cpu-amd",0.55,"stine",4,1.69
"pc2","4cpu-amd",0.55,"stine",1,1.7
"pc2","4cpu-amd",0.55,"stine",2,1.67
"pc2","4cpu-amd",0.55,"stine",3,1.7
"pc2","4cpu-amd",0.55,"stine",4,1.68
"pc2","4cpu-amd",0.55,"stine",3,1.65
"pc2","4cpu-amd",0.55,"stine",4,1.72
"pc2","4cpu-amd",0.55,"stine",2,1.72
"pc2","4cpu-amd",0.55,"stine",1,1.74
"pc2","4cpu-amd",0.55,"stine",2,1.66
"pc2","4cpu-amd",0.55,"stine",1,1.68
"pc2","4cpu-amd",0.55,"stine",3,1.68
"pc2","4cpu-amd",0.55,"stine",4,1.68
"pc2","4cpu-amd",0.55,"stine",3,1.64
"pc2","4cpu-amd",0.55,"stine",4,1.64
"pc2","4cpu-amd",0.55,"stine",2,1.67
"pc2","4cpu-amd",0.55,"stine",1,1.74
"pc2","4cpu-amd",0.55,"stine",3,1.64
"pc2","4cpu-amd",0.55,"stine",1,1.71
"pc2","4cpu-amd",0.55,"stine",2,1.74
"pc2","4cpu-amd",0.55,"stine",4,1.73
"pc2","4cpu-amd",0.55,"stine",3,1.65
"pc2","4cpu-amd",0.55,"stine",1,1.68
"pc2","4cpu-amd",0.55,"stine",2,1.68
"pc2","4cpu-amd",0.55,"stine",4,1.73
"pc2","4cpu-amd",0.55,"stine",2,1.67
"pc2","4cpu-amd",0.55,"stine",1,1.67
"pc2","4cpu-amd",0.55,"stine",3,1.69
"pc2","4cpu-amd",0.55,"stine",4,1.69
"pc2","4cpu-amd",0.55,"stine",3,1.71
"pc2","4cpu-amd",0.55,"stine",1,1.73
"pc2","4cpu-amd",0.55,"stine",2,1.73
"pc2","4cpu-amd",0.55,"stine",4,1.73
"pc2","4cpu-amd",0.55,"stine",1,1.66
"pc2","4cpu-amd",0.55,"stine",3,1.72
"pc2","4cpu-amd",0.55,"stine",4,1.72
"pc2","4cpu-amd",0.55,"stine",2,1.76
"pc2","4cpu-amd",0.55,"stine",1,1.68
"pc2","4cpu-amd",0.55,"stine",4,1.72
"pc2","4cpu-amd",0.55,"stine",3,1.76
"pc2","4cpu-amd",0.55,"stine",2,1.76
"pc2","4cpu-amd",0.55,"stine",1,1.7
"pc2","4cpu-amd",0.55,"stine",4,1.73
"pc2","4cpu-amd",0.55,"stine",2,1.76
"pc2","4cpu-amd",0.55,"stine",3,1.76
"pc2","4cpu-amd",0.55,"stine",1,1.7
"pc2","4cpu-amd",0.55,"stine",4,1.75
"pc2","4cpu-amd",0.55,"stine",2,1.77
"pc2","4cpu-amd",0.55,"stine",3,1.77
"pc2","4cpu-amd",0.55,"stine",2,1.66
"pc2","4cpu-amd",0.55,"stine",3,1.68
"pc2","4cpu-amd",0.55,"stine",1,1.75
"pc2","4cpu-amd",0.55,"stine",4,1.75
"pc2","4cpu-amd",0.55,"stine",3,1.69
"pc2","4cpu-amd",0.55,"stine",2,1.75
"pc2","4cpu-amd",0.55,"stine",1,1.76
"pc2","4cpu-amd",0.55,"stine",4,1.75
"pc2","4cpu-amd",0.55,"stine",3,1.69
"pc2","4cpu-amd",0.55,"stine",4,1.69
"pc2","4cpu-amd",0.55,"stine",2,1.76
"pc2","4cpu-amd",0.55,"stine",1,1.78
"pc2","4cpu-amd",0.55,"stine",3,1.68
"pc2","4cpu-amd",0.55,"stine",2,1.68
"pc2","4cpu-amd",0.55,"stine",4,1.75
"pc2","4cpu-amd",0.55,"stine",1,1.78
"pc2","4cpu-amd",0.55,"stine",2,1.68
"pc2","4cpu-amd",0.55,"stine",4,1.69
"pc2","4cpu-amd",0.55,"stine",3,1.75
"pc2","4cpu-amd",0.55,"stine",1,1.78
"pc2","4cpu-amd",0.55,"stine",3,1.71
"pc2","4cpu-amd",0.55,"stine",1,1.71
"pc2","4cpu-amd",0.55,"stine",4,1.71
"pc2","4cpu-amd",0.55,"stine",2,1.71
"pc2","4cpu-amd",0.65,"stine",2,1.59
"pc2","4cpu-amd",0.65,"stine",4,1.6
"pc2","4cpu-amd",0.65,"stine",3,1.6
"pc2","4cpu-amd",0.65,"stine",1,1.64
"pc2","4cpu-amd",0.65,"stine",2,1.63
"pc2","4cpu-amd",0.65,"stine",3,1.67
"pc2","4cpu-amd",0.65,"stine",4,1.65
"pc2","4cpu-amd",0.65,"stine",3,1.39
"pc2","4cpu-amd",0.65,"stine",2,1.39
"pc2","4cpu-amd",0.65,"stine",4,1.39
"pc2","4cpu-amd",0.65,"stine",1,1.59
"pc2","4cpu-amd",0.65,"stine",4,1.35
"pc2","4cpu-amd",0.65,"stine",3,1.35
"pc2","4cpu-amd",0.65,"stine",2,1.39
"pc2","4cpu-amd",0.65,"stine",1,1.55
"pc2","4cpu-amd",0.65,"stine",2,1.38
"pc2","4cpu-amd",0.65,"stine",1,1.4
"pc2","4cpu-amd",0.65,"stine",4,1.42
"pc2","4cpu-amd",0.65,"stine",1,1.37
"pc2","4cpu-amd",0.65,"stine",2,1.38
"pc2","4cpu-amd",0.65,"stine",3,1.38
"pc2","4cpu-amd",0.65,"stine",4,1.39
"pc2","4cpu-amd",0.65,"stine",3,1.37
"pc2","4cpu-amd",0.65,"stine",4,1.37
"pc2","4cpu-amd",0.65,"stine",2,1.41
"pc2","4cpu-amd",0.65,"stine",1,1.45
"pc2","4cpu-amd",0.65,"stine",1,1.32
"pc2","4cpu-amd",0.65,"stine",3,1.32
"pc2","4cpu-amd",0.65,"stine",2,1.37
"pc2","4cpu-amd",0.65,"stine",4,1.4
"pc2","4cpu-amd",0.65,"stine",3,1.37
"pc2","4cpu-amd",0.65,"stine",4,1.38
"pc2","4cpu-amd",0.65,"stine",1,1.38
"pc2","4cpu-amd",0.65,"stine",2,1.42
"pc2","4cpu-amd",0.65,"stine",2,1.38
"pc2","4cpu-amd",0.65,"stine",4,1.37
"pc2","4cpu-amd",0.65,"stine",3,1.41
"pc2","4cpu-amd",0.65,"stine",1,1.41
"pc2","4cpu-amd",0.65,"stine",4,1.39
"pc2","4cpu-amd",0.65,"stine",3,1.41
"pc2","4cpu-amd",0.65,"stine",1,1.41
"pc2","4cpu-amd",0.65,"stine",2,1.41
"pc2","4cpu-amd",0.65,"stine",4,1.39
"pc2","4cpu-amd",0.65,"stine",1,1.39
"pc2","4cpu-amd",0.65,"stine",3,1.42
"pc2","4cpu-amd",0.65,"stine",2,1.45
"pc2","4cpu-amd",0.65,"stine",1,1.38
"pc2","4cpu-amd",0.65,"stine",3,1.39
"pc2","4cpu-amd",0.65,"stine",4,1.39
"pc2","4cpu-amd",0.65,"stine",2,1.39
"pc2","4cpu-amd",0.65,"stine",4,1.36
"pc2","4cpu-amd",0.65,"stine",3,1.36
"pc2","4cpu-amd",0.65,"stine",2,1.41
"pc2","4cpu-amd",0.65,"stine",1,1.43
"pc2","4cpu-amd",0.65,"stine",2,1.37
"pc2","4cpu-amd",0.65,"stine",1,1.39
"pc2","4cpu-amd",0.65,"stine",4,1.37
"pc2","4cpu-amd",0.65,"stine",3,1.39
"pc2","4cpu-amd",0.65,"stine",1,1.38
"pc2","4cpu-amd",0.65,"stine",2,1.38
"pc2","4cpu-amd",0.65,"stine",3,1.39
"pc2","4cpu-amd",0.65,"stine",4,1.4
"pc2","4cpu-amd",0.65,"stine",1,1.39
"pc2","4cpu-amd",0.65,"stine",3,1.39
"pc2","4cpu-amd",0.65,"stine",2,1.39
"pc2","4cpu-amd",0.65,"stine",4,1.41
"pc2","4cpu-amd",0.65,"stine",1,1.39
"pc2","4cpu-amd",0.65,"stine",2,1.38
"pc2","4cpu-amd",0.65,"stine",4,1.38
"pc2","4cpu-amd",0.65,"stine",3,1.39
"pc2","4cpu-amd",0.65,"stine",3,1.39
"pc2","4cpu-amd",0.65,"stine",1,1.39
"pc2","4cpu-amd",0.65,"stine",2,1.39
"pc2","4cpu-amd",0.65,"stine",4,1.46
"pc2","4cpu-amd",0.65,"stine",1,1.39
"pc2","4cpu-amd",0.65,"stine",2,1.39
"pc2","4cpu-amd",0.65,"stine",3,1.38
"pc2","4cpu-amd",0.65,"stine",4,1.38
"pc2","4cpu-amd",0.65,"stine",2,1.38
"pc2","4cpu-amd",0.65,"stine",3,1.38
"pc2","4cpu-amd",0.65,"stine",1,1.43
"pc2","4cpu-amd",0.65,"stine",4,1.44
"pc2","4cpu-amd",0.65,"stine",4,1.37
"pc2","4cpu-amd",0.65,"stine",3,1.41
"pc2","4cpu-amd",0.65,"stine",1,1.41
"pc2","4cpu-amd",0.65,"stine",2,1.41
"pc2","4cpu-amd",0.65,"stine",1,1.41
"pc2","4cpu-amd",0.65,"stine",3,1.4
"pc2","4cpu-amd",0.65,"stine",4,1.4
"pc2","4cpu-amd",0.65,"stine",2,1.4
"pc2","4cpu-amd",0.65,"stine",1,1.4
"pc2","4cpu-amd",0.65,"stine",2,1.4
"pc2","4cpu-amd",0.65,"stine",3,1.43
"pc2","4cpu-amd",0.65,"stine",4,1.43
"pc2","4cpu-amd",0.65,"stine",3,1.42
"pc2","4cpu-amd",0.65,"stine",2,1.47
"pc2","4cpu-amd",0.65,"stine",1,1.47
"pc2","4cpu-amd",0.65,"stine",4,1.47
"pc2","4cpu-amd",0.65,"stine",3,1.4
"pc2","4cpu-amd",0.65,"stine",4,1.44
"pc2","4cpu-amd",0.65,"stine",1,1.46
"pc2","4cpu-amd",0.65,"stine",2,1.47
"pc2","4cpu-amd",0.65,"stine",1,1.4
"pc2","4cpu-amd",0.65,"stine",2,1.45
"pc2","4cpu-amd",0.65,"stine",3,1.45
"pc2","4cpu-amd",0.65,"stine",4,1.45
"pc2","4cpu-amd",0.65,"stine",2,1.4
"pc2","4cpu-amd",0.65,"stine",1,1.42
"pc2","4cpu-amd",0.65,"stine",3,1.44
"pc2","4cpu-amd",0.65,"stine",4,1.47
"pc2","4cpu-amd",0.65,"stine",2,1.4
"pc2","4cpu-amd",0.65,"stine",3,1.4
"pc2","4cpu-amd",0.65,"stine",1,1.47
"pc2","4cpu-amd",0.65,"stine",4,1.47
"pc2","4cpu-amd",0.65,"stine",4,1.46
"pc2","4cpu-amd",0.65,"stine",1,1.46
"pc2","4cpu-amd",0.65,"stine",2,1.46
"pc2","4cpu-amd",0.65,"stine",3,1.46
"pc2","4cpu-amd",0.75,"stine",4,1.33
"pc2","4cpu-amd",0.75,"stine",2,1.36
"pc2","4cpu-amd",0.75,"stine",3,1.36
"pc2","4cpu-amd",0.75,"stine",1,1.39
"pc2","4cpu-amd",0.75,"stine",4,1.36
"pc2","4cpu-amd",0.75,"stine",3,1.37
"pc2","4cpu-amd",0.75,"stine",2,1.38
"pc2","4cpu-amd",0.75,"stine",1,1.46
"pc2","4cpu-amd",0.75,"stine",1,1.17
"pc2","4cpu-amd",0.75,"stine",4,1.14
"pc2","4cpu-amd",0.75,"stine",3,1.16
"pc2","4cpu-amd",0.75,"stine",2,1.18
"pc2","4cpu-amd",0.75,"stine",3,1.17
"pc2","4cpu-amd",0.75,"stine",1,1.17
"pc2","4cpu-amd",0.75,"stine",2,1.16
"pc2","4cpu-amd",0.75,"stine",4,1.16
"pc2","4cpu-amd",0.75,"stine",3,1.15
"pc2","4cpu-amd",0.75,"stine",2,1.17
"pc2","4cpu-amd",0.75,"stine",4,1.17
"pc2","4cpu-amd",0.75,"stine",1,1.24
"pc2","4cpu-amd",0.75,"stine",3,1.12
"pc2","4cpu-amd",0.75,"stine",1,1.18
"pc2","4cpu-amd",0.75,"stine",2,1.19
"pc2","4cpu-amd",0.75,"stine",4,1.19
"pc2","4cpu-amd",0.75,"stine",1,1.18
"pc2","4cpu-amd",0.75,"stine",2,1.18
"pc2","4cpu-amd",0.75,"stine",3,1.18
"pc2","4cpu-amd",0.75,"stine",4,1.18
"pc2","4cpu-amd",0.75,"stine",1,1.17
"pc2","4cpu-amd",0.75,"stine",4,1.16
"pc2","4cpu-amd",0.75,"stine",3,1.16
"pc2","4cpu-amd",0.75,"stine",2,1.19
"pc2","4cpu-amd",0.75,"stine",1,1.21
"pc2","4cpu-amd",0.75,"stine",3,1.19
"pc2","4cpu-amd",0.75,"stine",2,1.18
"pc2","4cpu-amd",0.75,"stine",4,1.18
"pc2","4cpu-amd",0.75,"stine",1,1.17
"pc2","4cpu-amd",0.75,"stine",4,1.18
"pc2","4cpu-amd",0.75,"stine",3,1.18
"pc2","4cpu-amd",0.75,"stine",2,1.18
"pc2","4cpu-amd",0.75,"stine",1,1.14
"pc2","4cpu-amd",0.75,"stine",4,1.14
"pc2","4cpu-amd",0.75,"stine",3,1.16
"pc2","4cpu-amd",0.75,"stine",2,1.16
"pc2","4cpu-amd",0.75,"stine",2,1.16
"pc2","4cpu-amd",0.75,"stine",1,1.2
"pc2","4cpu-amd",0.75,"stine",4,1.17
"pc2","4cpu-amd",0.75,"stine",3,1.2
"pc2","4cpu-amd",0.75,"stine",1,1.19
"pc2","4cpu-amd",0.75,"stine",2,1.18
"pc2","4cpu-amd",0.75,"stine",4,1.19
"pc2","4cpu-amd",0.75,"stine",3,1.19
"pc2","4cpu-amd",0.75,"stine",1,1.16
"pc2","4cpu-amd",0.75,"stine",3,1.15
"pc2","4cpu-amd",0.75,"stine",2,1.19
"pc2","4cpu-amd",0.75,"stine",4,1.18
"pc2","4cpu-amd",0.75,"stine",2,1.17
"pc2","4cpu-amd",0.75,"stine",3,1.19
"pc2","4cpu-amd",0.75,"stine",1,1.19
"pc2","4cpu-amd",0.75,"stine",4,1.19
"pc2","4cpu-amd",0.75,"stine",3,1.16
"pc2","4cpu-amd",0.75,"stine",1,1.19
"pc2","4cpu-amd",0.75,"stine",2,1.19
"pc2","4cpu-amd",0.75,"stine",4,1.19
"pc2","4cpu-amd",0.75,"stine",1,1.14
"pc2","4cpu-amd",0.75,"stine",2,1.14
"pc2","4cpu-amd",0.75,"stine",3,1.18
"pc2","4cpu-amd",0.75,"stine",4,1.19
"pc2","4cpu-amd",0.75,"stine",1,1.19
"pc2","4cpu-amd",0.75,"stine",2,1.19
"pc2","4cpu-amd",0.75,"stine",3,1.19
"pc2","4cpu-amd",0.75,"stine",4,1.2
"pc2","4cpu-amd",0.75,"stine",1,1.18
"pc2","4cpu-amd",0.75,"stine",2,1.19
"pc2","4cpu-amd",0.75,"stine",3,1.2
"pc2","4cpu-amd",0.75,"stine",4,1.2
"pc2","4cpu-amd",0.75,"stine",1,1.18
"pc2","4cpu-amd",0.75,"stine",3,1.19
"pc2","4cpu-amd",0.75,"stine",2,1.19
"pc2","4cpu-amd",0.75,"stine",4,1.23
"pc2","4cpu-amd",0.75,"stine",1,1.18
"pc2","4cpu-amd",0.75,"stine",2,1.19
"pc2","4cpu-amd",0.75,"stine",4,1.17
"pc2","4cpu-amd",0.75,"stine",3,1.19
"pc2","4cpu-amd",0.75,"stine",1,1.17
"pc2","4cpu-amd",0.75,"stine",2,1.19
"pc2","4cpu-amd",0.75,"stine",4,1.19
"pc2","4cpu-amd",0.75,"stine",3,1.2
"pc2","4cpu-amd",0.75,"stine",1,1.2
"pc2","4cpu-amd",0.75,"stine",2,1.2
"pc2","4cpu-amd",0.75,"stine",3,1.23
"pc2","4cpu-amd",0.75,"stine",4,1.23
"pc2","4cpu-amd",0.75,"stine",1,1.21
"pc2","4cpu-amd",0.75,"stine",2,1.21
"pc2","4cpu-amd",0.75,"stine",4,1.21
"pc2","4cpu-amd",0.75,"stine",3,1.21
"pc2","4cpu-amd",0.75,"stine",4,1.21
"pc2","4cpu-amd",0.75,"stine",1,1.21
"pc2","4cpu-amd",0.75,"stine",2,1.21
"pc2","4cpu-amd",0.75,"stine",3,1.21
"pc2","4cpu-amd",0.75,"stine",4,1.17
"pc2","4cpu-amd",0.75,"stine",1,1.2
"pc2","4cpu-amd",0.75,"stine",2,1.2
"pc2","4cpu-amd",0.75,"stine",3,1.22
"pc2","4cpu-amd",0.75,"stine",3,1.21
"pc2","4cpu-amd",0.75,"stine",1,1.23
"pc2","4cpu-amd",0.75,"stine",2,1.23
"pc2","4cpu-amd",0.75,"stine",4,1.23
"pc2","4cpu-amd",0.75,"stine",3,1.2
"pc2","4cpu-amd",0.75,"stine",2,1.21
"pc2","4cpu-amd",0.75,"stine",1,1.21
"pc2","4cpu-amd",0.75,"stine",4,1.21
"pc2","4cpu-amd",0.75,"stine",3,1.18
"pc2","4cpu-amd",0.75,"stine",1,1.23
"pc2","4cpu-amd",0.75,"stine",2,1.23
"pc2","4cpu-amd",0.75,"stine",3,1.18
"pc2","4cpu-amd",0.75,"stine",1,1.18
"pc2","4cpu-amd",0.75,"stine",2,1.2
"pc2","4cpu-amd",0.75,"stine",4,1.2
"pc2","4cpu-amd",0.85,"stine",1,1.18
"pc2","4cpu-amd",0.85,"stine",2,1.17
"pc2","4cpu-amd",0.85,"stine",3,1.17
"pc2","4cpu-amd",0.85,"stine",4,2.29
"pc2","4cpu-amd",0.85,"stine",3,1.02
"pc2","4cpu-amd",0.85,"stine",1,1.19
"pc2","4cpu-amd",0.85,"stine",2,1.19
"pc2","4cpu-amd",0.85,"stine",4,2.11
"pc2","4cpu-amd",0.85,"stine",2,1.03
"pc2","4cpu-amd",0.85,"stine",1,1.05
"pc2","4cpu-amd",0.85,"stine",3,1.05
"pc2","4cpu-amd",0.85,"stine",4,2.04
"pc2","4cpu-amd",0.85,"stine",3,1.02
"pc2","4cpu-amd",0.85,"stine",4,1.02
"pc2","4cpu-amd",0.85,"stine",2,1.05
"pc2","4cpu-amd",0.85,"stine",1,0.01
"pc2","4cpu-amd",0.85,"stine",2,1.04
"pc2","4cpu-amd",0.85,"stine",4,1.04
"pc2","4cpu-amd",0.85,"stine",3,1.04
"pc2","4cpu-amd",0.85,"stine",3,0.98
"pc2","4cpu-amd",0.85,"stine",2,1.01
"pc2","4cpu-amd",0.85,"stine",4,1.02
"pc2","4cpu-amd",0.85,"stine",1,0.01
"pc2","4cpu-amd",0.85,"stine",4,1.01
"pc2","4cpu-amd",0.85,"stine",2,1.01
"pc2","4cpu-amd",0.85,"stine",3,1.01
"pc2","4cpu-amd",0.85,"stine",1,0.01
"pc2","4cpu-amd",0.85,"stine",3,0.98
"pc2","4cpu-amd",0.85,"stine",4,1.03
"pc2","4cpu-amd",0.85,"stine",2,1.03
"pc2","4cpu-amd",0.85,"stine",4,1.01
"pc2","4cpu-amd",0.85,"stine",2,1.01
"pc2","4cpu-amd",0.85,"stine",3,1.01
"pc2","4cpu-amd",0.85,"stine",3,0.99
"pc2","4cpu-amd",0.85,"stine",4,1.02
"pc2","4cpu-amd",0.85,"stine",2,1.02
"pc2","4cpu-amd",0.85,"stine",1,0.01
"pc2","4cpu-amd",0.85,"stine",4,1.02
"pc2","4cpu-amd",0.85,"stine",2,1.03
"pc2","4cpu-amd",0.85,"stine",3,1.03
"pc2","4cpu-amd",0.85,"stine",1,0.01
"pc2","4cpu-amd",0.85,"stine",2,1.01
"pc2","4cpu-amd",0.85,"stine",4,1
"pc2","4cpu-amd",0.85,"stine",3,1.04
"pc2","4cpu-amd",0.85,"stine",1,0.01
"pc2","4cpu-amd",0.85,"stine",3,1
"pc2","4cpu-amd",0.85,"stine",4,1
"pc2","4cpu-amd",0.85,"stine",2,1.02
"pc2","4cpu-amd",0.85,"stine",1,0.01
"pc2","4cpu-amd",0.85,"stine",4,1
"pc2","4cpu-amd",0.85,"stine",3,1.04
"pc2","4cpu-amd",0.85,"stine",2,1.04
"pc2","4cpu-amd",0.85,"stine",1,0.05
"pc2","4cpu-amd",0.85,"stine",2,1.02
"pc2","4cpu-amd",0.85,"stine",3,1
"pc2","4cpu-amd",0.85,"stine",4,1
"pc2","4cpu-amd",0.85,"stine",2,1.03
"pc2","4cpu-amd",0.85,"stine",3,1.06
"pc2","4cpu-amd",0.85,"stine",4,1.03
"pc2","4cpu-amd",0.85,"stine",3,0.98
"pc2","4cpu-amd",0.85,"stine",4,1.03
"pc2","4cpu-amd",0.85,"stine",2,1.03
"pc2","4cpu-amd",0.85,"stine",2,0.99
"pc2","4cpu-amd",0.85,"stine",3,0.99
"pc2","4cpu-amd",0.85,"stine",4,1.01
"pc2","4cpu-amd",0.85,"stine",1,0
"pc2","4cpu-amd",0.85,"stine",3,1.03
"pc2","4cpu-amd",0.85,"stine",2,1.03
"pc2","4cpu-amd",0.85,"stine",4,1.03
"pc2","4cpu-amd",0.85,"stine",3,1.01
"pc2","4cpu-amd",0.85,"stine",4,1.05
"pc2","4cpu-amd",0.85,"stine",2,1.05
"pc2","4cpu-amd",0.85,"stine",2,1.07
"pc2","4cpu-amd",0.85,"stine",3,1.08
"pc2","4cpu-amd",0.85,"stine",4,1.08
"pc2","4cpu-amd",0.85,"stine",1,1.2
"pc2","4cpu-amd",0.85,"stine",2,1.06
"pc2","4cpu-amd",0.85,"stine",3,1.06
"pc2","4cpu-amd",0.85,"stine",4,1.06
"pc2","4cpu-amd",0.85,"stine",1,1.2
"pc2","4cpu-amd",0.85,"stine",2,1.05
"pc2","4cpu-amd",0.85,"stine",3,1.06
"pc2","4cpu-amd",0.85,"stine",4,1.06
"pc2","4cpu-amd",0.85,"stine",1,1.14
"pc2","4cpu-amd",0.85,"stine",1,1.03
"pc2","4cpu-amd",0.85,"stine",3,1.08
"pc2","4cpu-amd",0.85,"stine",2,1.08
"pc2","4cpu-amd",0.85,"stine",4,1.06
"pc2","4cpu-amd",0.85,"stine",1,1.03
"pc2","4cpu-amd",0.85,"stine",3,1.05
"pc2","4cpu-amd",0.85,"stine",2,1.06
"pc2","4cpu-amd",0.85,"stine",4,1.07
"pc2","4cpu-amd",0.85,"stine",1,1.06
"pc2","4cpu-amd",0.85,"stine",3,1.06
"pc2","4cpu-amd",0.85,"stine",4,1.06
"pc2","4cpu-amd",0.85,"stine",2,1.06
"pc2","4cpu-amd",0.85,"stine",1,1.06
"pc2","4cpu-amd",0.85,"stine",2,1.07
"pc2","4cpu-amd",0.85,"stine",3,1.04
"pc2","4cpu-amd",0.85,"stine",4,1.04
"pc2","4cpu-amd",0.85,"stine",2,1.08
"pc2","4cpu-amd",0.85,"stine",1,1.08
"pc2","4cpu-amd",0.85,"stine",3,1.07
"pc2","4cpu-amd",0.85,"stine",4,1.09
"pc2","4cpu-amd",0.85,"stine",1,1.04
"pc2","4cpu-amd",0.85,"stine",2,1.06
"pc2","4cpu-amd",0.85,"stine",4,1.06
"pc2","4cpu-amd",0.85,"stine",3,1.08
"pc2","4cpu-amd",0.85,"stine",1,1.05
"pc2","4cpu-amd",0.85,"stine",3,1.05
"pc2","4cpu-amd",0.85,"stine",4,1.05
"pc2","4cpu-amd",0.85,"stine",2,1.08
"pc2","4cpu-amd",0.95,"stine",1,1.07
"pc2","4cpu-amd",0.95,"stine",2,1.06
"pc2","4cpu-amd",0.95,"stine",3,1.06
"pc2","4cpu-amd",0.95,"stine",4,1.05
"pc2","4cpu-amd",0.95,"stine",1,1.06
"pc2","4cpu-amd",0.95,"stine",4,1.08
"pc2","4cpu-amd",0.95,"stine",3,1.08
"pc2","4cpu-amd",0.95,"stine",2,1.09
"pc2","4cpu-amd",0.95,"stine",4,0.92
"pc2","4cpu-amd",0.95,"stine",2,0.92
"pc2","4cpu-amd",0.95,"stine",3,0.92
"pc2","4cpu-amd",0.95,"stine",1,0.99
"pc2","4cpu-amd",0.95,"stine",1,0.93
"pc2","4cpu-amd",0.95,"stine",4,0.88
"pc2","4cpu-amd",0.95,"stine",2,0.94
"pc2","4cpu-amd",0.95,"stine",3,0.93
"pc2","4cpu-amd",0.95,"stine",2,0.9
"pc2","4cpu-amd",0.95,"stine",3,0.91
"pc2","4cpu-amd",0.95,"stine",4,0.91
"pc2","4cpu-amd",0.95,"stine",1,0.94
"pc2","4cpu-amd",0.95,"stine",1,0.91
"pc2","4cpu-amd",0.95,"stine",2,0.91
"pc2","4cpu-amd",0.95,"stine",4,0.89
"pc2","4cpu-amd",0.95,"stine",3,0.91
"pc2","4cpu-amd",0.95,"stine",3,0.91
"pc2","4cpu-amd",0.95,"stine",1,0.91
"pc2","4cpu-amd",0.95,"stine",4,0.91
"pc2","4cpu-amd",0.95,"stine",2,0.91
"pc2","4cpu-amd",0.95,"stine",3,0.9
"pc2","4cpu-amd",0.95,"stine",1,0.92
"pc2","4cpu-amd",0.95,"stine",2,0.94
"pc2","4cpu-amd",0.95,"stine",4,0.94
"pc2","4cpu-amd",0.95,"stine",4,0.9
"pc2","4cpu-amd",0.95,"stine",3,0.9
"pc2","4cpu-amd",0.95,"stine",1,0.9
"pc2","4cpu-amd",0.95,"stine",2,0.91
"pc2","4cpu-amd",0.95,"stine",1,0.92
"pc2","4cpu-amd",0.95,"stine",2,0.92
"pc2","4cpu-amd",0.95,"stine",3,0.91
"pc2","4cpu-amd",0.95,"stine",4,0.91
"pc2","4cpu-amd",0.95,"stine",1,0.9
"pc2","4cpu-amd",0.95,"stine",3,0.9
"pc2","4cpu-amd",0.95,"stine",4,0.9
"pc2","4cpu-amd",0.95,"stine",2,0.9
"pc2","4cpu-amd",0.95,"stine",4,0.88
"pc2","4cpu-amd",0.95,"stine",3,0.89
"pc2","4cpu-amd",0.95,"stine",1,0.91
"pc2","4cpu-amd",0.95,"stine",2,0.91
"pc2","4cpu-amd",0.95,"stine",2,0.91
"pc2","4cpu-amd",0.95,"stine",1,0.91
"pc2","4cpu-amd",0.95,"stine",4,0.91
"pc2","4cpu-amd",0.95,"stine",3,0.91
"pc2","4cpu-amd",0.95,"stine",1,0.9
"pc2","4cpu-amd",0.95,"stine",4,0.9
"pc2","4cpu-amd",0.95,"stine",2,0.91
"pc2","4cpu-amd",0.95,"stine",3,0.91
"pc2","4cpu-amd",0.95,"stine",2,0.9
"pc2","4cpu-amd",0.95,"stine",1,0.9
"pc2","4cpu-amd",0.95,"stine",4,0.9
"pc2","4cpu-amd",0.95,"stine",3,0.9
"pc2","4cpu-amd",0.95,"stine",1,0.93
"pc2","4cpu-amd",0.95,"stine",2,0.93
"pc2","4cpu-amd",0.95,"stine",3,0.93
"pc2","4cpu-amd",0.95,"stine",4,0.92
"pc2","4cpu-amd",0.95,"stine",1,0.91
"pc2","4cpu-amd",0.95,"stine",3,0.91
"pc2","4cpu-amd",0.95,"stine",2,0.89
"pc2","4cpu-amd",0.95,"stine",4,0.92
"pc2","4cpu-amd",0.95,"stine",1,0.93
"pc2","4cpu-amd",0.95,"stine",2,0.93
"pc2","4cpu-amd",0.95,"stine",3,0.9
"pc2","4cpu-amd",0.95,"stine",4,0.91
"pc2","4cpu-amd",0.95,"stine",1,0.9
"pc2","4cpu-amd",0.95,"stine",2,0.92
"pc2","4cpu-amd",0.95,"stine",3,0.92
"pc2","4cpu-amd",0.95,"stine",4,0.92
"pc2","4cpu-amd",0.95,"stine",1,0.92
"pc2","4cpu-amd",0.95,"stine",3,0.92
"pc2","4cpu-amd",0.95,"stine",4,0.92
"pc2","4cpu-amd",0.95,"stine",2,0.95
"pc2","4cpu-amd",0.95,"stine",1,0.9
"pc2","4cpu-amd",0.95,"stine",2,0.9
"pc2","4cpu-amd",0.95,"stine",3,0.92
"pc2","4cpu-amd",0.95,"stine",4,0.92
"pc2","4cpu-amd",0.95,"stine",1,0.91
"pc2","4cpu-amd",0.95,"stine",2,0.91
"pc2","4cpu-amd",0.95,"stine",3,0.92
"pc2","4cpu-amd",0.95,"stine",4,0.93
"pc2","4cpu-amd",0.95,"stine",2,0.91
"pc2","4cpu-amd",0.95,"stine",1,0.9
"pc2","4cpu-amd",0.95,"stine",3,0.92
"pc2","4cpu-amd",0.95,"stine",4,0.92
"pc2","4cpu-amd",0.95,"stine",1,0.92
"pc2","4cpu-amd",0.95,"stine",2,0.92
"pc2","4cpu-amd",0.95,"stine",3,0.93
"pc2","4cpu-amd",0.95,"stine",4,0.93
"pc2","4cpu-amd",0.95,"stine",1,0.94
"pc2","4cpu-amd",0.95,"stine",4,0.93
"pc2","4cpu-amd",0.95,"stine",2,0.93
"pc2","4cpu-amd",0.95,"stine",3,0.93
"pc2","4cpu-amd",0.95,"stine",1,0.94
"pc2","4cpu-amd",0.95,"stine",3,0.92
"pc2","4cpu-amd",0.95,"stine",4,0.92
"pc2","4cpu-amd",0.95,"stine",2,0.92
"pc2","4cpu-amd",0.95,"stine",2,0.92
"pc2","4cpu-amd",0.95,"stine",1,0.92
"pc2","4cpu-amd",0.95,"stine",3,0.92
"pc2","4cpu-amd",0.95,"stine",4,0.92
"pc2","4cpu-amd",0.95,"stine",2,0.92
"pc2","4cpu-amd",0.95,"stine",1,0.96
"pc2","4cpu-amd",0.95,"stine",4,0.96
"pc2","4cpu-amd",0.95,"stine",3,0.95
"pc2","4cpu-amd",0.95,"stine",1,0.92
"pc2","4cpu-amd",0.95,"stine",2,0.92
"pc2","4cpu-amd",0.95,"stine",3,0.93
"pc2","4cpu-amd",0.95,"stine",4,0.93
"pc2","4cpu-amd",0.95,"stine",2,0.93
"pc2","4cpu-amd",0.95,"stine",4,0.9
"pc2","4cpu-amd",0.95,"stine",3,0.93
"pc2","4cpu-amd",0.95,"stine",1,0.99
"pc2","4cpu-amd",0.05,"locf",1,51.35
"pc2","4cpu-amd",0.05,"locf",2,52.34
"pc2","4cpu-amd",0.05,"locf",4,52.73
"pc2","4cpu-amd",0.05,"locf",3,54.24
"pc2","4cpu-amd",0.05,"locf",4,51.24
"pc2","4cpu-amd",0.05,"locf",1,52.66
"pc2","4cpu-amd",0.05,"locf",3,53.14
"pc2","4cpu-amd",0.05,"locf",2,53.65
"pc2","4cpu-amd",0.05,"locf",1,46.37
"pc2","4cpu-amd",0.05,"locf",3,48.13
"pc2","4cpu-amd",0.05,"locf",4,48.41
"pc2","4cpu-amd",0.05,"locf",2,49.45
"pc2","4cpu-amd",0.05,"locf",1,47.65
"pc2","4cpu-amd",0.05,"locf",3,47.79
"pc2","4cpu-amd",0.05,"locf",2,47.79
"pc2","4cpu-amd",0.05,"locf",4,49.95
"pc2","4cpu-amd",0.05,"locf",4,45.74
"pc2","4cpu-amd",0.05,"locf",3,48.45
"pc2","4cpu-amd",0.05,"locf",1,48.67
"pc2","4cpu-amd",0.05,"locf",2,49.75
"pc2","4cpu-amd",0.05,"locf",3,47.86
"pc2","4cpu-amd",0.05,"locf",1,48.08
"pc2","4cpu-amd",0.05,"locf",2,48.26
"pc2","4cpu-amd",0.05,"locf",4,49.95
"pc2","4cpu-amd",0.05,"locf",4,47.5
"pc2","4cpu-amd",0.05,"locf",2,47.76
"pc2","4cpu-amd",0.05,"locf",3,49.03
"pc2","4cpu-amd",0.05,"locf",1,49.17
"pc2","4cpu-amd",0.05,"locf",4,47.06
"pc2","4cpu-amd",0.05,"locf",2,47.47
"pc2","4cpu-amd",0.05,"locf",3,47.97
"pc2","4cpu-amd",0.05,"locf",1,49.38
"pc2","4cpu-amd",0.05,"locf",3,46.62
"pc2","4cpu-amd",0.05,"locf",1,47.77
"pc2","4cpu-amd",0.05,"locf",2,49.14
"pc2","4cpu-amd",0.05,"locf",4,49.61
"pc2","4cpu-amd",0.05,"locf",3,46.54
"pc2","4cpu-amd",0.05,"locf",2,47.55
"pc2","4cpu-amd",0.05,"locf",1,47.76
"pc2","4cpu-amd",0.05,"locf",4,48.23
"pc2","4cpu-amd",0.05,"locf",3,47.46
"pc2","4cpu-amd",0.05,"locf",4,48.65
"pc2","4cpu-amd",0.05,"locf",2,48.77
"pc2","4cpu-amd",0.05,"locf",1,49.18
"pc2","4cpu-amd",0.05,"locf",1,47.26
"pc2","4cpu-amd",0.05,"locf",4,47.54
"pc2","4cpu-amd",0.05,"locf",2,48.45
"pc2","4cpu-amd",0.05,"locf",3,48.54
"pc2","4cpu-amd",0.05,"locf",1,47.48
"pc2","4cpu-amd",0.05,"locf",2,47.87
"pc2","4cpu-amd",0.05,"locf",4,49.46
"pc2","4cpu-amd",0.05,"locf",3,50.07
"pc2","4cpu-amd",0.05,"locf",4,46.44
"pc2","4cpu-amd",0.05,"locf",2,48.75
"pc2","4cpu-amd",0.05,"locf",1,49.16
"pc2","4cpu-amd",0.05,"locf",3,49.74
"pc2","4cpu-amd",0.05,"locf",2,46.75
"pc2","4cpu-amd",0.05,"locf",4,47.34
"pc2","4cpu-amd",0.05,"locf",1,48.26
"pc2","4cpu-amd",0.05,"locf",3,48.34
"pc2","4cpu-amd",0.05,"locf",2,48.06
"pc2","4cpu-amd",0.05,"locf",4,49.06
"pc2","4cpu-amd",0.05,"locf",1,49.37
"pc2","4cpu-amd",0.05,"locf",3,50.36
"pc2","4cpu-amd",0.05,"locf",1,48.47
"pc2","4cpu-amd",0.05,"locf",2,48.77
"pc2","4cpu-amd",0.05,"locf",3,48.86
"pc2","4cpu-amd",0.05,"locf",4,49.25
"pc2","4cpu-amd",0.05,"locf",3,46.92
"pc2","4cpu-amd",0.05,"locf",2,47.46
"pc2","4cpu-amd",0.05,"locf",4,49.02
"pc2","4cpu-amd",0.05,"locf",1,49.67
"pc2","4cpu-amd",0.05,"locf",3,47.85
"pc2","4cpu-amd",0.05,"locf",4,47.85
"pc2","4cpu-amd",0.05,"locf",2,49.38
"pc2","4cpu-amd",0.05,"locf",1,49.89
"pc2","4cpu-amd",0.05,"locf",2,47.85
"pc2","4cpu-amd",0.05,"locf",3,49.14
"pc2","4cpu-amd",0.05,"locf",4,49.83
"pc2","4cpu-amd",0.05,"locf",1,50.06
"pc2","4cpu-amd",0.05,"locf",4,48.64
"pc2","4cpu-amd",0.05,"locf",2,48.76
"pc2","4cpu-amd",0.05,"locf",1,49.18
"pc2","4cpu-amd",0.05,"locf",3,49.66
"pc2","4cpu-amd",0.05,"locf",4,47.65
"pc2","4cpu-amd",0.05,"locf",2,48.06
"pc2","4cpu-amd",0.05,"locf",1,49.27
"pc2","4cpu-amd",0.05,"locf",3,49.45
"pc2","4cpu-amd",0.05,"locf",2,48.08
"pc2","4cpu-amd",0.05,"locf",1,48.79
"pc2","4cpu-amd",0.05,"locf",4,49.46
"pc2","4cpu-amd",0.05,"locf",3,49.77
"pc2","4cpu-amd",0.05,"locf",3,47.94
"pc2","4cpu-amd",0.05,"locf",2,48.66
"pc2","4cpu-amd",0.05,"locf",4,48.93
"pc2","4cpu-amd",0.05,"locf",1,50.36
"pc2","4cpu-amd",0.05,"locf",3,47.32
"pc2","4cpu-amd",0.05,"locf",2,47.83
"pc2","4cpu-amd",0.05,"locf",1,47.96
"pc2","4cpu-amd",0.05,"locf",4,48.7
"pc2","4cpu-amd",0.05,"locf",4,48.03
"pc2","4cpu-amd",0.05,"locf",2,48.64
"pc2","4cpu-amd",0.05,"locf",3,48.73
"pc2","4cpu-amd",0.05,"locf",1,50.45
"pc2","4cpu-amd",0.05,"locf",2,48.85
"pc2","4cpu-amd",0.05,"locf",3,48.98
"pc2","4cpu-amd",0.05,"locf",1,49.27
"pc2","4cpu-amd",0.05,"locf",4,49.29
"pc2","4cpu-amd",0.05,"locf",3,46.11
"pc2","4cpu-amd",0.05,"locf",1,46.76
"pc2","4cpu-amd",0.05,"locf",4,47.91
"pc2","4cpu-amd",0.05,"locf",2,48.13
"pc2","4cpu-amd",0.05,"locf",1,47.97
"pc2","4cpu-amd",0.05,"locf",2,49.66
"pc2","4cpu-amd",0.05,"locf",3,50.15
"pc2","4cpu-amd",0.05,"locf",4,50.24
"pc2","4cpu-amd",0.05,"locf",1,48.29
"pc2","4cpu-amd",0.05,"locf",3,49.27
"pc2","4cpu-amd",0.05,"locf",4,49.27
"pc2","4cpu-amd",0.05,"locf",2,49.88
"pc2","4cpu-amd",0.15,"locf",1,11.08
"pc2","4cpu-amd",0.15,"locf",3,11.17
"pc2","4cpu-amd",0.15,"locf",4,11.77
"pc2","4cpu-amd",0.15,"locf",2,13.18
"pc2","4cpu-amd",0.15,"locf",2,10.65
"pc2","4cpu-amd",0.15,"locf",3,10.92
"pc2","4cpu-amd",0.15,"locf",4,12.3
"pc2","4cpu-amd",0.15,"locf",2,9.67
"pc2","4cpu-amd",0.15,"locf",1,10.67
"pc2","4cpu-amd",0.15,"locf",4,10.67
"pc2","4cpu-amd",0.15,"locf",3,11.56
"pc2","4cpu-amd",0.15,"locf",1,9.86
"pc2","4cpu-amd",0.15,"locf",4,10.44
"pc2","4cpu-amd",0.15,"locf",2,10.55
"pc2","4cpu-amd",0.15,"locf",3,10.95
"pc2","4cpu-amd",0.15,"locf",4,9.74
"pc2","4cpu-amd",0.15,"locf",3,9.74
"pc2","4cpu-amd",0.15,"locf",1,10.24
"pc2","4cpu-amd",0.15,"locf",2,10.73
"pc2","4cpu-amd",0.15,"locf",3,10.06
"pc2","4cpu-amd",0.15,"locf",1,10.47
"pc2","4cpu-amd",0.15,"locf",4,10.55
"pc2","4cpu-amd",0.15,"locf",2,11.06
"pc2","4cpu-amd",0.15,"locf",2,9.55
"pc2","4cpu-amd",0.15,"locf",4,9.96
"pc2","4cpu-amd",0.15,"locf",1,10.46
"pc2","4cpu-amd",0.15,"locf",3,10.74
"pc2","4cpu-amd",0.15,"locf",2,9.95
"pc2","4cpu-amd",0.15,"locf",1,10.06
"pc2","4cpu-amd",0.15,"locf",3,10.25
"pc2","4cpu-amd",0.15,"locf",4,10.34
"pc2","4cpu-amd",0.15,"locf",2,9.88
"pc2","4cpu-amd",0.15,"locf",1,10.27
"pc2","4cpu-amd",0.15,"locf",3,10.57
"pc2","4cpu-amd",0.15,"locf",4,10.95
"pc2","4cpu-amd",0.15,"locf",4,10.16
"pc2","4cpu-amd",0.15,"locf",3,10.27
"pc2","4cpu-amd",0.15,"locf",2,10.37
"pc2","4cpu-amd",0.15,"locf",1,10.79
"pc2","4cpu-amd",0.15,"locf",4,9.05
"pc2","4cpu-amd",0.15,"locf",1,9.87
"pc2","4cpu-amd",0.15,"locf",2,10.06
"pc2","4cpu-amd",0.15,"locf",3,10.35
"pc2","4cpu-amd",0.15,"locf",2,9.96
"pc2","4cpu-amd",0.15,"locf",3,10.05
"pc2","4cpu-amd",0.15,"locf",4,10.24
"pc2","4cpu-amd",0.15,"locf",1,10.28
"pc2","4cpu-amd",0.15,"locf",3,9.84
"pc2","4cpu-amd",0.15,"locf",2,10.55
"pc2","4cpu-amd",0.15,"locf",4,10.55
"pc2","4cpu-amd",0.15,"locf",1,10.86
"pc2","4cpu-amd",0.15,"locf",1,9.57
"pc2","4cpu-amd",0.15,"locf",2,9.86
"pc2","4cpu-amd",0.15,"locf",4,10.03
"pc2","4cpu-amd",0.15,"locf",3,10.14
"pc2","4cpu-amd",0.15,"locf",1,9.78
"pc2","4cpu-amd",0.15,"locf",4,10.26
"pc2","4cpu-amd",0.15,"locf",3,10.36
"pc2","4cpu-amd",0.15,"locf",2,10.48
"pc2","4cpu-amd",0.15,"locf",4,9.92
"pc2","4cpu-amd",0.15,"locf",2,10.04
"pc2","4cpu-amd",0.15,"locf",1,10.36
"pc2","4cpu-amd",0.15,"locf",3,10.74
"pc2","4cpu-amd",0.15,"locf",2,10.77
"pc2","4cpu-amd",0.15,"locf",1,11.07
"pc2","4cpu-amd",0.15,"locf",3,11.08
"pc2","4cpu-amd",0.15,"locf",4,11.55
"pc2","4cpu-amd",0.15,"locf",1,9.9
"pc2","4cpu-amd",0.15,"locf",4,9.97
"pc2","4cpu-amd",0.15,"locf",2,10.29
"pc2","4cpu-amd",0.15,"locf",3,10.87
"pc2","4cpu-amd",0.15,"locf",3,9.95
"pc2","4cpu-amd",0.15,"locf",1,10.18
"pc2","4cpu-amd",0.15,"locf",4,10.44
"pc2","4cpu-amd",0.15,"locf",2,10.56
"pc2","4cpu-amd",0.15,"locf",3,9.57
"pc2","4cpu-amd",0.15,"locf",4,9.97
"pc2","4cpu-amd",0.15,"locf",1,10.99
"pc2","4cpu-amd",0.15,"locf",2,11.07
"pc2","4cpu-amd",0.15,"locf",1,10.69
"pc2","4cpu-amd",0.15,"locf",4,10.86
"pc2","4cpu-amd",0.15,"locf",3,11.36
"pc2","4cpu-amd",0.15,"locf",2,11.88
"pc2","4cpu-amd",0.15,"locf",2,9.96
"pc2","4cpu-amd",0.15,"locf",1,10.47
"pc2","4cpu-amd",0.15,"locf",3,10.85
"pc2","4cpu-amd",0.15,"locf",4,10.94
"pc2","4cpu-amd",0.15,"locf",3,9.87
"pc2","4cpu-amd",0.15,"locf",2,10.47
"pc2","4cpu-amd",0.15,"locf",1,10.68
"pc2","4cpu-amd",0.15,"locf",4,11.36
"pc2","4cpu-amd",0.15,"locf",4,10.27
"pc2","4cpu-amd",0.15,"locf",1,10.69
"pc2","4cpu-amd",0.15,"locf",3,10.87
"pc2","4cpu-amd",0.15,"locf",2,11.68
"pc2","4cpu-amd",0.15,"locf",1,10.17
"pc2","4cpu-amd",0.15,"locf",3,10.96
"pc2","4cpu-amd",0.15,"locf",2,11.46
"pc2","4cpu-amd",0.15,"locf",4,11.45
"pc2","4cpu-amd",0.15,"locf",4,10.25
"pc2","4cpu-amd",0.15,"locf",2,10.45
"pc2","4cpu-amd",0.15,"locf",3,10.74
"pc2","4cpu-amd",0.15,"locf",1,10.85
"pc2","4cpu-amd",0.15,"locf",4,10.27
"pc2","4cpu-amd",0.15,"locf",3,10.88
"pc2","4cpu-amd",0.15,"locf",2,10.98
"pc2","4cpu-amd",0.15,"locf",1,11.69
"pc2","4cpu-amd",0.15,"locf",2,9.86
"pc2","4cpu-amd",0.15,"locf",1,10.14
"pc2","4cpu-amd",0.15,"locf",3,10.14
"pc2","4cpu-amd",0.15,"locf",4,10.34
"pc2","4cpu-amd",0.15,"locf",1,10.58
"pc2","4cpu-amd",0.15,"locf",2,10.96
"pc2","4cpu-amd",0.15,"locf",3,11.55
"pc2","4cpu-amd",0.15,"locf",4,12.04
"pc2","4cpu-amd",0.15,"locf",4,11.04
"pc2","4cpu-amd",0.15,"locf",1,11.17
"pc2","4cpu-amd",0.15,"locf",3,11.34
"pc2","4cpu-amd",0.15,"locf",2,11.46
"pc2","4cpu-amd",0.25,"locf",4,4.97
"pc2","4cpu-amd",0.25,"locf",2,5.09
"pc2","4cpu-amd",0.25,"locf",1,5.33
"pc2","4cpu-amd",0.25,"locf",3,5.28
"pc2","4cpu-amd",0.25,"locf",2,4.98
"pc2","4cpu-amd",0.25,"locf",4,5.15
"pc2","4cpu-amd",0.25,"locf",1,5.38
"pc2","4cpu-amd",0.25,"locf",3,5.45
"pc2","4cpu-amd",0.25,"locf",4,4.38
"pc2","4cpu-amd",0.25,"locf",2,4.49
"pc2","4cpu-amd",0.25,"locf",1,4.6
"pc2","4cpu-amd",0.25,"locf",3,4.76
"pc2","4cpu-amd",0.25,"locf",1,4.48
"pc2","4cpu-amd",0.25,"locf",3,4.56
"pc2","4cpu-amd",0.25,"locf",2,4.56
"pc2","4cpu-amd",0.25,"locf",4,4.56
"pc2","4cpu-amd",0.25,"locf",1,4.59
"pc2","4cpu-amd",0.25,"locf",3,4.58
"pc2","4cpu-amd",0.25,"locf",4,4.75
"pc2","4cpu-amd",0.25,"locf",2,4.86
"pc2","4cpu-amd",0.25,"locf",4,4.37
"pc2","4cpu-amd",0.25,"locf",1,4.41
"pc2","4cpu-amd",0.25,"locf",3,4.47
"pc2","4cpu-amd",0.25,"locf",2,4.68
"pc2","4cpu-amd",0.25,"locf",4,4.47
"pc2","4cpu-amd",0.25,"locf",3,4.57
"pc2","4cpu-amd",0.25,"locf",2,4.7
"pc2","4cpu-amd",0.25,"locf",1,4.7
"pc2","4cpu-amd",0.25,"locf",2,4.49
"pc2","4cpu-amd",0.25,"locf",1,4.49
"pc2","4cpu-amd",0.25,"locf",3,4.58
"pc2","4cpu-amd",0.25,"locf",4,4.66
"pc2","4cpu-amd",0.25,"locf",1,4.5
"pc2","4cpu-amd",0.25,"locf",3,4.59
"pc2","4cpu-amd",0.25,"locf",2,4.68
"pc2","4cpu-amd",0.25,"locf",4,4.68
"pc2","4cpu-amd",0.25,"locf",3,4.34
"pc2","4cpu-amd",0.25,"locf",2,4.55
"pc2","4cpu-amd",0.25,"locf",1,4.64
"pc2","4cpu-amd",0.25,"locf",4,4.64
"pc2","4cpu-amd",0.25,"locf",1,4.47
"pc2","4cpu-amd",0.25,"locf",3,4.46
"pc2","4cpu-amd",0.25,"locf",2,4.67
"pc2","4cpu-amd",0.25,"locf",4,4.74
"pc2","4cpu-amd",0.25,"locf",4,4.64
"pc2","4cpu-amd",0.25,"locf",3,4.64
"pc2","4cpu-amd",0.25,"locf",2,4.66
"pc2","4cpu-amd",0.25,"locf",1,4.76
"pc2","4cpu-amd",0.25,"locf",3,4.36
"pc2","4cpu-amd",0.25,"locf",1,4.5
"pc2","4cpu-amd",0.25,"locf",2,4.5
"pc2","4cpu-amd",0.25,"locf",4,4.58
"pc2","4cpu-amd",0.25,"locf",2,4.57
"pc2","4cpu-amd",0.25,"locf",4,4.65
"pc2","4cpu-amd",0.25,"locf",1,4.76
"pc2","4cpu-amd",0.25,"locf",3,4.77
"pc2","4cpu-amd",0.25,"locf",4,4.55
"pc2","4cpu-amd",0.25,"locf",2,4.68
"pc2","4cpu-amd",0.25,"locf",1,4.78
"pc2","4cpu-amd",0.25,"locf",3,5.05
"pc2","4cpu-amd",0.25,"locf",3,4.45
"pc2","4cpu-amd",0.25,"locf",2,4.64
"pc2","4cpu-amd",0.25,"locf",1,4.64
"pc2","4cpu-amd",0.25,"locf",4,4.63
"pc2","4cpu-amd",0.25,"locf",3,4.69
"pc2","4cpu-amd",0.25,"locf",1,4.69
"pc2","4cpu-amd",0.25,"locf",4,4.74
"pc2","4cpu-amd",0.25,"locf",2,4.88
"pc2","4cpu-amd",0.25,"locf",2,4.47
"pc2","4cpu-amd",0.25,"locf",1,4.58
"pc2","4cpu-amd",0.25,"locf",3,4.65
"pc2","4cpu-amd",0.25,"locf",4,4.65
"pc2","4cpu-amd",0.25,"locf",1,4.48
"pc2","4cpu-amd",0.25,"locf",2,4.56
"pc2","4cpu-amd",0.25,"locf",4,4.66
"pc2","4cpu-amd",0.25,"locf",3,4.66
"pc2","4cpu-amd",0.25,"locf",1,4.48
"pc2","4cpu-amd",0.25,"locf",4,4.65
"pc2","4cpu-amd",0.25,"locf",2,4.78
"pc2","4cpu-amd",0.25,"locf",3,4.96
"pc2","4cpu-amd",0.25,"locf",4,4.36
"pc2","4cpu-amd",0.25,"locf",2,4.47
"pc2","4cpu-amd",0.25,"locf",1,4.59
"pc2","4cpu-amd",0.25,"locf",3,4.77
"pc2","4cpu-amd",0.25,"locf",4,4.44
"pc2","4cpu-amd",0.25,"locf",1,4.54
"pc2","4cpu-amd",0.25,"locf",2,4.54
"pc2","4cpu-amd",0.25,"locf",1,4.26
"pc2","4cpu-amd",0.25,"locf",4,4.54
"pc2","4cpu-amd",0.25,"locf",2,4.64
"pc2","4cpu-amd",0.25,"locf",3,4.64
"pc2","4cpu-amd",0.25,"locf",1,4.58
"pc2","4cpu-amd",0.25,"locf",2,4.67
"pc2","4cpu-amd",0.25,"locf",4,4.75
"pc2","4cpu-amd",0.25,"locf",3,4.86
"pc2","4cpu-amd",0.25,"locf",3,4.44
"pc2","4cpu-amd",0.25,"locf",4,4.55
"pc2","4cpu-amd",0.25,"locf",2,4.55
"pc2","4cpu-amd",0.25,"locf",1,4.75
"pc2","4cpu-amd",0.25,"locf",2,4.54
"pc2","4cpu-amd",0.25,"locf",4,4.54
"pc2","4cpu-amd",0.25,"locf",3,4.54
"pc2","4cpu-amd",0.25,"locf",1,4.84
"pc2","4cpu-amd",0.25,"locf",4,4.67
"pc2","4cpu-amd",0.25,"locf",1,4.67
"pc2","4cpu-amd",0.25,"locf",2,4.74
"pc2","4cpu-amd",0.25,"locf",3,4.83
"pc2","4cpu-amd",0.25,"locf",1,4.5
"pc2","4cpu-amd",0.25,"locf",4,4.66
"pc2","4cpu-amd",0.25,"locf",3,4.77
"pc2","4cpu-amd",0.25,"locf",2,4.87
"pc2","4cpu-amd",0.25,"locf",1,4.51
"pc2","4cpu-amd",0.25,"locf",4,4.67
"pc2","4cpu-amd",0.25,"locf",2,4.77
"pc2","4cpu-amd",0.25,"locf",3,4.87
"pc2","4cpu-amd",0.25,"locf",2,4.67
"pc2","4cpu-amd",0.25,"locf",4,4.66
"pc2","4cpu-amd",0.25,"locf",1,4.79
"pc2","4cpu-amd",0.25,"locf",3,4.95
"pc2","4cpu-amd",0.35,"locf",4,3.39
"pc2","4cpu-amd",0.35,"locf",2,3.43
"pc2","4cpu-amd",0.35,"locf",3,3.49
"pc2","4cpu-amd",0.35,"locf",1,3.53
"pc2","4cpu-amd",0.35,"locf",2,3.35
"pc2","4cpu-amd",0.35,"locf",4,3.37
"pc2","4cpu-amd",0.35,"locf",3,3.37
"pc2","4cpu-amd",0.35,"locf",1,3.47
"pc2","4cpu-amd",0.35,"locf",2,2.77
"pc2","4cpu-amd",0.35,"locf",4,2.85
"pc2","4cpu-amd",0.35,"locf",1,2.88
"pc2","4cpu-amd",0.35,"locf",3,2.95
"pc2","4cpu-amd",0.35,"locf",2,2.67
"pc2","4cpu-amd",0.35,"locf",3,2.86
"pc2","4cpu-amd",0.35,"locf",1,2.86
"pc2","4cpu-amd",0.35,"locf",4,2.86
"pc2","4cpu-amd",0.35,"locf",2,2.87
"pc2","4cpu-amd",0.35,"locf",4,2.87
"pc2","4cpu-amd",0.35,"locf",3,1.62
"pc2","4cpu-amd",0.35,"locf",1,3.02
"pc2","4cpu-amd",0.35,"locf",3,2.91
"pc2","4cpu-amd",0.35,"locf",4,2.97
"pc2","4cpu-amd",0.35,"locf",2,3.06
"pc2","4cpu-amd",0.35,"locf",1,3.06
"pc2","4cpu-amd",0.35,"locf",4,2.85
"pc2","4cpu-amd",0.35,"locf",3,2.85
"pc2","4cpu-amd",0.35,"locf",2,2.86
"pc2","4cpu-amd",0.35,"locf",1,2.96
"pc2","4cpu-amd",0.35,"locf",3,2.86
"pc2","4cpu-amd",0.35,"locf",2,2.89
"pc2","4cpu-amd",0.35,"locf",4,2.98
"pc2","4cpu-amd",0.35,"locf",1,2.98
"pc2","4cpu-amd",0.35,"locf",4,2.89
"pc2","4cpu-amd",0.35,"locf",1,2.89
"pc2","4cpu-amd",0.35,"locf",2,2.98
"pc2","4cpu-amd",0.35,"locf",3,2.98
"pc2","4cpu-amd",0.35,"locf",4,2.86
"pc2","4cpu-amd",0.35,"locf",1,2.97
"pc2","4cpu-amd",0.35,"locf",2,2.97
"pc2","4cpu-amd",0.35,"locf",3,3.03
"pc2","4cpu-amd",0.35,"locf",4,2.87
"pc2","4cpu-amd",0.35,"locf",2,2.92
"pc2","4cpu-amd",0.35,"locf",1,2.92
"pc2","4cpu-amd",0.35,"locf",3,3.07
"pc2","4cpu-amd",0.35,"locf",3,2.77
"pc2","4cpu-amd",0.35,"locf",1,2.89
"pc2","4cpu-amd",0.35,"locf",4,2.84
"pc2","4cpu-amd",0.35,"locf",2,2.96
"pc2","4cpu-amd",0.35,"locf",1,2.87
"pc2","4cpu-amd",0.35,"locf",2,2.92
"pc2","4cpu-amd",0.35,"locf",3,2.95
"pc2","4cpu-amd",0.35,"locf",4,3.13
"pc2","4cpu-amd",0.35,"locf",4,2.77
"pc2","4cpu-amd",0.35,"locf",2,2.77
"pc2","4cpu-amd",0.35,"locf",1,2.9
"pc2","4cpu-amd",0.35,"locf",3,3.05
"pc2","4cpu-amd",0.35,"locf",3,2.86
"pc2","4cpu-amd",0.35,"locf",1,2.88
"pc2","4cpu-amd",0.35,"locf",2,2.88
"pc2","4cpu-amd",0.35,"locf",4,2.95
"pc2","4cpu-amd",0.35,"locf",3,2.88
"pc2","4cpu-amd",0.35,"locf",4,2.97
"pc2","4cpu-amd",0.35,"locf",1,3
"pc2","4cpu-amd",0.35,"locf",2,3.08
"pc2","4cpu-amd",0.35,"locf",1,2.76
"pc2","4cpu-amd",0.35,"locf",3,2.76
"pc2","4cpu-amd",0.35,"locf",4,2.87
"pc2","4cpu-amd",0.35,"locf",2,3
"pc2","4cpu-amd",0.35,"locf",4,2.74
"pc2","4cpu-amd",0.35,"locf",2,2.92
"pc2","4cpu-amd",0.35,"locf",3,3.03
"pc2","4cpu-amd",0.35,"locf",1,3.07
"pc2","4cpu-amd",0.35,"locf",1,2.77
"pc2","4cpu-amd",0.35,"locf",2,2.95
"pc2","4cpu-amd",0.35,"locf",4,2.94
"pc2","4cpu-amd",0.35,"locf",3,2.94
"pc2","4cpu-amd",0.35,"locf",1,2.87
"pc2","4cpu-amd",0.35,"locf",2,2.96
"pc2","4cpu-amd",0.35,"locf",4,2.95
"pc2","4cpu-amd",0.35,"locf",3,3.05
"pc2","4cpu-amd",0.35,"locf",1,2.87
"pc2","4cpu-amd",0.35,"locf",2,2.93
"pc2","4cpu-amd",0.35,"locf",3,2.92
"pc2","4cpu-amd",0.35,"locf",4,2.92
"pc2","4cpu-amd",0.35,"locf",1,2.96
"pc2","4cpu-amd",0.35,"locf",4,2.96
"pc2","4cpu-amd",0.35,"locf",3,2.96
"pc2","4cpu-amd",0.35,"locf",2,3.07
"pc2","4cpu-amd",0.35,"locf",1,2.86
"pc2","4cpu-amd",0.35,"locf",2,2.89
"pc2","4cpu-amd",0.35,"locf",3,2.97
"pc2","4cpu-amd",0.35,"locf",4,3.05
"pc2","4cpu-amd",0.35,"locf",4,2.76
"pc2","4cpu-amd",0.35,"locf",3,2.86
"pc2","4cpu-amd",0.35,"locf",1,2.98
"pc2","4cpu-amd",0.35,"locf",2,2.98
"pc2","4cpu-amd",0.35,"locf",3,2.95
"pc2","4cpu-amd",0.35,"locf",2,2.96
"pc2","4cpu-amd",0.35,"locf",4,3.02
"pc2","4cpu-amd",0.35,"locf",1,3.15
"pc2","4cpu-amd",0.35,"locf",3,2.86
"pc2","4cpu-amd",0.35,"locf",4,2.87
"pc2","4cpu-amd",0.35,"locf",1,3
"pc2","4cpu-amd",0.35,"locf",2,3.09
"pc2","4cpu-amd",0.35,"locf",4,2.82
"pc2","4cpu-amd",0.35,"locf",1,2.96
"pc2","4cpu-amd",0.35,"locf",3,3.01
"pc2","4cpu-amd",0.35,"locf",2,3.05
"pc2","4cpu-amd",0.35,"locf",3,2.83
"pc2","4cpu-amd",0.35,"locf",4,2.94
"pc2","4cpu-amd",0.35,"locf",2,2.65
"pc2","4cpu-amd",0.35,"locf",1,3.06
"pc2","4cpu-amd",0.35,"locf",4,2.77
"pc2","4cpu-amd",0.35,"locf",2,2.97
"pc2","4cpu-amd",0.35,"locf",3,2.97
"pc2","4cpu-amd",0.35,"locf",1,3.06
"pc2","4cpu-amd",0.35,"locf",2,2.87
"pc2","4cpu-amd",0.35,"locf",4,2.96
"pc2","4cpu-amd",0.35,"locf",3,2.96
"pc2","4cpu-amd",0.35,"locf",1,3.07
"pc2","4cpu-amd",0.45,"locf",3,2.43
"pc2","4cpu-amd",0.45,"locf",4,2.47
"pc2","4cpu-amd",0.45,"locf",2,2.55
"pc2","4cpu-amd",0.45,"locf",1,2.59
"pc2","4cpu-amd",0.45,"locf",4,2.44
"pc2","4cpu-amd",0.45,"locf",3,2.44
"pc2","4cpu-amd",0.45,"locf",1,2.53
"pc2","4cpu-amd",0.45,"locf",2,2.71
"pc2","4cpu-amd",0.45,"locf",3,2.08
"pc2","4cpu-amd",0.45,"locf",4,2.08
"pc2","4cpu-amd",0.45,"locf",2,2.1
"pc2","4cpu-amd",0.45,"locf",1,2.2
"pc2","4cpu-amd",0.45,"locf",4,2.05
"pc2","4cpu-amd",0.45,"locf",3,2.07
"pc2","4cpu-amd",0.45,"locf",1,2.19
"pc2","4cpu-amd",0.45,"locf",2,2.16
"pc2","4cpu-amd",0.45,"locf",2,2.09
"pc2","4cpu-amd",0.45,"locf",4,2.13
"pc2","4cpu-amd",0.45,"locf",3,2.13
"pc2","4cpu-amd",0.45,"locf",1,2.16
"pc2","4cpu-amd",0.45,"locf",4,2.1
"pc2","4cpu-amd",0.45,"locf",3,2.1
"pc2","4cpu-amd",0.45,"locf",2,2.17
"pc2","4cpu-amd",0.45,"locf",1,2.18
"pc2","4cpu-amd",0.45,"locf",3,2.06
"pc2","4cpu-amd",0.45,"locf",4,2.06
"pc2","4cpu-amd",0.45,"locf",2,2.17
"pc2","4cpu-amd",0.45,"locf",1,2.2
"pc2","4cpu-amd",0.45,"locf",3,2.14
"pc2","4cpu-amd",0.45,"locf",1,2.14
"pc2","4cpu-amd",0.45,"locf",4,2.14
"pc2","4cpu-amd",0.45,"locf",2,2.17
"pc2","4cpu-amd",0.45,"locf",3,2.06
"pc2","4cpu-amd",0.45,"locf",4,2.12
"pc2","4cpu-amd",0.45,"locf",2,2.15
"pc2","4cpu-amd",0.45,"locf",1,2.18
"pc2","4cpu-amd",0.45,"locf",2,2.13
"pc2","4cpu-amd",0.45,"locf",3,2.15
"pc2","4cpu-amd",0.45,"locf",4,2.17
"pc2","4cpu-amd",0.45,"locf",1,2.17
"pc2","4cpu-amd",0.45,"locf",4,2.05
"pc2","4cpu-amd",0.45,"locf",3,2.15
"pc2","4cpu-amd",0.45,"locf",1,2.18
"pc2","4cpu-amd",0.45,"locf",2,2.18
"pc2","4cpu-amd",0.45,"locf",4,2.06
"pc2","4cpu-amd",0.45,"locf",1,2.16
"pc2","4cpu-amd",0.45,"locf",2,2.16
"pc2","4cpu-amd",0.45,"locf",3,2.16
"pc2","4cpu-amd",0.45,"locf",4,2.05
"pc2","4cpu-amd",0.45,"locf",2,2.19
"pc2","4cpu-amd",0.45,"locf",1,2.19
"pc2","4cpu-amd",0.45,"locf",3,2.19
"pc2","4cpu-amd",0.45,"locf",3,2.05
"pc2","4cpu-amd",0.45,"locf",1,2.14
"pc2","4cpu-amd",0.45,"locf",2,2.14
"pc2","4cpu-amd",0.45,"locf",4,2.15
"pc2","4cpu-amd",0.45,"locf",3,2.07
"pc2","4cpu-amd",0.45,"locf",1,2.15
"pc2","4cpu-amd",0.45,"locf",4,2.13
"pc2","4cpu-amd",0.45,"locf",2,2.16
"pc2","4cpu-amd",0.45,"locf",3,2.1
"pc2","4cpu-amd",0.45,"locf",1,2.1
"pc2","4cpu-amd",0.45,"locf",4,2.18
"pc2","4cpu-amd",0.45,"locf",2,2.18
"pc2","4cpu-amd",0.45,"locf",1,2.07
"pc2","4cpu-amd",0.45,"locf",2,2.14
"pc2","4cpu-amd",0.45,"locf",4,2.13
"pc2","4cpu-amd",0.45,"locf",3,2.15
"pc2","4cpu-amd",0.45,"locf",1,2.08
"pc2","4cpu-amd",0.45,"locf",2,2.16
"pc2","4cpu-amd",0.45,"locf",3,2.16
"pc2","4cpu-amd",0.45,"locf",4,2.16
"pc2","4cpu-amd",0.45,"locf",4,2.1
"pc2","4cpu-amd",0.45,"locf",1,2.1
"pc2","4cpu-amd",0.45,"locf",2,2.19
"pc2","4cpu-amd",0.45,"locf",3,2.26
"pc2","4cpu-amd",0.45,"locf",1,2.1
"pc2","4cpu-amd",0.45,"locf",4,2.11
"pc2","4cpu-amd",0.45,"locf",2,2.11
"pc2","4cpu-amd",0.45,"locf",3,2.17
"pc2","4cpu-amd",0.45,"locf",1,2.1
"pc2","4cpu-amd",0.45,"locf",2,2.1
"pc2","4cpu-amd",0.45,"locf",4,2.08
"pc2","4cpu-amd",0.45,"locf",3,2.2
"pc2","4cpu-amd",0.45,"locf",1,2.08
"pc2","4cpu-amd",0.45,"locf",2,2.08
"pc2","4cpu-amd",0.45,"locf",3,2.17
"pc2","4cpu-amd",0.45,"locf",4,2.17
"pc2","4cpu-amd",0.45,"locf",1,2.08
"pc2","4cpu-amd",0.45,"locf",2,2.13
"pc2","4cpu-amd",0.45,"locf",4,2.21
"pc2","4cpu-amd",0.45,"locf",3,2.22
"pc2","4cpu-amd",0.45,"locf",1,2.12
"pc2","4cpu-amd",0.45,"locf",2,2.1
"pc2","4cpu-amd",0.45,"locf",4,2.13
"pc2","4cpu-amd",0.45,"locf",3,2.22
"pc2","4cpu-amd",0.45,"locf",2,2.1
"pc2","4cpu-amd",0.45,"locf",4,2.1
"pc2","4cpu-amd",0.45,"locf",1,2.19
"pc2","4cpu-amd",0.45,"locf",3,2.18
"pc2","4cpu-amd",0.45,"locf",2,2.08
"pc2","4cpu-amd",0.45,"locf",4,2.14
"pc2","4cpu-amd",0.45,"locf",3,2.16
"pc2","4cpu-amd",0.45,"locf",1,2.27
"pc2","4cpu-amd",0.45,"locf",2,2.15
"pc2","4cpu-amd",0.45,"locf",3,2.19
"pc2","4cpu-amd",0.45,"locf",1,2.19
"pc2","4cpu-amd",0.45,"locf",4,2.19
"pc2","4cpu-amd",0.45,"locf",2,2.09
"pc2","4cpu-amd",0.45,"locf",4,2.19
"pc2","4cpu-amd",0.45,"locf",3,2.19
"pc2","4cpu-amd",0.45,"locf",1,2.31
"pc2","4cpu-amd",0.45,"locf",3,2.09
"pc2","4cpu-amd",0.45,"locf",2,2.09
"pc2","4cpu-amd",0.45,"locf",4,2.11
"pc2","4cpu-amd",0.45,"locf",1,2.27
"pc2","4cpu-amd",0.45,"locf",4,2.07
"pc2","4cpu-amd",0.45,"locf",3,2.14
"pc2","4cpu-amd",0.45,"locf",2,2.18
"pc2","4cpu-amd",0.45,"locf",1,2.18
"pc2","4cpu-amd",0.55,"locf",4,1.95
"pc2","4cpu-amd",0.55,"locf",1,1.95
"pc2","4cpu-amd",0.55,"locf",3,1.95
"pc2","4cpu-amd",0.55,"locf",2,2.03
"pc2","4cpu-amd",0.55,"locf",1,1.93
"pc2","4cpu-amd",0.55,"locf",3,1.96
"pc2","4cpu-amd",0.55,"locf",4,1.95
"pc2","4cpu-amd",0.55,"locf",2,1.99
"pc2","4cpu-amd",0.55,"locf",1,1.61
"pc2","4cpu-amd",0.55,"locf",3,1.66
"pc2","4cpu-amd",0.55,"locf",4,1.67
"pc2","4cpu-amd",0.55,"locf",2,1.79
"pc2","4cpu-amd",0.55,"locf",3,1.7
"pc2","4cpu-amd",0.55,"locf",1,1.69
"pc2","4cpu-amd",0.55,"locf",2,1.7
"pc2","4cpu-amd",0.55,"locf",4,1.75
"pc2","4cpu-amd",0.55,"locf",2,1.61
"pc2","4cpu-amd",0.55,"locf",1,1.69
"pc2","4cpu-amd",0.55,"locf",4,1.68
"pc2","4cpu-amd",0.55,"locf",3,1.68
"pc2","4cpu-amd",0.55,"locf",2,1.68
"pc2","4cpu-amd",0.55,"locf",3,1.68
"pc2","4cpu-amd",0.55,"locf",4,1.68
"pc2","4cpu-amd",0.55,"locf",1,1.68
"pc2","4cpu-amd",0.55,"locf",4,1.64
"pc2","4cpu-amd",0.55,"locf",2,1.64
"pc2","4cpu-amd",0.55,"locf",3,1.7
"pc2","4cpu-amd",0.55,"locf",1,1.73
"pc2","4cpu-amd",0.55,"locf",1,1.66
"pc2","4cpu-amd",0.55,"locf",4,1.68
"pc2","4cpu-amd",0.55,"locf",2,1.67
"pc2","4cpu-amd",0.55,"locf",3,1.67
"pc2","4cpu-amd",0.55,"locf",2,1.58
"pc2","4cpu-amd",0.55,"locf",3,1.67
"pc2","4cpu-amd",0.55,"locf",4,1.67
"pc2","4cpu-amd",0.55,"locf",1,1.73
"pc2","4cpu-amd",0.55,"locf",1,1.64
"pc2","4cpu-amd",0.55,"locf",2,1.62
"pc2","4cpu-amd",0.55,"locf",4,1.62
"pc2","4cpu-amd",0.55,"locf",3,1.68
"pc2","4cpu-amd",0.55,"locf",2,1.62
"pc2","4cpu-amd",0.55,"locf",1,1.63
"pc2","4cpu-amd",0.55,"locf",3,1.66
"pc2","4cpu-amd",0.55,"locf",4,1.66
"pc2","4cpu-amd",0.55,"locf",4,1.59
"pc2","4cpu-amd",0.55,"locf",2,1.62
"pc2","4cpu-amd",0.55,"locf",1,1.71
"pc2","4cpu-amd",0.55,"locf",3,1.71
"pc2","4cpu-amd",0.55,"locf",3,1.65
"pc2","4cpu-amd",0.55,"locf",2,1.67
"pc2","4cpu-amd",0.55,"locf",4,1.74
"pc2","4cpu-amd",0.55,"locf",1,1.74
"pc2","4cpu-amd",0.55,"locf",3,1.66
"pc2","4cpu-amd",0.55,"locf",4,1.68
"pc2","4cpu-amd",0.55,"locf",2,1.68
"pc2","4cpu-amd",0.55,"locf",1,1.72
"pc2","4cpu-amd",0.55,"locf",2,1.65
"pc2","4cpu-amd",0.55,"locf",3,1.65
"pc2","4cpu-amd",0.55,"locf",4,1.65
"pc2","4cpu-amd",0.55,"locf",1,1.67
"pc2","4cpu-amd",0.55,"locf",3,1.67
"pc2","4cpu-amd",0.55,"locf",1,1.74
"pc2","4cpu-amd",0.55,"locf",2,1.73
"pc2","4cpu-amd",0.55,"locf",4,1.73
"pc2","4cpu-amd",0.55,"locf",4,1.68
"pc2","4cpu-amd",0.55,"locf",3,1.68
"pc2","4cpu-amd",0.55,"locf",1,1.7
"pc2","4cpu-amd",0.55,"locf",2,1.7
"pc2","4cpu-amd",0.55,"locf",1,1.65
"pc2","4cpu-amd",0.55,"locf",4,1.66
"pc2","4cpu-amd",0.55,"locf",3,1.66
"pc2","4cpu-amd",0.55,"locf",2,1.66
"pc2","4cpu-amd",0.55,"locf",3,1.63
"pc2","4cpu-amd",0.55,"locf",2,1.66
"pc2","4cpu-amd",0.55,"locf",4,1.71
"pc2","4cpu-amd",0.55,"locf",1,1.76
"pc2","4cpu-amd",0.55,"locf",3,1.69
"pc2","4cpu-amd",0.55,"locf",2,1.69
"pc2","4cpu-amd",0.55,"locf",4,1.68
"pc2","4cpu-amd",0.55,"locf",1,1.77
"pc2","4cpu-amd",0.55,"locf",1,1.7
"pc2","4cpu-amd",0.55,"locf",2,1.74
"pc2","4cpu-amd",0.55,"locf",3,1.72
"pc2","4cpu-amd",0.55,"locf",4,1.1
"pc2","4cpu-amd",0.55,"locf",1,1.68
"pc2","4cpu-amd",0.55,"locf",4,1.71
"pc2","4cpu-amd",0.55,"locf",3,1.74
"pc2","4cpu-amd",0.55,"locf",2,1.74
"pc2","4cpu-amd",0.55,"locf",1,1.67
"pc2","4cpu-amd",0.55,"locf",2,1.1
"pc2","4cpu-amd",0.55,"locf",4,1.74
"pc2","4cpu-amd",0.55,"locf",3,1.75
"pc2","4cpu-amd",0.55,"locf",1,1.68
"pc2","4cpu-amd",0.55,"locf",4,1.67
"pc2","4cpu-amd",0.55,"locf",3,1.69
"pc2","4cpu-amd",0.55,"locf",2,1.75
"pc2","4cpu-amd",0.55,"locf",4,1.61
"pc2","4cpu-amd",0.55,"locf",3,1.13
"pc2","4cpu-amd",0.55,"locf",1,1.7
"pc2","4cpu-amd",0.55,"locf",2,1.7
"pc2","4cpu-amd",0.55,"locf",3,1.66
"pc2","4cpu-amd",0.55,"locf",4,1.67
"pc2","4cpu-amd",0.55,"locf",2,1.75
"pc2","4cpu-amd",0.55,"locf",1,1.77
"pc2","4cpu-amd",0.55,"locf",1,1.7
"pc2","4cpu-amd",0.55,"locf",2,1.7
"pc2","4cpu-amd",0.55,"locf",4,1.73
"pc2","4cpu-amd",0.55,"locf",3,1.75
"pc2","4cpu-amd",0.55,"locf",3,1.69
"pc2","4cpu-amd",0.55,"locf",1,1.69
"pc2","4cpu-amd",0.55,"locf",4,1.76
"pc2","4cpu-amd",0.55,"locf",2,1.76
"pc2","4cpu-amd",0.55,"locf",1,1.7
"pc2","4cpu-amd",0.55,"locf",3,1.68
"pc2","4cpu-amd",0.55,"locf",4,1.68
"pc2","4cpu-amd",0.55,"locf",2,1.75
"pc2","4cpu-amd",0.55,"locf",3,1.6
"pc2","4cpu-amd",0.55,"locf",4,1.71
"pc2","4cpu-amd",0.55,"locf",2,1.71
"pc2","4cpu-amd",0.55,"locf",1,1.71
"pc2","4cpu-amd",0.65,"locf",1,0.02
"pc2","4cpu-amd",0.65,"locf",4,1.52
"pc2","4cpu-amd",0.65,"locf",3,1.52
"pc2","4cpu-amd",0.65,"locf",2,1.52
"pc2","4cpu-amd",0.65,"locf",1,1.59
"pc2","4cpu-amd",0.65,"locf",2,1.59
"pc2","4cpu-amd",0.65,"locf",4,1.59
"pc2","4cpu-amd",0.65,"locf",3,1.67
"pc2","4cpu-amd",0.65,"locf",3,1.37
"pc2","4cpu-amd",0.65,"locf",4,1.39
"pc2","4cpu-amd",0.65,"locf",2,1.39
"pc2","4cpu-amd",0.65,"locf",1,1.6
"pc2","4cpu-amd",0.65,"locf",3,1.36
"pc2","4cpu-amd",0.65,"locf",2,1.38
"pc2","4cpu-amd",0.65,"locf",4,1.38
"pc2","4cpu-amd",0.65,"locf",1,1.57
"pc2","4cpu-amd",0.65,"locf",4,1.35
"pc2","4cpu-amd",0.65,"locf",2,1.39
"pc2","4cpu-amd",0.65,"locf",3,1.39
"pc2","4cpu-amd",0.65,"locf",1,1.43
"pc2","4cpu-amd",0.65,"locf",3,1.32
"pc2","4cpu-amd",0.65,"locf",4,1.38
"pc2","4cpu-amd",0.65,"locf",1,1.41
"pc2","4cpu-amd",0.65,"locf",2,1.41
"pc2","4cpu-amd",0.65,"locf",3,1.38
"pc2","4cpu-amd",0.65,"locf",4,1.44
"pc2","4cpu-amd",0.65,"locf",2,1.44
"pc2","4cpu-amd",0.65,"locf",1,1.48
"pc2","4cpu-amd",0.65,"locf",2,1.36
"pc2","4cpu-amd",0.65,"locf",1,1.4
"pc2","4cpu-amd",0.65,"locf",4,1.44
"pc2","4cpu-amd",0.65,"locf",3,1.44
"pc2","4cpu-amd",0.65,"locf",3,1.37
"pc2","4cpu-amd",0.65,"locf",1,1.37
"pc2","4cpu-amd",0.65,"locf",4,1.4
"pc2","4cpu-amd",0.65,"locf",2,1.4
"pc2","4cpu-amd",0.65,"locf",1,1.38
"pc2","4cpu-amd",0.65,"locf",2,1.39
"pc2","4cpu-amd",0.65,"locf",3,1.42
"pc2","4cpu-amd",0.65,"locf",4,1.43
"pc2","4cpu-amd",0.65,"locf",1,1.34
"pc2","4cpu-amd",0.65,"locf",3,1.39
"pc2","4cpu-amd",0.65,"locf",4,1.4
"pc2","4cpu-amd",0.65,"locf",2,1.4
"pc2","4cpu-amd",0.65,"locf",1,1.39
"pc2","4cpu-amd",0.65,"locf",3,1.4
"pc2","4cpu-amd",0.65,"locf",4,1.4
"pc2","4cpu-amd",0.65,"locf",2,1.4
"pc2","4cpu-amd",0.65,"locf",4,1.35
"pc2","4cpu-amd",0.65,"locf",3,1.41
"pc2","4cpu-amd",0.65,"locf",1,1.43
"pc2","4cpu-amd",0.65,"locf",2,1.42
"pc2","4cpu-amd",0.65,"locf",4,1.35
"pc2","4cpu-amd",0.65,"locf",3,1.37
"pc2","4cpu-amd",0.65,"locf",1,1.39
"pc2","4cpu-amd",0.65,"locf",2,1.39
"pc2","4cpu-amd",0.65,"locf",4,1.36
"pc2","4cpu-amd",0.65,"locf",1,1.37
"pc2","4cpu-amd",0.65,"locf",3,1.37
"pc2","4cpu-amd",0.65,"locf",2,1.43
"pc2","4cpu-amd",0.65,"locf",2,1.33
"pc2","4cpu-amd",0.65,"locf",4,1.33
"pc2","4cpu-amd",0.65,"locf",3,1.38
"pc2","4cpu-amd",0.65,"locf",1,1.4
"pc2","4cpu-amd",0.65,"locf",1,1.32
"pc2","4cpu-amd",0.65,"locf",3,1.39
"pc2","4cpu-amd",0.65,"locf",2,1.39
"pc2","4cpu-amd",0.65,"locf",4,1.38
"pc2","4cpu-amd",0.65,"locf",2,1.37
"pc2","4cpu-amd",0.65,"locf",1,1.4
"pc2","4cpu-amd",0.65,"locf",3,1.38
"pc2","4cpu-amd",0.65,"locf",4,1.43
"pc2","4cpu-amd",0.65,"locf",2,1.32
"pc2","4cpu-amd",0.65,"locf",3,1.39
"pc2","4cpu-amd",0.65,"locf",1,1.41
"pc2","4cpu-amd",0.65,"locf",4,1.39
"pc2","4cpu-amd",0.65,"locf",1,1.37
"pc2","4cpu-amd",0.65,"locf",2,1.38
"pc2","4cpu-amd",0.65,"locf",4,1.45
"pc2","4cpu-amd",0.65,"locf",3,1.46
"pc2","4cpu-amd",0.65,"locf",1,1.39
"pc2","4cpu-amd",0.65,"locf",2,1.4
"pc2","4cpu-amd",0.65,"locf",3,1.44
"pc2","4cpu-amd",0.65,"locf",4,1.44
"pc2","4cpu-amd",0.65,"locf",1,1.39
"pc2","4cpu-amd",0.65,"locf",2,1.39
"pc2","4cpu-amd",0.65,"locf",3,1.41
"pc2","4cpu-amd",0.65,"locf",4,1.41
"pc2","4cpu-amd",0.65,"locf",1,1.39
"pc2","4cpu-amd",0.65,"locf",4,1.38
"pc2","4cpu-amd",0.65,"locf",2,1.43
"pc2","4cpu-amd",0.65,"locf",3,1.43
"pc2","4cpu-amd",0.65,"locf",1,1.39
"pc2","4cpu-amd",0.65,"locf",2,1.39
"pc2","4cpu-amd",0.65,"locf",4,1.41
"pc2","4cpu-amd",0.65,"locf",3,1.41
"pc2","4cpu-amd",0.65,"locf",1,1.38
"pc2","4cpu-amd",0.65,"locf",2,1.42
"pc2","4cpu-amd",0.65,"locf",3,1.42
"pc2","4cpu-amd",0.65,"locf",4,1.42
"pc2","4cpu-amd",0.65,"locf",4,1.39
"pc2","4cpu-amd",0.65,"locf",3,1.39
"pc2","4cpu-amd",0.65,"locf",2,1.42
"pc2","4cpu-amd",0.65,"locf",1,1.42
"pc2","4cpu-amd",0.65,"locf",2,1.42
"pc2","4cpu-amd",0.65,"locf",3,1.43
"pc2","4cpu-amd",0.65,"locf",1,1.45
"pc2","4cpu-amd",0.65,"locf",4,1.44
"pc2","4cpu-amd",0.65,"locf",1,1.39
"pc2","4cpu-amd",0.65,"locf",3,1.43
"pc2","4cpu-amd",0.65,"locf",2,1.46
"pc2","4cpu-amd",0.65,"locf",4,1.45
"pc2","4cpu-amd",0.65,"locf",3,1.39
"pc2","4cpu-amd",0.65,"locf",2,1.39
"pc2","4cpu-amd",0.65,"locf",1,1.41
"pc2","4cpu-amd",0.65,"locf",4,1.45
"pc2","4cpu-amd",0.65,"locf",3,1.43
"pc2","4cpu-amd",0.65,"locf",4,1.46
"pc2","4cpu-amd",0.65,"locf",1,1.46
"pc2","4cpu-amd",0.65,"locf",2,1.46
"pc2","4cpu-amd",0.75,"locf",3,1.36
"pc2","4cpu-amd",0.75,"locf",1,1.39
"pc2","4cpu-amd",0.75,"locf",4,1.38
"pc2","4cpu-amd",0.75,"locf",2,1.41
"pc2","4cpu-amd",0.75,"locf",4,1.4
"pc2","4cpu-amd",0.75,"locf",3,1.41
"pc2","4cpu-amd",0.75,"locf",1,1.48
"pc2","4cpu-amd",0.75,"locf",2,1.49
"pc2","4cpu-amd",0.75,"locf",1,1.18
"pc2","4cpu-amd",0.75,"locf",2,1.18
"pc2","4cpu-amd",0.75,"locf",4,1.18
"pc2","4cpu-amd",0.75,"locf",3,1.19
"pc2","4cpu-amd",0.75,"locf",4,1.13
"pc2","4cpu-amd",0.75,"locf",3,1.15
"pc2","4cpu-amd",0.75,"locf",2,1.17
"pc2","4cpu-amd",0.75,"locf",1,1.21
"pc2","4cpu-amd",0.75,"locf",1,1.13
"pc2","4cpu-amd",0.75,"locf",3,1.13
"pc2","4cpu-amd",0.75,"locf",4,1.16
"pc2","4cpu-amd",0.75,"locf",2,1.2
"pc2","4cpu-amd",0.75,"locf",2,1.18
"pc2","4cpu-amd",0.75,"locf",1,1.19
"pc2","4cpu-amd",0.75,"locf",3,1.19
"pc2","4cpu-amd",0.75,"locf",4,1.19
"pc2","4cpu-amd",0.75,"locf",3,1.16
"pc2","4cpu-amd",0.75,"locf",4,1.16
"pc2","4cpu-amd",0.75,"locf",2,1.2
"pc2","4cpu-amd",0.75,"locf",1,1.22
"pc2","4cpu-amd",0.75,"locf",1,1.18
"pc2","4cpu-amd",0.75,"locf",2,1.15
"pc2","4cpu-amd",0.75,"locf",4,1.15
"pc2","4cpu-amd",0.75,"locf",3,1.15
"pc2","4cpu-amd",0.75,"locf",3,1.16
"pc2","4cpu-amd",0.75,"locf",4,1.16
"pc2","4cpu-amd",0.75,"locf",2,1.18
"pc2","4cpu-amd",0.75,"locf",1,1.22
"pc2","4cpu-amd",0.75,"locf",4,1.15
"pc2","4cpu-amd",0.75,"locf",3,1.21
"pc2","4cpu-amd",0.75,"locf",2,1.21
"pc2","4cpu-amd",0.75,"locf",1,1.21
"pc2","4cpu-amd",0.75,"locf",1,1.17
"pc2","4cpu-amd",0.75,"locf",2,1.16
"pc2","4cpu-amd",0.75,"locf",4,1.17
"pc2","4cpu-amd",0.75,"locf",3,1.2
"pc2","4cpu-amd",0.75,"locf",2,1.18
"pc2","4cpu-amd",0.75,"locf",1,1.2
"pc2","4cpu-amd",0.75,"locf",3,1.19
"pc2","4cpu-amd",0.75,"locf",4,1.25
"pc2","4cpu-amd",0.75,"locf",3,1.15
"pc2","4cpu-amd",0.75,"locf",1,1.19
"pc2","4cpu-amd",0.75,"locf",4,1.18
"pc2","4cpu-amd",0.75,"locf",2,1.18
"pc2","4cpu-amd",0.75,"locf",2,1.18
"pc2","4cpu-amd",0.75,"locf",3,1.19
"pc2","4cpu-amd",0.75,"locf",4,1.19
"pc2","4cpu-amd",0.75,"locf",1,1.23
"pc2","4cpu-amd",0.75,"locf",2,1.16
"pc2","4cpu-amd",0.75,"locf",4,1.18
"pc2","4cpu-amd",0.75,"locf",1,1.18
"pc2","4cpu-amd",0.75,"locf",3,1.18
"pc2","4cpu-amd",0.75,"locf",3,1.14
"pc2","4cpu-amd",0.75,"locf",1,1.21
"pc2","4cpu-amd",0.75,"locf",2,1.21
"pc2","4cpu-amd",0.75,"locf",4,1.19
"pc2","4cpu-amd",0.75,"locf",4,1.18
"pc2","4cpu-amd",0.75,"locf",1,1.18
"pc2","4cpu-amd",0.75,"locf",3,1.18
"pc2","4cpu-amd",0.75,"locf",2,1.18
"pc2","4cpu-amd",0.75,"locf",2,1.18
"pc2","4cpu-amd",0.75,"locf",1,1.19
"pc2","4cpu-amd",0.75,"locf",3,1.19
"pc2","4cpu-amd",0.75,"locf",4,1.21
"pc2","4cpu-amd",0.75,"locf",1,1.2
"pc2","4cpu-amd",0.75,"locf",2,1.2
"pc2","4cpu-amd",0.75,"locf",4,1.19
"pc2","4cpu-amd",0.75,"locf",3,1.22
"pc2","4cpu-amd",0.75,"locf",2,1.16
"pc2","4cpu-amd",0.75,"locf",4,1.16
"pc2","4cpu-amd",0.75,"locf",3,1.21
"pc2","4cpu-amd",0.75,"locf",1,1.23
"pc2","4cpu-amd",0.75,"locf",1,1.17
"pc2","4cpu-amd",0.75,"locf",2,1.18
"pc2","4cpu-amd",0.75,"locf",4,1.18
"pc2","4cpu-amd",0.75,"locf",3,1.21
"pc2","4cpu-amd",0.75,"locf",1,1.18
"pc2","4cpu-amd",0.75,"locf",2,1.2
"pc2","4cpu-amd",0.75,"locf",3,1.2
"pc2","4cpu-amd",0.75,"locf",4,1.18
"pc2","4cpu-amd",0.75,"locf",1,1.19
"pc2","4cpu-amd",0.75,"locf",4,1.19
"pc2","4cpu-amd",0.75,"locf",3,1.19
"pc2","4cpu-amd",0.75,"locf",2,1.24
"pc2","4cpu-amd",0.75,"locf",1,1.21
"pc2","4cpu-amd",0.75,"locf",2,1.23
"pc2","4cpu-amd",0.75,"locf",4,1.19
"pc2","4cpu-amd",0.75,"locf",3,1.2
"pc2","4cpu-amd",0.75,"locf",2,1.18
"pc2","4cpu-amd",0.75,"locf",3,1.18
"pc2","4cpu-amd",0.75,"locf",1,1.21
"pc2","4cpu-amd",0.75,"locf",4,1.18
"pc2","4cpu-amd",0.75,"locf",2,1.19
"pc2","4cpu-amd",0.75,"locf",4,1.19
"pc2","4cpu-amd",0.75,"locf",3,1.22
"pc2","4cpu-amd",0.75,"locf",1,1.24
"pc2","4cpu-amd",0.75,"locf",4,1.17
"pc2","4cpu-amd",0.75,"locf",1,1.21
"pc2","4cpu-amd",0.75,"locf",2,1.24
"pc2","4cpu-amd",0.75,"locf",3,1.23
"pc2","4cpu-amd",0.75,"locf",2,1.14
"pc2","4cpu-amd",0.75,"locf",3,1.18
"pc2","4cpu-amd",0.75,"locf",1,1.21
"pc2","4cpu-amd",0.75,"locf",4,1.22
"pc2","4cpu-amd",0.75,"locf",4,1.14
"pc2","4cpu-amd",0.75,"locf",3,1.18
"pc2","4cpu-amd",0.75,"locf",1,1.22
"pc2","4cpu-amd",0.75,"locf",2,1.22
"pc2","4cpu-amd",0.75,"locf",3,1.17
"pc2","4cpu-amd",0.75,"locf",2,1.22
"pc2","4cpu-amd",0.75,"locf",1,1.22
"pc2","4cpu-amd",0.75,"locf",4,1.22
"pc2","4cpu-amd",0.85,"locf",4,1.17
"pc2","4cpu-amd",0.85,"locf",1,1.21
"pc2","4cpu-amd",0.85,"locf",3,1.2
"pc2","4cpu-amd",0.85,"locf",2,1.23
"pc2","4cpu-amd",0.85,"locf",1,1.21
"pc2","4cpu-amd",0.85,"locf",2,1.21
"pc2","4cpu-amd",0.85,"locf",3,1.21
"pc2","4cpu-amd",0.85,"locf",4,1.21
"pc2","4cpu-amd",0.85,"locf",3,1.05
"pc2","4cpu-amd",0.85,"locf",4,1.05
"pc2","4cpu-amd",0.85,"locf",2,1.05
"pc2","4cpu-amd",0.85,"locf",1,1.12
"pc2","4cpu-amd",0.85,"locf",1,1.04
"pc2","4cpu-amd",0.85,"locf",4,1.04
"pc2","4cpu-amd",0.85,"locf",2,1.07
"pc2","4cpu-amd",0.85,"locf",3,1.07
"pc2","4cpu-amd",0.85,"locf",4,1.02
"pc2","4cpu-amd",0.85,"locf",2,1.03
"pc2","4cpu-amd",0.85,"locf",3,1.03
"pc2","4cpu-amd",0.85,"locf",1,1.05
"pc2","4cpu-amd",0.85,"locf",1,1.01
"pc2","4cpu-amd",0.85,"locf",4,1.01
"pc2","4cpu-amd",0.85,"locf",2,1.01
"pc2","4cpu-amd",0.85,"locf",3,1.03
"pc2","4cpu-amd",0.85,"locf",4,1.02
"pc2","4cpu-amd",0.85,"locf",1,1.05
"pc2","4cpu-amd",0.85,"locf",2,1.06
"pc2","4cpu-amd",0.85,"locf",3,1.06
"pc2","4cpu-amd",0.85,"locf",1,1.03
"pc2","4cpu-amd",0.85,"locf",4,1.04
"pc2","4cpu-amd",0.85,"locf",2,1.04
"pc2","4cpu-amd",0.85,"locf",3,1.04
"pc2","4cpu-amd",0.85,"locf",2,1.02
"pc2","4cpu-amd",0.85,"locf",1,1.03
"pc2","4cpu-amd",0.85,"locf",4,1.05
"pc2","4cpu-amd",0.85,"locf",3,1.05
"pc2","4cpu-amd",0.85,"locf",1,1.01
"pc2","4cpu-amd",0.85,"locf",2,1.03
"pc2","4cpu-amd",0.85,"locf",3,1.03
"pc2","4cpu-amd",0.85,"locf",4,1.03
"pc2","4cpu-amd",0.85,"locf",2,1.04
"pc2","4cpu-amd",0.85,"locf",1,1.04
"pc2","4cpu-amd",0.85,"locf",3,1.02
"pc2","4cpu-amd",0.85,"locf",4,1.02
"pc2","4cpu-amd",0.85,"locf",4,1.02
"pc2","4cpu-amd",0.85,"locf",1,1.05
"pc2","4cpu-amd",0.85,"locf",2,1.06
"pc2","4cpu-amd",0.85,"locf",3,1.06
"pc2","4cpu-amd",0.85,"locf",2,1.07
"pc2","4cpu-amd",0.85,"locf",1,1.07
"pc2","4cpu-amd",0.85,"locf",3,1.06
"pc2","4cpu-amd",0.85,"locf",4,1.05
"pc2","4cpu-amd",0.85,"locf",2,1.02
"pc2","4cpu-amd",0.85,"locf",1,1.08
"pc2","4cpu-amd",0.85,"locf",4,1.03
"pc2","4cpu-amd",0.85,"locf",3,1.08
"pc2","4cpu-amd",0.85,"locf",1,1.04
"pc2","4cpu-amd",0.85,"locf",2,1.04
"pc2","4cpu-amd",0.85,"locf",3,1.04
"pc2","4cpu-amd",0.85,"locf",4,1.04
"pc2","4cpu-amd",0.85,"locf",3,1.06
"pc2","4cpu-amd",0.85,"locf",1,1.06
"pc2","4cpu-amd",0.85,"locf",2,1.06
"pc2","4cpu-amd",0.85,"locf",4,1.04
"pc2","4cpu-amd",0.85,"locf",1,1.05
"pc2","4cpu-amd",0.85,"locf",2,1.05
"pc2","4cpu-amd",0.85,"locf",3,1.05
"pc2","4cpu-amd",0.85,"locf",4,1.05
"pc2","4cpu-amd",0.85,"locf",3,1.02
"pc2","4cpu-amd",0.85,"locf",1,1.07
"pc2","4cpu-amd",0.85,"locf",2,1.02
"pc2","4cpu-amd",0.85,"locf",4,1.07
"pc2","4cpu-amd",0.85,"locf",2,1.07
"pc2","4cpu-amd",0.85,"locf",1,1.07
"pc2","4cpu-amd",0.85,"locf",4,1.03
"pc2","4cpu-amd",0.85,"locf",3,1.05
"pc2","4cpu-amd",0.85,"locf",4,1.04
"pc2","4cpu-amd",0.85,"locf",3,1.04
"pc2","4cpu-amd",0.85,"locf",2,1.04
"pc2","4cpu-amd",0.85,"locf",1,1.07
"pc2","4cpu-amd",0.85,"locf",2,1.02
"pc2","4cpu-amd",0.85,"locf",1,1.06
"pc2","4cpu-amd",0.85,"locf",3,1.05
"pc2","4cpu-amd",0.85,"locf",4,1.05
"pc2","4cpu-amd",0.85,"locf",1,1.06
"pc2","4cpu-amd",0.85,"locf",2,1.06
"pc2","4cpu-amd",0.85,"locf",3,1.06
"pc2","4cpu-amd",0.85,"locf",4,1.06
"pc2","4cpu-amd",0.85,"locf",1,1.02
"pc2","4cpu-amd",0.85,"locf",3,1.03
"pc2","4cpu-amd",0.85,"locf",4,1.03
"pc2","4cpu-amd",0.85,"locf",2,1.03
"pc2","4cpu-amd",0.85,"locf",4,1.04
"pc2","4cpu-amd",0.85,"locf",1,1.07
"pc2","4cpu-amd",0.85,"locf",2,1.07
"pc2","4cpu-amd",0.85,"locf",3,1.07
"pc2","4cpu-amd",0.85,"locf",1,1.07
"pc2","4cpu-amd",0.85,"locf",3,1.07
"pc2","4cpu-amd",0.85,"locf",2,1.07
"pc2","4cpu-amd",0.85,"locf",4,1.07
"pc2","4cpu-amd",0.85,"locf",3,1.02
"pc2","4cpu-amd",0.85,"locf",4,1.02
"pc2","4cpu-amd",0.85,"locf",1,1.07
"pc2","4cpu-amd",0.85,"locf",2,1.08
"pc2","4cpu-amd",0.85,"locf",1,1.03
"pc2","4cpu-amd",0.85,"locf",4,1.05
"pc2","4cpu-amd",0.85,"locf",3,1.05
"pc2","4cpu-amd",0.85,"locf",2,1.07
"pc2","4cpu-amd",0.85,"locf",3,1.05
"pc2","4cpu-amd",0.85,"locf",1,1.05
"pc2","4cpu-amd",0.85,"locf",4,1.05
"pc2","4cpu-amd",0.85,"locf",2,1.07
"pc2","4cpu-amd",0.85,"locf",1,1.07
"pc2","4cpu-amd",0.85,"locf",2,1.09
"pc2","4cpu-amd",0.85,"locf",4,1.09
"pc2","4cpu-amd",0.85,"locf",3,1.09
"pc2","4cpu-amd",0.85,"locf",4,1.03
"pc2","4cpu-amd",0.85,"locf",1,1.08
"pc2","4cpu-amd",0.85,"locf",3,1.06
"pc2","4cpu-amd",0.85,"locf",2,1.06
"pc2","4cpu-amd",0.95,"locf",1,1.07
"pc2","4cpu-amd",0.95,"locf",3,1.07
"pc2","4cpu-amd",0.95,"locf",2,1.07
"pc2","4cpu-amd",0.95,"locf",4,1.07
"pc2","4cpu-amd",0.95,"locf",1,1.07
"pc2","4cpu-amd",0.95,"locf",2,1.09
"pc2","4cpu-amd",0.95,"locf",4,1.09
"pc2","4cpu-amd",0.95,"locf",3,1.09
"pc2","4cpu-amd",0.95,"locf",3,0.91
"pc2","4cpu-amd",0.95,"locf",4,0.91
"pc2","4cpu-amd",0.95,"locf",2,0.91
"pc2","4cpu-amd",0.95,"locf",1,0.99
"pc2","4cpu-amd",0.95,"locf",1,0.91
"pc2","4cpu-amd",0.95,"locf",2,0.9
"pc2","4cpu-amd",0.95,"locf",4,0.92
"pc2","4cpu-amd",0.95,"locf",3,0.92
"pc2","4cpu-amd",0.95,"locf",1,0.9
"pc2","4cpu-amd",0.95,"locf",2,0.9
"pc2","4cpu-amd",0.95,"locf",4,0.9
"pc2","4cpu-amd",0.95,"locf",3,0.94
"pc2","4cpu-amd",0.95,"locf",3,0.92
"pc2","4cpu-amd",0.95,"locf",2,0.9
"pc2","4cpu-amd",0.95,"locf",1,0.9
"pc2","4cpu-amd",0.95,"locf",4,0.9
"pc2","4cpu-amd",0.95,"locf",1,0.89
"pc2","4cpu-amd",0.95,"locf",3,0.9
"pc2","4cpu-amd",0.95,"locf",4,0.92
"pc2","4cpu-amd",0.95,"locf",2,0.92
"pc2","4cpu-amd",0.95,"locf",1,0.89
"pc2","4cpu-amd",0.95,"locf",3,0.91
"pc2","4cpu-amd",0.95,"locf",2,0.91
"pc2","4cpu-amd",0.95,"locf",4,0.91
"pc2","4cpu-amd",0.95,"locf",2,0.93
"pc2","4cpu-amd",0.95,"locf",1,0.93
"pc2","4cpu-amd",0.95,"locf",3,0.91
"pc2","4cpu-amd",0.95,"locf",4,0.9
"pc2","4cpu-amd",0.95,"locf",2,0.91
"pc2","4cpu-amd",0.95,"locf",1,0.9
"pc2","4cpu-amd",0.95,"locf",3,0.9
"pc2","4cpu-amd",0.95,"locf",4,0.9
"pc2","4cpu-amd",0.95,"locf",1,0.93
"pc2","4cpu-amd",0.95,"locf",3,0.91
"pc2","4cpu-amd",0.95,"locf",2,0.91
"pc2","4cpu-amd",0.95,"locf",4,0.91
"pc2","4cpu-amd",0.95,"locf",1,0.91
"pc2","4cpu-amd",0.95,"locf",3,0.88
"pc2","4cpu-amd",0.95,"locf",4,0.9
"pc2","4cpu-amd",0.95,"locf",2,0.9
"pc2","4cpu-amd",0.95,"locf",2,0.9
"pc2","4cpu-amd",0.95,"locf",1,0.91
"pc2","4cpu-amd",0.95,"locf",4,0.91
"pc2","4cpu-amd",0.95,"locf",3,0.91
"pc2","4cpu-amd",0.95,"locf",1,0.9
"pc2","4cpu-amd",0.95,"locf",3,0.92
"pc2","4cpu-amd",0.95,"locf",2,0.92
"pc2","4cpu-amd",0.95,"locf",4,0.92
"pc2","4cpu-amd",0.95,"locf",2,0.93
"pc2","4cpu-amd",0.95,"locf",1,0.94
"pc2","4cpu-amd",0.95,"locf",3,0.91
"pc2","4cpu-amd",0.95,"locf",4,0.91
"pc2","4cpu-amd",0.95,"locf",1,0.91
"pc2","4cpu-amd",0.95,"locf",2,0.9
"pc2","4cpu-amd",0.95,"locf",3,0.91
"pc2","4cpu-amd",0.95,"locf",4,0.9
"pc2","4cpu-amd",0.95,"locf",1,0.91
"pc2","4cpu-amd",0.95,"locf",3,0.9
"pc2","4cpu-amd",0.95,"locf",2,0.94
"pc2","4cpu-amd",0.95,"locf",4,0.91
"pc2","4cpu-amd",0.95,"locf",3,0.9
"pc2","4cpu-amd",0.95,"locf",1,0.9
"pc2","4cpu-amd",0.95,"locf",2,0.9
"pc2","4cpu-amd",0.95,"locf",4,0.91
"pc2","4cpu-amd",0.95,"locf",1,0.92
"pc2","4cpu-amd",0.95,"locf",3,0.92
"pc2","4cpu-amd",0.95,"locf",2,0.92
"pc2","4cpu-amd",0.95,"locf",4,0.9
"pc2","4cpu-amd",0.95,"locf",1,0.91
"pc2","4cpu-amd",0.95,"locf",2,0.91
"pc2","4cpu-amd",0.95,"locf",3,0.92
"pc2","4cpu-amd",0.95,"locf",4,0.92
"pc2","4cpu-amd",0.95,"locf",1,0.91
"pc2","4cpu-amd",0.95,"locf",2,0.92
"pc2","4cpu-amd",0.95,"locf",4,0.92
"pc2","4cpu-amd",0.95,"locf",3,0.94
"pc2","4cpu-amd",0.95,"locf",1,0.92
"pc2","4cpu-amd",0.95,"locf",2,0.93
"pc2","4cpu-amd",0.95,"locf",4,0.92
"pc2","4cpu-amd",0.95,"locf",3,0.92
"pc2","4cpu-amd",0.95,"locf",2,0.96
"pc2","4cpu-amd",0.95,"locf",1,0.96
"pc2","4cpu-amd",0.95,"locf",3,0.96
"pc2","4cpu-amd",0.95,"locf",4,0.94
"pc2","4cpu-amd",0.95,"locf",1,0.9
"pc2","4cpu-amd",0.95,"locf",3,0.92
"pc2","4cpu-amd",0.95,"locf",2,0.92
"pc2","4cpu-amd",0.95,"locf",4,0.92
"pc2","4cpu-amd",0.95,"locf",2,0.91
"pc2","4cpu-amd",0.95,"locf",4,0.9
"pc2","4cpu-amd",0.95,"locf",1,0.93
"pc2","4cpu-amd",0.95,"locf",3,0.93
"pc2","4cpu-amd",0.95,"locf",2,0.9
"pc2","4cpu-amd",0.95,"locf",1,0.92
"pc2","4cpu-amd",0.95,"locf",3,0.92
"pc2","4cpu-amd",0.95,"locf",4,0.92
"pc2","4cpu-amd",0.95,"locf",1,0.94
"pc2","4cpu-amd",0.95,"locf",3,0.92
"pc2","4cpu-amd",0.95,"locf",2,0.92
"pc2","4cpu-amd",0.95,"locf",4,0.92
"pc2","4cpu-amd",0.95,"locf",4,0.92
"pc2","4cpu-amd",0.95,"locf",1,0.92
"pc2","4cpu-amd",0.95,"locf",2,0.92
"pc2","4cpu-amd",0.95,"locf",3,0.92
"pc2","4cpu-amd",0.95,"locf",1,0.92
"pc2","4cpu-amd",0.95,"locf",2,0.93
"pc2","4cpu-amd",0.95,"locf",3,0.91
"pc2","4cpu-amd",0.95,"locf",4,0.92
"pc2","4cpu-amd",0.95,"locf",1,0.92
"pc2","4cpu-amd",0.95,"locf",2,0.92
"pc2","4cpu-amd",0.95,"locf",3,0.93
"pc2","4cpu-amd",0.95,"locf",4,0.93
"pc2","4cpu-amd",0.05,"ssa",4,91.95
"pc2","4cpu-amd",0.05,"ssa",2,92.07
"pc2","4cpu-amd",0.05,"ssa",3,92.38
"pc2","4cpu-amd",0.05,"ssa",1,92.38
"pc2","4cpu-amd",0.05,"ssa",3,89.26
"pc2","4cpu-amd",0.05,"ssa",4,95.95
"pc2","4cpu-amd",0.05,"ssa",2,96.47
"pc2","4cpu-amd",0.05,"ssa",1,96.88
"pc2","4cpu-amd",0.05,"ssa",4,87.75
"pc2","4cpu-amd",0.05,"ssa",3,90.96
"pc2","4cpu-amd",0.05,"ssa",1,91.18
"pc2","4cpu-amd",0.05,"ssa",2,91.27
"pc2","4cpu-amd",0.05,"ssa",4,87.65
"pc2","4cpu-amd",0.05,"ssa",3,90.36
"pc2","4cpu-amd",0.05,"ssa",1,90.78
"pc2","4cpu-amd",0.05,"ssa",2,90.97
"pc2","4cpu-amd",0.05,"ssa",4,85.64
"pc2","4cpu-amd",0.05,"ssa",3,87.05
"pc2","4cpu-amd",0.05,"ssa",1,90.87
"pc2","4cpu-amd",0.05,"ssa",2,91.06
"pc2","4cpu-amd",0.05,"ssa",3,91.15
"pc2","4cpu-amd",0.05,"ssa",4,91.15
"pc2","4cpu-amd",0.05,"ssa",1,91.26
"pc2","4cpu-amd",0.05,"ssa",2,91.55
"pc2","4cpu-amd",0.05,"ssa",3,88.23
"pc2","4cpu-amd",0.05,"ssa",4,90.52
"pc2","4cpu-amd",0.05,"ssa",1,90.85
"pc2","4cpu-amd",0.05,"ssa",2,91.23
"pc2","4cpu-amd",0.05,"ssa",1,90.89
"pc2","4cpu-amd",0.05,"ssa",2,90.89
"pc2","4cpu-amd",0.05,"ssa",4,90.96
"pc2","4cpu-amd",0.05,"ssa",3,91.38
"pc2","4cpu-amd",0.05,"ssa",3,88.14
"pc2","4cpu-amd",0.05,"ssa",4,90.73
"pc2","4cpu-amd",0.05,"ssa",1,90.96
"pc2","4cpu-amd",0.05,"ssa",2,91.15
"pc2","4cpu-amd",0.05,"ssa",3,90.55
"pc2","4cpu-amd",0.05,"ssa",1,91.16
"pc2","4cpu-amd",0.05,"ssa",4,91.46
"pc2","4cpu-amd",0.05,"ssa",2,91.46
"pc2","4cpu-amd",0.05,"ssa",3,90.76
"pc2","4cpu-amd",0.05,"ssa",4,90.95
"pc2","4cpu-amd",0.05,"ssa",1,91.28
"pc2","4cpu-amd",0.05,"ssa",2,91.57
"pc2","4cpu-amd",0.05,"ssa",4,90.74
"pc2","4cpu-amd",0.05,"ssa",2,90.97
"pc2","4cpu-amd",0.05,"ssa",1,91.28
"pc2","4cpu-amd",0.05,"ssa",3,91.35
"pc2","4cpu-amd",0.05,"ssa",3,89.86
"pc2","4cpu-amd",0.05,"ssa",4,90.75
"pc2","4cpu-amd",0.05,"ssa",2,91.16
"pc2","4cpu-amd",0.05,"ssa",1,91.17
"pc2","4cpu-amd",0.05,"ssa",2,85.47
"pc2","4cpu-amd",0.05,"ssa",4,88.44
"pc2","4cpu-amd",0.05,"ssa",3,90.96
"pc2","4cpu-amd",0.05,"ssa",1,91.27
"pc2","4cpu-amd",0.05,"ssa",4,87.96
"pc2","4cpu-amd",0.05,"ssa",2,90.77
"pc2","4cpu-amd",0.05,"ssa",1,91.07
"pc2","4cpu-amd",0.05,"ssa",3,91.96
"pc2","4cpu-amd",0.05,"ssa",3,86.45
"pc2","4cpu-amd",0.05,"ssa",2,90.85
"pc2","4cpu-amd",0.05,"ssa",1,90.96
"pc2","4cpu-amd",0.05,"ssa",4,91.54
"pc2","4cpu-amd",0.05,"ssa",2,91.04
"pc2","4cpu-amd",0.05,"ssa",4,91.37
"pc2","4cpu-amd",0.05,"ssa",3,91.37
"pc2","4cpu-amd",0.05,"ssa",1,91.37
"pc2","4cpu-amd",0.05,"ssa",3,90.73
"pc2","4cpu-amd",0.05,"ssa",2,91.03
"pc2","4cpu-amd",0.05,"ssa",1,91.03
"pc2","4cpu-amd",0.05,"ssa",4,91.03
"pc2","4cpu-amd",0.05,"ssa",4,88.45
"pc2","4cpu-amd",0.05,"ssa",2,91.06
"pc2","4cpu-amd",0.05,"ssa",3,91.06
"pc2","4cpu-amd",0.05,"ssa",1,91.48
"pc2","4cpu-amd",0.05,"ssa",3,84.01
"pc2","4cpu-amd",0.05,"ssa",4,90.8
"pc2","4cpu-amd",0.05,"ssa",1,91.05
"pc2","4cpu-amd",0.05,"ssa",2,91.44
"pc2","4cpu-amd",0.05,"ssa",4,84.82
"pc2","4cpu-amd",0.05,"ssa",3,87.62
"pc2","4cpu-amd",0.05,"ssa",2,90.73
"pc2","4cpu-amd",0.05,"ssa",1,91.33
"pc2","4cpu-amd",0.05,"ssa",4,84.97
"pc2","4cpu-amd",0.05,"ssa",3,89.97
"pc2","4cpu-amd",0.05,"ssa",1,91.18
"pc2","4cpu-amd",0.05,"ssa",2,91.28
"pc2","4cpu-amd",0.05,"ssa",1,90.96
"pc2","4cpu-amd",0.05,"ssa",2,90.96
"pc2","4cpu-amd",0.05,"ssa",4,91.04
"pc2","4cpu-amd",0.05,"ssa",3,91.14
"pc2","4cpu-amd",0.05,"ssa",3,87.44
"pc2","4cpu-amd",0.05,"ssa",2,90.56
"pc2","4cpu-amd",0.05,"ssa",4,90.94
"pc2","4cpu-amd",0.05,"ssa",1,91.47
"pc2","4cpu-amd",0.05,"ssa",4,85.84
"pc2","4cpu-amd",0.05,"ssa",3,86.04
"pc2","4cpu-amd",0.05,"ssa",1,90.97
"pc2","4cpu-amd",0.05,"ssa",2,91.05
"pc2","4cpu-amd",0.05,"ssa",4,86.66
"pc2","4cpu-amd",0.05,"ssa",3,90.97
"pc2","4cpu-amd",0.05,"ssa",1,91.19
"pc2","4cpu-amd",0.05,"ssa",2,91.57
"pc2","4cpu-amd",0.05,"ssa",3,90.78
"pc2","4cpu-amd",0.05,"ssa",2,91.09
"pc2","4cpu-amd",0.05,"ssa",1,91.09
"pc2","4cpu-amd",0.05,"ssa",4,91.66
"pc2","4cpu-amd",0.05,"ssa",3,81.55
"pc2","4cpu-amd",0.05,"ssa",2,90.94
"pc2","4cpu-amd",0.05,"ssa",4,90.94
"pc2","4cpu-amd",0.05,"ssa",1,91.47
"pc2","4cpu-amd",0.05,"ssa",4,85.64
"pc2","4cpu-amd",0.05,"ssa",1,87.97
"pc2","4cpu-amd",0.05,"ssa",3,88.24
"pc2","4cpu-amd",0.05,"ssa",2,90.65
"pc2","4cpu-amd",0.05,"ssa",4,82.42
"pc2","4cpu-amd",0.05,"ssa",3,87.13
"pc2","4cpu-amd",0.05,"ssa",1,90.86
"pc2","4cpu-amd",0.05,"ssa",2,91.14
"pc2","4cpu-amd",0.15,"ssa",4,15.3
"pc2","4cpu-amd",0.15,"ssa",3,16.72
"pc2","4cpu-amd",0.15,"ssa",1,16.82
"pc2","4cpu-amd",0.15,"ssa",2,18.51
"pc2","4cpu-amd",0.15,"ssa",1,16.79
"pc2","4cpu-amd",0.15,"ssa",4,17.06
"pc2","4cpu-amd",0.15,"ssa",2,17.19
"pc2","4cpu-amd",0.15,"ssa",3,17.28
"pc2","4cpu-amd",0.15,"ssa",2,14.36
"pc2","4cpu-amd",0.15,"ssa",1,14.65
"pc2","4cpu-amd",0.15,"ssa",3,14.74
"pc2","4cpu-amd",0.15,"ssa",4,16.94
"pc2","4cpu-amd",0.15,"ssa",1,13.26
"pc2","4cpu-amd",0.15,"ssa",3,13.73
"pc2","4cpu-amd",0.15,"ssa",2,14.24
"pc2","4cpu-amd",0.15,"ssa",4,16.24
"pc2","4cpu-amd",0.15,"ssa",3,14.56
"pc2","4cpu-amd",0.15,"ssa",4,15.25
"pc2","4cpu-amd",0.15,"ssa",2,15.96
"pc2","4cpu-amd",0.15,"ssa",1,16.57
"pc2","4cpu-amd",0.15,"ssa",1,13.19
"pc2","4cpu-amd",0.15,"ssa",2,13.67
"pc2","4cpu-amd",0.15,"ssa",3,14.95
"pc2","4cpu-amd",0.15,"ssa",4,16.65
"pc2","4cpu-amd",0.15,"ssa",4,13.71
"pc2","4cpu-amd",0.15,"ssa",2,14.14
"pc2","4cpu-amd",0.15,"ssa",3,14.71
"pc2","4cpu-amd",0.15,"ssa",1,16.66
"pc2","4cpu-amd",0.15,"ssa",2,13.96
"pc2","4cpu-amd",0.15,"ssa",4,13.95
"pc2","4cpu-amd",0.15,"ssa",1,15.48
"pc2","4cpu-amd",0.15,"ssa",3,17.16
"pc2","4cpu-amd",0.15,"ssa",3,13.21
"pc2","4cpu-amd",0.15,"ssa",4,14.99
"pc2","4cpu-amd",0.15,"ssa",2,16.74
"pc2","4cpu-amd",0.15,"ssa",1,17.95
"pc2","4cpu-amd",0.15,"ssa",3,15.15
"pc2","4cpu-amd",0.15,"ssa",2,15.56
"pc2","4cpu-amd",0.15,"ssa",1,15.66
"pc2","4cpu-amd",0.15,"ssa",4,15.63
"pc2","4cpu-amd",0.15,"ssa",4,14.55
"pc2","4cpu-amd",0.15,"ssa",2,15.57
"pc2","4cpu-amd",0.15,"ssa",3,15.57
"pc2","4cpu-amd",0.15,"ssa",1,16.29
"pc2","4cpu-amd",0.15,"ssa",1,14.36
"pc2","4cpu-amd",0.15,"ssa",4,14.99
"pc2","4cpu-amd",0.15,"ssa",2,15.14
"pc2","4cpu-amd",0.15,"ssa",3,17.31
"pc2","4cpu-amd",0.15,"ssa",3,14.57
"pc2","4cpu-amd",0.15,"ssa",2,15.88
"pc2","4cpu-amd",0.15,"ssa",4,15.96
"pc2","4cpu-amd",0.15,"ssa",1,18.89
"pc2","4cpu-amd",0.15,"ssa",1,14.17
"pc2","4cpu-amd",0.15,"ssa",4,15.14
"pc2","4cpu-amd",0.15,"ssa",2,15.66
"pc2","4cpu-amd",0.15,"ssa",3,15.75
"pc2","4cpu-amd",0.15,"ssa",2,13.48
"pc2","4cpu-amd",0.15,"ssa",4,13.66
"pc2","4cpu-amd",0.15,"ssa",3,14.76
"pc2","4cpu-amd",0.15,"ssa",1,16.58
"pc2","4cpu-amd",0.15,"ssa",3,14.56
"pc2","4cpu-amd",0.15,"ssa",2,15.76
"pc2","4cpu-amd",0.15,"ssa",1,16.28
"pc2","4cpu-amd",0.15,"ssa",4,17.05
"pc2","4cpu-amd",0.15,"ssa",3,13.74
"pc2","4cpu-amd",0.15,"ssa",2,14.55
"pc2","4cpu-amd",0.15,"ssa",4,15.84
"pc2","4cpu-amd",0.15,"ssa",1,17.36
"pc2","4cpu-amd",0.15,"ssa",3,13.54
"pc2","4cpu-amd",0.15,"ssa",4,15.23
"pc2","4cpu-amd",0.15,"ssa",1,15.45
"pc2","4cpu-amd",0.15,"ssa",2,18.05
"pc2","4cpu-amd",0.15,"ssa",1,14.57
"pc2","4cpu-amd",0.15,"ssa",2,15.34
"pc2","4cpu-amd",0.15,"ssa",3,16.75
"pc2","4cpu-amd",0.15,"ssa",4,17.02
"pc2","4cpu-amd",0.15,"ssa",1,14.07
"pc2","4cpu-amd",0.15,"ssa",3,14.26
"pc2","4cpu-amd",0.15,"ssa",2,15.95
"pc2","4cpu-amd",0.15,"ssa",4,16.25
"pc2","4cpu-amd",0.15,"ssa",4,14.75
"pc2","4cpu-amd",0.15,"ssa",1,15.68
"pc2","4cpu-amd",0.15,"ssa",3,15.85
"pc2","4cpu-amd",0.15,"ssa",2,17.28
"pc2","4cpu-amd",0.15,"ssa",4,14.03
"pc2","4cpu-amd",0.15,"ssa",3,14.34
"pc2","4cpu-amd",0.15,"ssa",1,14.85
"pc2","4cpu-amd",0.15,"ssa",2,15.25
"pc2","4cpu-amd",0.15,"ssa",1,14.45
"pc2","4cpu-amd",0.15,"ssa",2,14.45
"pc2","4cpu-amd",0.15,"ssa",4,14.53
"pc2","4cpu-amd",0.15,"ssa",3,15.34
"pc2","4cpu-amd",0.15,"ssa",4,14.25
"pc2","4cpu-amd",0.15,"ssa",1,14.88
"pc2","4cpu-amd",0.15,"ssa",2,15.08
"pc2","4cpu-amd",0.15,"ssa",3,17.47
"pc2","4cpu-amd",0.15,"ssa",3,15.04
"pc2","4cpu-amd",0.15,"ssa",2,15.75
"pc2","4cpu-amd",0.15,"ssa",1,16.17
"pc2","4cpu-amd",0.15,"ssa",4,17.73
"pc2","4cpu-amd",0.15,"ssa",4,13.56
"pc2","4cpu-amd",0.15,"ssa",1,14.89
"pc2","4cpu-amd",0.15,"ssa",3,15.68
"pc2","4cpu-amd",0.15,"ssa",2,16.27
"pc2","4cpu-amd",0.15,"ssa",1,13.77
"pc2","4cpu-amd",0.15,"ssa",3,14.15
"pc2","4cpu-amd",0.15,"ssa",4,14.93
"pc2","4cpu-amd",0.15,"ssa",2,16.35
"pc2","4cpu-amd",0.15,"ssa",4,13.76
"pc2","4cpu-amd",0.15,"ssa",1,15.09
"pc2","4cpu-amd",0.15,"ssa",2,15.38
"pc2","4cpu-amd",0.15,"ssa",3,17.86
"pc2","4cpu-amd",0.15,"ssa",2,14.46
"pc2","4cpu-amd",0.15,"ssa",1,15.47
"pc2","4cpu-amd",0.15,"ssa",4,15.93
"pc2","4cpu-amd",0.15,"ssa",3,16.35
"pc2","4cpu-amd",0.15,"ssa",1,15.45
"pc2","4cpu-amd",0.15,"ssa",3,15.91
"pc2","4cpu-amd",0.15,"ssa",4,17.01
"pc2","4cpu-amd",0.15,"ssa",2,17.64
"pc2","4cpu-amd",0.25,"ssa",2,7.09
"pc2","4cpu-amd",0.25,"ssa",4,7.46
"pc2","4cpu-amd",0.25,"ssa",1,7.88
"pc2","4cpu-amd",0.25,"ssa",3,9.46
"pc2","4cpu-amd",0.25,"ssa",3,7.1
"pc2","4cpu-amd",0.25,"ssa",4,7.45
"pc2","4cpu-amd",0.25,"ssa",1,7.5
"pc2","4cpu-amd",0.25,"ssa",2,8.49
"pc2","4cpu-amd",0.25,"ssa",2,6.36
"pc2","4cpu-amd",0.25,"ssa",4,6.83
"pc2","4cpu-amd",0.25,"ssa",3,7.35
"pc2","4cpu-amd",0.25,"ssa",1,7.57
"pc2","4cpu-amd",0.25,"ssa",3,6.71
"pc2","4cpu-amd",0.25,"ssa",4,6.98
"pc2","4cpu-amd",0.25,"ssa",1,7.14
"pc2","4cpu-amd",0.25,"ssa",2,7.6
"pc2","4cpu-amd",0.25,"ssa",2,6.5
"pc2","4cpu-amd",0.25,"ssa",3,6.79
"pc2","4cpu-amd",0.25,"ssa",4,7.21
"pc2","4cpu-amd",0.25,"ssa",1,7.21
"pc2","4cpu-amd",0.25,"ssa",3,6.91
"pc2","4cpu-amd",0.25,"ssa",2,7.03
"pc2","4cpu-amd",0.25,"ssa",1,7.15
"pc2","4cpu-amd",0.25,"ssa",4,7.49
"pc2","4cpu-amd",0.25,"ssa",3,6.84
"pc2","4cpu-amd",0.25,"ssa",4,7.04
"pc2","4cpu-amd",0.25,"ssa",2,7.76
"pc2","4cpu-amd",0.25,"ssa",1,7.96
"pc2","4cpu-amd",0.25,"ssa",2,6.64
"pc2","4cpu-amd",0.25,"ssa",4,6.84
"pc2","4cpu-amd",0.25,"ssa",3,7.43
"pc2","4cpu-amd",0.25,"ssa",1,7.66
"pc2","4cpu-amd",0.25,"ssa",2,6.26
"pc2","4cpu-amd",0.25,"ssa",3,6.75
"pc2","4cpu-amd",0.25,"ssa",1,7.38
"pc2","4cpu-amd",0.25,"ssa",4,7.72
"pc2","4cpu-amd",0.25,"ssa",4,6.65
"pc2","4cpu-amd",0.25,"ssa",2,7.17
"pc2","4cpu-amd",0.25,"ssa",1,7.38
"pc2","4cpu-amd",0.25,"ssa",3,7.54
"pc2","4cpu-amd",0.25,"ssa",2,6.46
"pc2","4cpu-amd",0.25,"ssa",3,6.55
"pc2","4cpu-amd",0.25,"ssa",4,6.65
"pc2","4cpu-amd",0.25,"ssa",1,7.58
"pc2","4cpu-amd",0.25,"ssa",2,6.46
"pc2","4cpu-amd",0.25,"ssa",4,6.77
"pc2","4cpu-amd",0.25,"ssa",3,7.36
"pc2","4cpu-amd",0.25,"ssa",1,7.59
"pc2","4cpu-amd",0.25,"ssa",3,6.85
"pc2","4cpu-amd",0.25,"ssa",1,6.96
"pc2","4cpu-amd",0.25,"ssa",4,7.04
"pc2","4cpu-amd",0.25,"ssa",2,7.45
"pc2","4cpu-amd",0.25,"ssa",1,6.29
"pc2","4cpu-amd",0.25,"ssa",4,6.75
"pc2","4cpu-amd",0.25,"ssa",3,8.05
"pc2","4cpu-amd",0.25,"ssa",2,8.07
"pc2","4cpu-amd",0.25,"ssa",2,6.36
"pc2","4cpu-amd",0.25,"ssa",1,6.86
"pc2","4cpu-amd",0.25,"ssa",3,6.86
"pc2","4cpu-amd",0.25,"ssa",4,6.94
"pc2","4cpu-amd",0.25,"ssa",3,6.77
"pc2","4cpu-amd",0.25,"ssa",2,6.98
"pc2","4cpu-amd",0.25,"ssa",1,7.08
"pc2","4cpu-amd",0.25,"ssa",4,7.07
"pc2","4cpu-amd",0.25,"ssa",3,6.57
"pc2","4cpu-amd",0.25,"ssa",4,7.16
"pc2","4cpu-amd",0.25,"ssa",1,7.58
"pc2","4cpu-amd",0.25,"ssa",2,7.68
"pc2","4cpu-amd",0.25,"ssa",4,6.27
"pc2","4cpu-amd",0.25,"ssa",2,6.85
"pc2","4cpu-amd",0.25,"ssa",3,6.85
"pc2","4cpu-amd",0.25,"ssa",1,7.78
"pc2","4cpu-amd",0.25,"ssa",2,6.15
"pc2","4cpu-amd",0.25,"ssa",4,7
"pc2","4cpu-amd",0.25,"ssa",1,7.67
"pc2","4cpu-amd",0.25,"ssa",3,8.22
"pc2","4cpu-amd",0.25,"ssa",3,6.88
"pc2","4cpu-amd",0.25,"ssa",2,6.97
"pc2","4cpu-amd",0.25,"ssa",1,7.17
"pc2","4cpu-amd",0.25,"ssa",4,7.25
"pc2","4cpu-amd",0.25,"ssa",3,6.26
"pc2","4cpu-amd",0.25,"ssa",2,6.65
"pc2","4cpu-amd",0.25,"ssa",1,3.7
"pc2","4cpu-amd",0.25,"ssa",4,7.33
"pc2","4cpu-amd",0.25,"ssa",1,6.57
"pc2","4cpu-amd",0.25,"ssa",3,6.72
"pc2","4cpu-amd",0.25,"ssa",2,7.02
"pc2","4cpu-amd",0.25,"ssa",4,7.43
"pc2","4cpu-amd",0.25,"ssa",2,6.73
"pc2","4cpu-amd",0.25,"ssa",4,6.88
"pc2","4cpu-amd",0.25,"ssa",3,6.91
"pc2","4cpu-amd",0.25,"ssa",1,7.56
"pc2","4cpu-amd",0.25,"ssa",1,6.37
"pc2","4cpu-amd",0.25,"ssa",2,3.57
"pc2","4cpu-amd",0.25,"ssa",3,6.85
"pc2","4cpu-amd",0.25,"ssa",4,7.23
"pc2","4cpu-amd",0.25,"ssa",2,6.95
"pc2","4cpu-amd",0.25,"ssa",1,7.07
"pc2","4cpu-amd",0.25,"ssa",4,7.62
"pc2","4cpu-amd",0.25,"ssa",3,7.64
"pc2","4cpu-amd",0.25,"ssa",1,6.58
"pc2","4cpu-amd",0.25,"ssa",4,6.75
"pc2","4cpu-amd",0.25,"ssa",3,7.17
"pc2","4cpu-amd",0.25,"ssa",2,8.27
"pc2","4cpu-amd",0.25,"ssa",1,6.68
"pc2","4cpu-amd",0.25,"ssa",3,7.08
"pc2","4cpu-amd",0.25,"ssa",2,7.08
"pc2","4cpu-amd",0.25,"ssa",4,7.27
"pc2","4cpu-amd",0.25,"ssa",3,6.43
"pc2","4cpu-amd",0.25,"ssa",1,6.73
"pc2","4cpu-amd",0.25,"ssa",4,7.01
"pc2","4cpu-amd",0.25,"ssa",2,8.12
"pc2","4cpu-amd",0.25,"ssa",4,6.64
"pc2","4cpu-amd",0.25,"ssa",1,6.89
"pc2","4cpu-amd",0.25,"ssa",3,7.04
"pc2","4cpu-amd",0.25,"ssa",2,7.46
"pc2","4cpu-amd",0.25,"ssa",2,6.98
"pc2","4cpu-amd",0.25,"ssa",4,7.25
"pc2","4cpu-amd",0.25,"ssa",3,7.66
"pc2","4cpu-amd",0.25,"ssa",1,8.47
"pc2","4cpu-amd",0.35,"ssa",1,4.35
"pc2","4cpu-amd",0.35,"ssa",3,4.71
"pc2","4cpu-amd",0.35,"ssa",2,4.73
"pc2","4cpu-amd",0.35,"ssa",4,5.61
"pc2","4cpu-amd",0.35,"ssa",1,4.3
"pc2","4cpu-amd",0.35,"ssa",2,4.89
"pc2","4cpu-amd",0.35,"ssa",3,5.37
"pc2","4cpu-amd",0.35,"ssa",4,5.77
"pc2","4cpu-amd",0.35,"ssa",1,3.97
"pc2","4cpu-amd",0.35,"ssa",3,4.15
"pc2","4cpu-amd",0.35,"ssa",2,5.35
"pc2","4cpu-amd",0.35,"ssa",4,5.74
"pc2","4cpu-amd",0.35,"ssa",1,3.98
"pc2","4cpu-amd",0.35,"ssa",3,4.43
"pc2","4cpu-amd",0.35,"ssa",2,4.45
"pc2","4cpu-amd",0.35,"ssa",4,5.63
"pc2","4cpu-amd",0.35,"ssa",1,4.16
"pc2","4cpu-amd",0.35,"ssa",3,4.16
"pc2","4cpu-amd",0.35,"ssa",2,4.65
"pc2","4cpu-amd",0.35,"ssa",4,4.64
"pc2","4cpu-amd",0.35,"ssa",1,4.05
"pc2","4cpu-amd",0.35,"ssa",3,4.24
"pc2","4cpu-amd",0.35,"ssa",4,4.65
"pc2","4cpu-amd",0.35,"ssa",2,4.94
"pc2","4cpu-amd",0.35,"ssa",1,3.7
"pc2","4cpu-amd",0.35,"ssa",3,4.16
"pc2","4cpu-amd",0.35,"ssa",4,4.54
"pc2","4cpu-amd",0.35,"ssa",2,4.87
"pc2","4cpu-amd",0.35,"ssa",1,4.36
"pc2","4cpu-amd",0.35,"ssa",4,4.45
"pc2","4cpu-amd",0.35,"ssa",3,4.56
"pc2","4cpu-amd",0.35,"ssa",2,4.75
"pc2","4cpu-amd",0.35,"ssa",1,4.09
"pc2","4cpu-amd",0.35,"ssa",3,4.23
"pc2","4cpu-amd",0.35,"ssa",4,4.81
"pc2","4cpu-amd",0.35,"ssa",2,5.24
"pc2","4cpu-amd",0.35,"ssa",3,4.19
"pc2","4cpu-amd",0.35,"ssa",1,4.19
"pc2","4cpu-amd",0.35,"ssa",4,4.74
"pc2","4cpu-amd",0.35,"ssa",2,4.84
"pc2","4cpu-amd",0.35,"ssa",3,4.08
"pc2","4cpu-amd",0.35,"ssa",1,4.18
"pc2","4cpu-amd",0.35,"ssa",4,4.38
"pc2","4cpu-amd",0.35,"ssa",2,5.11
"pc2","4cpu-amd",0.35,"ssa",1,3.97
"pc2","4cpu-amd",0.35,"ssa",4,4.56
"pc2","4cpu-amd",0.35,"ssa",3,4.58
"pc2","4cpu-amd",0.35,"ssa",2,4.68
"pc2","4cpu-amd",0.35,"ssa",1,4.09
"pc2","4cpu-amd",0.35,"ssa",2,4.36
"pc2","4cpu-amd",0.35,"ssa",3,4.55
"pc2","4cpu-amd",0.35,"ssa",4,5.14
"pc2","4cpu-amd",0.35,"ssa",1,4.1
"pc2","4cpu-amd",0.35,"ssa",3,4.28
"pc2","4cpu-amd",0.35,"ssa",2,5.2
"pc2","4cpu-amd",0.35,"ssa",4,5.2
"pc2","4cpu-amd",0.35,"ssa",3,4.11
"pc2","4cpu-amd",0.35,"ssa",1,4.47
"pc2","4cpu-amd",0.35,"ssa",2,4.66
"pc2","4cpu-amd",0.35,"ssa",4,4.71
"pc2","4cpu-amd",0.35,"ssa",1,4.02
"pc2","4cpu-amd",0.35,"ssa",3,4.47
"pc2","4cpu-amd",0.35,"ssa",4,4.78
"pc2","4cpu-amd",0.35,"ssa",2,4.98
"pc2","4cpu-amd",0.35,"ssa",3,4.15
"pc2","4cpu-amd",0.35,"ssa",1,4.2
"pc2","4cpu-amd",0.35,"ssa",4,5.06
"pc2","4cpu-amd",0.35,"ssa",2,5.26
"pc2","4cpu-amd",0.35,"ssa",1,4.21
"pc2","4cpu-amd",0.35,"ssa",3,4.22
"pc2","4cpu-amd",0.35,"ssa",4,4.98
"pc2","4cpu-amd",0.35,"ssa",2,5.18
"pc2","4cpu-amd",0.35,"ssa",3,3.88
"pc2","4cpu-amd",0.35,"ssa",1,4.21
"pc2","4cpu-amd",0.35,"ssa",4,4.58
"pc2","4cpu-amd",0.35,"ssa",2,5.11
"pc2","4cpu-amd",0.35,"ssa",3,4.23
"pc2","4cpu-amd",0.35,"ssa",1,4.26
"pc2","4cpu-amd",0.35,"ssa",2,4.35
"pc2","4cpu-amd",0.35,"ssa",4,4.61
"pc2","4cpu-amd",0.35,"ssa",1,3.98
"pc2","4cpu-amd",0.35,"ssa",3,4.19
"pc2","4cpu-amd",0.35,"ssa",2,4.69
"pc2","4cpu-amd",0.35,"ssa",4,4.95
"pc2","4cpu-amd",0.35,"ssa",1,4.07
"pc2","4cpu-amd",0.35,"ssa",3,4.25
"pc2","4cpu-amd",0.35,"ssa",4,4.65
"pc2","4cpu-amd",0.35,"ssa",2,4.84
"pc2","4cpu-amd",0.35,"ssa",1,4.07
"pc2","4cpu-amd",0.35,"ssa",3,4.06
"pc2","4cpu-amd",0.35,"ssa",2,4.37
"pc2","4cpu-amd",0.35,"ssa",4,4.97
"pc2","4cpu-amd",0.35,"ssa",3,3.85
"pc2","4cpu-amd",0.35,"ssa",1,4.15
"pc2","4cpu-amd",0.35,"ssa",2,4.86
"pc2","4cpu-amd",0.35,"ssa",4,5.32
"pc2","4cpu-amd",0.35,"ssa",3,4.13
"pc2","4cpu-amd",0.35,"ssa",1,4.26
"pc2","4cpu-amd",0.35,"ssa",4,4.83
"pc2","4cpu-amd",0.35,"ssa",2,5.25
"pc2","4cpu-amd",0.35,"ssa",1,4.25
"pc2","4cpu-amd",0.35,"ssa",3,4.24
"pc2","4cpu-amd",0.35,"ssa",4,4.23
"pc2","4cpu-amd",0.35,"ssa",2,6.03
"pc2","4cpu-amd",0.35,"ssa",1,4.07
"pc2","4cpu-amd",0.35,"ssa",3,4.16
"pc2","4cpu-amd",0.35,"ssa",4,4.65
"pc2","4cpu-amd",0.35,"ssa",2,4.78
"pc2","4cpu-amd",0.35,"ssa",3,4.43
"pc2","4cpu-amd",0.35,"ssa",1,4.55
"pc2","4cpu-amd",0.35,"ssa",4,4.72
"pc2","4cpu-amd",0.35,"ssa",2,5.75
"pc2","4cpu-amd",0.35,"ssa",1,3.85
"pc2","4cpu-amd",0.35,"ssa",3,4.45
"pc2","4cpu-amd",0.35,"ssa",2,4.55
"pc2","4cpu-amd",0.35,"ssa",4,5.35
"pc2","4cpu-amd",0.35,"ssa",1,4.16
"pc2","4cpu-amd",0.35,"ssa",3,4.34
"pc2","4cpu-amd",0.35,"ssa",4,4.45
"pc2","4cpu-amd",0.35,"ssa",2,4.94
"pc2","4cpu-amd",0.45,"ssa",4,3.5
"pc2","4cpu-amd",0.45,"ssa",2,3.58
"pc2","4cpu-amd",0.45,"ssa",1,3.62
"pc2","4cpu-amd",0.45,"ssa",3,3.92
"pc2","4cpu-amd",0.45,"ssa",2,3.26
"pc2","4cpu-amd",0.45,"ssa",3,3.55
"pc2","4cpu-amd",0.45,"ssa",4,3.84
"pc2","4cpu-amd",0.45,"ssa",1,4.03
"pc2","4cpu-amd",0.45,"ssa",1,3.37
"pc2","4cpu-amd",0.45,"ssa",4,3.56
"pc2","4cpu-amd",0.45,"ssa",2,3.79
"pc2","4cpu-amd",0.45,"ssa",4,3.03
"pc2","4cpu-amd",0.45,"ssa",3,3.03
"pc2","4cpu-amd",0.45,"ssa",1,3.14
"pc2","4cpu-amd",0.45,"ssa",2,3.42
"pc2","4cpu-amd",0.45,"ssa",1,3.18
"pc2","4cpu-amd",0.45,"ssa",3,3.2
"pc2","4cpu-amd",0.45,"ssa",2,3.42
"pc2","4cpu-amd",0.45,"ssa",4,3.63
"pc2","4cpu-amd",0.45,"ssa",1,2.96
"pc2","4cpu-amd",0.45,"ssa",4,3.11
"pc2","4cpu-amd",0.45,"ssa",3,3.13
"pc2","4cpu-amd",0.45,"ssa",2,3.22
"pc2","4cpu-amd",0.45,"ssa",3,3.08
"pc2","4cpu-amd",0.45,"ssa",2,3.17
"pc2","4cpu-amd",0.45,"ssa",1,3.3
"pc2","4cpu-amd",0.45,"ssa",4,3.78
"pc2","4cpu-amd",0.45,"ssa",3,2.99
"pc2","4cpu-amd",0.45,"ssa",1,3.21
"pc2","4cpu-amd",0.45,"ssa",4,3.25
"pc2","4cpu-amd",0.45,"ssa",2,3.48
"pc2","4cpu-amd",0.45,"ssa",1,3.14
"pc2","4cpu-amd",0.45,"ssa",3,3.25
"pc2","4cpu-amd",0.45,"ssa",2,3.33
"pc2","4cpu-amd",0.45,"ssa",4,3.51
"pc2","4cpu-amd",0.45,"ssa",3,3.16
"pc2","4cpu-amd",0.45,"ssa",1,3.29
"pc2","4cpu-amd",0.45,"ssa",2,3.31
"pc2","4cpu-amd",0.45,"ssa",4,3.3
"pc2","4cpu-amd",0.45,"ssa",1,2.95
"pc2","4cpu-amd",0.45,"ssa",2,3.25
"pc2","4cpu-amd",0.45,"ssa",3,3.33
"pc2","4cpu-amd",0.45,"ssa",4,3.75
"pc2","4cpu-amd",0.45,"ssa",3,3.13
"pc2","4cpu-amd",0.45,"ssa",1,3.16
"pc2","4cpu-amd",0.45,"ssa",4,3.23
"pc2","4cpu-amd",0.45,"ssa",2,3.75
"pc2","4cpu-amd",0.45,"ssa",1,3.06
"pc2","4cpu-amd",0.45,"ssa",2,3.24
"pc2","4cpu-amd",0.45,"ssa",3,3.24
"pc2","4cpu-amd",0.45,"ssa",4,3.63
"pc2","4cpu-amd",0.45,"ssa",1,3.1
"pc2","4cpu-amd",0.45,"ssa",4,3.27
"pc2","4cpu-amd",0.45,"ssa",3,3.38
"pc2","4cpu-amd",0.45,"ssa",2,3.39
"pc2","4cpu-amd",0.45,"ssa",3,2.88
"pc2","4cpu-amd",0.45,"ssa",1,3
"pc2","4cpu-amd",0.45,"ssa",2,3.07
"pc2","4cpu-amd",0.45,"ssa",4,4.25
"pc2","4cpu-amd",0.45,"ssa",4,3.07
"pc2","4cpu-amd",0.45,"ssa",3,3.17
"pc2","4cpu-amd",0.45,"ssa",2,3.17
"pc2","4cpu-amd",0.45,"ssa",1,3.17
"pc2","4cpu-amd",0.45,"ssa",1,3.07
"pc2","4cpu-amd",0.45,"ssa",3,3.32
"pc2","4cpu-amd",0.45,"ssa",4,3.45
"pc2","4cpu-amd",0.45,"ssa",2,3.82
"pc2","4cpu-amd",0.45,"ssa",3,2.85
"pc2","4cpu-amd",0.45,"ssa",1,3.18
"pc2","4cpu-amd",0.45,"ssa",2,3.45
"pc2","4cpu-amd",0.45,"ssa",4,3.55
"pc2","4cpu-amd",0.45,"ssa",2,2.98
"pc2","4cpu-amd",0.45,"ssa",4,2.97
"pc2","4cpu-amd",0.45,"ssa",3,2.42
"pc2","4cpu-amd",0.45,"ssa",1,3.57
"pc2","4cpu-amd",0.45,"ssa",3,2.99
"pc2","4cpu-amd",0.45,"ssa",1,3.09
"pc2","4cpu-amd",0.45,"ssa",2,3.43
"pc2","4cpu-amd",0.45,"ssa",4,3.46
"pc2","4cpu-amd",0.45,"ssa",1,3.03
"pc2","4cpu-amd",0.45,"ssa",4,3.13
"pc2","4cpu-amd",0.45,"ssa",2,3.27
"pc2","4cpu-amd",0.45,"ssa",3,3.54
"pc2","4cpu-amd",0.45,"ssa",2,3.01
"pc2","4cpu-amd",0.45,"ssa",3,3.1
"pc2","4cpu-amd",0.45,"ssa",4,3.1
"pc2","4cpu-amd",0.45,"ssa",1,3.32
"pc2","4cpu-amd",0.45,"ssa",2,2.93
"pc2","4cpu-amd",0.45,"ssa",1,3.15
"pc2","4cpu-amd",0.45,"ssa",3,3.22
"pc2","4cpu-amd",0.45,"ssa",4,3.99
"pc2","4cpu-amd",0.45,"ssa",1,3.13
"pc2","4cpu-amd",0.45,"ssa",3,3.23
"pc2","4cpu-amd",0.45,"ssa",2,3.25
"pc2","4cpu-amd",0.45,"ssa",4,3.71
"pc2","4cpu-amd",0.45,"ssa",3,3.07
"pc2","4cpu-amd",0.45,"ssa",1,3.17
"pc2","4cpu-amd",0.45,"ssa",4,3.38
"pc2","4cpu-amd",0.45,"ssa",2,3.67
"pc2","4cpu-amd",0.45,"ssa",3,3
"pc2","4cpu-amd",0.45,"ssa",4,3.11
"pc2","4cpu-amd",0.45,"ssa",1,3.37
"pc2","4cpu-amd",0.45,"ssa",2,3.82
"pc2","4cpu-amd",0.45,"ssa",1,3.19
"pc2","4cpu-amd",0.45,"ssa",3,3.28
"pc2","4cpu-amd",0.45,"ssa",4,3.28
"pc2","4cpu-amd",0.45,"ssa",2,3.36
"pc2","4cpu-amd",0.45,"ssa",3,3.08
"pc2","4cpu-amd",0.45,"ssa",1,3.11
"pc2","4cpu-amd",0.45,"ssa",4,3.46
"pc2","4cpu-amd",0.45,"ssa",2,3.86
"pc2","4cpu-amd",0.45,"ssa",3,3.12
"pc2","4cpu-amd",0.45,"ssa",1,3.29
"pc2","4cpu-amd",0.45,"ssa",2,3.31
"pc2","4cpu-amd",0.45,"ssa",4,3.55
"pc2","4cpu-amd",0.45,"ssa",1,3.12
"pc2","4cpu-amd",0.45,"ssa",3,3.12
"pc2","4cpu-amd",0.45,"ssa",4,3.18
"pc2","4cpu-amd",0.45,"ssa",2,3.21
"pc2","4cpu-amd",0.55,"ssa",3,2.64
"pc2","4cpu-amd",0.55,"ssa",4,2.77
"pc2","4cpu-amd",0.55,"ssa",1,2.91
"pc2","4cpu-amd",0.55,"ssa",2,2.99
"pc2","4cpu-amd",0.55,"ssa",1,2.75
"pc2","4cpu-amd",0.55,"ssa",2,2.76
"pc2","4cpu-amd",0.55,"ssa",3,2.87
"pc2","4cpu-amd",0.55,"ssa",4,3.07
"pc2","4cpu-amd",0.55,"ssa",1,2.51
"pc2","4cpu-amd",0.55,"ssa",2,2.55
"pc2","4cpu-amd",0.55,"ssa",3,2.64
"pc2","4cpu-amd",0.55,"ssa",4,2.79
"pc2","4cpu-amd",0.55,"ssa",3,2.31
"pc2","4cpu-amd",0.55,"ssa",1,2.39
"pc2","4cpu-amd",0.55,"ssa",2,2.4
"pc2","4cpu-amd",0.55,"ssa",4,2.49
"pc2","4cpu-amd",0.55,"ssa",1,2.48
"pc2","4cpu-amd",0.55,"ssa",3,2.56
"pc2","4cpu-amd",0.55,"ssa",4,2.67
"pc2","4cpu-amd",0.55,"ssa",2,2.67
"pc2","4cpu-amd",0.55,"ssa",2,2.5
"pc2","4cpu-amd",0.55,"ssa",1,2.6
"pc2","4cpu-amd",0.55,"ssa",4,2.88
"pc2","4cpu-amd",0.55,"ssa",3,3.1
"pc2","4cpu-amd",0.55,"ssa",2,2.46
"pc2","4cpu-amd",0.55,"ssa",4,2.46
"pc2","4cpu-amd",0.55,"ssa",3,2.5
"pc2","4cpu-amd",0.55,"ssa",1,2.55
"pc2","4cpu-amd",0.55,"ssa",1,2.56
"pc2","4cpu-amd",0.55,"ssa",3,2.58
"pc2","4cpu-amd",0.55,"ssa",2,2.8
"pc2","4cpu-amd",0.55,"ssa",4,2.98
"pc2","4cpu-amd",0.55,"ssa",3,2.61
"pc2","4cpu-amd",0.55,"ssa",4,2.66
"pc2","4cpu-amd",0.55,"ssa",2,2.74
"pc2","4cpu-amd",0.55,"ssa",1,2.83
"pc2","4cpu-amd",0.55,"ssa",3,2.41
"pc2","4cpu-amd",0.55,"ssa",2,2.5
"pc2","4cpu-amd",0.55,"ssa",1,2.52
"pc2","4cpu-amd",0.55,"ssa",4,2.58
"pc2","4cpu-amd",0.55,"ssa",3,2.46
"pc2","4cpu-amd",0.55,"ssa",2,2.56
"pc2","4cpu-amd",0.55,"ssa",1,2.58
"pc2","4cpu-amd",0.55,"ssa",4,2.65
"pc2","4cpu-amd",0.55,"ssa",3,2.48
"pc2","4cpu-amd",0.55,"ssa",1,2.55
"pc2","4cpu-amd",0.55,"ssa",2,2.68
"pc2","4cpu-amd",0.55,"ssa",4,2.76
"pc2","4cpu-amd",0.55,"ssa",1,2.39
"pc2","4cpu-amd",0.55,"ssa",2,2.51
"pc2","4cpu-amd",0.55,"ssa",3,2.56
"pc2","4cpu-amd",0.55,"ssa",4,2.98
"pc2","4cpu-amd",0.55,"ssa",2,2.44
"pc2","4cpu-amd",0.55,"ssa",3,2.46
"pc2","4cpu-amd",0.55,"ssa",4,2.52
"pc2","4cpu-amd",0.55,"ssa",1,2.67
"pc2","4cpu-amd",0.55,"ssa",3,2.39
"pc2","4cpu-amd",0.55,"ssa",1,2.56
"pc2","4cpu-amd",0.55,"ssa",2,2.58
"pc2","4cpu-amd",0.55,"ssa",4,2.71
"pc2","4cpu-amd",0.55,"ssa",4,2.47
"pc2","4cpu-amd",0.55,"ssa",1,2.52
"pc2","4cpu-amd",0.55,"ssa",2,2.52
"pc2","4cpu-amd",0.55,"ssa",3,2.59
"pc2","4cpu-amd",0.55,"ssa",2,2.39
"pc2","4cpu-amd",0.55,"ssa",1,2.45
"pc2","4cpu-amd",0.55,"ssa",3,2.52
"pc2","4cpu-amd",0.55,"ssa",4,3.46
"pc2","4cpu-amd",0.55,"ssa",1,2.49
"pc2","4cpu-amd",0.55,"ssa",3,2.55
"pc2","4cpu-amd",0.55,"ssa",4,2.56
"pc2","4cpu-amd",0.55,"ssa",2,2.87
"pc2","4cpu-amd",0.55,"ssa",3,2.36
"pc2","4cpu-amd",0.55,"ssa",4,2.44
"pc2","4cpu-amd",0.55,"ssa",1,2.57
"pc2","4cpu-amd",0.55,"ssa",2,2.64
"pc2","4cpu-amd",0.55,"ssa",2,2.49
"pc2","4cpu-amd",0.55,"ssa",1,2.57
"pc2","4cpu-amd",0.55,"ssa",3,2.56
"pc2","4cpu-amd",0.55,"ssa",4,2.87
"pc2","4cpu-amd",0.55,"ssa",1,2.43
"pc2","4cpu-amd",0.55,"ssa",3,2.54
"pc2","4cpu-amd",0.55,"ssa",2,2.63
"pc2","4cpu-amd",0.55,"ssa",4,3.03
"pc2","4cpu-amd",0.55,"ssa",3,2.46
"pc2","4cpu-amd",0.55,"ssa",2,2.49
"pc2","4cpu-amd",0.55,"ssa",4,2.56
"pc2","4cpu-amd",0.55,"ssa",1,2.76
"pc2","4cpu-amd",0.55,"ssa",1,2.42
"pc2","4cpu-amd",0.55,"ssa",2,2.47
"pc2","4cpu-amd",0.55,"ssa",3,2.68
"pc2","4cpu-amd",0.55,"ssa",4,3.48
"pc2","4cpu-amd",0.55,"ssa",2,2.44
"pc2","4cpu-amd",0.55,"ssa",3,2.52
"pc2","4cpu-amd",0.55,"ssa",1,2.54
"pc2","4cpu-amd",0.55,"ssa",4,2.62
"pc2","4cpu-amd",0.55,"ssa",2,2.37
"pc2","4cpu-amd",0.55,"ssa",3,2.44
"pc2","4cpu-amd",0.55,"ssa",4,2.59
"pc2","4cpu-amd",0.55,"ssa",1,2.59
"pc2","4cpu-amd",0.55,"ssa",2,2.3
"pc2","4cpu-amd",0.55,"ssa",3,2.56
"pc2","4cpu-amd",0.55,"ssa",1,2.64
"pc2","4cpu-amd",0.55,"ssa",4,3.45
"pc2","4cpu-amd",0.55,"ssa",2,2.5
"pc2","4cpu-amd",0.55,"ssa",3,2.5
"pc2","4cpu-amd",0.55,"ssa",1,2.74
"pc2","4cpu-amd",0.55,"ssa",4,2.78
"pc2","4cpu-amd",0.55,"ssa",2,2.48
"pc2","4cpu-amd",0.55,"ssa",3,2.5
"pc2","4cpu-amd",0.55,"ssa",4,2.54
"pc2","4cpu-amd",0.55,"ssa",1,2.67
"pc2","4cpu-amd",0.55,"ssa",2,2.38
"pc2","4cpu-amd",0.55,"ssa",1,2.51
"pc2","4cpu-amd",0.55,"ssa",3,2.57
"pc2","4cpu-amd",0.55,"ssa",4,2.68
"pc2","4cpu-amd",0.55,"ssa",1,2.52
"pc2","4cpu-amd",0.55,"ssa",3,2.57
"pc2","4cpu-amd",0.55,"ssa",2,2.59
"pc2","4cpu-amd",0.55,"ssa",4,2.78
"pc2","4cpu-amd",0.65,"ssa",3,2.29
"pc2","4cpu-amd",0.65,"ssa",1,2.39
"pc2","4cpu-amd",0.65,"ssa",4,2.35
"pc2","4cpu-amd",0.65,"ssa",2,2.48
"pc2","4cpu-amd",0.65,"ssa",3,2.32
"pc2","4cpu-amd",0.65,"ssa",4,2.33
"pc2","4cpu-amd",0.65,"ssa",2,2.37
"pc2","4cpu-amd",0.65,"ssa",1,2.68
"pc2","4cpu-amd",0.65,"ssa",3,2.13
"pc2","4cpu-amd",0.65,"ssa",2,2.21
"pc2","4cpu-amd",0.65,"ssa",1,2.37
"pc2","4cpu-amd",0.65,"ssa",4,2.45
"pc2","4cpu-amd",0.65,"ssa",3,2.04
"pc2","4cpu-amd",0.65,"ssa",1,2.17
"pc2","4cpu-amd",0.65,"ssa",2,2.18
"pc2","4cpu-amd",0.65,"ssa",4,2.25
"pc2","4cpu-amd",0.65,"ssa",3,2.07
"pc2","4cpu-amd",0.65,"ssa",1,2.21
"pc2","4cpu-amd",0.65,"ssa",2,2.28
"pc2","4cpu-amd",0.65,"ssa",4,2.78
"pc2","4cpu-amd",0.65,"ssa",4,2.09
"pc2","4cpu-amd",0.65,"ssa",1,2.13
"pc2","4cpu-amd",0.65,"ssa",2,2.35
"pc2","4cpu-amd",0.65,"ssa",3,2.35
"pc2","4cpu-amd",0.65,"ssa",4,2.01
"pc2","4cpu-amd",0.65,"ssa",3,2.04
"pc2","4cpu-amd",0.65,"ssa",2,2.13
"pc2","4cpu-amd",0.65,"ssa",1,2.48
"pc2","4cpu-amd",0.65,"ssa",1,2.04
"pc2","4cpu-amd",0.65,"ssa",2,2.03
"pc2","4cpu-amd",0.65,"ssa",3,2.09
"pc2","4cpu-amd",0.65,"ssa",4,3.4
"pc2","4cpu-amd",0.65,"ssa",3,2.15
"pc2","4cpu-amd",0.65,"ssa",2,2.18
"pc2","4cpu-amd",0.65,"ssa",1,2.21
"pc2","4cpu-amd",0.65,"ssa",4,2.35
"pc2","4cpu-amd",0.65,"ssa",3,2.08
"pc2","4cpu-amd",0.65,"ssa",4,2.15
"pc2","4cpu-amd",0.65,"ssa",2,2.25
"pc2","4cpu-amd",0.65,"ssa",1,2.36
"pc2","4cpu-amd",0.65,"ssa",2,2.16
"pc2","4cpu-amd",0.65,"ssa",3,2.16
"pc2","4cpu-amd",0.65,"ssa",1,2.19
"pc2","4cpu-amd",0.65,"ssa",4,2.44
"pc2","4cpu-amd",0.65,"ssa",3,2.13
"pc2","4cpu-amd",0.65,"ssa",2,2.24
"pc2","4cpu-amd",0.65,"ssa",4,2.23
"pc2","4cpu-amd",0.65,"ssa",1,2.37
"pc2","4cpu-amd",0.65,"ssa",1,2.11
"pc2","4cpu-amd",0.65,"ssa",3,2.1
"pc2","4cpu-amd",0.65,"ssa",2,2.12
"pc2","4cpu-amd",0.65,"ssa",4,2.35
"pc2","4cpu-amd",0.65,"ssa",3,2.17
"pc2","4cpu-amd",0.65,"ssa",2,2.2
"pc2","4cpu-amd",0.65,"ssa",1,2.22
"pc2","4cpu-amd",0.65,"ssa",4,2.28
"pc2","4cpu-amd",0.65,"ssa",3,2.17
"pc2","4cpu-amd",0.65,"ssa",2,2.17
"pc2","4cpu-amd",0.65,"ssa",4,2.17
"pc2","4cpu-amd",0.65,"ssa",1,2.25
"pc2","4cpu-amd",0.65,"ssa",3,2.07
"pc2","4cpu-amd",0.65,"ssa",4,2.1
"pc2","4cpu-amd",0.65,"ssa",1,2.19
"pc2","4cpu-amd",0.65,"ssa",2,2.29
"pc2","4cpu-amd",0.65,"ssa",2,2.05
"pc2","4cpu-amd",0.65,"ssa",4,2.15
"pc2","4cpu-amd",0.65,"ssa",1,2.2
"pc2","4cpu-amd",0.65,"ssa",3,2.19
"pc2","4cpu-amd",0.65,"ssa",4,2.07
"pc2","4cpu-amd",0.65,"ssa",3,2.12
"pc2","4cpu-amd",0.65,"ssa",2,2.26
"pc2","4cpu-amd",0.65,"ssa",1,2.37
"pc2","4cpu-amd",0.65,"ssa",1,2.14
"pc2","4cpu-amd",0.65,"ssa",2,2.14
"pc2","4cpu-amd",0.65,"ssa",3,2.15
"pc2","4cpu-amd",0.65,"ssa",4,2.25
"pc2","4cpu-amd",0.65,"ssa",3,2.18
"pc2","4cpu-amd",0.65,"ssa",1,2.28
"pc2","4cpu-amd",0.65,"ssa",2,2.28
"pc2","4cpu-amd",0.65,"ssa",4,2.44
"pc2","4cpu-amd",0.65,"ssa",3,2.06
"pc2","4cpu-amd",0.65,"ssa",1,2.21
"pc2","4cpu-amd",0.65,"ssa",2,2.25
"pc2","4cpu-amd",0.65,"ssa",4,2.29
"pc2","4cpu-amd",0.65,"ssa",2,2.09
"pc2","4cpu-amd",0.65,"ssa",3,2.15
"pc2","4cpu-amd",0.65,"ssa",1,2.27
"pc2","4cpu-amd",0.65,"ssa",4,3.08
"pc2","4cpu-amd",0.65,"ssa",1,2.11
"pc2","4cpu-amd",0.65,"ssa",4,2.15
"pc2","4cpu-amd",0.65,"ssa",3,2.22
"pc2","4cpu-amd",0.65,"ssa",2,2.34
"pc2","4cpu-amd",0.65,"ssa",2,2.14
"pc2","4cpu-amd",0.65,"ssa",3,2.19
"pc2","4cpu-amd",0.65,"ssa",1,2.36
"pc2","4cpu-amd",0.65,"ssa",4,2.75
"pc2","4cpu-amd",0.65,"ssa",3,2.1
"pc2","4cpu-amd",0.65,"ssa",1,2.14
"pc2","4cpu-amd",0.65,"ssa",2,2.18
"pc2","4cpu-amd",0.65,"ssa",4,2.34
"pc2","4cpu-amd",0.65,"ssa",2,1.97
"pc2","4cpu-amd",0.65,"ssa",1,2.19
"pc2","4cpu-amd",0.65,"ssa",3,2.27
"pc2","4cpu-amd",0.65,"ssa",4,2.34
"pc2","4cpu-amd",0.65,"ssa",3,2
"pc2","4cpu-amd",0.65,"ssa",2,2.21
"pc2","4cpu-amd",0.65,"ssa",1,2.28
"pc2","4cpu-amd",0.65,"ssa",4,2.38
"pc2","4cpu-amd",0.65,"ssa",2,2.06
"pc2","4cpu-amd",0.65,"ssa",3,2.06
"pc2","4cpu-amd",0.65,"ssa",4,2.22
"pc2","4cpu-amd",0.65,"ssa",1,2.46
"pc2","4cpu-amd",0.65,"ssa",3,1.99
"pc2","4cpu-amd",0.65,"ssa",4,2.1
"pc2","4cpu-amd",0.65,"ssa",1,2.19
"pc2","4cpu-amd",0.65,"ssa",2,2.47
"pc2","4cpu-amd",0.65,"ssa",3,2.05
"pc2","4cpu-amd",0.65,"ssa",4,2.14
"pc2","4cpu-amd",0.65,"ssa",2,2.22
"pc2","4cpu-amd",0.65,"ssa",1,2.33
"pc2","4cpu-amd",0.75,"ssa",4,1.89
"pc2","4cpu-amd",0.75,"ssa",3,2.07
"pc2","4cpu-amd",0.75,"ssa",2,2.07
"pc2","4cpu-amd",0.75,"ssa",1,2.24
"pc2","4cpu-amd",0.75,"ssa",1,2.02
"pc2","4cpu-amd",0.75,"ssa",4,2.02
"pc2","4cpu-amd",0.75,"ssa",3,2.07
"pc2","4cpu-amd",0.75,"ssa",2,2.16
"pc2","4cpu-amd",0.75,"ssa",1,1.78
"pc2","4cpu-amd",0.75,"ssa",4,1.77
"pc2","4cpu-amd",0.75,"ssa",3,1.78
"pc2","4cpu-amd",0.75,"ssa",2,1.88
"pc2","4cpu-amd",0.75,"ssa",4,1.67
"pc2","4cpu-amd",0.75,"ssa",1,1.77
"pc2","4cpu-amd",0.75,"ssa",3,1.89
"pc2","4cpu-amd",0.75,"ssa",2,2.04
"pc2","4cpu-amd",0.75,"ssa",4,1.8
"pc2","4cpu-amd",0.75,"ssa",2,1.82
"pc2","4cpu-amd",0.75,"ssa",3,1.82
"pc2","4cpu-amd",0.75,"ssa",1,1.87
"pc2","4cpu-amd",0.75,"ssa",4,1.65
"pc2","4cpu-amd",0.75,"ssa",1,1.75
"pc2","4cpu-amd",0.75,"ssa",3,1.93
"pc2","4cpu-amd",0.75,"ssa",2,2.16
"pc2","4cpu-amd",0.75,"ssa",3,1.71
"pc2","4cpu-amd",0.75,"ssa",1,1.9
"pc2","4cpu-amd",0.75,"ssa",4,1.97
"pc2","4cpu-amd",0.75,"ssa",2,2.07
"pc2","4cpu-amd",0.75,"ssa",4,1.75
"pc2","4cpu-amd",0.75,"ssa",2,1.81
"pc2","4cpu-amd",0.75,"ssa",3,1.88
"pc2","4cpu-amd",0.75,"ssa",1,2.08
"pc2","4cpu-amd",0.75,"ssa",4,1.66
"pc2","4cpu-amd",0.75,"ssa",2,1.84
"pc2","4cpu-amd",0.75,"ssa",1,1.97
"pc2","4cpu-amd",0.75,"ssa",3,2.42
"pc2","4cpu-amd",0.75,"ssa",4,1.77
"pc2","4cpu-amd",0.75,"ssa",3,1.77
"pc2","4cpu-amd",0.75,"ssa",1,1.85
"pc2","4cpu-amd",0.75,"ssa",2,1.96
"pc2","4cpu-amd",0.75,"ssa",4,1.78
"pc2","4cpu-amd",0.75,"ssa",3,1.86
"pc2","4cpu-amd",0.75,"ssa",2,1.88
"pc2","4cpu-amd",0.75,"ssa",1,1.97
"pc2","4cpu-amd",0.75,"ssa",4,1.73
"pc2","4cpu-amd",0.75,"ssa",1,1.8
"pc2","4cpu-amd",0.75,"ssa",2,1.85
"pc2","4cpu-amd",0.75,"ssa",3,1.86
"pc2","4cpu-amd",0.75,"ssa",4,1.8
"pc2","4cpu-amd",0.75,"ssa",1,1.88
"pc2","4cpu-amd",0.75,"ssa",3,1.89
"pc2","4cpu-amd",0.75,"ssa",2,1.94
"pc2","4cpu-amd",0.75,"ssa",3,1.72
"pc2","4cpu-amd",0.75,"ssa",4,1.86
"pc2","4cpu-amd",0.75,"ssa",1,1.93
"pc2","4cpu-amd",0.75,"ssa",2,1.99
"pc2","4cpu-amd",0.75,"ssa",4,1.76
"pc2","4cpu-amd",0.75,"ssa",3,1.86
"pc2","4cpu-amd",0.75,"ssa",1,1.96
"pc2","4cpu-amd",0.75,"ssa",2,2.06
"pc2","4cpu-amd",0.75,"ssa",4,1.76
"pc2","4cpu-amd",0.75,"ssa",2,1.81
"pc2","4cpu-amd",0.75,"ssa",3,1.88
"pc2","4cpu-amd",0.75,"ssa",1,2.07
"pc2","4cpu-amd",0.75,"ssa",4,1.75
"pc2","4cpu-amd",0.75,"ssa",1,1.83
"pc2","4cpu-amd",0.75,"ssa",3,1.83
"pc2","4cpu-amd",0.75,"ssa",2,2
"pc2","4cpu-amd",0.75,"ssa",3,1.78
"pc2","4cpu-amd",0.75,"ssa",4,1.83
"pc2","4cpu-amd",0.75,"ssa",1,1.88
"pc2","4cpu-amd",0.75,"ssa",2,2.45
"pc2","4cpu-amd",0.75,"ssa",3,1.8
"pc2","4cpu-amd",0.75,"ssa",4,1.8
"pc2","4cpu-amd",0.75,"ssa",2,1.85
"pc2","4cpu-amd",0.75,"ssa",1,1.89
"pc2","4cpu-amd",0.75,"ssa",4,1.73
"pc2","4cpu-amd",0.75,"ssa",3,1.89
"pc2","4cpu-amd",0.75,"ssa",2,1.95
"pc2","4cpu-amd",0.75,"ssa",1,2.03
"pc2","4cpu-amd",0.75,"ssa",4,1.8
"pc2","4cpu-amd",0.75,"ssa",2,1.82
"pc2","4cpu-amd",0.75,"ssa",3,1.9
"pc2","4cpu-amd",0.75,"ssa",1,1.99
"pc2","4cpu-amd",0.75,"ssa",4,1.73
"pc2","4cpu-amd",0.75,"ssa",3,1.83
"pc2","4cpu-amd",0.75,"ssa",2,1.9
"pc2","4cpu-amd",0.75,"ssa",1,1.98
"pc2","4cpu-amd",0.75,"ssa",3,1.81
"pc2","4cpu-amd",0.75,"ssa",4,1.82
"pc2","4cpu-amd",0.75,"ssa",2,1.9
"pc2","4cpu-amd",0.75,"ssa",1,2
"pc2","4cpu-amd",0.75,"ssa",3,1.79
"pc2","4cpu-amd",0.75,"ssa",4,1.81
"pc2","4cpu-amd",0.75,"ssa",1,1.85
"pc2","4cpu-amd",0.75,"ssa",2,1.85
"pc2","4cpu-amd",0.75,"ssa",4,1.83
"pc2","4cpu-amd",0.75,"ssa",2,1.89
"pc2","4cpu-amd",0.75,"ssa",1,1.89
"pc2","4cpu-amd",0.75,"ssa",3,1.9
"pc2","4cpu-amd",0.75,"ssa",4,1.71
"pc2","4cpu-amd",0.75,"ssa",3,1.8
"pc2","4cpu-amd",0.75,"ssa",2,1.86
"pc2","4cpu-amd",0.75,"ssa",1,2.01
"pc2","4cpu-amd",0.75,"ssa",4,1.75
"pc2","4cpu-amd",0.75,"ssa",1,1.94
"pc2","4cpu-amd",0.75,"ssa",3,1.92
"pc2","4cpu-amd",0.75,"ssa",2,2.12
"pc2","4cpu-amd",0.75,"ssa",4,1.8
"pc2","4cpu-amd",0.75,"ssa",2,1.87
"pc2","4cpu-amd",0.75,"ssa",1,1.89
"pc2","4cpu-amd",0.75,"ssa",3,2.03
"pc2","4cpu-amd",0.75,"ssa",4,1.81
"pc2","4cpu-amd",0.75,"ssa",2,1.85
"pc2","4cpu-amd",0.75,"ssa",3,1.85
"pc2","4cpu-amd",0.75,"ssa",1,2.31
"pc2","4cpu-amd",0.75,"ssa",2,1.87
"pc2","4cpu-amd",0.75,"ssa",1,1.91
"pc2","4cpu-amd",0.75,"ssa",4,1.88
"pc2","4cpu-amd",0.75,"ssa",3,2.02
"pc2","4cpu-amd",0.85,"ssa",4,1.76
"pc2","4cpu-amd",0.85,"ssa",1,1.8
"pc2","4cpu-amd",0.85,"ssa",3,1.81
"pc2","4cpu-amd",0.85,"ssa",2,2
"pc2","4cpu-amd",0.85,"ssa",4,1.78
"pc2","4cpu-amd",0.85,"ssa",1,1.84
"pc2","4cpu-amd",0.85,"ssa",2,1.83
"pc2","4cpu-amd",0.85,"ssa",3,1.96
"pc2","4cpu-amd",0.85,"ssa",2,1.64
"pc2","4cpu-amd",0.85,"ssa",3,1.64
"pc2","4cpu-amd",0.85,"ssa",4,1.83
"pc2","4cpu-amd",0.85,"ssa",1,1.83
"pc2","4cpu-amd",0.85,"ssa",2,1.57
"pc2","4cpu-amd",0.85,"ssa",1,1.71
"pc2","4cpu-amd",0.85,"ssa",3,1.72
"pc2","4cpu-amd",0.85,"ssa",4,2.01
"pc2","4cpu-amd",0.85,"ssa",4,1.6
"pc2","4cpu-amd",0.85,"ssa",2,1.65
"pc2","4cpu-amd",0.85,"ssa",1,1.7
"pc2","4cpu-amd",0.85,"ssa",3,1.7
"pc2","4cpu-amd",0.85,"ssa",3,1.51
"pc2","4cpu-amd",0.85,"ssa",4,1.54
"pc2","4cpu-amd",0.85,"ssa",2,1.67
"pc2","4cpu-amd",0.85,"ssa",1,1.85
"pc2","4cpu-amd",0.85,"ssa",2,1.68
"pc2","4cpu-amd",0.85,"ssa",4,1.69
"pc2","4cpu-amd",0.85,"ssa",1,1.69
"pc2","4cpu-amd",0.85,"ssa",3,1.85
"pc2","4cpu-amd",0.85,"ssa",2,1.62
"pc2","4cpu-amd",0.85,"ssa",1,1.66
"pc2","4cpu-amd",0.85,"ssa",4,1.77
"pc2","4cpu-amd",0.85,"ssa",3,1.92
"pc2","4cpu-amd",0.85,"ssa",1,1.6
"pc2","4cpu-amd",0.85,"ssa",2,1.63
"pc2","4cpu-amd",0.85,"ssa",3,1.66
"pc2","4cpu-amd",0.85,"ssa",4,1.66
"pc2","4cpu-amd",0.85,"ssa",2,1.54
"pc2","4cpu-amd",0.85,"ssa",3,1.57
"pc2","4cpu-amd",0.85,"ssa",1,1.71
"pc2","4cpu-amd",0.85,"ssa",4,1.73
"pc2","4cpu-amd",0.85,"ssa",2,1.68
"pc2","4cpu-amd",0.85,"ssa",1,1.73
"pc2","4cpu-amd",0.85,"ssa",4,1.92
"pc2","4cpu-amd",0.85,"ssa",3,1.99
"pc2","4cpu-amd",0.85,"ssa",1,1.58
"pc2","4cpu-amd",0.85,"ssa",2,1.66
"pc2","4cpu-amd",0.85,"ssa",3,1.88
"pc2","4cpu-amd",0.85,"ssa",4,2.04
"pc2","4cpu-amd",0.85,"ssa",2,1.58
"pc2","4cpu-amd",0.85,"ssa",3,1.63
"pc2","4cpu-amd",0.85,"ssa",1,1.65
"pc2","4cpu-amd",0.85,"ssa",4,1.71
"pc2","4cpu-amd",0.85,"ssa",3,1.6
"pc2","4cpu-amd",0.85,"ssa",1,1.66
"pc2","4cpu-amd",0.85,"ssa",4,1.65
"pc2","4cpu-amd",0.85,"ssa",2,1.81
"pc2","4cpu-amd",0.85,"ssa",3,1.7
"pc2","4cpu-amd",0.85,"ssa",1,1.7
"pc2","4cpu-amd",0.85,"ssa",2,1.72
"pc2","4cpu-amd",0.85,"ssa",4,2.69
"pc2","4cpu-amd",0.85,"ssa",2,1.7
"pc2","4cpu-amd",0.85,"ssa",4,1.68
"pc2","4cpu-amd",0.85,"ssa",1,1.76
"pc2","4cpu-amd",0.85,"ssa",3,1.84
"pc2","4cpu-amd",0.85,"ssa",4,1.57
"pc2","4cpu-amd",0.85,"ssa",1,1.65
"pc2","4cpu-amd",0.85,"ssa",2,1.72
"pc2","4cpu-amd",0.85,"ssa",3,1.84
"pc2","4cpu-amd",0.85,"ssa",1,1.58
"pc2","4cpu-amd",0.85,"ssa",3,1.59
"pc2","4cpu-amd",0.85,"ssa",4,1.72
"pc2","4cpu-amd",0.85,"ssa",2,1.76
"pc2","4cpu-amd",0.85,"ssa",1,1.64
"pc2","4cpu-amd",0.85,"ssa",2,1.68
"pc2","4cpu-amd",0.85,"ssa",3,1.78
"pc2","4cpu-amd",0.85,"ssa",4,1.83
"pc2","4cpu-amd",0.85,"ssa",1,1.58
"pc2","4cpu-amd",0.85,"ssa",3,1.6
"pc2","4cpu-amd",0.85,"ssa",2,1.61
"pc2","4cpu-amd",0.85,"ssa",4,1.79
"pc2","4cpu-amd",0.85,"ssa",4,1.59
"pc2","4cpu-amd",0.85,"ssa",3,1.62
"pc2","4cpu-amd",0.85,"ssa",2,1.68
"pc2","4cpu-amd",0.85,"ssa",1,1.77
"pc2","4cpu-amd",0.85,"ssa",4,1.65
"pc2","4cpu-amd",0.85,"ssa",3,1.65
"pc2","4cpu-amd",0.85,"ssa",1,1.72
"pc2","4cpu-amd",0.85,"ssa",2,1.78
"pc2","4cpu-amd",0.85,"ssa",3,1.62
"pc2","4cpu-amd",0.85,"ssa",1,1.67
"pc2","4cpu-amd",0.85,"ssa",4,1.68
"pc2","4cpu-amd",0.85,"ssa",2,1.76
"pc2","4cpu-amd",0.85,"ssa",2,1.59
"pc2","4cpu-amd",0.85,"ssa",1,1.59
"pc2","4cpu-amd",0.85,"ssa",4,1.69
"pc2","4cpu-amd",0.85,"ssa",3,1.87
"pc2","4cpu-amd",0.85,"ssa",2,1.61
"pc2","4cpu-amd",0.85,"ssa",4,1.63
"pc2","4cpu-amd",0.85,"ssa",3,1.73
"pc2","4cpu-amd",0.85,"ssa",1,1.76
"pc2","4cpu-amd",0.85,"ssa",2,1.59
"pc2","4cpu-amd",0.85,"ssa",4,1.67
"pc2","4cpu-amd",0.85,"ssa",1,1.74
"pc2","4cpu-amd",0.85,"ssa",3,2.16
"pc2","4cpu-amd",0.85,"ssa",3,1.59
"pc2","4cpu-amd",0.85,"ssa",2,1.59
"pc2","4cpu-amd",0.85,"ssa",4,1.58
"pc2","4cpu-amd",0.85,"ssa",1,1.8
"pc2","4cpu-amd",0.85,"ssa",2,1.59
"pc2","4cpu-amd",0.85,"ssa",4,1.59
"pc2","4cpu-amd",0.85,"ssa",1,1.74
"pc2","4cpu-amd",0.85,"ssa",3,1.85
"pc2","4cpu-amd",0.85,"ssa",2,1.58
"pc2","4cpu-amd",0.85,"ssa",3,1.6
"pc2","4cpu-amd",0.85,"ssa",1,1.66
"pc2","4cpu-amd",0.85,"ssa",4,1.7
"pc2","4cpu-amd",0.85,"ssa",2,1.65
"pc2","4cpu-amd",0.85,"ssa",1,1.67
"pc2","4cpu-amd",0.85,"ssa",3,1.69
"pc2","4cpu-amd",0.85,"ssa",4,1.73
"pc2","4cpu-amd",0.95,"ssa",2,0.03
"pc2","4cpu-amd",0.95,"ssa",4,1.51
"pc2","4cpu-amd",0.95,"ssa",1,1.57
"pc2","4cpu-amd",0.95,"ssa",3,1.57
"pc2","4cpu-amd",0.95,"ssa",1,1.44
"pc2","4cpu-amd",0.95,"ssa",3,1.6
"pc2","4cpu-amd",0.95,"ssa",4,1.64
"pc2","4cpu-amd",0.95,"ssa",3,1.36
"pc2","4cpu-amd",0.95,"ssa",2,1.54
"pc2","4cpu-amd",0.95,"ssa",1,1.54
"pc2","4cpu-amd",0.95,"ssa",4,1.59
"pc2","4cpu-amd",0.95,"ssa",3,1.38
"pc2","4cpu-amd",0.95,"ssa",1,1.42
"pc2","4cpu-amd",0.95,"ssa",2,1.56
"pc2","4cpu-amd",0.95,"ssa",4,1.79
"pc2","4cpu-amd",0.95,"ssa",2,1.47
"pc2","4cpu-amd",0.95,"ssa",3,1.49
"pc2","4cpu-amd",0.95,"ssa",4,1.53
"pc2","4cpu-amd",0.95,"ssa",1,1.64
"pc2","4cpu-amd",0.95,"ssa",3,1.37
"pc2","4cpu-amd",0.95,"ssa",4,1.38
"pc2","4cpu-amd",0.95,"ssa",2,1.51
"pc2","4cpu-amd",0.95,"ssa",1,1.55
"pc2","4cpu-amd",0.95,"ssa",3,1.28
"pc2","4cpu-amd",0.95,"ssa",2,1.31
"pc2","4cpu-amd",0.95,"ssa",4,1.4
"pc2","4cpu-amd",0.95,"ssa",1,1.61
"pc2","4cpu-amd",0.95,"ssa",3,1.49
"pc2","4cpu-amd",0.95,"ssa",4,1.5
"pc2","4cpu-amd",0.95,"ssa",1,1.56
"pc2","4cpu-amd",0.95,"ssa",2,1.64
"pc2","4cpu-amd",0.95,"ssa",3,1.38
"pc2","4cpu-amd",0.95,"ssa",1,1.38
"pc2","4cpu-amd",0.95,"ssa",2,1.43
"pc2","4cpu-amd",0.95,"ssa",4,1.51
"pc2","4cpu-amd",0.95,"ssa",3,1.4
"pc2","4cpu-amd",0.95,"ssa",2,1.42
"pc2","4cpu-amd",0.95,"ssa",1,1.48
"pc2","4cpu-amd",0.95,"ssa",4,1.51
"pc2","4cpu-amd",0.95,"ssa",1,1.37
"pc2","4cpu-amd",0.95,"ssa",3,1.4
"pc2","4cpu-amd",0.95,"ssa",2,1.43
"pc2","4cpu-amd",0.95,"ssa",4,1.47
"pc2","4cpu-amd",0.95,"ssa",3,1.42
"pc2","4cpu-amd",0.95,"ssa",2,1.44
"pc2","4cpu-amd",0.95,"ssa",4,1.49
"pc2","4cpu-amd",0.95,"ssa",1,1.54
"pc2","4cpu-amd",0.95,"ssa",1,1.41
"pc2","4cpu-amd",0.95,"ssa",2,1.41
"pc2","4cpu-amd",0.95,"ssa",3,1.49
"pc2","4cpu-amd",0.95,"ssa",4,1.5
"pc2","4cpu-amd",0.95,"ssa",3,1.46
"pc2","4cpu-amd",0.95,"ssa",4,1.46
"pc2","4cpu-amd",0.95,"ssa",1,1.46
"pc2","4cpu-amd",0.95,"ssa",2,1.47
"pc2","4cpu-amd",0.95,"ssa",2,1.36
"pc2","4cpu-amd",0.95,"ssa",3,1.38
"pc2","4cpu-amd",0.95,"ssa",4,1.43
"pc2","4cpu-amd",0.95,"ssa",1,1.48
"pc2","4cpu-amd",0.95,"ssa",2,1.42
"pc2","4cpu-amd",0.95,"ssa",3,1.49
"pc2","4cpu-amd",0.95,"ssa",1,1.78
"pc2","4cpu-amd",0.95,"ssa",4,2.31
"pc2","4cpu-amd",0.95,"ssa",1,1.45
"pc2","4cpu-amd",0.95,"ssa",2,1.45
"pc2","4cpu-amd",0.95,"ssa",4,1.5
"pc2","4cpu-amd",0.95,"ssa",3,1.57
"pc2","4cpu-amd",0.95,"ssa",3,1.37
"pc2","4cpu-amd",0.95,"ssa",1,1.41
"pc2","4cpu-amd",0.95,"ssa",2,1.42
"pc2","4cpu-amd",0.95,"ssa",4,1.71
"pc2","4cpu-amd",0.95,"ssa",2,1.35
"pc2","4cpu-amd",0.95,"ssa",4,1.35
"pc2","4cpu-amd",0.95,"ssa",3,1.37
"pc2","4cpu-amd",0.95,"ssa",1,1.4
"pc2","4cpu-amd",0.95,"ssa",3,1.36
"pc2","4cpu-amd",0.95,"ssa",4,1.52
"pc2","4cpu-amd",0.95,"ssa",1,1.57
"pc2","4cpu-amd",0.95,"ssa",2,1.72
"pc2","4cpu-amd",0.95,"ssa",3,1.41
"pc2","4cpu-amd",0.95,"ssa",2,1.41
"pc2","4cpu-amd",0.95,"ssa",1,1.54
"pc2","4cpu-amd",0.95,"ssa",4,1.53
"pc2","4cpu-amd",0.95,"ssa",3,1.39
"pc2","4cpu-amd",0.95,"ssa",1,1.44
"pc2","4cpu-amd",0.95,"ssa",2,1.44
"pc2","4cpu-amd",0.95,"ssa",4,1.59
"pc2","4cpu-amd",0.95,"ssa",3,1.41
"pc2","4cpu-amd",0.95,"ssa",1,1.47
"pc2","4cpu-amd",0.95,"ssa",2,1.57
"pc2","4cpu-amd",0.95,"ssa",4,1.57
"pc2","4cpu-amd",0.95,"ssa",2,1.43
"pc2","4cpu-amd",0.95,"ssa",1,1.49
"pc2","4cpu-amd",0.95,"ssa",4,1.48
"pc2","4cpu-amd",0.95,"ssa",3,1.61
"pc2","4cpu-amd",0.95,"ssa",1,1.43
"pc2","4cpu-amd",0.95,"ssa",3,1.42
"pc2","4cpu-amd",0.95,"ssa",2,1.44
"pc2","4cpu-amd",0.95,"ssa",4,1.56
"pc2","4cpu-amd",0.95,"ssa",3,1.41
"pc2","4cpu-amd",0.95,"ssa",1,1.41
"pc2","4cpu-amd",0.95,"ssa",4,1.46
"pc2","4cpu-amd",0.95,"ssa",2,1.57
"pc2","4cpu-amd",0.95,"ssa",3,1.45
"pc2","4cpu-amd",0.95,"ssa",2,1.46
"pc2","4cpu-amd",0.95,"ssa",4,1.46
"pc2","4cpu-amd",0.95,"ssa",1,1.56
"pc2","4cpu-amd",0.95,"ssa",4,1.35
"pc2","4cpu-amd",0.95,"ssa",3,1.41
"pc2","4cpu-amd",0.95,"ssa",2,1.41
"pc2","4cpu-amd",0.95,"ssa",1,1.7
"pc2","4cpu-amd",0.95,"ssa",2,1.38
"pc2","4cpu-amd",0.95,"ssa",3,1.44
"pc2","4cpu-amd",0.95,"ssa",1,1.49
"pc2","4cpu-amd",0.95,"ssa",4,1.63
"pc2","4cpu-amd",0.95,"ssa",3,1.38
"pc2","4cpu-amd",0.95,"ssa",4,1.38
"pc2","4cpu-amd",0.95,"ssa",1,1.48
"pc2","4cpu-amd",0.05,"seadec",4,52.94
"pc2","4cpu-amd",0.05,"seadec",2,54.37
"pc2","4cpu-amd",0.05,"seadec",1,54.5
"pc2","4cpu-amd",0.05,"seadec",3,54.55
"pc2","4cpu-amd",0.05,"seadec",4,52.86
"pc2","4cpu-amd",0.05,"seadec",1,52.99
"pc2","4cpu-amd",0.05,"seadec",3,53.77
"pc2","4cpu-amd",0.05,"seadec",2,54.98
"pc2","4cpu-amd",0.05,"seadec",2,48.05
"pc2","4cpu-amd",0.05,"seadec",4,48.23
"pc2","4cpu-amd",0.05,"seadec",1,49.26
"pc2","4cpu-amd",0.05,"seadec",3,50.34
"pc2","4cpu-amd",0.05,"seadec",1,49.18
"pc2","4cpu-amd",0.05,"seadec",3,50.26
"pc2","4cpu-amd",0.05,"seadec",4,50.48
"pc2","4cpu-amd",0.05,"seadec",2,50.48
"pc2","4cpu-amd",0.05,"seadec",4,49.64
"pc2","4cpu-amd",0.05,"seadec",1,50.67
"pc2","4cpu-amd",0.05,"seadec",2,51.45
"pc2","4cpu-amd",0.05,"seadec",3,51.55
"pc2","4cpu-amd",0.05,"seadec",2,49.87
"pc2","4cpu-amd",0.05,"seadec",1,49.99
"pc2","4cpu-amd",0.05,"seadec",4,50.36
"pc2","4cpu-amd",0.05,"seadec",3,50.76
"pc2","4cpu-amd",0.05,"seadec",2,49.58
"pc2","4cpu-amd",0.05,"seadec",3,49.58
"pc2","4cpu-amd",0.05,"seadec",1,50.19
"pc2","4cpu-amd",0.05,"seadec",4,50.26
"pc2","4cpu-amd",0.05,"seadec",3,49.47
"pc2","4cpu-amd",0.05,"seadec",1,50.89
"pc2","4cpu-amd",0.05,"seadec",4,51.16
"pc2","4cpu-amd",0.05,"seadec",2,51.87
"pc2","4cpu-amd",0.05,"seadec",1,49.17
"pc2","4cpu-amd",0.05,"seadec",4,49.94
"pc2","4cpu-amd",0.05,"seadec",2,50.15
"pc2","4cpu-amd",0.05,"seadec",3,50.75
"pc2","4cpu-amd",0.05,"seadec",2,46.95
"pc2","4cpu-amd",0.05,"seadec",4,48.96
"pc2","4cpu-amd",0.05,"seadec",1,48.96
"pc2","4cpu-amd",0.05,"seadec",3,49.24
"pc2","4cpu-amd",0.05,"seadec",3,50.25
"pc2","4cpu-amd",0.05,"seadec",1,50.77
"pc2","4cpu-amd",0.05,"seadec",4,50.85
"pc2","4cpu-amd",0.05,"seadec",2,50.85
"pc2","4cpu-amd",0.05,"seadec",3,48.17
"pc2","4cpu-amd",0.05,"seadec",1,48.48
"pc2","4cpu-amd",0.05,"seadec",2,49.38
"pc2","4cpu-amd",0.05,"seadec",4,50.06
"pc2","4cpu-amd",0.05,"seadec",3,49.54
"pc2","4cpu-amd",0.05,"seadec",1,50.66
"pc2","4cpu-amd",0.05,"seadec",2,51.65
"pc2","4cpu-amd",0.05,"seadec",4,51.94
"pc2","4cpu-amd",0.05,"seadec",2,48.95
"pc2","4cpu-amd",0.05,"seadec",3,49.35
"pc2","4cpu-amd",0.05,"seadec",1,50.26
"pc2","4cpu-amd",0.05,"seadec",4,51.34
"pc2","4cpu-amd",0.05,"seadec",2,47.95
"pc2","4cpu-amd",0.05,"seadec",4,48.53
"pc2","4cpu-amd",0.05,"seadec",1,49.17
"pc2","4cpu-amd",0.05,"seadec",3,49.24
"pc2","4cpu-amd",0.05,"seadec",4,48.06
"pc2","4cpu-amd",0.05,"seadec",1,51.69
"pc2","4cpu-amd",0.05,"seadec",3,51.77
"pc2","4cpu-amd",0.05,"seadec",2,51.77
"pc2","4cpu-amd",0.05,"seadec",4,49.21
"pc2","4cpu-amd",0.05,"seadec",1,50.15
"pc2","4cpu-amd",0.05,"seadec",3,50.42
"pc2","4cpu-amd",0.05,"seadec",2,51.24
"pc2","4cpu-amd",0.05,"seadec",4,48.33
"pc2","4cpu-amd",0.05,"seadec",2,49.74
"pc2","4cpu-amd",0.05,"seadec",3,49.94
"pc2","4cpu-amd",0.05,"seadec",1,51.17
"pc2","4cpu-amd",0.05,"seadec",3,48.81
"pc2","4cpu-amd",0.05,"seadec",1,49.55
"pc2","4cpu-amd",0.05,"seadec",4,49.81
"pc2","4cpu-amd",0.05,"seadec",2,50.21
"pc2","4cpu-amd",0.05,"seadec",1,49.16
"pc2","4cpu-amd",0.05,"seadec",3,49.64
"pc2","4cpu-amd",0.05,"seadec",4,50.23
"pc2","4cpu-amd",0.05,"seadec",2,50.94
"pc2","4cpu-amd",0.05,"seadec",2,49.88
"pc2","4cpu-amd",0.05,"seadec",3,50.07
"pc2","4cpu-amd",0.05,"seadec",1,50.07
"pc2","4cpu-amd",0.05,"seadec",4,51.46
"pc2","4cpu-amd",0.05,"seadec",3,49.33
"pc2","4cpu-amd",0.05,"seadec",1,50.94
"pc2","4cpu-amd",0.05,"seadec",2,51.13
"pc2","4cpu-amd",0.05,"seadec",4,51.82
"pc2","4cpu-amd",0.05,"seadec",1,48.98
"pc2","4cpu-amd",0.05,"seadec",2,50.17
"pc2","4cpu-amd",0.05,"seadec",4,50.36
"pc2","4cpu-amd",0.05,"seadec",3,50.56
"pc2","4cpu-amd",0.05,"seadec",1,50.09
"pc2","4cpu-amd",0.05,"seadec",4,50.26
"pc2","4cpu-amd",0.05,"seadec",3,50.47
"pc2","4cpu-amd",0.05,"seadec",2,51.08
"pc2","4cpu-amd",0.05,"seadec",2,49.75
"pc2","4cpu-amd",0.05,"seadec",4,49.94
"pc2","4cpu-amd",0.05,"seadec",3,50.15
"pc2","4cpu-amd",0.05,"seadec",1,50.67
"pc2","4cpu-amd",0.05,"seadec",3,49.43
"pc2","4cpu-amd",0.05,"seadec",2,50.04
"pc2","4cpu-amd",0.05,"seadec",4,50.62
"pc2","4cpu-amd",0.05,"seadec",1,51.06
"pc2","4cpu-amd",0.05,"seadec",1,49.37
"pc2","4cpu-amd",0.05,"seadec",3,49.41
"pc2","4cpu-amd",0.05,"seadec",2,50.24
"pc2","4cpu-amd",0.05,"seadec",4,51.5
"pc2","4cpu-amd",0.05,"seadec",2,46.58
"pc2","4cpu-amd",0.05,"seadec",1,49.59
"pc2","4cpu-amd",0.05,"seadec",3,49.95
"pc2","4cpu-amd",0.05,"seadec",4,51.23
"pc2","4cpu-amd",0.05,"seadec",4,49.62
"pc2","4cpu-amd",0.05,"seadec",3,50.62
"pc2","4cpu-amd",0.05,"seadec",1,51.43
"pc2","4cpu-amd",0.05,"seadec",2,52.43
"pc2","4cpu-amd",0.05,"seadec",1,48.46
"pc2","4cpu-amd",0.05,"seadec",3,50.14
"pc2","4cpu-amd",0.05,"seadec",2,50.14
"pc2","4cpu-amd",0.05,"seadec",4,50.73
"pc2","4cpu-amd",0.15,"seadec",2,11.42
"pc2","4cpu-amd",0.15,"seadec",1,11.46
"pc2","4cpu-amd",0.15,"seadec",4,11.61
"pc2","4cpu-amd",0.15,"seadec",3,11.82
"pc2","4cpu-amd",0.15,"seadec",3,10.64
"pc2","4cpu-amd",0.15,"seadec",2,11.33
"pc2","4cpu-amd",0.15,"seadec",4,11.62
"pc2","4cpu-amd",0.15,"seadec",1,12.24
"pc2","4cpu-amd",0.15,"seadec",1,10.06
"pc2","4cpu-amd",0.15,"seadec",4,10.35
"pc2","4cpu-amd",0.15,"seadec",3,10.75
"pc2","4cpu-amd",0.15,"seadec",2,11.27
"pc2","4cpu-amd",0.15,"seadec",1,10.48
"pc2","4cpu-amd",0.15,"seadec",4,10.95
"pc2","4cpu-amd",0.15,"seadec",2,11.16
"pc2","4cpu-amd",0.15,"seadec",3,12.45
"pc2","4cpu-amd",0.15,"seadec",2,10.55
"pc2","4cpu-amd",0.15,"seadec",3,10.73
"pc2","4cpu-amd",0.15,"seadec",1,10.97
"pc2","4cpu-amd",0.15,"seadec",4,11.44
"pc2","4cpu-amd",0.15,"seadec",1,10.24
"pc2","4cpu-amd",0.15,"seadec",3,10.6
"pc2","4cpu-amd",0.15,"seadec",4,11.49
"pc2","4cpu-amd",0.15,"seadec",2,12.12
"pc2","4cpu-amd",0.15,"seadec",3,10.24
"pc2","4cpu-amd",0.15,"seadec",2,10.75
"pc2","4cpu-amd",0.15,"seadec",4,10.84
"pc2","4cpu-amd",0.15,"seadec",1,11.67
"pc2","4cpu-amd",0.15,"seadec",1,9.66
"pc2","4cpu-amd",0.15,"seadec",4,10.03
"pc2","4cpu-amd",0.15,"seadec",3,10.23
"pc2","4cpu-amd",0.15,"seadec",2,11.15
"pc2","4cpu-amd",0.15,"seadec",4,9.94
"pc2","4cpu-amd",0.15,"seadec",1,10.46
"pc2","4cpu-amd",0.15,"seadec",2,11.06
"pc2","4cpu-amd",0.15,"seadec",3,11.63
"pc2","4cpu-amd",0.15,"seadec",4,10.78
"pc2","4cpu-amd",0.15,"seadec",1,11
"pc2","4cpu-amd",0.15,"seadec",2,11.08
"pc2","4cpu-amd",0.15,"seadec",3,11.38
"pc2","4cpu-amd",0.15,"seadec",2,10.88
"pc2","4cpu-amd",0.15,"seadec",4,11.07
"pc2","4cpu-amd",0.15,"seadec",3,11.36
"pc2","4cpu-amd",0.15,"seadec",1,11.68
"pc2","4cpu-amd",0.15,"seadec",2,10.26
"pc2","4cpu-amd",0.15,"seadec",1,10.56
"pc2","4cpu-amd",0.15,"seadec",3,10.74
"pc2","4cpu-amd",0.15,"seadec",4,10.84
"pc2","4cpu-amd",0.15,"seadec",4,10.55
"pc2","4cpu-amd",0.15,"seadec",1,10.88
"pc2","4cpu-amd",0.15,"seadec",3,11.15
"pc2","4cpu-amd",0.15,"seadec",2,11.47
"pc2","4cpu-amd",0.15,"seadec",3,10.16
"pc2","4cpu-amd",0.15,"seadec",1,10.16
"pc2","4cpu-amd",0.15,"seadec",4,10.52
"pc2","4cpu-amd",0.15,"seadec",2,11.05
"pc2","4cpu-amd",0.15,"seadec",1,10.08
"pc2","4cpu-amd",0.15,"seadec",3,10.26
"pc2","4cpu-amd",0.15,"seadec",2,10.47
"pc2","4cpu-amd",0.15,"seadec",4,10.76
"pc2","4cpu-amd",0.15,"seadec",4,10.02
"pc2","4cpu-amd",0.15,"seadec",3,10.74
"pc2","4cpu-amd",0.15,"seadec",1,10.86
"pc2","4cpu-amd",0.15,"seadec",3,10.96
"pc2","4cpu-amd",0.15,"seadec",2,11.28
"pc2","4cpu-amd",0.15,"seadec",1,11.58
"pc2","4cpu-amd",0.15,"seadec",4,12.16
"pc2","4cpu-amd",0.15,"seadec",4,10.83
"pc2","4cpu-amd",0.15,"seadec",3,10.93
"pc2","4cpu-amd",0.15,"seadec",2,10.94
"pc2","4cpu-amd",0.15,"seadec",1,11.14
"pc2","4cpu-amd",0.15,"seadec",3,9.97
"pc2","4cpu-amd",0.15,"seadec",4,10.86
"pc2","4cpu-amd",0.15,"seadec",2,10.98
"pc2","4cpu-amd",0.15,"seadec",1,11.29
"pc2","4cpu-amd",0.15,"seadec",1,10.29
"pc2","4cpu-amd",0.15,"seadec",4,10.55
"pc2","4cpu-amd",0.15,"seadec",3,10.85
"pc2","4cpu-amd",0.15,"seadec",2,11.36
"pc2","4cpu-amd",0.15,"seadec",4,9.83
"pc2","4cpu-amd",0.15,"seadec",1,10.26
"pc2","4cpu-amd",0.15,"seadec",3,10.85
"pc2","4cpu-amd",0.15,"seadec",2,11.05
"pc2","4cpu-amd",0.15,"seadec",2,10.35
"pc2","4cpu-amd",0.15,"seadec",3,10.66
"pc2","4cpu-amd",0.15,"seadec",1,10.66
"pc2","4cpu-amd",0.15,"seadec",4,10.93
"pc2","4cpu-amd",0.15,"seadec",1,10.96
"pc2","4cpu-amd",0.15,"seadec",4,11.04
"pc2","4cpu-amd",0.15,"seadec",3,11.34
"pc2","4cpu-amd",0.15,"seadec",2,11.56
"pc2","4cpu-amd",0.15,"seadec",1,10.78
"pc2","4cpu-amd",0.15,"seadec",4,10.96
"pc2","4cpu-amd",0.15,"seadec",2,10.98
"pc2","4cpu-amd",0.15,"seadec",3,11.07
"pc2","4cpu-amd",0.15,"seadec",3,10.79
"pc2","4cpu-amd",0.15,"seadec",2,10.89
"pc2","4cpu-amd",0.15,"seadec",4,10.97
"pc2","4cpu-amd",0.15,"seadec",1,11.69
"pc2","4cpu-amd",0.15,"seadec",3,9.57
"pc2","4cpu-amd",0.15,"seadec",2,10.76
"pc2","4cpu-amd",0.15,"seadec",1,10.77
"pc2","4cpu-amd",0.15,"seadec",4,11.56
"pc2","4cpu-amd",0.15,"seadec",1,10.27
"pc2","4cpu-amd",0.15,"seadec",2,11.06
"pc2","4cpu-amd",0.15,"seadec",3,11.23
"pc2","4cpu-amd",0.15,"seadec",4,11.53
"pc2","4cpu-amd",0.15,"seadec",3,10.35
"pc2","4cpu-amd",0.15,"seadec",2,10.76
"pc2","4cpu-amd",0.15,"seadec",1,11.17
"pc2","4cpu-amd",0.15,"seadec",4,11.44
"pc2","4cpu-amd",0.15,"seadec",1,10.29
"pc2","4cpu-amd",0.15,"seadec",2,10.78
"pc2","4cpu-amd",0.15,"seadec",3,10.78
"pc2","4cpu-amd",0.15,"seadec",4,10.86
"pc2","4cpu-amd",0.15,"seadec",1,10.4
"pc2","4cpu-amd",0.15,"seadec",2,10.79
"pc2","4cpu-amd",0.15,"seadec",4,11.07
"pc2","4cpu-amd",0.15,"seadec",3,11.28
"pc2","4cpu-amd",0.25,"seadec",1,0.02
"pc2","4cpu-amd",0.25,"seadec",3,5.24
"pc2","4cpu-amd",0.25,"seadec",2,5.46
"pc2","4cpu-amd",0.25,"seadec",4,5.71
"pc2","4cpu-amd",0.25,"seadec",3,5.05
"pc2","4cpu-amd",0.25,"seadec",2,5.35
"pc2","4cpu-amd",0.25,"seadec",4,5.53
"pc2","4cpu-amd",0.25,"seadec",3,4.55
"pc2","4cpu-amd",0.25,"seadec",4,4.63
"pc2","4cpu-amd",0.25,"seadec",2,4.96
"pc2","4cpu-amd",0.25,"seadec",1,5.26
"pc2","4cpu-amd",0.25,"seadec",3,4.69
"pc2","4cpu-amd",0.25,"seadec",2,4.69
"pc2","4cpu-amd",0.25,"seadec",4,4.86
"pc2","4cpu-amd",0.25,"seadec",1,5.48
"pc2","4cpu-amd",0.25,"seadec",2,4.6
"pc2","4cpu-amd",0.25,"seadec",4,4.87
"pc2","4cpu-amd",0.25,"seadec",3,4.89
"pc2","4cpu-amd",0.25,"seadec",1,5.08
"pc2","4cpu-amd",0.25,"seadec",3,4.46
"pc2","4cpu-amd",0.25,"seadec",4,4.55
"pc2","4cpu-amd",0.25,"seadec",2,4.58
"pc2","4cpu-amd",0.25,"seadec",1,4.77
"pc2","4cpu-amd",0.25,"seadec",4,4.47
"pc2","4cpu-amd",0.25,"seadec",1,5.01
"pc2","4cpu-amd",0.25,"seadec",3,5.01
"pc2","4cpu-amd",0.25,"seadec",2,5.01
"pc2","4cpu-amd",0.25,"seadec",2,4.56
"pc2","4cpu-amd",0.25,"seadec",4,4.65
"pc2","4cpu-amd",0.25,"seadec",1,4.76
"pc2","4cpu-amd",0.25,"seadec",3,4.76
"pc2","4cpu-amd",0.25,"seadec",1,4.68
"pc2","4cpu-amd",0.25,"seadec",2,4.76
"pc2","4cpu-amd",0.25,"seadec",4,4.95
"pc2","4cpu-amd",0.25,"seadec",3,5.17
"pc2","4cpu-amd",0.25,"seadec",3,4.64
"pc2","4cpu-amd",0.25,"seadec",4,4.65
"pc2","4cpu-amd",0.25,"seadec",2,4.86
"pc2","4cpu-amd",0.25,"seadec",1,4.87
"pc2","4cpu-amd",0.25,"seadec",4,4.65
"pc2","4cpu-amd",0.25,"seadec",3,4.86
"pc2","4cpu-amd",0.25,"seadec",2,4.97
"pc2","4cpu-amd",0.25,"seadec",1,5.07
"pc2","4cpu-amd",0.25,"seadec",4,4.57
"pc2","4cpu-amd",0.25,"seadec",3,4.77
"pc2","4cpu-amd",0.25,"seadec",2,4.78
"pc2","4cpu-amd",0.25,"seadec",1,4.98
"pc2","4cpu-amd",0.25,"seadec",3,4.48
"pc2","4cpu-amd",0.25,"seadec",4,4.57
"pc2","4cpu-amd",0.25,"seadec",1,4.8
"pc2","4cpu-amd",0.25,"seadec",2,5.09
"pc2","4cpu-amd",0.25,"seadec",3,4.47
"pc2","4cpu-amd",0.25,"seadec",1,4.68
"pc2","4cpu-amd",0.25,"seadec",4,4.74
"pc2","4cpu-amd",0.25,"seadec",2,4.77
"pc2","4cpu-amd",0.25,"seadec",1,4.45
"pc2","4cpu-amd",0.25,"seadec",4,4.64
"pc2","4cpu-amd",0.25,"seadec",2,4.74
"pc2","4cpu-amd",0.25,"seadec",3,4.93
"pc2","4cpu-amd",0.25,"seadec",3,4.66
"pc2","4cpu-amd",0.25,"seadec",4,4.75
"pc2","4cpu-amd",0.25,"seadec",2,4.97
"pc2","4cpu-amd",0.25,"seadec",1,5.06
"pc2","4cpu-amd",0.25,"seadec",3,4.78
"pc2","4cpu-amd",0.25,"seadec",4,4.99
"pc2","4cpu-amd",0.25,"seadec",2,4.99
"pc2","4cpu-amd",0.25,"seadec",1,5.1
"pc2","4cpu-amd",0.25,"seadec",3,4.68
"pc2","4cpu-amd",0.25,"seadec",1,4.7
"pc2","4cpu-amd",0.25,"seadec",4,4.76
"pc2","4cpu-amd",0.25,"seadec",2,4.78
"pc2","4cpu-amd",0.25,"seadec",1,4.58
"pc2","4cpu-amd",0.25,"seadec",3,4.75
"pc2","4cpu-amd",0.25,"seadec",4,4.75
"pc2","4cpu-amd",0.25,"seadec",2,5.16
"pc2","4cpu-amd",0.25,"seadec",4,4.45
"pc2","4cpu-amd",0.25,"seadec",2,4.66
"pc2","4cpu-amd",0.25,"seadec",1,4.99
"pc2","4cpu-amd",0.25,"seadec",3,5.15
"pc2","4cpu-amd",0.25,"seadec",2,4.65
"pc2","4cpu-amd",0.25,"seadec",3,4.65
"pc2","4cpu-amd",0.25,"seadec",1,4.73
"pc2","4cpu-amd",0.25,"seadec",4,4.75
"pc2","4cpu-amd",0.25,"seadec",2,4.77
"pc2","4cpu-amd",0.25,"seadec",4,4.85
"pc2","4cpu-amd",0.25,"seadec",3,4.95
"pc2","4cpu-amd",0.25,"seadec",1,4.97
"pc2","4cpu-amd",0.25,"seadec",4,4.75
"pc2","4cpu-amd",0.25,"seadec",2,4.86
"pc2","4cpu-amd",0.25,"seadec",3,4.86
"pc2","4cpu-amd",0.25,"seadec",1,4.96
"pc2","4cpu-amd",0.25,"seadec",4,4.65
"pc2","4cpu-amd",0.25,"seadec",2,4.73
"pc2","4cpu-amd",0.25,"seadec",3,4.84
"pc2","4cpu-amd",0.25,"seadec",1,5.2
"pc2","4cpu-amd",0.25,"seadec",3,4.65
"pc2","4cpu-amd",0.25,"seadec",1,4.69
"pc2","4cpu-amd",0.25,"seadec",2,5.16
"pc2","4cpu-amd",0.25,"seadec",3,4.66
"pc2","4cpu-amd",0.25,"seadec",2,4.85
"pc2","4cpu-amd",0.25,"seadec",1,4.96
"pc2","4cpu-amd",0.25,"seadec",4,4.95
"pc2","4cpu-amd",0.25,"seadec",3,4.65
"pc2","4cpu-amd",0.25,"seadec",1,4.78
"pc2","4cpu-amd",0.25,"seadec",4,4.85
"pc2","4cpu-amd",0.25,"seadec",2,5.16
"pc2","4cpu-amd",0.25,"seadec",3,4.47
"pc2","4cpu-amd",0.25,"seadec",4,4.89
"pc2","4cpu-amd",0.25,"seadec",1,4.89
"pc2","4cpu-amd",0.25,"seadec",2,5.17
"pc2","4cpu-amd",0.25,"seadec",2,4.61
"pc2","4cpu-amd",0.25,"seadec",1,4.7
"pc2","4cpu-amd",0.25,"seadec",3,5.08
"pc2","4cpu-amd",0.25,"seadec",4,5.09
"pc2","4cpu-amd",0.25,"seadec",1,4.75
"pc2","4cpu-amd",0.25,"seadec",3,4.75
"pc2","4cpu-amd",0.25,"seadec",2,4.75
"pc2","4cpu-amd",0.25,"seadec",4,4.84
"pc2","4cpu-amd",0.35,"seadec",1,0.02
"pc2","4cpu-amd",0.35,"seadec",4,3.3
"pc2","4cpu-amd",0.35,"seadec",3,3.31
"pc2","4cpu-amd",0.35,"seadec",2,3.43
"pc2","4cpu-amd",0.35,"seadec",1,0.01
"pc2","4cpu-amd",0.35,"seadec",2,3.26
"pc2","4cpu-amd",0.35,"seadec",4,3.42
"pc2","4cpu-amd",0.35,"seadec",3,3.53
"pc2","4cpu-amd",0.35,"seadec",4,2.75
"pc2","4cpu-amd",0.35,"seadec",2,2.79
"pc2","4cpu-amd",0.35,"seadec",3,2.98
"pc2","4cpu-amd",0.35,"seadec",2,2.84
"pc2","4cpu-amd",0.35,"seadec",1,2.94
"pc2","4cpu-amd",0.35,"seadec",3,2.93
"pc2","4cpu-amd",0.35,"seadec",4,5.82
"pc2","4cpu-amd",0.35,"seadec",1,2.97
"pc2","4cpu-amd",0.35,"seadec",3,2.94
"pc2","4cpu-amd",0.35,"seadec",2,3.06
"pc2","4cpu-amd",0.35,"seadec",4,5.91
"pc2","4cpu-amd",0.35,"seadec",2,0.01
"pc2","4cpu-amd",0.35,"seadec",1,2.89
"pc2","4cpu-amd",0.35,"seadec",4,2.95
"pc2","4cpu-amd",0.35,"seadec",3,2.98
"pc2","4cpu-amd",0.35,"seadec",3,2.95
"pc2","4cpu-amd",0.35,"seadec",1,2.98
"pc2","4cpu-amd",0.35,"seadec",4,3.03
"pc2","4cpu-amd",0.35,"seadec",2,2.87
"pc2","4cpu-amd",0.35,"seadec",4,2.93
"pc2","4cpu-amd",0.35,"seadec",1,2.98
"pc2","4cpu-amd",0.35,"seadec",2,0.01
"pc2","4cpu-amd",0.35,"seadec",3,2.94
"pc2","4cpu-amd",0.35,"seadec",4,3.03
"pc2","4cpu-amd",0.35,"seadec",1,3.07
"pc2","4cpu-amd",0.35,"seadec",2,2.89
"pc2","4cpu-amd",0.35,"seadec",4,2.97
"pc2","4cpu-amd",0.35,"seadec",1,3.18
"pc2","4cpu-amd",0.35,"seadec",3,3.38
"pc2","4cpu-amd",0.35,"seadec",1,2.95
"pc2","4cpu-amd",0.35,"seadec",3,3.03
"pc2","4cpu-amd",0.35,"seadec",4,3.03
"pc2","4cpu-amd",0.35,"seadec",2,3.66
"pc2","4cpu-amd",0.35,"seadec",4,2.77
"pc2","4cpu-amd",0.35,"seadec",3,2.88
"pc2","4cpu-amd",0.35,"seadec",1,1.68
"pc2","4cpu-amd",0.35,"seadec",2,3.28
"pc2","4cpu-amd",0.35,"seadec",4,2.97
"pc2","4cpu-amd",0.35,"seadec",2,2.97
"pc2","4cpu-amd",0.35,"seadec",3,3.07
"pc2","4cpu-amd",0.35,"seadec",1,3.16
"pc2","4cpu-amd",0.35,"seadec",2,2.91
"pc2","4cpu-amd",0.35,"seadec",4,3.07
"pc2","4cpu-amd",0.35,"seadec",1,3.1
"pc2","4cpu-amd",0.35,"seadec",3,3.1
"pc2","4cpu-amd",0.35,"seadec",4,2.95
"pc2","4cpu-amd",0.35,"seadec",3,3.04
"pc2","4cpu-amd",0.35,"seadec",2,3.05
"pc2","4cpu-amd",0.35,"seadec",1,3.07
"pc2","4cpu-amd",0.35,"seadec",2,3.05
"pc2","4cpu-amd",0.35,"seadec",4,3.07
"pc2","4cpu-amd",0.35,"seadec",3,3.17
"pc2","4cpu-amd",0.35,"seadec",1,3.26
"pc2","4cpu-amd",0.35,"seadec",2,2.99
"pc2","4cpu-amd",0.35,"seadec",3,2.99
"pc2","4cpu-amd",0.35,"seadec",4,2.99
"pc2","4cpu-amd",0.35,"seadec",1,3.16
"pc2","4cpu-amd",0.35,"seadec",2,2.87
"pc2","4cpu-amd",0.35,"seadec",3,2.93
"pc2","4cpu-amd",0.35,"seadec",4,3.04
"pc2","4cpu-amd",0.35,"seadec",1,3.08
"pc2","4cpu-amd",0.35,"seadec",1,2.99
"pc2","4cpu-amd",0.35,"seadec",3,3.05
"pc2","4cpu-amd",0.35,"seadec",2,3.06
"pc2","4cpu-amd",0.35,"seadec",4,3.05
"pc2","4cpu-amd",0.35,"seadec",2,2.95
"pc2","4cpu-amd",0.35,"seadec",4,3.06
"pc2","4cpu-amd",0.35,"seadec",1,3.09
"pc2","4cpu-amd",0.35,"seadec",3,3.16
"pc2","4cpu-amd",0.35,"seadec",3,3.07
"pc2","4cpu-amd",0.35,"seadec",4,3.13
"pc2","4cpu-amd",0.35,"seadec",2,3.16
"pc2","4cpu-amd",0.35,"seadec",1,3.18
"pc2","4cpu-amd",0.35,"seadec",4,2.95
"pc2","4cpu-amd",0.35,"seadec",2,3.07
"pc2","4cpu-amd",0.35,"seadec",1,3.07
"pc2","4cpu-amd",0.35,"seadec",3,3.06
"pc2","4cpu-amd",0.35,"seadec",3,3.06
"pc2","4cpu-amd",0.35,"seadec",1,3.08
"pc2","4cpu-amd",0.35,"seadec",2,3.17
"pc2","4cpu-amd",0.35,"seadec",4,3.17
"pc2","4cpu-amd",0.35,"seadec",1,2.95
"pc2","4cpu-amd",0.35,"seadec",3,2.96
"pc2","4cpu-amd",0.35,"seadec",2,3.06
"pc2","4cpu-amd",0.35,"seadec",4,3.15
"pc2","4cpu-amd",0.35,"seadec",2,2.86
"pc2","4cpu-amd",0.35,"seadec",1,2.95
"pc2","4cpu-amd",0.35,"seadec",3,2.95
"pc2","4cpu-amd",0.35,"seadec",4,2.95
"pc2","4cpu-amd",0.35,"seadec",1,2.94
"pc2","4cpu-amd",0.35,"seadec",4,3.01
"pc2","4cpu-amd",0.35,"seadec",2,3.01
"pc2","4cpu-amd",0.35,"seadec",3,3.11
"pc2","4cpu-amd",0.35,"seadec",2,2.94
"pc2","4cpu-amd",0.35,"seadec",1,2.98
"pc2","4cpu-amd",0.35,"seadec",4,3.05
"pc2","4cpu-amd",0.35,"seadec",3,3.17
"pc2","4cpu-amd",0.35,"seadec",2,2.88
"pc2","4cpu-amd",0.35,"seadec",1,2.98
"pc2","4cpu-amd",0.35,"seadec",4,3.13
"pc2","4cpu-amd",0.35,"seadec",3,3.14
"pc2","4cpu-amd",0.35,"seadec",3,2.97
"pc2","4cpu-amd",0.35,"seadec",2,2.99
"pc2","4cpu-amd",0.35,"seadec",4,2.99
"pc2","4cpu-amd",0.35,"seadec",1,3.11
"pc2","4cpu-amd",0.35,"seadec",1,3.04
"pc2","4cpu-amd",0.35,"seadec",2,3.06
"pc2","4cpu-amd",0.35,"seadec",4,3.04
"pc2","4cpu-amd",0.35,"seadec",3,3.14
"pc2","4cpu-amd",0.45,"seadec",3,2.53
"pc2","4cpu-amd",0.45,"seadec",2,2.54
"pc2","4cpu-amd",0.45,"seadec",1,2.54
"pc2","4cpu-amd",0.45,"seadec",4,2.54
"pc2","4cpu-amd",0.45,"seadec",2,2.51
"pc2","4cpu-amd",0.45,"seadec",1,2.53
"pc2","4cpu-amd",0.45,"seadec",4,2.54
"pc2","4cpu-amd",0.45,"seadec",3,2.63
"pc2","4cpu-amd",0.45,"seadec",4,2.17
"pc2","4cpu-amd",0.45,"seadec",3,2.27
"pc2","4cpu-amd",0.45,"seadec",2,2.27
"pc2","4cpu-amd",0.45,"seadec",1,2.38
"pc2","4cpu-amd",0.45,"seadec",1,2.16
"pc2","4cpu-amd",0.45,"seadec",3,2.15
"pc2","4cpu-amd",0.45,"seadec",4,2.17
"pc2","4cpu-amd",0.45,"seadec",2,2.26
"pc2","4cpu-amd",0.45,"seadec",4,2.15
"pc2","4cpu-amd",0.45,"seadec",1,2.17
"pc2","4cpu-amd",0.45,"seadec",3,2.16
"pc2","4cpu-amd",0.45,"seadec",2,2.25
"pc2","4cpu-amd",0.45,"seadec",1,2.12
"pc2","4cpu-amd",0.45,"seadec",2,2.17
"pc2","4cpu-amd",0.45,"seadec",4,2.18
"pc2","4cpu-amd",0.45,"seadec",3,2.28
"pc2","4cpu-amd",0.45,"seadec",3,2.17
"pc2","4cpu-amd",0.45,"seadec",1,2.2
"pc2","4cpu-amd",0.45,"seadec",2,2.2
"pc2","4cpu-amd",0.45,"seadec",4,2.26
"pc2","4cpu-amd",0.45,"seadec",4,2.13
"pc2","4cpu-amd",0.45,"seadec",3,2.23
"pc2","4cpu-amd",0.45,"seadec",2,2.25
"pc2","4cpu-amd",0.45,"seadec",1,2.27
"pc2","4cpu-amd",0.45,"seadec",2,2.27
"pc2","4cpu-amd",0.45,"seadec",3,2.29
"pc2","4cpu-amd",0.45,"seadec",1,2.37
"pc2","4cpu-amd",0.45,"seadec",4,2.37
"pc2","4cpu-amd",0.45,"seadec",3,2.16
"pc2","4cpu-amd",0.45,"seadec",4,2.19
"pc2","4cpu-amd",0.45,"seadec",1,2.19
"pc2","4cpu-amd",0.45,"seadec",2,2.25
"pc2","4cpu-amd",0.45,"seadec",4,2.11
"pc2","4cpu-amd",0.45,"seadec",3,2.11
"pc2","4cpu-amd",0.45,"seadec",1,2.2
"pc2","4cpu-amd",0.45,"seadec",2,2.21
"pc2","4cpu-amd",0.45,"seadec",1,2.16
"pc2","4cpu-amd",0.45,"seadec",2,2.2
"pc2","4cpu-amd",0.45,"seadec",4,2.2
"pc2","4cpu-amd",0.45,"seadec",3,2.22
"pc2","4cpu-amd",0.45,"seadec",2,2.18
"pc2","4cpu-amd",0.45,"seadec",1,2.19
"pc2","4cpu-amd",0.45,"seadec",3,2.19
"pc2","4cpu-amd",0.45,"seadec",4,2.2
"pc2","4cpu-amd",0.45,"seadec",4,2.19
"pc2","4cpu-amd",0.45,"seadec",1,2.23
"pc2","4cpu-amd",0.45,"seadec",3,2.24
"pc2","4cpu-amd",0.45,"seadec",2,2.24
"pc2","4cpu-amd",0.45,"seadec",1,2.35
"pc2","4cpu-amd",0.45,"seadec",4,2.35
"pc2","4cpu-amd",0.45,"seadec",2,2.38
"pc2","4cpu-amd",0.45,"seadec",3,2.46
"pc2","4cpu-amd",0.45,"seadec",2,2.17
"pc2","4cpu-amd",0.45,"seadec",3,2.19
"pc2","4cpu-amd",0.45,"seadec",1,2.19
"pc2","4cpu-amd",0.45,"seadec",4,2.28
"pc2","4cpu-amd",0.45,"seadec",1,2.16
"pc2","4cpu-amd",0.45,"seadec",2,2.23
"pc2","4cpu-amd",0.45,"seadec",3,2.24
"pc2","4cpu-amd",0.45,"seadec",4,2.25
"pc2","4cpu-amd",0.45,"seadec",3,2.12
"pc2","4cpu-amd",0.45,"seadec",4,2.2
"pc2","4cpu-amd",0.45,"seadec",1,2.27
"pc2","4cpu-amd",0.45,"seadec",2,2.26
"pc2","4cpu-amd",0.45,"seadec",1,2.88
"pc2","4cpu-amd",0.45,"seadec",4,2.88
"pc2","4cpu-amd",0.45,"seadec",2,2.96
"pc2","4cpu-amd",0.45,"seadec",3,2.96
"pc2","4cpu-amd",0.45,"seadec",1,2.19
"pc2","4cpu-amd",0.45,"seadec",2,2.26
"pc2","4cpu-amd",0.45,"seadec",3,2.27
"pc2","4cpu-amd",0.45,"seadec",4,2.27
"pc2","4cpu-amd",0.45,"seadec",1,2.19
"pc2","4cpu-amd",0.45,"seadec",2,2.26
"pc2","4cpu-amd",0.45,"seadec",4,2.24
"pc2","4cpu-amd",0.45,"seadec",3,2.25
"pc2","4cpu-amd",0.45,"seadec",1,2.26
"pc2","4cpu-amd",0.45,"seadec",4,2.26
"pc2","4cpu-amd",0.45,"seadec",2,2.26
"pc2","4cpu-amd",0.45,"seadec",3,2.26
"pc2","4cpu-amd",0.45,"seadec",4,2.19
"pc2","4cpu-amd",0.45,"seadec",1,2.19
"pc2","4cpu-amd",0.45,"seadec",3,2.28
"pc2","4cpu-amd",0.45,"seadec",2,2.28
"pc2","4cpu-amd",0.45,"seadec",2,2.2
"pc2","4cpu-amd",0.45,"seadec",3,2.2
"pc2","4cpu-amd",0.45,"seadec",4,2.2
"pc2","4cpu-amd",0.45,"seadec",1,2.28
"pc2","4cpu-amd",0.45,"seadec",4,2.08
"pc2","4cpu-amd",0.45,"seadec",3,2.17
"pc2","4cpu-amd",0.45,"seadec",2,2.2
"pc2","4cpu-amd",0.45,"seadec",1,2.29
"pc2","4cpu-amd",0.45,"seadec",2,2.1
"pc2","4cpu-amd",0.45,"seadec",3,2.17
"pc2","4cpu-amd",0.45,"seadec",4,2.21
"pc2","4cpu-amd",0.45,"seadec",1,2.21
"pc2","4cpu-amd",0.45,"seadec",3,2.26
"pc2","4cpu-amd",0.45,"seadec",4,2.33
"pc2","4cpu-amd",0.45,"seadec",1,2.36
"pc2","4cpu-amd",0.45,"seadec",2,2.36
"pc2","4cpu-amd",0.45,"seadec",3,2.45
"pc2","4cpu-amd",0.45,"seadec",4,2.51
"pc2","4cpu-amd",0.45,"seadec",1,2.53
"pc2","4cpu-amd",0.45,"seadec",2,2.54
"pc2","4cpu-amd",0.45,"seadec",3,2.15
"pc2","4cpu-amd",0.45,"seadec",2,2.23
"pc2","4cpu-amd",0.45,"seadec",1,2.26
"pc2","4cpu-amd",0.45,"seadec",4,2.24
"pc2","4cpu-amd",0.45,"seadec",3,2.18
"pc2","4cpu-amd",0.45,"seadec",2,2.17
"pc2","4cpu-amd",0.45,"seadec",4,2.17
"pc2","4cpu-amd",0.45,"seadec",1,2.29
"pc2","4cpu-amd",0.55,"seadec",3,1.91
"pc2","4cpu-amd",0.55,"seadec",2,2.02
"pc2","4cpu-amd",0.55,"seadec",1,2.02
"pc2","4cpu-amd",0.55,"seadec",4,2.08
"pc2","4cpu-amd",0.55,"seadec",4,1.99
"pc2","4cpu-amd",0.55,"seadec",2,1.99
"pc2","4cpu-amd",0.55,"seadec",1,1.96
"pc2","4cpu-amd",0.55,"seadec",3,1.99
"pc2","4cpu-amd",0.55,"seadec",2,1.71
"pc2","4cpu-amd",0.55,"seadec",1,1.71
"pc2","4cpu-amd",0.55,"seadec",4,1.71
"pc2","4cpu-amd",0.55,"seadec",3,1.76
"pc2","4cpu-amd",0.55,"seadec",2,1.67
"pc2","4cpu-amd",0.55,"seadec",4,1.67
"pc2","4cpu-amd",0.55,"seadec",1,1.71
"pc2","4cpu-amd",0.55,"seadec",3,1.71
"pc2","4cpu-amd",0.55,"seadec",4,1.7
"pc2","4cpu-amd",0.55,"seadec",1,1.71
"pc2","4cpu-amd",0.55,"seadec",3,1.7
"pc2","4cpu-amd",0.55,"seadec",2,1.71
"pc2","4cpu-amd",0.55,"seadec",3,1.66
"pc2","4cpu-amd",0.55,"seadec",2,1.69
"pc2","4cpu-amd",0.55,"seadec",4,1.72
"pc2","4cpu-amd",0.55,"seadec",1,1.75
"pc2","4cpu-amd",0.55,"seadec",1,1.7
"pc2","4cpu-amd",0.55,"seadec",4,1.69
"pc2","4cpu-amd",0.55,"seadec",2,1.69
"pc2","4cpu-amd",0.55,"seadec",3,1.76
"pc2","4cpu-amd",0.55,"seadec",1,1.69
"pc2","4cpu-amd",0.55,"seadec",4,1.67
"pc2","4cpu-amd",0.55,"seadec",3,1.77
"pc2","4cpu-amd",0.55,"seadec",2,1.77
"pc2","4cpu-amd",0.55,"seadec",1,1.69
"pc2","4cpu-amd",0.55,"seadec",2,1.75
"pc2","4cpu-amd",0.55,"seadec",3,1.75
"pc2","4cpu-amd",0.55,"seadec",4,1.75
"pc2","4cpu-amd",0.55,"seadec",1,1.69
"pc2","4cpu-amd",0.55,"seadec",3,1.73
"pc2","4cpu-amd",0.55,"seadec",4,1.73
"pc2","4cpu-amd",0.55,"seadec",2,1.75
"pc2","4cpu-amd",0.55,"seadec",2,1.7
"pc2","4cpu-amd",0.55,"seadec",3,1.7
"pc2","4cpu-amd",0.55,"seadec",4,1.75
"pc2","4cpu-amd",0.55,"seadec",1,1.75
"pc2","4cpu-amd",0.55,"seadec",1,1.69
"pc2","4cpu-amd",0.55,"seadec",4,1.74
"pc2","4cpu-amd",0.55,"seadec",3,1.74
"pc2","4cpu-amd",0.55,"seadec",2,1.93
"pc2","4cpu-amd",0.55,"seadec",1,1.7
"pc2","4cpu-amd",0.55,"seadec",2,1.69
"pc2","4cpu-amd",0.55,"seadec",3,1.76
"pc2","4cpu-amd",0.55,"seadec",4,1.75
"pc2","4cpu-amd",0.55,"seadec",1,1.69
"pc2","4cpu-amd",0.55,"seadec",4,1.69
"pc2","4cpu-amd",0.55,"seadec",2,1.76
"pc2","4cpu-amd",0.55,"seadec",3,1.76
"pc2","4cpu-amd",0.55,"seadec",2,1.67
"pc2","4cpu-amd",0.55,"seadec",1,1.7
"pc2","4cpu-amd",0.55,"seadec",3,1.73
"pc2","4cpu-amd",0.55,"seadec",4,1.75
"pc2","4cpu-amd",0.55,"seadec",1,1.67
"pc2","4cpu-amd",0.55,"seadec",2,1.77
"pc2","4cpu-amd",0.55,"seadec",3,1.77
"pc2","4cpu-amd",0.55,"seadec",4,1.82
"pc2","4cpu-amd",0.55,"seadec",3,1.68
"pc2","4cpu-amd",0.55,"seadec",4,1.68
"pc2","4cpu-amd",0.55,"seadec",2,1.72
"pc2","4cpu-amd",0.55,"seadec",1,1.73
"pc2","4cpu-amd",0.55,"seadec",1,1.67
"pc2","4cpu-amd",0.55,"seadec",3,1.74
"pc2","4cpu-amd",0.55,"seadec",2,1.75
"pc2","4cpu-amd",0.55,"seadec",4,1.74
"pc2","4cpu-amd",0.55,"seadec",1,1.68
"pc2","4cpu-amd",0.55,"seadec",3,1.74
"pc2","4cpu-amd",0.55,"seadec",2,1.77
"pc2","4cpu-amd",0.55,"seadec",4,1.77
"pc2","4cpu-amd",0.55,"seadec",3,1.71
"pc2","4cpu-amd",0.55,"seadec",4,1.71
"pc2","4cpu-amd",0.55,"seadec",1,1.71
"pc2","4cpu-amd",0.55,"seadec",2,1.75
"pc2","4cpu-amd",0.55,"seadec",4,1.7
"pc2","4cpu-amd",0.55,"seadec",2,1.73
"pc2","4cpu-amd",0.55,"seadec",1,1.79
"pc2","4cpu-amd",0.55,"seadec",3,1.79
"pc2","4cpu-amd",0.55,"seadec",1,1.76
"pc2","4cpu-amd",0.55,"seadec",2,1.75
"pc2","4cpu-amd",0.55,"seadec",4,1.73
"pc2","4cpu-amd",0.55,"seadec",3,1.75
"pc2","4cpu-amd",0.55,"seadec",1,1.69
"pc2","4cpu-amd",0.55,"seadec",4,1.76
"pc2","4cpu-amd",0.55,"seadec",3,1.76
"pc2","4cpu-amd",0.55,"seadec",2,1.76
"pc2","4cpu-amd",0.55,"seadec",1,1.75
"pc2","4cpu-amd",0.55,"seadec",3,1.75
"pc2","4cpu-amd",0.55,"seadec",2,1.75
"pc2","4cpu-amd",0.55,"seadec",4,1.75
"pc2","4cpu-amd",0.55,"seadec",4,1.72
"pc2","4cpu-amd",0.55,"seadec",3,1.74
"pc2","4cpu-amd",0.55,"seadec",2,1.76
"pc2","4cpu-amd",0.55,"seadec",1,1.82
"pc2","4cpu-amd",0.55,"seadec",4,1.68
"pc2","4cpu-amd",0.55,"seadec",1,1.72
"pc2","4cpu-amd",0.55,"seadec",2,1.72
"pc2","4cpu-amd",0.55,"seadec",3,1.77
"pc2","4cpu-amd",0.55,"seadec",1,1.78
"pc2","4cpu-amd",0.55,"seadec",3,1.75
"pc2","4cpu-amd",0.55,"seadec",2,1.76
"pc2","4cpu-amd",0.55,"seadec",4,1.79
"pc2","4cpu-amd",0.55,"seadec",1,1.72
"pc2","4cpu-amd",0.55,"seadec",3,1.79
"pc2","4cpu-amd",0.55,"seadec",4,1.71
"pc2","4cpu-amd",0.55,"seadec",2,1.77
"pc2","4cpu-amd",0.55,"seadec",3,1.77
"pc2","4cpu-amd",0.55,"seadec",1,1.77
"pc2","4cpu-amd",0.55,"seadec",3,1.75
"pc2","4cpu-amd",0.55,"seadec",2,1.75
"pc2","4cpu-amd",0.55,"seadec",4,1.75
"pc2","4cpu-amd",0.55,"seadec",1,1.75
"pc2","4cpu-amd",0.65,"seadec",1,1.63
"pc2","4cpu-amd",0.65,"seadec",4,1.66
"pc2","4cpu-amd",0.65,"seadec",2,1.69
"pc2","4cpu-amd",0.65,"seadec",3,1.76
"pc2","4cpu-amd",0.65,"seadec",1,1.64
"pc2","4cpu-amd",0.65,"seadec",4,1.64
"pc2","4cpu-amd",0.65,"seadec",2,1.66
"pc2","4cpu-amd",0.65,"seadec",3,1.66
"pc2","4cpu-amd",0.65,"seadec",3,1.43
"pc2","4cpu-amd",0.65,"seadec",4,1.45
"pc2","4cpu-amd",0.65,"seadec",2,1.56
"pc2","4cpu-amd",0.65,"seadec",1,1.57
"pc2","4cpu-amd",0.65,"seadec",2,1.4
"pc2","4cpu-amd",0.65,"seadec",4,1.44
"pc2","4cpu-amd",0.65,"seadec",1,1.47
"pc2","4cpu-amd",0.65,"seadec",3,1.47
"pc2","4cpu-amd",0.65,"seadec",2,1.39
"pc2","4cpu-amd",0.65,"seadec",3,1.39
"pc2","4cpu-amd",0.65,"seadec",1,1.47
"pc2","4cpu-amd",0.65,"seadec",4,1.46
"pc2","4cpu-amd",0.65,"seadec",2,1.39
"pc2","4cpu-amd",0.65,"seadec",1,1.46
"pc2","4cpu-amd",0.65,"seadec",3,1.44
"pc2","4cpu-amd",0.65,"seadec",4,1.45
"pc2","4cpu-amd",0.65,"seadec",4,1.41
"pc2","4cpu-amd",0.65,"seadec",2,1.41
"pc2","4cpu-amd",0.65,"seadec",1,1.41
"pc2","4cpu-amd",0.65,"seadec",3,1.45
"pc2","4cpu-amd",0.65,"seadec",1,1.41
"pc2","4cpu-amd",0.65,"seadec",2,1.43
"pc2","4cpu-amd",0.65,"seadec",4,1.43
"pc2","4cpu-amd",0.65,"seadec",3,1.47
"pc2","4cpu-amd",0.65,"seadec",4,1.41
"pc2","4cpu-amd",0.65,"seadec",3,1.42
"pc2","4cpu-amd",0.65,"seadec",1,1.46
"pc2","4cpu-amd",0.65,"seadec",2,1.46
"pc2","4cpu-amd",0.65,"seadec",3,1.38
"pc2","4cpu-amd",0.65,"seadec",1,1.4
"pc2","4cpu-amd",0.65,"seadec",2,1.44
"pc2","4cpu-amd",0.65,"seadec",4,1.45
"pc2","4cpu-amd",0.65,"seadec",2,1.4
"pc2","4cpu-amd",0.65,"seadec",1,1.41
"pc2","4cpu-amd",0.65,"seadec",3,1.41
"pc2","4cpu-amd",0.65,"seadec",4,1.45
"pc2","4cpu-amd",0.65,"seadec",1,1.4
"pc2","4cpu-amd",0.65,"seadec",4,1.4
"pc2","4cpu-amd",0.65,"seadec",2,1.4
"pc2","4cpu-amd",0.65,"seadec",3,1.4
"pc2","4cpu-amd",0.65,"seadec",2,1.44
"pc2","4cpu-amd",0.65,"seadec",1,1.45
"pc2","4cpu-amd",0.65,"seadec",3,1.45
"pc2","4cpu-amd",0.65,"seadec",4,1.45
"pc2","4cpu-amd",0.65,"seadec",2,1.4
"pc2","4cpu-amd",0.65,"seadec",3,1.45
"pc2","4cpu-amd",0.65,"seadec",1,1.45
"pc2","4cpu-amd",0.65,"seadec",4,1.45
"pc2","4cpu-amd",0.65,"seadec",2,1.39
"pc2","4cpu-amd",0.65,"seadec",4,1.45
"pc2","4cpu-amd",0.65,"seadec",3,1.45
"pc2","4cpu-amd",0.65,"seadec",1,1.47
"pc2","4cpu-amd",0.65,"seadec",2,1.42
"pc2","4cpu-amd",0.65,"seadec",4,1.41
"pc2","4cpu-amd",0.65,"seadec",3,1.41
"pc2","4cpu-amd",0.65,"seadec",1,1.41
"pc2","4cpu-amd",0.65,"seadec",1,1.42
"pc2","4cpu-amd",0.65,"seadec",2,1.42
"pc2","4cpu-amd",0.65,"seadec",3,1.43
"pc2","4cpu-amd",0.65,"seadec",4,1.43
"pc2","4cpu-amd",0.65,"seadec",3,1.42
"pc2","4cpu-amd",0.65,"seadec",4,1.42
"pc2","4cpu-amd",0.65,"seadec",2,1.45
"pc2","4cpu-amd",0.65,"seadec",1,1.45
"pc2","4cpu-amd",0.65,"seadec",2,1.43
"pc2","4cpu-amd",0.65,"seadec",1,1.45
"pc2","4cpu-amd",0.65,"seadec",3,1.44
"pc2","4cpu-amd",0.65,"seadec",4,1.45
"pc2","4cpu-amd",0.65,"seadec",1,1.39
"pc2","4cpu-amd",0.65,"seadec",2,1.45
"pc2","4cpu-amd",0.65,"seadec",3,1.47
"pc2","4cpu-amd",0.65,"seadec",4,1.46
"pc2","4cpu-amd",0.65,"seadec",2,1.38
"pc2","4cpu-amd",0.65,"seadec",1,1.39
"pc2","4cpu-amd",0.65,"seadec",3,1.43
"pc2","4cpu-amd",0.65,"seadec",4,1.43
"pc2","4cpu-amd",0.65,"seadec",1,1.4
"pc2","4cpu-amd",0.65,"seadec",2,1.4
"pc2","4cpu-amd",0.65,"seadec",4,1.4
"pc2","4cpu-amd",0.65,"seadec",3,1.47
"pc2","4cpu-amd",0.65,"seadec",1,1.46
"pc2","4cpu-amd",0.65,"seadec",2,1.47
"pc2","4cpu-amd",0.65,"seadec",3,1.46
"pc2","4cpu-amd",0.65,"seadec",4,1.46
"pc2","4cpu-amd",0.65,"seadec",1,1.43
"pc2","4cpu-amd",0.65,"seadec",4,1.43
"pc2","4cpu-amd",0.65,"seadec",2,1.43
"pc2","4cpu-amd",0.65,"seadec",3,1.43
"pc2","4cpu-amd",0.65,"seadec",1,1.44
"pc2","4cpu-amd",0.65,"seadec",4,1.45
"pc2","4cpu-amd",0.65,"seadec",2,1.45
"pc2","4cpu-amd",0.65,"seadec",3,1.45
"pc2","4cpu-amd",0.65,"seadec",2,1.44
"pc2","4cpu-amd",0.65,"seadec",1,1.45
"pc2","4cpu-amd",0.65,"seadec",4,1.45
"pc2","4cpu-amd",0.65,"seadec",3,1.47
"pc2","4cpu-amd",0.65,"seadec",1,1.47
"pc2","4cpu-amd",0.65,"seadec",2,1.47
"pc2","4cpu-amd",0.65,"seadec",4,1.45
"pc2","4cpu-amd",0.65,"seadec",3,1.47
"pc2","4cpu-amd",0.65,"seadec",1,1.46
"pc2","4cpu-amd",0.65,"seadec",4,1.45
"pc2","4cpu-amd",0.65,"seadec",3,1.48
"pc2","4cpu-amd",0.65,"seadec",2,1.48
"pc2","4cpu-amd",0.65,"seadec",1,1.44
"pc2","4cpu-amd",0.65,"seadec",3,1.46
"pc2","4cpu-amd",0.65,"seadec",4,1.45
"pc2","4cpu-amd",0.65,"seadec",2,1.5
"pc2","4cpu-amd",0.65,"seadec",3,1.45
"pc2","4cpu-amd",0.65,"seadec",1,1.45
"pc2","4cpu-amd",0.65,"seadec",2,1.48
"pc2","4cpu-amd",0.65,"seadec",4,1.52
"pc2","4cpu-amd",0.75,"seadec",4,1.41
"pc2","4cpu-amd",0.75,"seadec",2,1.43
"pc2","4cpu-amd",0.75,"seadec",3,1.43
"pc2","4cpu-amd",0.75,"seadec",1,1.45
"pc2","4cpu-amd",0.75,"seadec",1,1.38
"pc2","4cpu-amd",0.75,"seadec",4,1.39
"pc2","4cpu-amd",0.75,"seadec",3,1.46
"pc2","4cpu-amd",0.75,"seadec",2,1.51
"pc2","4cpu-amd",0.75,"seadec",3,1.18
"pc2","4cpu-amd",0.75,"seadec",4,1.22
"pc2","4cpu-amd",0.75,"seadec",2,1.24
"pc2","4cpu-amd",0.75,"seadec",1,1.32
"pc2","4cpu-amd",0.75,"seadec",1,1.2
"pc2","4cpu-amd",0.75,"seadec",3,1.2
"pc2","4cpu-amd",0.75,"seadec",4,1.19
"pc2","4cpu-amd",0.75,"seadec",2,1.19
"pc2","4cpu-amd",0.75,"seadec",4,1.18
"pc2","4cpu-amd",0.75,"seadec",3,1.21
"pc2","4cpu-amd",0.75,"seadec",1,1.22
"pc2","4cpu-amd",0.75,"seadec",2,1.24
"pc2","4cpu-amd",0.75,"seadec",3,1.18
"pc2","4cpu-amd",0.75,"seadec",4,1.22
"pc2","4cpu-amd",0.75,"seadec",2,1.22
"pc2","4cpu-amd",0.75,"seadec",1,1.22
"pc2","4cpu-amd",0.75,"seadec",1,1.23
"pc2","4cpu-amd",0.75,"seadec",3,1.23
"pc2","4cpu-amd",0.75,"seadec",4,1.23
"pc2","4cpu-amd",0.75,"seadec",2,1.26
"pc2","4cpu-amd",0.75,"seadec",1,1.19
"pc2","4cpu-amd",0.75,"seadec",2,1.2
"pc2","4cpu-amd",0.75,"seadec",4,1.24
"pc2","4cpu-amd",0.75,"seadec",3,1.27
"pc2","4cpu-amd",0.75,"seadec",3,1.2
"pc2","4cpu-amd",0.75,"seadec",1,1.2
"pc2","4cpu-amd",0.75,"seadec",2,1.2
"pc2","4cpu-amd",0.75,"seadec",4,1.2
"pc2","4cpu-amd",0.75,"seadec",2,1.21
"pc2","4cpu-amd",0.75,"seadec",1,1.22
"pc2","4cpu-amd",0.75,"seadec",3,1.22
"pc2","4cpu-amd",0.75,"seadec",4,1.22
"pc2","4cpu-amd",0.75,"seadec",1,1.2
"pc2","4cpu-amd",0.75,"seadec",2,1.21
"pc2","4cpu-amd",0.75,"seadec",4,1.21
"pc2","4cpu-amd",0.75,"seadec",3,1.21
"pc2","4cpu-amd",0.75,"seadec",1,1.2
"pc2","4cpu-amd",0.75,"seadec",3,1.2
"pc2","4cpu-amd",0.75,"seadec",4,1.2
"pc2","4cpu-amd",0.75,"seadec",2,1.2
"pc2","4cpu-amd",0.75,"seadec",3,1.18
"pc2","4cpu-amd",0.75,"seadec",2,1.2
"pc2","4cpu-amd",0.75,"seadec",1,1.21
"pc2","4cpu-amd",0.75,"seadec",4,1.25
"pc2","4cpu-amd",0.75,"seadec",1,1.19
"pc2","4cpu-amd",0.75,"seadec",2,1.2
"pc2","4cpu-amd",0.75,"seadec",3,1.21
"pc2","4cpu-amd",0.75,"seadec",4,1.24
"pc2","4cpu-amd",0.75,"seadec",1,1.21
"pc2","4cpu-amd",0.75,"seadec",3,1.26
"pc2","4cpu-amd",0.75,"seadec",2,1.26
"pc2","4cpu-amd",0.75,"seadec",4,1.26
"pc2","4cpu-amd",0.75,"seadec",1,1.21
"pc2","4cpu-amd",0.75,"seadec",2,1.21
"pc2","4cpu-amd",0.75,"seadec",3,1.2
"pc2","4cpu-amd",0.75,"seadec",4,1.23
"pc2","4cpu-amd",0.75,"seadec",4,1.17
"pc2","4cpu-amd",0.75,"seadec",3,1.19
"pc2","4cpu-amd",0.75,"seadec",1,1.21
"pc2","4cpu-amd",0.75,"seadec",2,1.21
"pc2","4cpu-amd",0.75,"seadec",3,1.2
"pc2","4cpu-amd",0.75,"seadec",2,1.24
"pc2","4cpu-amd",0.75,"seadec",1,1.25
"pc2","4cpu-amd",0.75,"seadec",4,1.24
"pc2","4cpu-amd",0.75,"seadec",2,1.19
"pc2","4cpu-amd",0.75,"seadec",1,1.2
"pc2","4cpu-amd",0.75,"seadec",4,1.19
"pc2","4cpu-amd",0.75,"seadec",3,1.22
"pc2","4cpu-amd",0.75,"seadec",3,1.24
"pc2","4cpu-amd",0.75,"seadec",1,1.24
"pc2","4cpu-amd",0.75,"seadec",2,1.24
"pc2","4cpu-amd",0.75,"seadec",4,1.24
"pc2","4cpu-amd",0.75,"seadec",1,1.24
"pc2","4cpu-amd",0.75,"seadec",2,1.25
"pc2","4cpu-amd",0.75,"seadec",4,1.25
"pc2","4cpu-amd",0.75,"seadec",3,1.27
"pc2","4cpu-amd",0.75,"seadec",3,1.22
"pc2","4cpu-amd",0.75,"seadec",1,1.22
"pc2","4cpu-amd",0.75,"seadec",2,1.22
"pc2","4cpu-amd",0.75,"seadec",4,1.25
"pc2","4cpu-amd",0.75,"seadec",4,1.2
"pc2","4cpu-amd",0.75,"seadec",1,1.26
"pc2","4cpu-amd",0.75,"seadec",2,1.24
"pc2","4cpu-amd",0.75,"seadec",3,1.24
"pc2","4cpu-amd",0.75,"seadec",4,1.19
"pc2","4cpu-amd",0.75,"seadec",2,1.23
"pc2","4cpu-amd",0.75,"seadec",1,1.25
"pc2","4cpu-amd",0.75,"seadec",3,1.24
"pc2","4cpu-amd",0.75,"seadec",1,1.22
"pc2","4cpu-amd",0.75,"seadec",2,1.23
"pc2","4cpu-amd",0.75,"seadec",3,1.23
"pc2","4cpu-amd",0.75,"seadec",4,1.24
"pc2","4cpu-amd",0.75,"seadec",1,1.23
"pc2","4cpu-amd",0.75,"seadec",3,1.2
"pc2","4cpu-amd",0.75,"seadec",4,1.2
"pc2","4cpu-amd",0.75,"seadec",2,1.28
"pc2","4cpu-amd",0.75,"seadec",3,1.2
"pc2","4cpu-amd",0.75,"seadec",2,1.23
"pc2","4cpu-amd",0.75,"seadec",1,1.23
"pc2","4cpu-amd",0.75,"seadec",4,1.25
"pc2","4cpu-amd",0.75,"seadec",2,1.23
"pc2","4cpu-amd",0.75,"seadec",1,1.23
"pc2","4cpu-amd",0.75,"seadec",3,1.25
"pc2","4cpu-amd",0.75,"seadec",4,1.25
"pc2","4cpu-amd",0.75,"seadec",2,1.21
"pc2","4cpu-amd",0.75,"seadec",4,1.21
"pc2","4cpu-amd",0.75,"seadec",3,1.23
"pc2","4cpu-amd",0.75,"seadec",1,1.23
"pc2","4cpu-amd",0.75,"seadec",2,1.24
"pc2","4cpu-amd",0.75,"seadec",3,1.24
"pc2","4cpu-amd",0.75,"seadec",4,1.24
"pc2","4cpu-amd",0.75,"seadec",1,1.26
"pc2","4cpu-amd",0.85,"seadec",2,1.23
"pc2","4cpu-amd",0.85,"seadec",4,1.25
"pc2","4cpu-amd",0.85,"seadec",3,1.25
"pc2","4cpu-amd",0.85,"seadec",1,1.25
"pc2","4cpu-amd",0.85,"seadec",1,1.26
"pc2","4cpu-amd",0.85,"seadec",4,1.26
"pc2","4cpu-amd",0.85,"seadec",2,1.26
"pc2","4cpu-amd",0.85,"seadec",3,1.26
"pc2","4cpu-amd",0.85,"seadec",2,1.06
"pc2","4cpu-amd",0.85,"seadec",4,1.06
"pc2","4cpu-amd",0.85,"seadec",3,1.07
"pc2","4cpu-amd",0.85,"seadec",1,1.18
"pc2","4cpu-amd",0.85,"seadec",1,1.08
"pc2","4cpu-amd",0.85,"seadec",4,1.09
"pc2","4cpu-amd",0.85,"seadec",2,1.09
"pc2","4cpu-amd",0.85,"seadec",3,1.1
"pc2","4cpu-amd",0.85,"seadec",1,1.09
"pc2","4cpu-amd",0.85,"seadec",4,1.05
"pc2","4cpu-amd",0.85,"seadec",3,1.07
"pc2","4cpu-amd",0.85,"seadec",2,1.11
"pc2","4cpu-amd",0.85,"seadec",2,1.04
"pc2","4cpu-amd",0.85,"seadec",1,1.06
"pc2","4cpu-amd",0.85,"seadec",3,1.06
"pc2","4cpu-amd",0.85,"seadec",4,1.06
"pc2","4cpu-amd",0.85,"seadec",1,1.06
"pc2","4cpu-amd",0.85,"seadec",2,1.06
"pc2","4cpu-amd",0.85,"seadec",4,1.04
"pc2","4cpu-amd",0.85,"seadec",3,1.09
"pc2","4cpu-amd",0.85,"seadec",2,1.07
"pc2","4cpu-amd",0.85,"seadec",3,1.07
"pc2","4cpu-amd",0.85,"seadec",1,1.07
"pc2","4cpu-amd",0.85,"seadec",4,1.08
"pc2","4cpu-amd",0.85,"seadec",2,1.05
"pc2","4cpu-amd",0.85,"seadec",4,1.07
"pc2","4cpu-amd",0.85,"seadec",1,1.07
"pc2","4cpu-amd",0.85,"seadec",3,1.07
"pc2","4cpu-amd",0.85,"seadec",1,1.08
"pc2","4cpu-amd",0.85,"seadec",2,1.07
"pc2","4cpu-amd",0.85,"seadec",3,1.07
"pc2","4cpu-amd",0.85,"seadec",4,1.06
"pc2","4cpu-amd",0.85,"seadec",3,1.05
"pc2","4cpu-amd",0.85,"seadec",1,1.09
"pc2","4cpu-amd",0.85,"seadec",2,1.09
"pc2","4cpu-amd",0.85,"seadec",4,1.08
"pc2","4cpu-amd",0.85,"seadec",1,1.07
"pc2","4cpu-amd",0.85,"seadec",3,1.07
"pc2","4cpu-amd",0.85,"seadec",2,1.1
"pc2","4cpu-amd",0.85,"seadec",4,1.07
"pc2","4cpu-amd",0.85,"seadec",1,1.04
"pc2","4cpu-amd",0.85,"seadec",2,1.05
"pc2","4cpu-amd",0.85,"seadec",3,1.07
"pc2","4cpu-amd",0.85,"seadec",4,1.08
"pc2","4cpu-amd",0.85,"seadec",1,1.07
"pc2","4cpu-amd",0.85,"seadec",2,1.07
"pc2","4cpu-amd",0.85,"seadec",3,1.08
"pc2","4cpu-amd",0.85,"seadec",4,1.08
"pc2","4cpu-amd",0.85,"seadec",3,1.04
"pc2","4cpu-amd",0.85,"seadec",2,1.07
"pc2","4cpu-amd",0.85,"seadec",1,1.07
"pc2","4cpu-amd",0.85,"seadec",4,1.07
"pc2","4cpu-amd",0.85,"seadec",2,1.05
"pc2","4cpu-amd",0.85,"seadec",1,1.06
"pc2","4cpu-amd",0.85,"seadec",3,1.05
"pc2","4cpu-amd",0.85,"seadec",4,1.05
"pc2","4cpu-amd",0.85,"seadec",2,1.03
"pc2","4cpu-amd",0.85,"seadec",3,1.05
"pc2","4cpu-amd",0.85,"seadec",4,1.04
"pc2","4cpu-amd",0.85,"seadec",1,1.08
"pc2","4cpu-amd",0.85,"seadec",3,1.05
"pc2","4cpu-amd",0.85,"seadec",1,1.07
"pc2","4cpu-amd",0.85,"seadec",2,1.07
"pc2","4cpu-amd",0.85,"seadec",4,1.09
"pc2","4cpu-amd",0.85,"seadec",4,1.04
"pc2","4cpu-amd",0.85,"seadec",3,1.06
"pc2","4cpu-amd",0.85,"seadec",2,1.08
"pc2","4cpu-amd",0.85,"seadec",1,1.08
"pc2","4cpu-amd",0.85,"seadec",1,1.11
"pc2","4cpu-amd",0.85,"seadec",3,1.07
"pc2","4cpu-amd",0.85,"seadec",4,1.06
"pc2","4cpu-amd",0.85,"seadec",2,1.06
"pc2","4cpu-amd",0.85,"seadec",1,1.05
"pc2","4cpu-amd",0.85,"seadec",3,1.05
"pc2","4cpu-amd",0.85,"seadec",2,1.07
"pc2","4cpu-amd",0.85,"seadec",4,1.08
"pc2","4cpu-amd",0.85,"seadec",1,1.07
"pc2","4cpu-amd",0.85,"seadec",2,1.09
"pc2","4cpu-amd",0.85,"seadec",4,1.1
"pc2","4cpu-amd",0.85,"seadec",3,1.1
"pc2","4cpu-amd",0.85,"seadec",4,1.06
"pc2","4cpu-amd",0.85,"seadec",1,1.08
"pc2","4cpu-amd",0.85,"seadec",2,1.1
"pc2","4cpu-amd",0.85,"seadec",3,1.14
"pc2","4cpu-amd",0.85,"seadec",3,1.06
"pc2","4cpu-amd",0.85,"seadec",2,1.08
"pc2","4cpu-amd",0.85,"seadec",4,1.08
"pc2","4cpu-amd",0.85,"seadec",1,1.08
"pc2","4cpu-amd",0.85,"seadec",2,1.08
"pc2","4cpu-amd",0.85,"seadec",3,1.07
"pc2","4cpu-amd",0.85,"seadec",4,1.07
"pc2","4cpu-amd",0.85,"seadec",1,1.07
"pc2","4cpu-amd",0.85,"seadec",1,1.04
"pc2","4cpu-amd",0.85,"seadec",3,1.07
"pc2","4cpu-amd",0.85,"seadec",2,1.08
"pc2","4cpu-amd",0.85,"seadec",4,1.1
"pc2","4cpu-amd",0.85,"seadec",1,1.07
"pc2","4cpu-amd",0.85,"seadec",2,1.07
"pc2","4cpu-amd",0.85,"seadec",3,1.07
"pc2","4cpu-amd",0.85,"seadec",4,1.09
"pc2","4cpu-amd",0.85,"seadec",4,1.08
"pc2","4cpu-amd",0.85,"seadec",2,1.08
"pc2","4cpu-amd",0.85,"seadec",1,1.08
"pc2","4cpu-amd",0.85,"seadec",3,1.08
"pc2","4cpu-amd",0.85,"seadec",2,1.08
"pc2","4cpu-amd",0.85,"seadec",1,1.09
"pc2","4cpu-amd",0.85,"seadec",3,1.09
"pc2","4cpu-amd",0.85,"seadec",4,1.09
"pc2","4cpu-amd",0.85,"seadec",2,1.05
"pc2","4cpu-amd",0.85,"seadec",3,1.07
"pc2","4cpu-amd",0.85,"seadec",1,1.09
"pc2","4cpu-amd",0.85,"seadec",4,1.09
"pc2","4cpu-amd",0.95,"seadec",2,1.03
"pc2","4cpu-amd",0.95,"seadec",3,1.03
"pc2","4cpu-amd",0.95,"seadec",1,1.04
"pc2","4cpu-amd",0.95,"seadec",4,2.01
"pc2","4cpu-amd",0.95,"seadec",3,0.94
"pc2","4cpu-amd",0.95,"seadec",1,1.08
"pc2","4cpu-amd",0.95,"seadec",2,1.09
"pc2","4cpu-amd",0.95,"seadec",4,1.93
"pc2","4cpu-amd",0.95,"seadec",1,0.89
"pc2","4cpu-amd",0.95,"seadec",3,0.89
"pc2","4cpu-amd",0.95,"seadec",4,0.92
"pc2","4cpu-amd",0.95,"seadec",2,0.01
"pc2","4cpu-amd",0.95,"seadec",1,0.89
"pc2","4cpu-amd",0.95,"seadec",4,0.89
"pc2","4cpu-amd",0.95,"seadec",3,0.89
"pc2","4cpu-amd",0.95,"seadec",1,0.92
"pc2","4cpu-amd",0.95,"seadec",3,0.91
"pc2","4cpu-amd",0.95,"seadec",4,0.89
"pc2","4cpu-amd",0.95,"seadec",2,0.01
"pc2","4cpu-amd",0.95,"seadec",3,0.91
"pc2","4cpu-amd",0.95,"seadec",1,0.91
"pc2","4cpu-amd",0.95,"seadec",4,0.91
"pc2","4cpu-amd",0.95,"seadec",3,0.01
"pc2","4cpu-amd",0.95,"seadec",2,0.92
"pc2","4cpu-amd",0.95,"seadec",1,0.92
"pc2","4cpu-amd",0.95,"seadec",4,0.93
"pc2","4cpu-amd",0.95,"seadec",1,0.93
"pc2","4cpu-amd",0.95,"seadec",3,0.93
"pc2","4cpu-amd",0.95,"seadec",4,0.93
"pc2","4cpu-amd",0.95,"seadec",2,1.06
"pc2","4cpu-amd",0.95,"seadec",3,0.91
"pc2","4cpu-amd",0.95,"seadec",4,0.91
"pc2","4cpu-amd",0.95,"seadec",1,0.95
"pc2","4cpu-amd",0.95,"seadec",2,1.05
"pc2","4cpu-amd",0.95,"seadec",1,0.93
"pc2","4cpu-amd",0.95,"seadec",3,0.92
"pc2","4cpu-amd",0.95,"seadec",4,0.92
"pc2","4cpu-amd",0.95,"seadec",2,1.01
"pc2","4cpu-amd",0.95,"seadec",1,0.93
"pc2","4cpu-amd",0.95,"seadec",3,0.94
"pc2","4cpu-amd",0.95,"seadec",2,0.93
"pc2","4cpu-amd",0.95,"seadec",4,0.93
"pc2","4cpu-amd",0.95,"seadec",2,0.94
"pc2","4cpu-amd",0.95,"seadec",4,0.91
"pc2","4cpu-amd",0.95,"seadec",1,0.91
"pc2","4cpu-amd",0.95,"seadec",3,0.95
"pc2","4cpu-amd",0.95,"seadec",1,0.92
"pc2","4cpu-amd",0.95,"seadec",3,0.92
"pc2","4cpu-amd",0.95,"seadec",4,0.92
"pc2","4cpu-amd",0.95,"seadec",2,0.95
"pc2","4cpu-amd",0.95,"seadec",1,0.92
"pc2","4cpu-amd",0.95,"seadec",2,0.92
"pc2","4cpu-amd",0.95,"seadec",4,0.91
"pc2","4cpu-amd",0.95,"seadec",3,0.93
"pc2","4cpu-amd",0.95,"seadec",2,0.91
"pc2","4cpu-amd",0.95,"seadec",3,0.92
"pc2","4cpu-amd",0.95,"seadec",4,0.93
"pc2","4cpu-amd",0.95,"seadec",1,0.96
"pc2","4cpu-amd",0.95,"seadec",2,0.91
"pc2","4cpu-amd",0.95,"seadec",3,0.92
"pc2","4cpu-amd",0.95,"seadec",1,0.92
"pc2","4cpu-amd",0.95,"seadec",4,0.92
"pc2","4cpu-amd",0.95,"seadec",1,0.93
"pc2","4cpu-amd",0.95,"seadec",2,0.93
"pc2","4cpu-amd",0.95,"seadec",3,0.93
"pc2","4cpu-amd",0.95,"seadec",4,0.96
"pc2","4cpu-amd",0.95,"seadec",2,0.91
"pc2","4cpu-amd",0.95,"seadec",1,0.94
"pc2","4cpu-amd",0.95,"seadec",3,0.93
"pc2","4cpu-amd",0.95,"seadec",4,0.93
"pc2","4cpu-amd",0.95,"seadec",2,0.92
"pc2","4cpu-amd",0.95,"seadec",1,0.94
"pc2","4cpu-amd",0.95,"seadec",3,0.94
"pc2","4cpu-amd",0.95,"seadec",4,0.93
"pc2","4cpu-amd",0.95,"seadec",2,0.91
"pc2","4cpu-amd",0.95,"seadec",1,0.94
"pc2","4cpu-amd",0.95,"seadec",3,0.94
"pc2","4cpu-amd",0.95,"seadec",4,0.94
"pc2","4cpu-amd",0.95,"seadec",2,0.91
"pc2","4cpu-amd",0.95,"seadec",1,0.93
"pc2","4cpu-amd",0.95,"seadec",3,0.93
"pc2","4cpu-amd",0.95,"seadec",4,0.94
"pc2","4cpu-amd",0.95,"seadec",2,0.96
"pc2","4cpu-amd",0.95,"seadec",1,0.98
"pc2","4cpu-amd",0.95,"seadec",3,0.96
"pc2","4cpu-amd",0.95,"seadec",4,0.93
"pc2","4cpu-amd",0.95,"seadec",2,0.92
"pc2","4cpu-amd",0.95,"seadec",1,0.94
"pc2","4cpu-amd",0.95,"seadec",3,0.94
"pc2","4cpu-amd",0.95,"seadec",4,0.96
"pc2","4cpu-amd",0.95,"seadec",2,0.91
"pc2","4cpu-amd",0.95,"seadec",1,0.94
"pc2","4cpu-amd",0.95,"seadec",4,0.94
"pc2","4cpu-amd",0.95,"seadec",3,0.94
"pc2","4cpu-amd",0.95,"seadec",4,0.91
"pc2","4cpu-amd",0.95,"seadec",1,0.94
"pc2","4cpu-amd",0.95,"seadec",2,0.94
"pc2","4cpu-amd",0.95,"seadec",3,0.97
"pc2","4cpu-amd",0.95,"seadec",2,0.92
"pc2","4cpu-amd",0.95,"seadec",1,0.95
"pc2","4cpu-amd",0.95,"seadec",4,0.94
"pc2","4cpu-amd",0.95,"seadec",3,0.95
"pc2","4cpu-amd",0.95,"seadec",2,0.92
"pc2","4cpu-amd",0.95,"seadec",1,0.94
"pc2","4cpu-amd",0.95,"seadec",4,0.94
"pc2","4cpu-amd",0.95,"seadec",3,0.94
"pc2","4cpu-amd",0.95,"seadec",1,0.93
"pc2","4cpu-amd",0.95,"seadec",3,0.95
"pc2","4cpu-amd",0.95,"seadec",2,0.95
"pc2","4cpu-amd",0.95,"seadec",4,0.95
"pc2","4cpu-amd",0.95,"seadec",1,0.95
"pc2","4cpu-amd",0.95,"seadec",2,0.94
"pc2","4cpu-amd",0.95,"seadec",3,0.94
"pc2","4cpu-amd",0.95,"seadec",4,0.95
"pc2","4cpu-amd",0.95,"seadec",2,0.93
"pc2","4cpu-amd",0.95,"seadec",3,0.94
"pc2","4cpu-amd",0.95,"seadec",4,0.94
"pc2","4cpu-amd",0.95,"seadec",1,1.01
"pc2","4cpu-amd",0.05,"SMA",1,54.21
"pc2","4cpu-amd",0.05,"SMA",4,54.59
"pc2","4cpu-amd",0.05,"SMA",3,54.99
"pc2","4cpu-amd",0.05,"SMA",2,55.6
"pc2","4cpu-amd",0.05,"SMA",1,54.09
"pc2","4cpu-amd",0.05,"SMA",4,54.36
"pc2","4cpu-amd",0.05,"SMA",2,54.48
"pc2","4cpu-amd",0.05,"SMA",3,56.17
"pc2","4cpu-amd",0.05,"SMA",3,49.22
"pc2","4cpu-amd",0.05,"SMA",2,50.14
"pc2","4cpu-amd",0.05,"SMA",1,50.25
"pc2","4cpu-amd",0.05,"SMA",4,51.02
"pc2","4cpu-amd",0.05,"SMA",1,51.27
"pc2","4cpu-amd",0.05,"SMA",4,52.15
"pc2","4cpu-amd",0.05,"SMA",3,52.15
"pc2","4cpu-amd",0.05,"SMA",2,52.35
"pc2","4cpu-amd",0.05,"SMA",1,49.86
"pc2","4cpu-amd",0.05,"SMA",3,51.15
"pc2","4cpu-amd",0.05,"SMA",4,51.46
"pc2","4cpu-amd",0.05,"SMA",2,51.46
"pc2","4cpu-amd",0.05,"SMA",1,50.36
"pc2","4cpu-amd",0.05,"SMA",3,50.64
"pc2","4cpu-amd",0.05,"SMA",2,50.75
"pc2","4cpu-amd",0.05,"SMA",4,51.23
"pc2","4cpu-amd",0.05,"SMA",2,51.36
"pc2","4cpu-amd",0.05,"SMA",4,51.93
"pc2","4cpu-amd",0.05,"SMA",1,51.97
"pc2","4cpu-amd",0.05,"SMA",3,52.54
"pc2","4cpu-amd",0.05,"SMA",3,48.75
"pc2","4cpu-amd",0.05,"SMA",1,50.98
"pc2","4cpu-amd",0.05,"SMA",2,51.36
"pc2","4cpu-amd",0.05,"SMA",4,51.64
"pc2","4cpu-amd",0.05,"SMA",1,50.54
"pc2","4cpu-amd",0.05,"SMA",3,50.54
"pc2","4cpu-amd",0.05,"SMA",4,51.13
"pc2","4cpu-amd",0.05,"SMA",2,51.36
"pc2","4cpu-amd",0.05,"SMA",1,49.26
"pc2","4cpu-amd",0.05,"SMA",3,49.62
"pc2","4cpu-amd",0.05,"SMA",2,49.83
"pc2","4cpu-amd",0.05,"SMA",4,52.12
"pc2","4cpu-amd",0.05,"SMA",1,48.27
"pc2","4cpu-amd",0.05,"SMA",4,49.21
"pc2","4cpu-amd",0.05,"SMA",3,49.93
"pc2","4cpu-amd",0.05,"SMA",2,51.15
"pc2","4cpu-amd",0.05,"SMA",3,50.08
"pc2","4cpu-amd",0.05,"SMA",1,50.08
"pc2","4cpu-amd",0.05,"SMA",4,50.35
"pc2","4cpu-amd",0.05,"SMA",2,51.77
"pc2","4cpu-amd",0.05,"SMA",1,50.76
"pc2","4cpu-amd",0.05,"SMA",2,51.55
"pc2","4cpu-amd",0.05,"SMA",4,52.13
"pc2","4cpu-amd",0.05,"SMA",3,52.24
"pc2","4cpu-amd",0.05,"SMA",3,48.94
"pc2","4cpu-amd",0.05,"SMA",2,51.15
"pc2","4cpu-amd",0.05,"SMA",4,51.53
"pc2","4cpu-amd",0.05,"SMA",1,53.06
"pc2","4cpu-amd",0.05,"SMA",2,50.07
"pc2","4cpu-amd",0.05,"SMA",4,50.25
"pc2","4cpu-amd",0.05,"SMA",3,52.06
"pc2","4cpu-amd",0.05,"SMA",1,52.99
"pc2","4cpu-amd",0.05,"SMA",4,51.34
"pc2","4cpu-amd",0.05,"SMA",3,51.45
"pc2","4cpu-amd",0.05,"SMA",2,52.06
"pc2","4cpu-amd",0.05,"SMA",1,52.17
"pc2","4cpu-amd",0.05,"SMA",3,51.34
"pc2","4cpu-amd",0.05,"SMA",2,52.15
"pc2","4cpu-amd",0.05,"SMA",4,52.14
"pc2","4cpu-amd",0.05,"SMA",1,52.66
"pc2","4cpu-amd",0.05,"SMA",1,51.25
"pc2","4cpu-amd",0.05,"SMA",4,51.53
"pc2","4cpu-amd",0.05,"SMA",3,52.45
"pc2","4cpu-amd",0.05,"SMA",2,52.45
"pc2","4cpu-amd",0.05,"SMA",1,51.18
"pc2","4cpu-amd",0.05,"SMA",4,51.55
"pc2","4cpu-amd",0.05,"SMA",2,52.18
"pc2","4cpu-amd",0.05,"SMA",3,52.66
"pc2","4cpu-amd",0.05,"SMA",4,50.36
"pc2","4cpu-amd",0.05,"SMA",1,51.28
"pc2","4cpu-amd",0.05,"SMA",2,52.07
"pc2","4cpu-amd",0.05,"SMA",3,53.16
"pc2","4cpu-amd",0.05,"SMA",4,50.64
"pc2","4cpu-amd",0.05,"SMA",2,50.75
"pc2","4cpu-amd",0.05,"SMA",1,52.06
"pc2","4cpu-amd",0.05,"SMA",3,52.65
"pc2","4cpu-amd",0.05,"SMA",1,47.86
"pc2","4cpu-amd",0.05,"SMA",4,48.74
"pc2","4cpu-amd",0.05,"SMA",2,49.46
"pc2","4cpu-amd",0.05,"SMA",3,50.44
"pc2","4cpu-amd",0.05,"SMA",1,49.49
"pc2","4cpu-amd",0.05,"SMA",4,50.56
"pc2","4cpu-amd",0.05,"SMA",2,51.37
"pc2","4cpu-amd",0.05,"SMA",3,54.18
"pc2","4cpu-amd",0.05,"SMA",4,49.2
"pc2","4cpu-amd",0.05,"SMA",3,50.51
"pc2","4cpu-amd",0.05,"SMA",1,50.76
"pc2","4cpu-amd",0.05,"SMA",2,50.94
"pc2","4cpu-amd",0.05,"SMA",3,50.36
"pc2","4cpu-amd",0.05,"SMA",2,50.86
"pc2","4cpu-amd",0.05,"SMA",4,50.86
"pc2","4cpu-amd",0.05,"SMA",1,51.88
"pc2","4cpu-amd",0.05,"SMA",2,49.76
"pc2","4cpu-amd",0.05,"SMA",4,50.64
"pc2","4cpu-amd",0.05,"SMA",3,51.05
"pc2","4cpu-amd",0.05,"SMA",1,51.17
"pc2","4cpu-amd",0.05,"SMA",1,50.36
"pc2","4cpu-amd",0.05,"SMA",4,50.54
"pc2","4cpu-amd",0.05,"SMA",2,50.86
"pc2","4cpu-amd",0.05,"SMA",3,51.64
"pc2","4cpu-amd",0.05,"SMA",1,49.29
"pc2","4cpu-amd",0.05,"SMA",2,52.18
"pc2","4cpu-amd",0.05,"SMA",4,53.06
"pc2","4cpu-amd",0.05,"SMA",3,53.47
"pc2","4cpu-amd",0.05,"SMA",4,50.97
"pc2","4cpu-amd",0.05,"SMA",1,52.68
"pc2","4cpu-amd",0.05,"SMA",2,52.69
"pc2","4cpu-amd",0.05,"SMA",3,52.77
"pc2","4cpu-amd",0.05,"SMA",2,49.87
"pc2","4cpu-amd",0.05,"SMA",4,51.26
"pc2","4cpu-amd",0.05,"SMA",3,51.36
"pc2","4cpu-amd",0.05,"SMA",1,51.48
"pc2","4cpu-amd",0.15,"SMA",1,11.69
"pc2","4cpu-amd",0.15,"SMA",2,11.69
"pc2","4cpu-amd",0.15,"SMA",3,11.98
"pc2","4cpu-amd",0.15,"SMA",4,12.17
"pc2","4cpu-amd",0.15,"SMA",3,11.85
"pc2","4cpu-amd",0.15,"SMA",2,12.06
"pc2","4cpu-amd",0.15,"SMA",4,12.13
"pc2","4cpu-amd",0.15,"SMA",1,12.16
"pc2","4cpu-amd",0.15,"SMA",4,10.46
"pc2","4cpu-amd",0.15,"SMA",2,11.37
"pc2","4cpu-amd",0.15,"SMA",1,11.88
"pc2","4cpu-amd",0.15,"SMA",3,12.56
"pc2","4cpu-amd",0.15,"SMA",3,10.74
"pc2","4cpu-amd",0.15,"SMA",4,11.32
"pc2","4cpu-amd",0.15,"SMA",2,11.55
"pc2","4cpu-amd",0.15,"SMA",1,11.66
"pc2","4cpu-amd",0.15,"SMA",2,10.57
"pc2","4cpu-amd",0.15,"SMA",1,11.06
"pc2","4cpu-amd",0.15,"SMA",3,11.35
"pc2","4cpu-amd",0.15,"SMA",4,11.45
"pc2","4cpu-amd",0.15,"SMA",3,10.35
"pc2","4cpu-amd",0.15,"SMA",1,10.88
"pc2","4cpu-amd",0.15,"SMA",2,11.47
"pc2","4cpu-amd",0.15,"SMA",4,11.95
"pc2","4cpu-amd",0.15,"SMA",3,11.07
"pc2","4cpu-amd",0.15,"SMA",2,11.58
"pc2","4cpu-amd",0.15,"SMA",1,12.19
"pc2","4cpu-amd",0.15,"SMA",4,12.55
"pc2","4cpu-amd",0.15,"SMA",2,10.84
"pc2","4cpu-amd",0.15,"SMA",1,10.92
"pc2","4cpu-amd",0.15,"SMA",3,10.92
"pc2","4cpu-amd",0.15,"SMA",4,11.21
"pc2","4cpu-amd",0.15,"SMA",1,9.87
"pc2","4cpu-amd",0.15,"SMA",3,10.14
"pc2","4cpu-amd",0.15,"SMA",4,11.04
"pc2","4cpu-amd",0.15,"SMA",2,11.35
"pc2","4cpu-amd",0.15,"SMA",4,10.13
"pc2","4cpu-amd",0.15,"SMA",3,10.34
"pc2","4cpu-amd",0.15,"SMA",2,10.45
"pc2","4cpu-amd",0.15,"SMA",1,10.47
"pc2","4cpu-amd",0.15,"SMA",3,10.06
"pc2","4cpu-amd",0.15,"SMA",4,10.27
"pc2","4cpu-amd",0.15,"SMA",1,10.27
"pc2","4cpu-amd",0.15,"SMA",2,11.16
"pc2","4cpu-amd",0.15,"SMA",3,10.42
"pc2","4cpu-amd",0.15,"SMA",4,10.69
"pc2","4cpu-amd",0.15,"SMA",2,10.86
"pc2","4cpu-amd",0.15,"SMA",1,10.86
"pc2","4cpu-amd",0.15,"SMA",3,10.05
"pc2","4cpu-amd",0.15,"SMA",1,10.47
"pc2","4cpu-amd",0.15,"SMA",2,11.05
"pc2","4cpu-amd",0.15,"SMA",4,11.24
"pc2","4cpu-amd",0.15,"SMA",2,10.96
"pc2","4cpu-amd",0.15,"SMA",4,11.15
"pc2","4cpu-amd",0.15,"SMA",3,11.34
"pc2","4cpu-amd",0.15,"SMA",1,11.58
"pc2","4cpu-amd",0.15,"SMA",2,10.15
"pc2","4cpu-amd",0.15,"SMA",4,10.73
"pc2","4cpu-amd",0.15,"SMA",3,11.05
"pc2","4cpu-amd",0.15,"SMA",1,11.26
"pc2","4cpu-amd",0.15,"SMA",1,10.75
"pc2","4cpu-amd",0.15,"SMA",2,10.84
"pc2","4cpu-amd",0.15,"SMA",4,11.11
"pc2","4cpu-amd",0.15,"SMA",3,11.42
"pc2","4cpu-amd",0.15,"SMA",1,10.56
"pc2","4cpu-amd",0.15,"SMA",4,10.64
"pc2","4cpu-amd",0.15,"SMA",3,10.95
"pc2","4cpu-amd",0.15,"SMA",2,11.15
"pc2","4cpu-amd",0.15,"SMA",1,10.16
"pc2","4cpu-amd",0.15,"SMA",3,10.52
"pc2","4cpu-amd",0.15,"SMA",4,10.72
"pc2","4cpu-amd",0.15,"SMA",2,11.55
"pc2","4cpu-amd",0.15,"SMA",3,10.42
"pc2","4cpu-amd",0.15,"SMA",1,10.65
"pc2","4cpu-amd",0.15,"SMA",4,10.92
"pc2","4cpu-amd",0.15,"SMA",2,11.04
"pc2","4cpu-amd",0.15,"SMA",1,10.79
"pc2","4cpu-amd",0.15,"SMA",3,10.85
"pc2","4cpu-amd",0.15,"SMA",2,11.08
"pc2","4cpu-amd",0.15,"SMA",4,11.35
"pc2","4cpu-amd",0.15,"SMA",3,10.86
"pc2","4cpu-amd",0.15,"SMA",1,10.9
"pc2","4cpu-amd",0.15,"SMA",4,11.16
"pc2","4cpu-amd",0.15,"SMA",2,11.3
"pc2","4cpu-amd",0.15,"SMA",2,10.24
"pc2","4cpu-amd",0.15,"SMA",3,10.72
"pc2","4cpu-amd",0.15,"SMA",1,10.75
"pc2","4cpu-amd",0.15,"SMA",4,11.13
"pc2","4cpu-amd",0.15,"SMA",3,10.14
"pc2","4cpu-amd",0.15,"SMA",4,10.23
"pc2","4cpu-amd",0.15,"SMA",1,10.56
"pc2","4cpu-amd",0.15,"SMA",2,10.66
"pc2","4cpu-amd",0.15,"SMA",4,10.22
"pc2","4cpu-amd",0.15,"SMA",1,10.55
"pc2","4cpu-amd",0.15,"SMA",2,11.04
"pc2","4cpu-amd",0.15,"SMA",3,11.14
"pc2","4cpu-amd",0.15,"SMA",3,9.84
"pc2","4cpu-amd",0.15,"SMA",4,10.24
"pc2","4cpu-amd",0.15,"SMA",1,10.46
"pc2","4cpu-amd",0.15,"SMA",2,10.84
"pc2","4cpu-amd",0.15,"SMA",1,10.77
"pc2","4cpu-amd",0.15,"SMA",3,10.96
"pc2","4cpu-amd",0.15,"SMA",2,11.27
"pc2","4cpu-amd",0.15,"SMA",4,11.45
"pc2","4cpu-amd",0.15,"SMA",3,9.94
"pc2","4cpu-amd",0.15,"SMA",4,10.95
"pc2","4cpu-amd",0.15,"SMA",2,11.05
"pc2","4cpu-amd",0.15,"SMA",2,10.75
"pc2","4cpu-amd",0.15,"SMA",3,10.84
"pc2","4cpu-amd",0.15,"SMA",1,10.96
"pc2","4cpu-amd",0.15,"SMA",4,11.11
"pc2","4cpu-amd",0.15,"SMA",1,10.78
"pc2","4cpu-amd",0.15,"SMA",2,10.77
"pc2","4cpu-amd",0.15,"SMA",4,11.64
"pc2","4cpu-amd",0.15,"SMA",3,11.96
"pc2","4cpu-amd",0.15,"SMA",2,10.95
"pc2","4cpu-amd",0.15,"SMA",1,11.27
"pc2","4cpu-amd",0.15,"SMA",4,11.43
"pc2","4cpu-amd",0.15,"SMA",3,12.15
"pc2","4cpu-amd",0.25,"SMA",1,5.42
"pc2","4cpu-amd",0.25,"SMA",4,5.51
"pc2","4cpu-amd",0.25,"SMA",2,5.59
"pc2","4cpu-amd",0.25,"SMA",3,5.71
"pc2","4cpu-amd",0.25,"SMA",1,5.36
"pc2","4cpu-amd",0.25,"SMA",4,5.53
"pc2","4cpu-amd",0.25,"SMA",2,5.53
"pc2","4cpu-amd",0.25,"SMA",3,5.54
"pc2","4cpu-amd",0.25,"SMA",4,4.68
"pc2","4cpu-amd",0.25,"SMA",3,4.71
"pc2","4cpu-amd",0.25,"SMA",2,4.94
"pc2","4cpu-amd",0.25,"SMA",1,5.14
"pc2","4cpu-amd",0.25,"SMA",3,4.59
"pc2","4cpu-amd",0.25,"SMA",2,4.81
"pc2","4cpu-amd",0.25,"SMA",4,4.87
"pc2","4cpu-amd",0.25,"SMA",1,4.91
"pc2","4cpu-amd",0.25,"SMA",4,4.64
"pc2","4cpu-amd",0.25,"SMA",3,4.75
"pc2","4cpu-amd",0.25,"SMA",1,4.77
"pc2","4cpu-amd",0.25,"SMA",2,4.85
"pc2","4cpu-amd",0.25,"SMA",4,4.57
"pc2","4cpu-amd",0.25,"SMA",1,4.68
"pc2","4cpu-amd",0.25,"SMA",3,4.75
"pc2","4cpu-amd",0.25,"SMA",2,4.76
"pc2","4cpu-amd",0.25,"SMA",4,4.58
"pc2","4cpu-amd",0.25,"SMA",2,4.88
"pc2","4cpu-amd",0.25,"SMA",3,4.88
"pc2","4cpu-amd",0.25,"SMA",1,5.08
"pc2","4cpu-amd",0.25,"SMA",1,4.68
"pc2","4cpu-amd",0.25,"SMA",2,4.77
"pc2","4cpu-amd",0.25,"SMA",4,4.86
"pc2","4cpu-amd",0.25,"SMA",3,5.07
"pc2","4cpu-amd",0.25,"SMA",3,4.76
"pc2","4cpu-amd",0.25,"SMA",4,4.85
"pc2","4cpu-amd",0.25,"SMA",2,4.87
"pc2","4cpu-amd",0.25,"SMA",1,5.16
"pc2","4cpu-amd",0.25,"SMA",4,4.64
"pc2","4cpu-amd",0.25,"SMA",1,4.78
"pc2","4cpu-amd",0.25,"SMA",3,4.76
"pc2","4cpu-amd",0.25,"SMA",2,4.85
"pc2","4cpu-amd",0.25,"SMA",4,4.34
"pc2","4cpu-amd",0.25,"SMA",3,4.74
"pc2","4cpu-amd",0.25,"SMA",2,4.87
"pc2","4cpu-amd",0.25,"SMA",1,4.98
"pc2","4cpu-amd",0.25,"SMA",1,4.64
"pc2","4cpu-amd",0.25,"SMA",4,4.79
"pc2","4cpu-amd",0.25,"SMA",3,4.92
"pc2","4cpu-amd",0.25,"SMA",2,5
"pc2","4cpu-amd",0.25,"SMA",4,4.76
"pc2","4cpu-amd",0.25,"SMA",3,4.8
"pc2","4cpu-amd",0.25,"SMA",2,4.99
"pc2","4cpu-amd",0.25,"SMA",1,5.01
"pc2","4cpu-amd",0.25,"SMA",3,4.85
"pc2","4cpu-amd",0.25,"SMA",2,4.92
"pc2","4cpu-amd",0.25,"SMA",4,4.95
"pc2","4cpu-amd",0.25,"SMA",1,4.95
"pc2","4cpu-amd",0.25,"SMA",1,4.77
"pc2","4cpu-amd",0.25,"SMA",3,4.77
"pc2","4cpu-amd",0.25,"SMA",4,4.77
"pc2","4cpu-amd",0.25,"SMA",2,4.96
"pc2","4cpu-amd",0.25,"SMA",4,4.76
"pc2","4cpu-amd",0.25,"SMA",1,4.76
"pc2","4cpu-amd",0.25,"SMA",2,4.96
"pc2","4cpu-amd",0.25,"SMA",3,5.06
"pc2","4cpu-amd",0.25,"SMA",3,4.68
"pc2","4cpu-amd",0.25,"SMA",1,4.89
"pc2","4cpu-amd",0.25,"SMA",4,4.95
"pc2","4cpu-amd",0.25,"SMA",2,5.07
"pc2","4cpu-amd",0.25,"SMA",4,4.86
"pc2","4cpu-amd",0.25,"SMA",1,4.89
"pc2","4cpu-amd",0.25,"SMA",2,4.89
"pc2","4cpu-amd",0.25,"SMA",3,5.19
"pc2","4cpu-amd",0.25,"SMA",1,4.67
"pc2","4cpu-amd",0.25,"SMA",2,4.73
"pc2","4cpu-amd",0.25,"SMA",3,4.73
"pc2","4cpu-amd",0.25,"SMA",4,4.73
"pc2","4cpu-amd",0.25,"SMA",1,4.69
"pc2","4cpu-amd",0.25,"SMA",2,4.88
"pc2","4cpu-amd",0.25,"SMA",3,5.16
"pc2","4cpu-amd",0.25,"SMA",4,5.36
"pc2","4cpu-amd",0.25,"SMA",4,4.84
"pc2","4cpu-amd",0.25,"SMA",1,4.95
"pc2","4cpu-amd",0.25,"SMA",3,4.95
"pc2","4cpu-amd",0.25,"SMA",2,4.96
"pc2","4cpu-amd",0.25,"SMA",4,4.84
"pc2","4cpu-amd",0.25,"SMA",1,4.95
"pc2","4cpu-amd",0.25,"SMA",2,5.03
"pc2","4cpu-amd",0.25,"SMA",3,5.04
"pc2","4cpu-amd",0.25,"SMA",1,4.78
"pc2","4cpu-amd",0.25,"SMA",4,5.05
"pc2","4cpu-amd",0.25,"SMA",3,5.45
"pc2","4cpu-amd",0.25,"SMA",1,4.94
"pc2","4cpu-amd",0.25,"SMA",2,4.94
"pc2","4cpu-amd",0.25,"SMA",3,5.02
"pc2","4cpu-amd",0.25,"SMA",4,5.02
"pc2","4cpu-amd",0.25,"SMA",4,4.73
"pc2","4cpu-amd",0.25,"SMA",2,4.76
"pc2","4cpu-amd",0.25,"SMA",3,4.86
"pc2","4cpu-amd",0.25,"SMA",1,4.95
"pc2","4cpu-amd",0.25,"SMA",2,4.9
"pc2","4cpu-amd",0.25,"SMA",1,4.9
"pc2","4cpu-amd",0.25,"SMA",3,4.96
"pc2","4cpu-amd",0.25,"SMA",4,4.95
"pc2","4cpu-amd",0.25,"SMA",4,4.73
"pc2","4cpu-amd",0.25,"SMA",2,4.87
"pc2","4cpu-amd",0.25,"SMA",1,5.07
"pc2","4cpu-amd",0.25,"SMA",3,5.15
"pc2","4cpu-amd",0.25,"SMA",2,4.84
"pc2","4cpu-amd",0.25,"SMA",4,4.87
"pc2","4cpu-amd",0.25,"SMA",1,4.87
"pc2","4cpu-amd",0.25,"SMA",3,4.95
"pc2","4cpu-amd",0.25,"SMA",1,4.76
"pc2","4cpu-amd",0.25,"SMA",3,4.86
"pc2","4cpu-amd",0.25,"SMA",2,4.86
"pc2","4cpu-amd",0.25,"SMA",4,5.05
"pc2","4cpu-amd",0.25,"SMA",1,4.78
"pc2","4cpu-amd",0.25,"SMA",3,4.86
"pc2","4cpu-amd",0.25,"SMA",2,4.89
"pc2","4cpu-amd",0.25,"SMA",4,4.93
"pc2","4cpu-amd",0.35,"SMA",3,3.39
"pc2","4cpu-amd",0.35,"SMA",4,3.47
"pc2","4cpu-amd",0.35,"SMA",2,3.58
"pc2","4cpu-amd",0.35,"SMA",1,3.59
"pc2","4cpu-amd",0.35,"SMA",4,3.38
"pc2","4cpu-amd",0.35,"SMA",3,3.47
"pc2","4cpu-amd",0.35,"SMA",1,3.58
"pc2","4cpu-amd",0.35,"SMA",2,3.67
"pc2","4cpu-amd",0.35,"SMA",3,1.27
"pc2","4cpu-amd",0.35,"SMA",4,3.03
"pc2","4cpu-amd",0.35,"SMA",2,3.07
"pc2","4cpu-amd",0.35,"SMA",1,3.09
"pc2","4cpu-amd",0.35,"SMA",3,2.97
"pc2","4cpu-amd",0.35,"SMA",2,3.04
"pc2","4cpu-amd",0.35,"SMA",4,3.03
"pc2","4cpu-amd",0.35,"SMA",1,3.15
"pc2","4cpu-amd",0.35,"SMA",2,2.95
"pc2","4cpu-amd",0.35,"SMA",1,2.97
"pc2","4cpu-amd",0.35,"SMA",3,3.05
"pc2","4cpu-amd",0.35,"SMA",4,3.11
"pc2","4cpu-amd",0.35,"SMA",3,2.98
"pc2","4cpu-amd",0.35,"SMA",2,3
"pc2","4cpu-amd",0.35,"SMA",1,3.09
"pc2","4cpu-amd",0.35,"SMA",4,3.08
"pc2","4cpu-amd",0.35,"SMA",3,2.95
"pc2","4cpu-amd",0.35,"SMA",2,3.05
"pc2","4cpu-amd",0.35,"SMA",4,3.07
"pc2","4cpu-amd",0.35,"SMA",1,3.07
"pc2","4cpu-amd",0.35,"SMA",2,3.07
"pc2","4cpu-amd",0.35,"SMA",4,3.14
"pc2","4cpu-amd",0.35,"SMA",3,3.14
"pc2","4cpu-amd",0.35,"SMA",2,2.96
"pc2","4cpu-amd",0.35,"SMA",3,2.95
"pc2","4cpu-amd",0.35,"SMA",4,2.95
"pc2","4cpu-amd",0.35,"SMA",1,2.99
"pc2","4cpu-amd",0.35,"SMA",4,2.94
"pc2","4cpu-amd",0.35,"SMA",1,3.06
"pc2","4cpu-amd",0.35,"SMA",2,3.05
"pc2","4cpu-amd",0.35,"SMA",3,3.12
"pc2","4cpu-amd",0.35,"SMA",2,2.99
"pc2","4cpu-amd",0.35,"SMA",4,1.32
"pc2","4cpu-amd",0.35,"SMA",1,3.11
"pc2","4cpu-amd",0.35,"SMA",3,3.19
"pc2","4cpu-amd",0.35,"SMA",3,3.07
"pc2","4cpu-amd",0.35,"SMA",1,3.07
"pc2","4cpu-amd",0.35,"SMA",4,3.13
"pc2","4cpu-amd",0.35,"SMA",2,3.18
"pc2","4cpu-amd",0.35,"SMA",3,3.06
"pc2","4cpu-amd",0.35,"SMA",1,3.06
"pc2","4cpu-amd",0.35,"SMA",2,3.06
"pc2","4cpu-amd",0.35,"SMA",4,3.12
"pc2","4cpu-amd",0.35,"SMA",2,2.98
"pc2","4cpu-amd",0.35,"SMA",1,2.98
"pc2","4cpu-amd",0.35,"SMA",3,2.98
"pc2","4cpu-amd",0.35,"SMA",4,2.98
"pc2","4cpu-amd",0.35,"SMA",4,2.95
"pc2","4cpu-amd",0.35,"SMA",3,3.05
"pc2","4cpu-amd",0.35,"SMA",1,3.15
"pc2","4cpu-amd",0.35,"SMA",2,3.15
"pc2","4cpu-amd",0.35,"SMA",2,2.96
"pc2","4cpu-amd",0.35,"SMA",4,3.06
"pc2","4cpu-amd",0.35,"SMA",1,3.06
"pc2","4cpu-amd",0.35,"SMA",3,3.06
"pc2","4cpu-amd",0.35,"SMA",2,2.95
"pc2","4cpu-amd",0.35,"SMA",4,3.04
"pc2","4cpu-amd",0.35,"SMA",1,3.04
"pc2","4cpu-amd",0.35,"SMA",3,3.26
"pc2","4cpu-amd",0.35,"SMA",2,2.97
"pc2","4cpu-amd",0.35,"SMA",1,3.08
"pc2","4cpu-amd",0.35,"SMA",4,3.13
"pc2","4cpu-amd",0.35,"SMA",3,3.16
"pc2","4cpu-amd",0.35,"SMA",1,2.96
"pc2","4cpu-amd",0.35,"SMA",4,3.03
"pc2","4cpu-amd",0.35,"SMA",2,3.12
"pc2","4cpu-amd",0.35,"SMA",3,3.12
"pc2","4cpu-amd",0.35,"SMA",1,3.11
"pc2","4cpu-amd",0.35,"SMA",2,3.11
"pc2","4cpu-amd",0.35,"SMA",3,3.17
"pc2","4cpu-amd",0.35,"SMA",4,3.18
"pc2","4cpu-amd",0.35,"SMA",2,3.08
"pc2","4cpu-amd",0.35,"SMA",1,3.17
"pc2","4cpu-amd",0.35,"SMA",4,3.17
"pc2","4cpu-amd",0.35,"SMA",3,3.18
"pc2","4cpu-amd",0.35,"SMA",2,2.95
"pc2","4cpu-amd",0.35,"SMA",3,3.17
"pc2","4cpu-amd",0.35,"SMA",1,3.27
"pc2","4cpu-amd",0.35,"SMA",4,3.25
"pc2","4cpu-amd",0.35,"SMA",2,2.96
"pc2","4cpu-amd",0.35,"SMA",3,3.05
"pc2","4cpu-amd",0.35,"SMA",4,3.06
"pc2","4cpu-amd",0.35,"SMA",1,3.28
"pc2","4cpu-amd",0.35,"SMA",3,3.04
"pc2","4cpu-amd",0.35,"SMA",2,3.13
"pc2","4cpu-amd",0.35,"SMA",4,3.12
"pc2","4cpu-amd",0.35,"SMA",1,3.17
"pc2","4cpu-amd",0.35,"SMA",3,3.04
"pc2","4cpu-amd",0.35,"SMA",1,3.15
"pc2","4cpu-amd",0.35,"SMA",2,3.15
"pc2","4cpu-amd",0.35,"SMA",4,3.15
"pc2","4cpu-amd",0.35,"SMA",3,3.06
"pc2","4cpu-amd",0.35,"SMA",1,3.08
"pc2","4cpu-amd",0.35,"SMA",4,3.24
"pc2","4cpu-amd",0.35,"SMA",2,3.27
"pc2","4cpu-amd",0.35,"SMA",2,3.05
"pc2","4cpu-amd",0.35,"SMA",3,3.05
"pc2","4cpu-amd",0.35,"SMA",1,3.08
"pc2","4cpu-amd",0.35,"SMA",4,3.13
"pc2","4cpu-amd",0.35,"SMA",4,2.99
"pc2","4cpu-amd",0.35,"SMA",2,3.09
"pc2","4cpu-amd",0.35,"SMA",3,3.09
"pc2","4cpu-amd",0.35,"SMA",1,3.18
"pc2","4cpu-amd",0.35,"SMA",1,3.1
"pc2","4cpu-amd",0.35,"SMA",3,3.15
"pc2","4cpu-amd",0.35,"SMA",2,3.18
"pc2","4cpu-amd",0.35,"SMA",4,3.16
"pc2","4cpu-amd",0.35,"SMA",1,2.97
"pc2","4cpu-amd",0.35,"SMA",2,3.05
"pc2","4cpu-amd",0.35,"SMA",4,3.05
"pc2","4cpu-amd",0.35,"SMA",3,3.14
"pc2","4cpu-amd",0.45,"SMA",1,2.54
"pc2","4cpu-amd",0.45,"SMA",2,2.56
"pc2","4cpu-amd",0.45,"SMA",3,2.56
"pc2","4cpu-amd",0.45,"SMA",4,2.63
"pc2","4cpu-amd",0.45,"SMA",3,2.51
"pc2","4cpu-amd",0.45,"SMA",2,2.51
"pc2","4cpu-amd",0.45,"SMA",4,2.59
"pc2","4cpu-amd",0.45,"SMA",1,2.61
"pc2","4cpu-amd",0.45,"SMA",2,2.17
"pc2","4cpu-amd",0.45,"SMA",3,2.23
"pc2","4cpu-amd",0.45,"SMA",4,2.34
"pc2","4cpu-amd",0.45,"SMA",1,2.46
"pc2","4cpu-amd",0.45,"SMA",2,2.16
"pc2","4cpu-amd",0.45,"SMA",3,2.16
"pc2","4cpu-amd",0.45,"SMA",4,2.25
"pc2","4cpu-amd",0.45,"SMA",1,2.39
"pc2","4cpu-amd",0.45,"SMA",1,2.2
"pc2","4cpu-amd",0.45,"SMA",3,2.18
"pc2","4cpu-amd",0.45,"SMA",4,2.18
"pc2","4cpu-amd",0.45,"SMA",2,2.22
"pc2","4cpu-amd",0.45,"SMA",1,2.18
"pc2","4cpu-amd",0.45,"SMA",3,2.23
"pc2","4cpu-amd",0.45,"SMA",2,2.25
"pc2","4cpu-amd",0.45,"SMA",4,2.25
"pc2","4cpu-amd",0.45,"SMA",1,2.17
"pc2","4cpu-amd",0.45,"SMA",4,2.23
"pc2","4cpu-amd",0.45,"SMA",2,2.27
"pc2","4cpu-amd",0.45,"SMA",3,2.27
"pc2","4cpu-amd",0.45,"SMA",3,2.21
"pc2","4cpu-amd",0.45,"SMA",4,2.23
"pc2","4cpu-amd",0.45,"SMA",2,2.26
"pc2","4cpu-amd",0.45,"SMA",1,2.26
"pc2","4cpu-amd",0.45,"SMA",3,2.22
"pc2","4cpu-amd",0.45,"SMA",4,2.22
"pc2","4cpu-amd",0.45,"SMA",2,2.25
"pc2","4cpu-amd",0.45,"SMA",1,2.27
"pc2","4cpu-amd",0.45,"SMA",3,2.17
"pc2","4cpu-amd",0.45,"SMA",4,2.27
"pc2","4cpu-amd",0.45,"SMA",2,2.27
"pc2","4cpu-amd",0.45,"SMA",1,2.35
"pc2","4cpu-amd",0.45,"SMA",4,2.18
"pc2","4cpu-amd",0.45,"SMA",3,2.2
"pc2","4cpu-amd",0.45,"SMA",2,2.28
"pc2","4cpu-amd",0.45,"SMA",1,2.3
"pc2","4cpu-amd",0.45,"SMA",2,2.17
"pc2","4cpu-amd",0.45,"SMA",1,2.2
"pc2","4cpu-amd",0.45,"SMA",4,2.17
"pc2","4cpu-amd",0.45,"SMA",3,2.27
"pc2","4cpu-amd",0.45,"SMA",2,2.17
"pc2","4cpu-amd",0.45,"SMA",1,2.19
"pc2","4cpu-amd",0.45,"SMA",4,2.26
"pc2","4cpu-amd",0.45,"SMA",3,2.28
"pc2","4cpu-amd",0.45,"SMA",2,2.08
"pc2","4cpu-amd",0.45,"SMA",1,2.18
"pc2","4cpu-amd",0.45,"SMA",4,2.31
"pc2","4cpu-amd",0.45,"SMA",3,2.33
"pc2","4cpu-amd",0.45,"SMA",1,2.18
"pc2","4cpu-amd",0.45,"SMA",2,2.18
"pc2","4cpu-amd",0.45,"SMA",3,2.18
"pc2","4cpu-amd",0.45,"SMA",4,2.18
"pc2","4cpu-amd",0.45,"SMA",1,2.18
"pc2","4cpu-amd",0.45,"SMA",2,2.24
"pc2","4cpu-amd",0.45,"SMA",4,2.25
"pc2","4cpu-amd",0.45,"SMA",3,2.27
"pc2","4cpu-amd",0.45,"SMA",2,2.16
"pc2","4cpu-amd",0.45,"SMA",1,2.18
"pc2","4cpu-amd",0.45,"SMA",4,2.24
"pc2","4cpu-amd",0.45,"SMA",3,2.26
"pc2","4cpu-amd",0.45,"SMA",1,2.16
"pc2","4cpu-amd",0.45,"SMA",2,2.19
"pc2","4cpu-amd",0.45,"SMA",4,2.26
"pc2","4cpu-amd",0.45,"SMA",3,2.28
"pc2","4cpu-amd",0.45,"SMA",2,2.25
"pc2","4cpu-amd",0.45,"SMA",4,2.25
"pc2","4cpu-amd",0.45,"SMA",1,2.25
"pc2","4cpu-amd",0.45,"SMA",3,2.32
"pc2","4cpu-amd",0.45,"SMA",2,2.18
"pc2","4cpu-amd",0.45,"SMA",4,2.19
"pc2","4cpu-amd",0.45,"SMA",1,2.22
"pc2","4cpu-amd",0.45,"SMA",3,2.21
"pc2","4cpu-amd",0.45,"SMA",4,2.25
"pc2","4cpu-amd",0.45,"SMA",3,2.25
"pc2","4cpu-amd",0.45,"SMA",2,2.35
"pc2","4cpu-amd",0.45,"SMA",1,2.35
"pc2","4cpu-amd",0.45,"SMA",4,2.23
"pc2","4cpu-amd",0.45,"SMA",3,2.26
"pc2","4cpu-amd",0.45,"SMA",2,2.26
"pc2","4cpu-amd",0.45,"SMA",1,2.36
"pc2","4cpu-amd",0.45,"SMA",2,2.18
"pc2","4cpu-amd",0.45,"SMA",3,2.28
"pc2","4cpu-amd",0.45,"SMA",4,2.28
"pc2","4cpu-amd",0.45,"SMA",1,2.38
"pc2","4cpu-amd",0.45,"SMA",3,2.17
"pc2","4cpu-amd",0.45,"SMA",4,2.27
"pc2","4cpu-amd",0.45,"SMA",1,2.29
"pc2","4cpu-amd",0.45,"SMA",2,2.29
"pc2","4cpu-amd",0.45,"SMA",3,2.27
"pc2","4cpu-amd",0.45,"SMA",2,2.27
"pc2","4cpu-amd",0.45,"SMA",1,2.28
"pc2","4cpu-amd",0.45,"SMA",4,2.27
"pc2","4cpu-amd",0.45,"SMA",1,2.26
"pc2","4cpu-amd",0.45,"SMA",3,2.26
"pc2","4cpu-amd",0.45,"SMA",2,2.36
"pc2","4cpu-amd",0.45,"SMA",4,2.36
"pc2","4cpu-amd",0.45,"SMA",1,2.27
"pc2","4cpu-amd",0.45,"SMA",3,2.27
"pc2","4cpu-amd",0.45,"SMA",4,2.29
"pc2","4cpu-amd",0.45,"SMA",2,2.29
"pc2","4cpu-amd",0.45,"SMA",4,2.24
"pc2","4cpu-amd",0.45,"SMA",3,2.25
"pc2","4cpu-amd",0.45,"SMA",1,2.28
"pc2","4cpu-amd",0.45,"SMA",2,2.33
"pc2","4cpu-amd",0.45,"SMA",4,2.2
"pc2","4cpu-amd",0.45,"SMA",3,2.28
"pc2","4cpu-amd",0.45,"SMA",2,2.31
"pc2","4cpu-amd",0.45,"SMA",1,2.39
"pc2","4cpu-amd",0.45,"SMA",3,2.2
"pc2","4cpu-amd",0.45,"SMA",2,2.2
"pc2","4cpu-amd",0.45,"SMA",4,2.24
"pc2","4cpu-amd",0.45,"SMA",1,2.31
"pc2","4cpu-amd",0.55,"SMA",1,2
"pc2","4cpu-amd",0.55,"SMA",4,2
"pc2","4cpu-amd",0.55,"SMA",3,2.03
"pc2","4cpu-amd",0.55,"SMA",2,2.03
"pc2","4cpu-amd",0.55,"SMA",4,2
"pc2","4cpu-amd",0.55,"SMA",3,2.03
"pc2","4cpu-amd",0.55,"SMA",1,2.05
"pc2","4cpu-amd",0.55,"SMA",2,2.05
"pc2","4cpu-amd",0.55,"SMA",4,1.76
"pc2","4cpu-amd",0.55,"SMA",2,1.78
"pc2","4cpu-amd",0.55,"SMA",1,1.82
"pc2","4cpu-amd",0.55,"SMA",3,1.82
"pc2","4cpu-amd",0.55,"SMA",4,1.61
"pc2","4cpu-amd",0.55,"SMA",3,1.71
"pc2","4cpu-amd",0.55,"SMA",2,1.72
"pc2","4cpu-amd",0.55,"SMA",1,1.78
"pc2","4cpu-amd",0.55,"SMA",4,1.71
"pc2","4cpu-amd",0.55,"SMA",3,1.71
"pc2","4cpu-amd",0.55,"SMA",2,1.71
"pc2","4cpu-amd",0.55,"SMA",1,1.78
"pc2","4cpu-amd",0.55,"SMA",3,1.71
"pc2","4cpu-amd",0.55,"SMA",4,1.73
"pc2","4cpu-amd",0.55,"SMA",2,1.73
"pc2","4cpu-amd",0.55,"SMA",1,1.82
"pc2","4cpu-amd",0.55,"SMA",4,1.75
"pc2","4cpu-amd",0.55,"SMA",2,1.77
"pc2","4cpu-amd",0.55,"SMA",3,1.78
"pc2","4cpu-amd",0.55,"SMA",1,1.85
"pc2","4cpu-amd",0.55,"SMA",4,1.68
"pc2","4cpu-amd",0.55,"SMA",1,1.71
"pc2","4cpu-amd",0.55,"SMA",2,1.72
"pc2","4cpu-amd",0.55,"SMA",3,1.72
"pc2","4cpu-amd",0.55,"SMA",2,1.76
"pc2","4cpu-amd",0.55,"SMA",4,1.76
"pc2","4cpu-amd",0.55,"SMA",1,1.79
"pc2","4cpu-amd",0.55,"SMA",3,1.82
"pc2","4cpu-amd",0.55,"SMA",1,1.69
"pc2","4cpu-amd",0.55,"SMA",4,1.69
"pc2","4cpu-amd",0.55,"SMA",3,1.71
"pc2","4cpu-amd",0.55,"SMA",2,1.72
"pc2","4cpu-amd",0.55,"SMA",4,1.73
"pc2","4cpu-amd",0.55,"SMA",2,1.76
"pc2","4cpu-amd",0.55,"SMA",1,1.76
"pc2","4cpu-amd",0.55,"SMA",3,1.77
"pc2","4cpu-amd",0.55,"SMA",1,1.76
"pc2","4cpu-amd",0.55,"SMA",3,1.76
"pc2","4cpu-amd",0.55,"SMA",2,1.78
"pc2","4cpu-amd",0.55,"SMA",4,1.78
"pc2","4cpu-amd",0.55,"SMA",4,1.72
"pc2","4cpu-amd",0.55,"SMA",1,1.77
"pc2","4cpu-amd",0.55,"SMA",2,1.82
"pc2","4cpu-amd",0.55,"SMA",3,1.82
"pc2","4cpu-amd",0.55,"SMA",2,1.73
"pc2","4cpu-amd",0.55,"SMA",1,1.73
"pc2","4cpu-amd",0.55,"SMA",4,1.74
"pc2","4cpu-amd",0.55,"SMA",3,1.77
"pc2","4cpu-amd",0.55,"SMA",2,1.76
"pc2","4cpu-amd",0.55,"SMA",1,1.78
"pc2","4cpu-amd",0.55,"SMA",3,1.77
"pc2","4cpu-amd",0.55,"SMA",4,1.78
"pc2","4cpu-amd",0.55,"SMA",3,1.72
"pc2","4cpu-amd",0.55,"SMA",1,1.77
"pc2","4cpu-amd",0.55,"SMA",2,1.76
"pc2","4cpu-amd",0.55,"SMA",4,1.76
"pc2","4cpu-amd",0.55,"SMA",1,1.75
"pc2","4cpu-amd",0.55,"SMA",3,1.76
"pc2","4cpu-amd",0.55,"SMA",2,1.76
"pc2","4cpu-amd",0.55,"SMA",4,1.81
"pc2","4cpu-amd",0.55,"SMA",1,1.73
"pc2","4cpu-amd",0.55,"SMA",4,1.8
"pc2","4cpu-amd",0.55,"SMA",2,1.8
"pc2","4cpu-amd",0.55,"SMA",3,1.8
"pc2","4cpu-amd",0.55,"SMA",1,1.71
"pc2","4cpu-amd",0.55,"SMA",4,1.8
"pc2","4cpu-amd",0.55,"SMA",3,1.8
"pc2","4cpu-amd",0.55,"SMA",2,1.86
"pc2","4cpu-amd",0.55,"SMA",3,1.77
"pc2","4cpu-amd",0.55,"SMA",2,1.81
"pc2","4cpu-amd",0.55,"SMA",1,1.81
"pc2","4cpu-amd",0.55,"SMA",4,1.79
"pc2","4cpu-amd",0.55,"SMA",3,1.77
"pc2","4cpu-amd",0.55,"SMA",1,1.78
"pc2","4cpu-amd",0.55,"SMA",4,1.78
"pc2","4cpu-amd",0.55,"SMA",2,1.8
"pc2","4cpu-amd",0.55,"SMA",4,1.76
"pc2","4cpu-amd",0.55,"SMA",2,1.83
"pc2","4cpu-amd",0.55,"SMA",3,1.84
"pc2","4cpu-amd",0.55,"SMA",1,1.87
"pc2","4cpu-amd",0.55,"SMA",1,1.78
"pc2","4cpu-amd",0.55,"SMA",2,1.8
"pc2","4cpu-amd",0.55,"SMA",3,1.85
"pc2","4cpu-amd",0.55,"SMA",4,1.85
"pc2","4cpu-amd",0.55,"SMA",1,1.77
"pc2","4cpu-amd",0.55,"SMA",4,1.78
"pc2","4cpu-amd",0.55,"SMA",2,1.78
"pc2","4cpu-amd",0.55,"SMA",3,1.77
"pc2","4cpu-amd",0.55,"SMA",1,1.77
"pc2","4cpu-amd",0.55,"SMA",4,1.77
"pc2","4cpu-amd",0.55,"SMA",3,1.77
"pc2","4cpu-amd",0.55,"SMA",2,1.78
"pc2","4cpu-amd",0.55,"SMA",1,1.74
"pc2","4cpu-amd",0.55,"SMA",4,1.85
"pc2","4cpu-amd",0.55,"SMA",2,1.85
"pc2","4cpu-amd",0.55,"SMA",3,1.84
"pc2","4cpu-amd",0.55,"SMA",1,1.76
"pc2","4cpu-amd",0.55,"SMA",2,1.77
"pc2","4cpu-amd",0.55,"SMA",4,1.77
"pc2","4cpu-amd",0.55,"SMA",3,1.84
"pc2","4cpu-amd",0.55,"SMA",4,1.75
"pc2","4cpu-amd",0.55,"SMA",3,1.78
"pc2","4cpu-amd",0.55,"SMA",2,1.82
"pc2","4cpu-amd",0.55,"SMA",1,1.82
"pc2","4cpu-amd",0.55,"SMA",2,1.81
"pc2","4cpu-amd",0.55,"SMA",1,1.81
"pc2","4cpu-amd",0.55,"SMA",3,1.84
"pc2","4cpu-amd",0.55,"SMA",4,1.84
"pc2","4cpu-amd",0.55,"SMA",3,1.74
"pc2","4cpu-amd",0.55,"SMA",4,1.8
"pc2","4cpu-amd",0.55,"SMA",1,1.89
"pc2","4cpu-amd",0.55,"SMA",2,1.84
"pc2","4cpu-amd",0.65,"SMA",4,1.65
"pc2","4cpu-amd",0.65,"SMA",1,1.65
"pc2","4cpu-amd",0.65,"SMA",2,1.65
"pc2","4cpu-amd",0.65,"SMA",3,1.7
"pc2","4cpu-amd",0.65,"SMA",2,1.67
"pc2","4cpu-amd",0.65,"SMA",4,1.66
"pc2","4cpu-amd",0.65,"SMA",1,1.71
"pc2","4cpu-amd",0.65,"SMA",3,1.7
"pc2","4cpu-amd",0.65,"SMA",3,1.45
"pc2","4cpu-amd",0.65,"SMA",2,1.45
"pc2","4cpu-amd",0.65,"SMA",4,1.45
"pc2","4cpu-amd",0.65,"SMA",1,1.64
"pc2","4cpu-amd",0.65,"SMA",1,1.44
"pc2","4cpu-amd",0.65,"SMA",2,1.47
"pc2","4cpu-amd",0.65,"SMA",4,1.47
"pc2","4cpu-amd",0.65,"SMA",3,1.47
"pc2","4cpu-amd",0.65,"SMA",1,1.46
"pc2","4cpu-amd",0.65,"SMA",4,1.48
"pc2","4cpu-amd",0.65,"SMA",2,1.48
"pc2","4cpu-amd",0.65,"SMA",3,1.48
"pc2","4cpu-amd",0.65,"SMA",3,1.42
"pc2","4cpu-amd",0.65,"SMA",4,1.42
"pc2","4cpu-amd",0.65,"SMA",2,1.46
"pc2","4cpu-amd",0.65,"SMA",1,1.53
"pc2","4cpu-amd",0.65,"SMA",2,1.44
"pc2","4cpu-amd",0.65,"SMA",4,1.44
"pc2","4cpu-amd",0.65,"SMA",3,1.47
"pc2","4cpu-amd",0.65,"SMA",1,1.48
"pc2","4cpu-amd",0.65,"SMA",4,1.44
"pc2","4cpu-amd",0.65,"SMA",3,1.44
"pc2","4cpu-amd",0.65,"SMA",2,1.47
"pc2","4cpu-amd",0.65,"SMA",1,1.53
"pc2","4cpu-amd",0.65,"SMA",2,1.4
"pc2","4cpu-amd",0.65,"SMA",4,1.42
"pc2","4cpu-amd",0.65,"SMA",3,1.42
"pc2","4cpu-amd",0.65,"SMA",1,1.48
"pc2","4cpu-amd",0.65,"SMA",4,1.42
"pc2","4cpu-amd",0.65,"SMA",1,1.42
"pc2","4cpu-amd",0.65,"SMA",3,1.42
"pc2","4cpu-amd",0.65,"SMA",2,1.47
"pc2","4cpu-amd",0.65,"SMA",1,1.48
"pc2","4cpu-amd",0.65,"SMA",3,1.44
"pc2","4cpu-amd",0.65,"SMA",4,1.49
"pc2","4cpu-amd",0.65,"SMA",2,1.49
"pc2","4cpu-amd",0.65,"SMA",3,1.45
"pc2","4cpu-amd",0.65,"SMA",2,1.45
"pc2","4cpu-amd",0.65,"SMA",1,1.46
"pc2","4cpu-amd",0.65,"SMA",4,1.44
"pc2","4cpu-amd",0.65,"SMA",3,1.45
"pc2","4cpu-amd",0.65,"SMA",4,1.45
"pc2","4cpu-amd",0.65,"SMA",1,1.48
"pc2","4cpu-amd",0.65,"SMA",2,1.48
"pc2","4cpu-amd",0.65,"SMA",3,1.45
"pc2","4cpu-amd",0.65,"SMA",1,1.47
"pc2","4cpu-amd",0.65,"SMA",4,1.47
"pc2","4cpu-amd",0.65,"SMA",2,1.47
"pc2","4cpu-amd",0.65,"SMA",1,1.47
"pc2","4cpu-amd",0.65,"SMA",2,1.47
"pc2","4cpu-amd",0.65,"SMA",3,1.47
"pc2","4cpu-amd",0.65,"SMA",4,1.51
"pc2","4cpu-amd",0.65,"SMA",1,1.43
"pc2","4cpu-amd",0.65,"SMA",2,1.43
"pc2","4cpu-amd",0.65,"SMA",3,1.43
"pc2","4cpu-amd",0.65,"SMA",4,1.58
"pc2","4cpu-amd",0.65,"SMA",2,1.46
"pc2","4cpu-amd",0.65,"SMA",4,1.45
"pc2","4cpu-amd",0.65,"SMA",1,1.47
"pc2","4cpu-amd",0.65,"SMA",3,1.52
"pc2","4cpu-amd",0.65,"SMA",1,1.44
"pc2","4cpu-amd",0.65,"SMA",2,1.44
"pc2","4cpu-amd",0.65,"SMA",4,1.43
"pc2","4cpu-amd",0.65,"SMA",3,1.48
"pc2","4cpu-amd",0.65,"SMA",1,1.4
"pc2","4cpu-amd",0.65,"SMA",2,1.47
"pc2","4cpu-amd",0.65,"SMA",3,1.47
"pc2","4cpu-amd",0.65,"SMA",4,1.49
"pc2","4cpu-amd",0.65,"SMA",1,1.46
"pc2","4cpu-amd",0.65,"SMA",3,1.46
"pc2","4cpu-amd",0.65,"SMA",2,1.49
"pc2","4cpu-amd",0.65,"SMA",4,1.53
"pc2","4cpu-amd",0.65,"SMA",1,1.39
"pc2","4cpu-amd",0.65,"SMA",4,1.46
"pc2","4cpu-amd",0.65,"SMA",3,1.48
"pc2","4cpu-amd",0.65,"SMA",2,1.48
"pc2","4cpu-amd",0.65,"SMA",4,1.45
"pc2","4cpu-amd",0.65,"SMA",2,1.49
"pc2","4cpu-amd",0.65,"SMA",3,1.48
"pc2","4cpu-amd",0.65,"SMA",1,1.48
"pc2","4cpu-amd",0.65,"SMA",4,1.46
"pc2","4cpu-amd",0.65,"SMA",3,1.52
"pc2","4cpu-amd",0.65,"SMA",1,1.51
"pc2","4cpu-amd",0.65,"SMA",2,1.52
"pc2","4cpu-amd",0.65,"SMA",3,1.42
"pc2","4cpu-amd",0.65,"SMA",1,1.49
"pc2","4cpu-amd",0.65,"SMA",4,1.47
"pc2","4cpu-amd",0.65,"SMA",2,1.49
"pc2","4cpu-amd",0.65,"SMA",2,1.47
"pc2","4cpu-amd",0.65,"SMA",1,1.47
"pc2","4cpu-amd",0.65,"SMA",3,1.47
"pc2","4cpu-amd",0.65,"SMA",4,1.49
"pc2","4cpu-amd",0.65,"SMA",2,1.47
"pc2","4cpu-amd",0.65,"SMA",1,1.48
"pc2","4cpu-amd",0.65,"SMA",4,1.47
"pc2","4cpu-amd",0.65,"SMA",3,1.52
"pc2","4cpu-amd",0.65,"SMA",2,1.47
"pc2","4cpu-amd",0.65,"SMA",3,1.49
"pc2","4cpu-amd",0.65,"SMA",1,1.49
"pc2","4cpu-amd",0.65,"SMA",4,1.47
"pc2","4cpu-amd",0.65,"SMA",1,1.47
"pc2","4cpu-amd",0.65,"SMA",4,1.5
"pc2","4cpu-amd",0.65,"SMA",3,1.5
"pc2","4cpu-amd",0.65,"SMA",2,1.5
"pc2","4cpu-amd",0.65,"SMA",2,1.46
"pc2","4cpu-amd",0.65,"SMA",3,1.46
"pc2","4cpu-amd",0.65,"SMA",4,1.47
"pc2","4cpu-amd",0.65,"SMA",1,1.53
"pc2","4cpu-amd",0.65,"SMA",2,1.47
"pc2","4cpu-amd",0.65,"SMA",4,1.5
"pc2","4cpu-amd",0.65,"SMA",3,1.5
"pc2","4cpu-amd",0.65,"SMA",1,1.53
"pc2","4cpu-amd",0.75,"SMA",1,1.44
"pc2","4cpu-amd",0.75,"SMA",3,1.42
"pc2","4cpu-amd",0.75,"SMA",2,1.44
"pc2","4cpu-amd",0.75,"SMA",4,1.42
"pc2","4cpu-amd",0.75,"SMA",2,1.44
"pc2","4cpu-amd",0.75,"SMA",4,1.45
"pc2","4cpu-amd",0.75,"SMA",3,1.47
"pc2","4cpu-amd",0.75,"SMA",1,1.57
"pc2","4cpu-amd",0.75,"SMA",1,1.21
"pc2","4cpu-amd",0.75,"SMA",3,1.21
"pc2","4cpu-amd",0.75,"SMA",4,1.26
"pc2","4cpu-amd",0.75,"SMA",2,1.36
"pc2","4cpu-amd",0.75,"SMA",2,1.2
"pc2","4cpu-amd",0.75,"SMA",1,1.22
"pc2","4cpu-amd",0.75,"SMA",3,1.21
"pc2","4cpu-amd",0.75,"SMA",4,1.26
"pc2","4cpu-amd",0.75,"SMA",1,1.22
"pc2","4cpu-amd",0.75,"SMA",2,1.23
"pc2","4cpu-amd",0.75,"SMA",4,1.24
"pc2","4cpu-amd",0.75,"SMA",3,1.26
"pc2","4cpu-amd",0.75,"SMA",3,1.22
"pc2","4cpu-amd",0.75,"SMA",4,1.22
"pc2","4cpu-amd",0.75,"SMA",1,1.22
"pc2","4cpu-amd",0.75,"SMA",2,1.22
"pc2","4cpu-amd",0.75,"SMA",1,1.26
"pc2","4cpu-amd",0.75,"SMA",4,1.24
"pc2","4cpu-amd",0.75,"SMA",2,1.25
"pc2","4cpu-amd",0.75,"SMA",3,1.25
"pc2","4cpu-amd",0.75,"SMA",2,1.26
"pc2","4cpu-amd",0.75,"SMA",1,1.26
"pc2","4cpu-amd",0.75,"SMA",3,1.26
"pc2","4cpu-amd",0.75,"SMA",4,1.26
"pc2","4cpu-amd",0.75,"SMA",1,1.24
"pc2","4cpu-amd",0.75,"SMA",2,1.24
"pc2","4cpu-amd",0.75,"SMA",4,1.2
"pc2","4cpu-amd",0.75,"SMA",3,1.27
"pc2","4cpu-amd",0.75,"SMA",1,1.25
"pc2","4cpu-amd",0.75,"SMA",3,1.23
"pc2","4cpu-amd",0.75,"SMA",4,1.26
"pc2","4cpu-amd",0.75,"SMA",2,1.26
"pc2","4cpu-amd",0.75,"SMA",1,1.27
"pc2","4cpu-amd",0.75,"SMA",2,1.26
"pc2","4cpu-amd",0.75,"SMA",3,1.27
"pc2","4cpu-amd",0.75,"SMA",4,1.27
"pc2","4cpu-amd",0.75,"SMA",1,1.27
"pc2","4cpu-amd",0.75,"SMA",2,1.27
"pc2","4cpu-amd",0.75,"SMA",4,1.27
"pc2","4cpu-amd",0.75,"SMA",3,1.26
"pc2","4cpu-amd",0.75,"SMA",4,1.22
"pc2","4cpu-amd",0.75,"SMA",2,1.25
"pc2","4cpu-amd",0.75,"SMA",1,1.27
"pc2","4cpu-amd",0.75,"SMA",3,1.26
"pc2","4cpu-amd",0.75,"SMA",2,1.22
"pc2","4cpu-amd",0.75,"SMA",4,1.22
"pc2","4cpu-amd",0.75,"SMA",1,1.25
"pc2","4cpu-amd",0.75,"SMA",3,1.26
"pc2","4cpu-amd",0.75,"SMA",3,1.26
"pc2","4cpu-amd",0.75,"SMA",2,1.26
"pc2","4cpu-amd",0.75,"SMA",4,1.26
"pc2","4cpu-amd",0.75,"SMA",1,1.26
"pc2","4cpu-amd",0.75,"SMA",1,1.24
"pc2","4cpu-amd",0.75,"SMA",2,1.24
"pc2","4cpu-amd",0.75,"SMA",3,1.23
"pc2","4cpu-amd",0.75,"SMA",4,1.22
"pc2","4cpu-amd",0.75,"SMA",3,1.23
"pc2","4cpu-amd",0.75,"SMA",2,1.26
"pc2","4cpu-amd",0.75,"SMA",1,1.26
"pc2","4cpu-amd",0.75,"SMA",4,1.27
"pc2","4cpu-amd",0.75,"SMA",2,1.24
"pc2","4cpu-amd",0.75,"SMA",4,1.26
"pc2","4cpu-amd",0.75,"SMA",1,1.26
"pc2","4cpu-amd",0.75,"SMA",3,1.26
"pc2","4cpu-amd",0.75,"SMA",1,1.22
"pc2","4cpu-amd",0.75,"SMA",2,1.23
"pc2","4cpu-amd",0.75,"SMA",4,1.22
"pc2","4cpu-amd",0.75,"SMA",3,1.26
"pc2","4cpu-amd",0.75,"SMA",1,1.22
"pc2","4cpu-amd",0.75,"SMA",2,1.22
"pc2","4cpu-amd",0.75,"SMA",3,1.24
"pc2","4cpu-amd",0.75,"SMA",4,1.22
"pc2","4cpu-amd",0.75,"SMA",1,1.25
"pc2","4cpu-amd",0.75,"SMA",3,1.25
"pc2","4cpu-amd",0.75,"SMA",4,1.26
"pc2","4cpu-amd",0.75,"SMA",2,1.26
"pc2","4cpu-amd",0.75,"SMA",2,1.25
"pc2","4cpu-amd",0.75,"SMA",4,1.29
"pc2","4cpu-amd",0.75,"SMA",3,1.29
"pc2","4cpu-amd",0.75,"SMA",1,1.29
"pc2","4cpu-amd",0.75,"SMA",1,1.23
"pc2","4cpu-amd",0.75,"SMA",4,1.26
"pc2","4cpu-amd",0.75,"SMA",3,1.26
"pc2","4cpu-amd",0.75,"SMA",2,1.26
"pc2","4cpu-amd",0.75,"SMA",1,1.25
"pc2","4cpu-amd",0.75,"SMA",2,1.25
"pc2","4cpu-amd",0.75,"SMA",4,1.28
"pc2","4cpu-amd",0.75,"SMA",3,1.28
"pc2","4cpu-amd",0.75,"SMA",2,1.24
"pc2","4cpu-amd",0.75,"SMA",4,1.22
"pc2","4cpu-amd",0.75,"SMA",1,1.26
"pc2","4cpu-amd",0.75,"SMA",3,1.26
"pc2","4cpu-amd",0.75,"SMA",1,1.23
"pc2","4cpu-amd",0.75,"SMA",4,1.23
"pc2","4cpu-amd",0.75,"SMA",2,1.28
"pc2","4cpu-amd",0.75,"SMA",3,1.27
"pc2","4cpu-amd",0.75,"SMA",3,1.23
"pc2","4cpu-amd",0.75,"SMA",4,1.25
"pc2","4cpu-amd",0.75,"SMA",2,1.29
"pc2","4cpu-amd",0.75,"SMA",1,1.29
"pc2","4cpu-amd",0.75,"SMA",4,1.26
"pc2","4cpu-amd",0.75,"SMA",1,1.26
"pc2","4cpu-amd",0.75,"SMA",2,1.28
"pc2","4cpu-amd",0.75,"SMA",3,1.28
"pc2","4cpu-amd",0.75,"SMA",4,1.26
"pc2","4cpu-amd",0.75,"SMA",1,1.26
"pc2","4cpu-amd",0.75,"SMA",2,1.26
"pc2","4cpu-amd",0.75,"SMA",3,1.27
"pc2","4cpu-amd",0.75,"SMA",4,1.24
"pc2","4cpu-amd",0.75,"SMA",1,1.28
"pc2","4cpu-amd",0.75,"SMA",2,1.28
"pc2","4cpu-amd",0.75,"SMA",3,1.28
"pc2","4cpu-amd",0.85,"SMA",3,1.2
"pc2","4cpu-amd",0.85,"SMA",1,1.24
"pc2","4cpu-amd",0.85,"SMA",2,1.24
"pc2","4cpu-amd",0.85,"SMA",4,2.4
"pc2","4cpu-amd",0.85,"SMA",3,1.06
"pc2","4cpu-amd",0.85,"SMA",1,1.25
"pc2","4cpu-amd",0.85,"SMA",2,1.26
"pc2","4cpu-amd",0.85,"SMA",4,2.26
"pc2","4cpu-amd",0.85,"SMA",3,1.05
"pc2","4cpu-amd",0.85,"SMA",1,1.08
"pc2","4cpu-amd",0.85,"SMA",4,1.06
"pc2","4cpu-amd",0.85,"SMA",2,0.01
"pc2","4cpu-amd",0.85,"SMA",4,1.08
"pc2","4cpu-amd",0.85,"SMA",1,1.08
"pc2","4cpu-amd",0.85,"SMA",3,1.08
"pc2","4cpu-amd",0.85,"SMA",2,0.01
"pc2","4cpu-amd",0.85,"SMA",1,1.05
"pc2","4cpu-amd",0.85,"SMA",4,1.05
"pc2","4cpu-amd",0.85,"SMA",3,1.06
"pc2","4cpu-amd",0.85,"SMA",3,1.07
"pc2","4cpu-amd",0.85,"SMA",1,1.05
"pc2","4cpu-amd",0.85,"SMA",4,1.05
"pc2","4cpu-amd",0.85,"SMA",2,0.01
"pc2","4cpu-amd",0.85,"SMA",4,1.06
"pc2","4cpu-amd",0.85,"SMA",1,1.06
"pc2","4cpu-amd",0.85,"SMA",3,1.06
"pc2","4cpu-amd",0.85,"SMA",2,0.01
"pc2","4cpu-amd",0.85,"SMA",4,1.02
"pc2","4cpu-amd",0.85,"SMA",3,1.05
"pc2","4cpu-amd",0.85,"SMA",1,1.05
"pc2","4cpu-amd",0.85,"SMA",3,1.04
"pc2","4cpu-amd",0.85,"SMA",4,1.04
"pc2","4cpu-amd",0.85,"SMA",1,1.09
"pc2","4cpu-amd",0.85,"SMA",1,1.05
"pc2","4cpu-amd",0.85,"SMA",3,1.09
"pc2","4cpu-amd",0.85,"SMA",4,1.04
"pc2","4cpu-amd",0.85,"SMA",2,0.01
"pc2","4cpu-amd",0.85,"SMA",4,1.06
"pc2","4cpu-amd",0.85,"SMA",1,1.06
"pc2","4cpu-amd",0.85,"SMA",3,1.05
"pc2","4cpu-amd",0.85,"SMA",2,0.01
"pc2","4cpu-amd",0.85,"SMA",4,1.06
"pc2","4cpu-amd",0.85,"SMA",3,1.06
"pc2","4cpu-amd",0.85,"SMA",1,1.09
"pc2","4cpu-amd",0.85,"SMA",2,0.01
"pc2","4cpu-amd",0.85,"SMA",1,1.08
"pc2","4cpu-amd",0.85,"SMA",3,1.08
"pc2","4cpu-amd",0.85,"SMA",4,1.09
"pc2","4cpu-amd",0.85,"SMA",1,1.06
"pc2","4cpu-amd",0.85,"SMA",4,1.07
"pc2","4cpu-amd",0.85,"SMA",3,1.08
"pc2","4cpu-amd",0.85,"SMA",2,1.23
"pc2","4cpu-amd",0.85,"SMA",4,1.05
"pc2","4cpu-amd",0.85,"SMA",1,1.08
"pc2","4cpu-amd",0.85,"SMA",3,1.07
"pc2","4cpu-amd",0.85,"SMA",2,1.24
"pc2","4cpu-amd",0.85,"SMA",1,1.08
"pc2","4cpu-amd",0.85,"SMA",3,1.08
"pc2","4cpu-amd",0.85,"SMA",4,1.08
"pc2","4cpu-amd",0.85,"SMA",2,1.16
"pc2","4cpu-amd",0.85,"SMA",2,1.07
"pc2","4cpu-amd",0.85,"SMA",1,1.08
"pc2","4cpu-amd",0.85,"SMA",3,1.08
"pc2","4cpu-amd",0.85,"SMA",4,1.07
"pc2","4cpu-amd",0.85,"SMA",2,1.07
"pc2","4cpu-amd",0.85,"SMA",3,1.1
"pc2","4cpu-amd",0.85,"SMA",1,1.1
"pc2","4cpu-amd",0.85,"SMA",4,1.12
"pc2","4cpu-amd",0.85,"SMA",2,1.08
"pc2","4cpu-amd",0.85,"SMA",4,1.11
"pc2","4cpu-amd",0.85,"SMA",1,1.14
"pc2","4cpu-amd",0.85,"SMA",3,1.13
"pc2","4cpu-amd",0.85,"SMA",2,1.09
"pc2","4cpu-amd",0.85,"SMA",1,1.11
"pc2","4cpu-amd",0.85,"SMA",4,1.1
"pc2","4cpu-amd",0.85,"SMA",3,1.1
"pc2","4cpu-amd",0.85,"SMA",2,1.08
"pc2","4cpu-amd",0.85,"SMA",4,1.06
"pc2","4cpu-amd",0.85,"SMA",1,1.12
"pc2","4cpu-amd",0.85,"SMA",3,1.12
"pc2","4cpu-amd",0.85,"SMA",4,1.1
"pc2","4cpu-amd",0.85,"SMA",2,1.1
"pc2","4cpu-amd",0.85,"SMA",1,1.13
"pc2","4cpu-amd",0.85,"SMA",3,1.12
"pc2","4cpu-amd",0.85,"SMA",1,1.1
"pc2","4cpu-amd",0.85,"SMA",2,1.1
"pc2","4cpu-amd",0.85,"SMA",3,1.1
"pc2","4cpu-amd",0.85,"SMA",4,1.11
"pc2","4cpu-amd",0.85,"SMA",2,1.07
"pc2","4cpu-amd",0.85,"SMA",4,1.08
"pc2","4cpu-amd",0.85,"SMA",1,1.12
"pc2","4cpu-amd",0.85,"SMA",3,1.13
"pc2","4cpu-amd",0.85,"SMA",2,1.07
"pc2","4cpu-amd",0.85,"SMA",1,1.13
"pc2","4cpu-amd",0.85,"SMA",4,1.09
"pc2","4cpu-amd",0.85,"SMA",3,1.11
"pc2","4cpu-amd",0.85,"SMA",2,1.07
"pc2","4cpu-amd",0.85,"SMA",4,1.07
"pc2","4cpu-amd",0.85,"SMA",1,1.11
"pc2","4cpu-amd",0.85,"SMA",3,1.13
"pc2","4cpu-amd",0.85,"SMA",1,1.1
"pc2","4cpu-amd",0.85,"SMA",4,1.08
"pc2","4cpu-amd",0.85,"SMA",2,1.11
"pc2","4cpu-amd",0.85,"SMA",3,1.1
"pc2","4cpu-amd",0.85,"SMA",1,1.09
"pc2","4cpu-amd",0.85,"SMA",2,1.09
"pc2","4cpu-amd",0.85,"SMA",4,1.09
"pc2","4cpu-amd",0.85,"SMA",3,1.11
"pc2","4cpu-amd",0.85,"SMA",1,1.08
"pc2","4cpu-amd",0.85,"SMA",2,1.09
"pc2","4cpu-amd",0.85,"SMA",3,1.11
"pc2","4cpu-amd",0.85,"SMA",4,1.11
"pc2","4cpu-amd",0.85,"SMA",2,1.08
"pc2","4cpu-amd",0.85,"SMA",3,1.08
"pc2","4cpu-amd",0.85,"SMA",1,1.09
"pc2","4cpu-amd",0.85,"SMA",4,1.08
"pc2","4cpu-amd",0.95,"SMA",2,0.01
"pc2","4cpu-amd",0.95,"SMA",3,1.04
"pc2","4cpu-amd",0.95,"SMA",4,1.04
"pc2","4cpu-amd",0.95,"SMA",1,1.04
"pc2","4cpu-amd",0.95,"SMA",2,0.02
"pc2","4cpu-amd",0.95,"SMA",1,1.09
"pc2","4cpu-amd",0.95,"SMA",4,1.05
"pc2","4cpu-amd",0.95,"SMA",3,1.09
"pc2","4cpu-amd",0.95,"SMA",2,0.01
"pc2","4cpu-amd",0.95,"SMA",3,0.93
"pc2","4cpu-amd",0.95,"SMA",4,0.93
"pc2","4cpu-amd",0.95,"SMA",1,1.03
"pc2","4cpu-amd",0.95,"SMA",1,0.95
"pc2","4cpu-amd",0.95,"SMA",3,0.95
"pc2","4cpu-amd",0.95,"SMA",4,0.95
"pc2","4cpu-amd",0.95,"SMA",2,1.08
"pc2","4cpu-amd",0.95,"SMA",1,0.95
"pc2","4cpu-amd",0.95,"SMA",3,0.94
"pc2","4cpu-amd",0.95,"SMA",4,0.94
"pc2","4cpu-amd",0.95,"SMA",2,1.08
"pc2","4cpu-amd",0.95,"SMA",3,0.94
"pc2","4cpu-amd",0.95,"SMA",1,0.96
"pc2","4cpu-amd",0.95,"SMA",4,0.96
"pc2","4cpu-amd",0.95,"SMA",2,1.03
"pc2","4cpu-amd",0.95,"SMA",3,0.94
"pc2","4cpu-amd",0.95,"SMA",1,0.94
"pc2","4cpu-amd",0.95,"SMA",2,0.94
"pc2","4cpu-amd",0.95,"SMA",4,0.96
"pc2","4cpu-amd",0.95,"SMA",2,0.95
"pc2","4cpu-amd",0.95,"SMA",3,0.95
"pc2","4cpu-amd",0.95,"SMA",1,0.95
"pc2","4cpu-amd",0.95,"SMA",4,0.94
"pc2","4cpu-amd",0.95,"SMA",4,0.94
"pc2","4cpu-amd",0.95,"SMA",1,0.94
"pc2","4cpu-amd",0.95,"SMA",2,0.95
"pc2","4cpu-amd",0.95,"SMA",3,0.95
"pc2","4cpu-amd",0.95,"SMA",4,0.94
"pc2","4cpu-amd",0.95,"SMA",3,0.95
"pc2","4cpu-amd",0.95,"SMA",2,0.95
"pc2","4cpu-amd",0.95,"SMA",1,0.98
"pc2","4cpu-amd",0.95,"SMA",1,0.95
"pc2","4cpu-amd",0.95,"SMA",2,0.95
"pc2","4cpu-amd",0.95,"SMA",3,0.94
"pc2","4cpu-amd",0.95,"SMA",4,0.94
"pc2","4cpu-amd",0.95,"SMA",1,0.95
"pc2","4cpu-amd",0.95,"SMA",3,0.95
"pc2","4cpu-amd",0.95,"SMA",2,0.95
"pc2","4cpu-amd",0.95,"SMA",4,0.96
"pc2","4cpu-amd",0.95,"SMA",1,0.94
"pc2","4cpu-amd",0.95,"SMA",3,0.93
"pc2","4cpu-amd",0.95,"SMA",2,0.93
"pc2","4cpu-amd",0.95,"SMA",4,0.94
"pc2","4cpu-amd",0.95,"SMA",3,0.93
"pc2","4cpu-amd",0.95,"SMA",2,0.94
"pc2","4cpu-amd",0.95,"SMA",1,0.94
"pc2","4cpu-amd",0.95,"SMA",4,0.94
"pc2","4cpu-amd",0.95,"SMA",1,0.95
"pc2","4cpu-amd",0.95,"SMA",2,0.95
"pc2","4cpu-amd",0.95,"SMA",4,0.95
"pc2","4cpu-amd",0.95,"SMA",3,0.95
"pc2","4cpu-amd",0.95,"SMA",2,0.94
"pc2","4cpu-amd",0.95,"SMA",1,0.94
"pc2","4cpu-amd",0.95,"SMA",3,0.93
"pc2","4cpu-amd",0.95,"SMA",4,0.96
"pc2","4cpu-amd",0.95,"SMA",1,0.95
"pc2","4cpu-amd",0.95,"SMA",2,0.96
"pc2","4cpu-amd",0.95,"SMA",3,0.96
"pc2","4cpu-amd",0.95,"SMA",4,0.96
"pc2","4cpu-amd",0.95,"SMA",1,0.96
"pc2","4cpu-amd",0.95,"SMA",3,0.95
"pc2","4cpu-amd",0.95,"SMA",2,0.98
"pc2","4cpu-amd",0.95,"SMA",4,0.97
"pc2","4cpu-amd",0.95,"SMA",2,0.95
"pc2","4cpu-amd",0.95,"SMA",1,0.95
"pc2","4cpu-amd",0.95,"SMA",3,0.95
"pc2","4cpu-amd",0.95,"SMA",4,0.97
"pc2","4cpu-amd",0.95,"SMA",1,0.95
"pc2","4cpu-amd",0.95,"SMA",2,0.95
"pc2","4cpu-amd",0.95,"SMA",4,0.97
"pc2","4cpu-amd",0.95,"SMA",3,0.98
"pc2","4cpu-amd",0.95,"SMA",2,0.94
"pc2","4cpu-amd",0.95,"SMA",1,0.97
"pc2","4cpu-amd",0.95,"SMA",3,0.97
"pc2","4cpu-amd",0.95,"SMA",4,0.96
"pc2","4cpu-amd",0.95,"SMA",1,0.98
"pc2","4cpu-amd",0.95,"SMA",2,0.96
"pc2","4cpu-amd",0.95,"SMA",3,0.96
"pc2","4cpu-amd",0.95,"SMA",4,0.97
"pc2","4cpu-amd",0.95,"SMA",2,0.97
"pc2","4cpu-amd",0.95,"SMA",1,0.97
"pc2","4cpu-amd",0.95,"SMA",4,0.96
"pc2","4cpu-amd",0.95,"SMA",3,0.96
"pc2","4cpu-amd",0.95,"SMA",3,0.94
"pc2","4cpu-amd",0.95,"SMA",1,0.99
"pc2","4cpu-amd",0.95,"SMA",4,0.95
"pc2","4cpu-amd",0.95,"SMA",2,1
"pc2","4cpu-amd",0.95,"SMA",2,0.95
"pc2","4cpu-amd",0.95,"SMA",4,0.96
"pc2","4cpu-amd",0.95,"SMA",3,0.97
"pc2","4cpu-amd",0.95,"SMA",1,0.99
"pc2","4cpu-amd",0.95,"SMA",1,0.94
"pc2","4cpu-amd",0.95,"SMA",2,0.96
"pc2","4cpu-amd",0.95,"SMA",3,0.96
"pc2","4cpu-amd",0.95,"SMA",4,0.97
"pc2","4cpu-amd",0.95,"SMA",2,0.95
"pc2","4cpu-amd",0.95,"SMA",1,0.97
"pc2","4cpu-amd",0.95,"SMA",3,0.97
"pc2","4cpu-amd",0.95,"SMA",4,0.96
"pc2","4cpu-amd",0.95,"SMA",1,0.96
"pc2","4cpu-amd",0.95,"SMA",3,0.96
"pc2","4cpu-amd",0.95,"SMA",4,1
"pc2","4cpu-amd",0.95,"SMA",2,1
"pc2","4cpu-amd",0.95,"SMA",2,0.98
"pc2","4cpu-amd",0.95,"SMA",1,0.97
"pc2","4cpu-amd",0.95,"SMA",4,0.97
"pc2","4cpu-amd",0.95,"SMA",3,0.97
"pc2","4cpu-amd",0.95,"SMA",1,0.99
"pc2","4cpu-amd",0.95,"SMA",4,0.98
"pc2","4cpu-amd",0.95,"SMA",2,0.98
"pc2","4cpu-amd",0.95,"SMA",3,0.98
"pc3","2cpu-dc",0.05,"stine",2,42.82
"pc3","2cpu-dc",0.05,"stine",1,44.26
"pc3","2cpu-dc",0.05,"stine",1,45.16
"pc3","2cpu-dc",0.05,"stine",2,45.55
"pc3","2cpu-dc",0.05,"stine",1,42.76
"pc3","2cpu-dc",0.05,"stine",2,42.76
"pc3","2cpu-dc",0.05,"stine",1,43.16
"pc3","2cpu-dc",0.05,"stine",2,43.34
"pc3","2cpu-dc",0.05,"stine",1,43.06
"pc3","2cpu-dc",0.05,"stine",2,43.06
"pc3","2cpu-dc",0.05,"stine",1,43.06
"pc3","2cpu-dc",0.05,"stine",2,43.35
"pc3","2cpu-dc",0.05,"stine",2,43.38
"pc3","2cpu-dc",0.05,"stine",1,43.49
"pc3","2cpu-dc",0.05,"stine",1,43.27
"pc3","2cpu-dc",0.05,"stine",2,43.45
"pc3","2cpu-dc",0.05,"stine",1,43.27
"pc3","2cpu-dc",0.05,"stine",2,43.36
"pc3","2cpu-dc",0.05,"stine",2,43.07
"pc3","2cpu-dc",0.05,"stine",1,43.18
"pc3","2cpu-dc",0.05,"stine",1,42.47
"pc3","2cpu-dc",0.05,"stine",2,42.95
"pc3","2cpu-dc",0.05,"stine",1,43.37
"pc3","2cpu-dc",0.05,"stine",2,43.66
"pc3","2cpu-dc",0.05,"stine",2,43.65
"pc3","2cpu-dc",0.05,"stine",1,43.86
"pc3","2cpu-dc",0.05,"stine",2,43.36
"pc3","2cpu-dc",0.05,"stine",1,43.57
"pc3","2cpu-dc",0.05,"stine",2,43.45
"pc3","2cpu-dc",0.05,"stine",1,46.98
"pc3","2cpu-dc",0.05,"stine",2,43.15
"pc3","2cpu-dc",0.05,"stine",1,43.26
"pc3","2cpu-dc",0.05,"stine",1,43.08
"pc3","2cpu-dc",0.05,"stine",2,43.18
"pc3","2cpu-dc",0.05,"stine",1,43.09
"pc3","2cpu-dc",0.05,"stine",2,43.48
"pc3","2cpu-dc",0.05,"stine",1,42.76
"pc3","2cpu-dc",0.05,"stine",2,42.86
"pc3","2cpu-dc",0.05,"stine",1,43.07
"pc3","2cpu-dc",0.05,"stine",2,43.27
"pc3","2cpu-dc",0.05,"stine",2,43.26
"pc3","2cpu-dc",0.05,"stine",1,43.77
"pc3","2cpu-dc",0.05,"stine",2,43.26
"pc3","2cpu-dc",0.05,"stine",1,43.46
"pc3","2cpu-dc",0.05,"stine",2,43.95
"pc3","2cpu-dc",0.05,"stine",1,44.26
"pc3","2cpu-dc",0.05,"stine",2,43.25
"pc3","2cpu-dc",0.05,"stine",1,43.46
"pc3","2cpu-dc",0.05,"stine",1,42.87
"pc3","2cpu-dc",0.05,"stine",2,43.35
"pc3","2cpu-dc",0.05,"stine",1,43.08
"pc3","2cpu-dc",0.05,"stine",2,43.15
"pc3","2cpu-dc",0.05,"stine",2,43.18
"pc3","2cpu-dc",0.05,"stine",1,43.28
"pc3","2cpu-dc",0.05,"stine",2,43.37
"pc3","2cpu-dc",0.05,"stine",1,43.37
"pc3","2cpu-dc",0.05,"stine",2,43.25
"pc3","2cpu-dc",0.05,"stine",1,43.57
"pc3","2cpu-dc",0.05,"stine",1,42.77
"pc3","2cpu-dc",0.05,"stine",2,42.96
"pc3","2cpu-dc",0.15,"stine",1,13.3
"pc3","2cpu-dc",0.15,"stine",2,13.38
"pc3","2cpu-dc",0.15,"stine",1,13.47
"pc3","2cpu-dc",0.15,"stine",2,13.47
"pc3","2cpu-dc",0.15,"stine",2,12.03
"pc3","2cpu-dc",0.15,"stine",1,12.13
"pc3","2cpu-dc",0.15,"stine",2,11.97
"pc3","2cpu-dc",0.15,"stine",1,12.17
"pc3","2cpu-dc",0.15,"stine",2,11.96
"pc3","2cpu-dc",0.15,"stine",1,12.17
"pc3","2cpu-dc",0.15,"stine",2,12.56
"pc3","2cpu-dc",0.15,"stine",1,12.76
"pc3","2cpu-dc",0.15,"stine",2,12.76
"pc3","2cpu-dc",0.15,"stine",1,12.87
"pc3","2cpu-dc",0.15,"stine",2,12.56
"pc3","2cpu-dc",0.15,"stine",1,12.58
"pc3","2cpu-dc",0.15,"stine",2,12.75
"pc3","2cpu-dc",0.15,"stine",1,12.86
"pc3","2cpu-dc",0.15,"stine",1,12.16
"pc3","2cpu-dc",0.15,"stine",2,12.18
"pc3","2cpu-dc",0.15,"stine",2,12.95
"pc3","2cpu-dc",0.15,"stine",1,13.05
"pc3","2cpu-dc",0.15,"stine",2,13.08
"pc3","2cpu-dc",0.15,"stine",1,13.28
"pc3","2cpu-dc",0.15,"stine",1,12.08
"pc3","2cpu-dc",0.15,"stine",2,12.15
"pc3","2cpu-dc",0.15,"stine",2,12.09
"pc3","2cpu-dc",0.15,"stine",1,12.1
"pc3","2cpu-dc",0.15,"stine",2,12.13
"pc3","2cpu-dc",0.15,"stine",1,12.24
"pc3","2cpu-dc",0.15,"stine",2,12.19
"pc3","2cpu-dc",0.15,"stine",1,12.29
"pc3","2cpu-dc",0.15,"stine",2,12.28
"pc3","2cpu-dc",0.15,"stine",1,12.38
"pc3","2cpu-dc",0.15,"stine",1,12.09
"pc3","2cpu-dc",0.15,"stine",2,12.19
"pc3","2cpu-dc",0.15,"stine",1,12.27
"pc3","2cpu-dc",0.15,"stine",2,12.57
"pc3","2cpu-dc",0.15,"stine",2,12.16
"pc3","2cpu-dc",0.15,"stine",1,12.46
"pc3","2cpu-dc",0.15,"stine",1,12.36
"pc3","2cpu-dc",0.15,"stine",2,12.36
"pc3","2cpu-dc",0.15,"stine",1,12.47
"pc3","2cpu-dc",0.15,"stine",2,12.55
"pc3","2cpu-dc",0.15,"stine",2,12.38
"pc3","2cpu-dc",0.15,"stine",1,12.38
"pc3","2cpu-dc",0.15,"stine",2,12.38
"pc3","2cpu-dc",0.15,"stine",1,12.47
"pc3","2cpu-dc",0.15,"stine",1,12.56
"pc3","2cpu-dc",0.15,"stine",2,12.56
"pc3","2cpu-dc",0.15,"stine",2,12.38
"pc3","2cpu-dc",0.15,"stine",1,12.38
"pc3","2cpu-dc",0.15,"stine",2,12.45
"pc3","2cpu-dc",0.15,"stine",1,12.45
"pc3","2cpu-dc",0.15,"stine",2,12.28
"pc3","2cpu-dc",0.15,"stine",1,12.39
"pc3","2cpu-dc",0.15,"stine",2,12.36
"pc3","2cpu-dc",0.15,"stine",1,12.48
"pc3","2cpu-dc",0.15,"stine",2,12.36
"pc3","2cpu-dc",0.15,"stine",1,12.57
"pc3","2cpu-dc",0.25,"stine",2,7.37
"pc3","2cpu-dc",0.25,"stine",1,7.46
"pc3","2cpu-dc",0.25,"stine",2,7.5
"pc3","2cpu-dc",0.25,"stine",1,7.59
"pc3","2cpu-dc",0.25,"stine",2,6.67
"pc3","2cpu-dc",0.25,"stine",1,6.68
"pc3","2cpu-dc",0.25,"stine",1,6.83
"pc3","2cpu-dc",0.25,"stine",2,6.83
"pc3","2cpu-dc",0.25,"stine",1,6.86
"pc3","2cpu-dc",0.25,"stine",2,6.86
"pc3","2cpu-dc",0.25,"stine",2,6.76
"pc3","2cpu-dc",0.25,"stine",1,6.77
"pc3","2cpu-dc",0.25,"stine",1,6.67
"pc3","2cpu-dc",0.25,"stine",2,6.68
"pc3","2cpu-dc",0.25,"stine",1,6.68
"pc3","2cpu-dc",0.25,"stine",2,6.68
"pc3","2cpu-dc",0.25,"stine",2,6.69
"pc3","2cpu-dc",0.25,"stine",1,6.69
"pc3","2cpu-dc",0.25,"stine",1,6.76
"pc3","2cpu-dc",0.25,"stine",2,6.76
"pc3","2cpu-dc",0.25,"stine",2,6.74
"pc3","2cpu-dc",0.25,"stine",1,6.75
"pc3","2cpu-dc",0.25,"stine",2,6.86
"pc3","2cpu-dc",0.25,"stine",1,6.87
"pc3","2cpu-dc",0.25,"stine",1,6.68
"pc3","2cpu-dc",0.25,"stine",2,6.69
"pc3","2cpu-dc",0.25,"stine",1,6.67
"pc3","2cpu-dc",0.25,"stine",2,6.74
"pc3","2cpu-dc",0.25,"stine",2,6.8
"pc3","2cpu-dc",0.25,"stine",1,6.8
"pc3","2cpu-dc",0.25,"stine",2,6.85
"pc3","2cpu-dc",0.25,"stine",1,6.86
"pc3","2cpu-dc",0.25,"stine",1,6.73
"pc3","2cpu-dc",0.25,"stine",2,6.73
"pc3","2cpu-dc",0.25,"stine",2,6.84
"pc3","2cpu-dc",0.25,"stine",1,6.86
"pc3","2cpu-dc",0.25,"stine",2,6.67
"pc3","2cpu-dc",0.25,"stine",1,6.69
"pc3","2cpu-dc",0.25,"stine",1,6.66
"pc3","2cpu-dc",0.25,"stine",2,6.75
"pc3","2cpu-dc",0.25,"stine",1,6.6
"pc3","2cpu-dc",0.25,"stine",2,6.78
"pc3","2cpu-dc",0.25,"stine",1,6.88
"pc3","2cpu-dc",0.25,"stine",2,6.95
"pc3","2cpu-dc",0.25,"stine",2,6.8
"pc3","2cpu-dc",0.25,"stine",1,6.81
"pc3","2cpu-dc",0.25,"stine",1,7.01
"pc3","2cpu-dc",0.25,"stine",2,7.01
"pc3","2cpu-dc",0.25,"stine",2,6.98
"pc3","2cpu-dc",0.25,"stine",1,6.98
"pc3","2cpu-dc",0.25,"stine",1,6.97
"pc3","2cpu-dc",0.25,"stine",2,6.97
"pc3","2cpu-dc",0.25,"stine",2,6.97
"pc3","2cpu-dc",0.25,"stine",1,7.06
"pc3","2cpu-dc",0.25,"stine",2,6.76
"pc3","2cpu-dc",0.25,"stine",1,6.79
"pc3","2cpu-dc",0.25,"stine",2,6.88
"pc3","2cpu-dc",0.25,"stine",1,6.98
"pc3","2cpu-dc",0.25,"stine",2,6.77
"pc3","2cpu-dc",0.25,"stine",1,6.88
"pc3","2cpu-dc",0.35,"stine",1,5.17
"pc3","2cpu-dc",0.35,"stine",2,5.17
"pc3","2cpu-dc",0.35,"stine",1,5.34
"pc3","2cpu-dc",0.35,"stine",2,5.34
"pc3","2cpu-dc",0.35,"stine",1,4.69
"pc3","2cpu-dc",0.35,"stine",2,4.69
"pc3","2cpu-dc",0.35,"stine",1,4.66
"pc3","2cpu-dc",0.35,"stine",2,4.66
"pc3","2cpu-dc",0.35,"stine",1,4.67
"pc3","2cpu-dc",0.35,"stine",2,4.73
"pc3","2cpu-dc",0.35,"stine",1,4.6
"pc3","2cpu-dc",0.35,"stine",2,4.6
"pc3","2cpu-dc",0.35,"stine",2,4.63
"pc3","2cpu-dc",0.35,"stine",1,4.65
"pc3","2cpu-dc",0.35,"stine",2,4.57
"pc3","2cpu-dc",0.35,"stine",1,4.69
"pc3","2cpu-dc",0.35,"stine",2,4.49
"pc3","2cpu-dc",0.35,"stine",1,4.59
"pc3","2cpu-dc",0.35,"stine",2,4.56
"pc3","2cpu-dc",0.35,"stine",1,4.59
"pc3","2cpu-dc",0.35,"stine",2,4.66
"pc3","2cpu-dc",0.35,"stine",1,4.68
"pc3","2cpu-dc",0.35,"stine",2,4.57
"pc3","2cpu-dc",0.35,"stine",1,4.65
"pc3","2cpu-dc",0.35,"stine",2,4.61
"pc3","2cpu-dc",0.35,"stine",1,4.61
"pc3","2cpu-dc",0.35,"stine",1,4.65
"pc3","2cpu-dc",0.35,"stine",2,4.65
"pc3","2cpu-dc",0.35,"stine",2,4.67
"pc3","2cpu-dc",0.35,"stine",1,4.67
"pc3","2cpu-dc",0.35,"stine",2,4.72
"pc3","2cpu-dc",0.35,"stine",1,4.75
"pc3","2cpu-dc",0.35,"stine",2,4.67
"pc3","2cpu-dc",0.35,"stine",1,4.75
"pc3","2cpu-dc",0.35,"stine",2,4.58
"pc3","2cpu-dc",0.35,"stine",1,4.68
"pc3","2cpu-dc",0.35,"stine",2,4.52
"pc3","2cpu-dc",0.35,"stine",1,4.62
"pc3","2cpu-dc",0.35,"stine",2,4.78
"pc3","2cpu-dc",0.35,"stine",1,4.86
"pc3","2cpu-dc",0.35,"stine",1,4.6
"pc3","2cpu-dc",0.35,"stine",2,4.6
"pc3","2cpu-dc",0.35,"stine",1,4.64
"pc3","2cpu-dc",0.35,"stine",2,4.71
"pc3","2cpu-dc",0.35,"stine",1,4.67
"pc3","2cpu-dc",0.35,"stine",2,4.69
"pc3","2cpu-dc",0.35,"stine",1,4.67
"pc3","2cpu-dc",0.35,"stine",2,4.67
"pc3","2cpu-dc",0.35,"stine",1,4.69
"pc3","2cpu-dc",0.35,"stine",2,4.76
"pc3","2cpu-dc",0.35,"stine",1,4.69
"pc3","2cpu-dc",0.35,"stine",2,4.77
"pc3","2cpu-dc",0.35,"stine",2,4.61
"pc3","2cpu-dc",0.35,"stine",1,4.61
"pc3","2cpu-dc",0.35,"stine",2,4.76
"pc3","2cpu-dc",0.35,"stine",1,4.76
"pc3","2cpu-dc",0.35,"stine",2,4.77
"pc3","2cpu-dc",0.35,"stine",1,4.77
"pc3","2cpu-dc",0.35,"stine",1,4.74
"pc3","2cpu-dc",0.35,"stine",2,4.74
"pc3","2cpu-dc",0.45,"stine",2,3.91
"pc3","2cpu-dc",0.45,"stine",1,3.91
"pc3","2cpu-dc",0.45,"stine",2,3.97
"pc3","2cpu-dc",0.45,"stine",1,3.97
"pc3","2cpu-dc",0.45,"stine",2,3.44
"pc3","2cpu-dc",0.45,"stine",1,3.47
"pc3","2cpu-dc",0.45,"stine",2,3.46
"pc3","2cpu-dc",0.45,"stine",1,3.46
"pc3","2cpu-dc",0.45,"stine",2,3.44
"pc3","2cpu-dc",0.45,"stine",1,3.46
"pc3","2cpu-dc",0.45,"stine",1,3.47
"pc3","2cpu-dc",0.45,"stine",2,3.48
"pc3","2cpu-dc",0.45,"stine",1,3.49
"pc3","2cpu-dc",0.45,"stine",2,3.57
"pc3","2cpu-dc",0.45,"stine",1,3.47
"pc3","2cpu-dc",0.45,"stine",2,3.46
"pc3","2cpu-dc",0.45,"stine",2,3.47
"pc3","2cpu-dc",0.45,"stine",1,3.5
"pc3","2cpu-dc",0.45,"stine",1,3.45
"pc3","2cpu-dc",0.45,"stine",2,3.44
"pc3","2cpu-dc",0.45,"stine",1,3.48
"pc3","2cpu-dc",0.45,"stine",2,3.48
"pc3","2cpu-dc",0.45,"stine",2,3.44
"pc3","2cpu-dc",0.45,"stine",1,3.47
"pc3","2cpu-dc",0.45,"stine",1,3.47
"pc3","2cpu-dc",0.45,"stine",2,3.47
"pc3","2cpu-dc",0.45,"stine",2,3.42
"pc3","2cpu-dc",0.45,"stine",1,3.47
"pc3","2cpu-dc",0.45,"stine",2,3.44
"pc3","2cpu-dc",0.45,"stine",1,3.44
"pc3","2cpu-dc",0.45,"stine",2,3.43
"pc3","2cpu-dc",0.45,"stine",1,3.43
"pc3","2cpu-dc",0.45,"stine",2,3.42
"pc3","2cpu-dc",0.45,"stine",2,3.39
"pc3","2cpu-dc",0.45,"stine",1,3.46
"pc3","2cpu-dc",0.45,"stine",1,3.41
"pc3","2cpu-dc",0.45,"stine",2,3.41
"pc3","2cpu-dc",0.45,"stine",1,3.48
"pc3","2cpu-dc",0.45,"stine",2,3.55
"pc3","2cpu-dc",0.45,"stine",1,3.46
"pc3","2cpu-dc",0.45,"stine",2,3.53
"pc3","2cpu-dc",0.45,"stine",1,3.48
"pc3","2cpu-dc",0.45,"stine",2,3.5
"pc3","2cpu-dc",0.45,"stine",2,3.5
"pc3","2cpu-dc",0.45,"stine",1,3.54
"pc3","2cpu-dc",0.45,"stine",1,3.55
"pc3","2cpu-dc",0.45,"stine",2,3.54
"pc3","2cpu-dc",0.45,"stine",1,3.49
"pc3","2cpu-dc",0.45,"stine",2,3.59
"pc3","2cpu-dc",0.45,"stine",1,3.48
"pc3","2cpu-dc",0.45,"stine",2,3.56
"pc3","2cpu-dc",0.45,"stine",1,3.56
"pc3","2cpu-dc",0.45,"stine",2,3.58
"pc3","2cpu-dc",0.45,"stine",1,3.48
"pc3","2cpu-dc",0.45,"stine",2,3.48
"pc3","2cpu-dc",0.45,"stine",2,3.52
"pc3","2cpu-dc",0.45,"stine",1,3.52
"pc3","2cpu-dc",0.45,"stine",1,3.48
"pc3","2cpu-dc",0.45,"stine",2,3.48
"pc3","2cpu-dc",0.55,"stine",2,3.21
"pc3","2cpu-dc",0.55,"stine",1,3.23
"pc3","2cpu-dc",0.55,"stine",1,3.18
"pc3","2cpu-dc",0.55,"stine",2,3.18
"pc3","2cpu-dc",0.55,"stine",1,2.85
"pc3","2cpu-dc",0.55,"stine",2,2.84
"pc3","2cpu-dc",0.55,"stine",1,2.9
"pc3","2cpu-dc",0.55,"stine",2,2.89
"pc3","2cpu-dc",0.55,"stine",1,2.85
"pc3","2cpu-dc",0.55,"stine",2,2.85
"pc3","2cpu-dc",0.55,"stine",2,2.86
"pc3","2cpu-dc",0.55,"stine",1,2.88
"pc3","2cpu-dc",0.55,"stine",2,2.85
"pc3","2cpu-dc",0.55,"stine",1,2.86
"pc3","2cpu-dc",0.55,"stine",1,2.85
"pc3","2cpu-dc",0.55,"stine",2,2.87
"pc3","2cpu-dc",0.55,"stine",1,2.86
"pc3","2cpu-dc",0.55,"stine",2,2.87
"pc3","2cpu-dc",0.55,"stine",1,2.87
"pc3","2cpu-dc",0.55,"stine",2,2.86
"pc3","2cpu-dc",0.55,"stine",1,2.86
"pc3","2cpu-dc",0.55,"stine",2,2.86
"pc3","2cpu-dc",0.55,"stine",2,2.84
"pc3","2cpu-dc",0.55,"stine",1,2.86
"pc3","2cpu-dc",0.55,"stine",2,2.75
"pc3","2cpu-dc",0.55,"stine",1,2.77
"pc3","2cpu-dc",0.55,"stine",2,2.14
"pc3","2cpu-dc",0.55,"stine",1,2.86
"pc3","2cpu-dc",0.55,"stine",2,2.79
"pc3","2cpu-dc",0.55,"stine",1,2.79
"pc3","2cpu-dc",0.55,"stine",2,2.74
"pc3","2cpu-dc",0.55,"stine",1,2.8
"pc3","2cpu-dc",0.55,"stine",2,2.73
"pc3","2cpu-dc",0.55,"stine",1,2.8
"pc3","2cpu-dc",0.55,"stine",2,2.72
"pc3","2cpu-dc",0.55,"stine",1,2.79
"pc3","2cpu-dc",0.55,"stine",2,2.72
"pc3","2cpu-dc",0.55,"stine",1,2.79
"pc3","2cpu-dc",0.55,"stine",2,2.76
"pc3","2cpu-dc",0.55,"stine",1,2.77
"pc3","2cpu-dc",0.55,"stine",1,2.84
"pc3","2cpu-dc",0.55,"stine",2,2.84
"pc3","2cpu-dc",0.55,"stine",1,2.83
"pc3","2cpu-dc",0.55,"stine",2,2.81
"pc3","2cpu-dc",0.55,"stine",1,2.83
"pc3","2cpu-dc",0.55,"stine",2,2.83
"pc3","2cpu-dc",0.55,"stine",2,2.8
"pc3","2cpu-dc",0.55,"stine",1,2.82
"pc3","2cpu-dc",0.55,"stine",1,2.84
"pc3","2cpu-dc",0.55,"stine",2,2.84
"pc3","2cpu-dc",0.55,"stine",2,2.84
"pc3","2cpu-dc",0.55,"stine",1,2.84
"pc3","2cpu-dc",0.55,"stine",1,2.8
"pc3","2cpu-dc",0.55,"stine",2,2.84
"pc3","2cpu-dc",0.55,"stine",1,2.86
"pc3","2cpu-dc",0.55,"stine",2,2.86
"pc3","2cpu-dc",0.55,"stine",1,2.86
"pc3","2cpu-dc",0.55,"stine",2,2.86
"pc3","2cpu-dc",0.55,"stine",1,2.86
"pc3","2cpu-dc",0.55,"stine",2,2.86
"pc3","2cpu-dc",0.65,"stine",2,2.64
"pc3","2cpu-dc",0.65,"stine",1,2.7
"pc3","2cpu-dc",0.65,"stine",1,2.74
"pc3","2cpu-dc",0.65,"stine",2,2.74
"pc3","2cpu-dc",0.65,"stine",1,2.41
"pc3","2cpu-dc",0.65,"stine",2,2.42
"pc3","2cpu-dc",0.65,"stine",1,2.36
"pc3","2cpu-dc",0.65,"stine",2,2.38
"pc3","2cpu-dc",0.65,"stine",2,2.34
"pc3","2cpu-dc",0.65,"stine",1,2.34
"pc3","2cpu-dc",0.65,"stine",2,2.33
"pc3","2cpu-dc",0.65,"stine",1,2.34
"pc3","2cpu-dc",0.65,"stine",2,2.35
"pc3","2cpu-dc",0.65,"stine",1,2.35
"pc3","2cpu-dc",0.65,"stine",2,2.33
"pc3","2cpu-dc",0.65,"stine",1,2.34
"pc3","2cpu-dc",0.65,"stine",2,2.37
"pc3","2cpu-dc",0.65,"stine",1,2.37
"pc3","2cpu-dc",0.65,"stine",2,2.33
"pc3","2cpu-dc",0.65,"stine",1,2.35
"pc3","2cpu-dc",0.65,"stine",2,2.36
"pc3","2cpu-dc",0.65,"stine",1,2.37
"pc3","2cpu-dc",0.65,"stine",2,2.36
"pc3","2cpu-dc",0.65,"stine",1,2.36
"pc3","2cpu-dc",0.65,"stine",1,2.31
"pc3","2cpu-dc",0.65,"stine",2,2.31
"pc3","2cpu-dc",0.65,"stine",1,2.33
"pc3","2cpu-dc",0.65,"stine",2,2.32
"pc3","2cpu-dc",0.65,"stine",1,2.32
"pc3","2cpu-dc",0.65,"stine",2,2.34
"pc3","2cpu-dc",0.65,"stine",1,2.32
"pc3","2cpu-dc",0.65,"stine",2,2.32
"pc3","2cpu-dc",0.65,"stine",1,2.34
"pc3","2cpu-dc",0.65,"stine",2,2.34
"pc3","2cpu-dc",0.65,"stine",1,2.37
"pc3","2cpu-dc",0.65,"stine",1,2.3
"pc3","2cpu-dc",0.65,"stine",2,2.33
"pc3","2cpu-dc",0.65,"stine",1,2.33
"pc3","2cpu-dc",0.65,"stine",2,2.33
"pc3","2cpu-dc",0.65,"stine",1,2.34
"pc3","2cpu-dc",0.65,"stine",2,2.34
"pc3","2cpu-dc",0.65,"stine",1,2.35
"pc3","2cpu-dc",0.65,"stine",2,2.35
"pc3","2cpu-dc",0.65,"stine",1,2.36
"pc3","2cpu-dc",0.65,"stine",2,2.36
"pc3","2cpu-dc",0.65,"stine",1,2.34
"pc3","2cpu-dc",0.65,"stine",2,2.33
"pc3","2cpu-dc",0.65,"stine",2,2.35
"pc3","2cpu-dc",0.65,"stine",1,2.35
"pc3","2cpu-dc",0.65,"stine",2,2.37
"pc3","2cpu-dc",0.65,"stine",1,2.37
"pc3","2cpu-dc",0.65,"stine",1,2.35
"pc3","2cpu-dc",0.65,"stine",2,2.34
"pc3","2cpu-dc",0.65,"stine",1,2.37
"pc3","2cpu-dc",0.65,"stine",2,1.65
"pc3","2cpu-dc",0.65,"stine",1,2.35
"pc3","2cpu-dc",0.65,"stine",2,2.37
"pc3","2cpu-dc",0.65,"stine",2,2.32
"pc3","2cpu-dc",0.65,"stine",1,2.32
"pc3","2cpu-dc",0.75,"stine",2,2.29
"pc3","2cpu-dc",0.75,"stine",1,2.31
"pc3","2cpu-dc",0.75,"stine",1,2.31
"pc3","2cpu-dc",0.75,"stine",2,2.31
"pc3","2cpu-dc",0.75,"stine",1,2.06
"pc3","2cpu-dc",0.75,"stine",2,2.04
"pc3","2cpu-dc",0.75,"stine",2,2.03
"pc3","2cpu-dc",0.75,"stine",1,2.04
"pc3","2cpu-dc",0.75,"stine",1,2.03
"pc3","2cpu-dc",0.75,"stine",2,2.03
"pc3","2cpu-dc",0.75,"stine",1,2.05
"pc3","2cpu-dc",0.75,"stine",2,2.06
"pc3","2cpu-dc",0.75,"stine",2,2.01
"pc3","2cpu-dc",0.75,"stine",1,2.01
"pc3","2cpu-dc",0.75,"stine",2,2.04
"pc3","2cpu-dc",0.75,"stine",1,2.04
"pc3","2cpu-dc",0.75,"stine",1,2.01
"pc3","2cpu-dc",0.75,"stine",2,2.01
"pc3","2cpu-dc",0.75,"stine",1,2.01
"pc3","2cpu-dc",0.75,"stine",2,2.01
"pc3","2cpu-dc",0.75,"stine",2,2.01
"pc3","2cpu-dc",0.75,"stine",1,2.02
"pc3","2cpu-dc",0.75,"stine",2,2.03
"pc3","2cpu-dc",0.75,"stine",1,2.06
"pc3","2cpu-dc",0.75,"stine",2,2.04
"pc3","2cpu-dc",0.75,"stine",1,2.04
"pc3","2cpu-dc",0.75,"stine",2,2.04
"pc3","2cpu-dc",0.75,"stine",1,2.06
"pc3","2cpu-dc",0.75,"stine",2,2.06
"pc3","2cpu-dc",0.75,"stine",1,2.06
"pc3","2cpu-dc",0.75,"stine",2,2.06
"pc3","2cpu-dc",0.75,"stine",1,2.07
"pc3","2cpu-dc",0.75,"stine",1,2.01
"pc3","2cpu-dc",0.75,"stine",2,2.04
"pc3","2cpu-dc",0.75,"stine",1,2.02
"pc3","2cpu-dc",0.75,"stine",2,2.04
"pc3","2cpu-dc",0.75,"stine",2,2.02
"pc3","2cpu-dc",0.75,"stine",1,2.03
"pc3","2cpu-dc",0.75,"stine",1,2.01
"pc3","2cpu-dc",0.75,"stine",2,2.01
"pc3","2cpu-dc",0.75,"stine",2,2.04
"pc3","2cpu-dc",0.75,"stine",1,2.05
"pc3","2cpu-dc",0.75,"stine",1,2.04
"pc3","2cpu-dc",0.75,"stine",2,2.05
"pc3","2cpu-dc",0.75,"stine",2,2.06
"pc3","2cpu-dc",0.75,"stine",1,2.07
"pc3","2cpu-dc",0.75,"stine",1,2.08
"pc3","2cpu-dc",0.75,"stine",2,2.08
"pc3","2cpu-dc",0.75,"stine",2,2.05
"pc3","2cpu-dc",0.75,"stine",1,2.07
"pc3","2cpu-dc",0.75,"stine",2,2.08
"pc3","2cpu-dc",0.75,"stine",1,2.08
"pc3","2cpu-dc",0.75,"stine",1,2.08
"pc3","2cpu-dc",0.75,"stine",2,2.08
"pc3","2cpu-dc",0.75,"stine",1,2.06
"pc3","2cpu-dc",0.75,"stine",2,2.06
"pc3","2cpu-dc",0.75,"stine",2,2.08
"pc3","2cpu-dc",0.75,"stine",1,2.08
"pc3","2cpu-dc",0.75,"stine",1,2.08
"pc3","2cpu-dc",0.75,"stine",2,1.67
"pc3","2cpu-dc",0.85,"stine",1,2.04
"pc3","2cpu-dc",0.85,"stine",2,2.04
"pc3","2cpu-dc",0.85,"stine",2,2.05
"pc3","2cpu-dc",0.85,"stine",1,2.07
"pc3","2cpu-dc",0.85,"stine",2,1.86
"pc3","2cpu-dc",0.85,"stine",1,1.88
"pc3","2cpu-dc",0.85,"stine",2,1.83
"pc3","2cpu-dc",0.85,"stine",1,1.83
"pc3","2cpu-dc",0.85,"stine",2,1.85
"pc3","2cpu-dc",0.85,"stine",1,1.85
"pc3","2cpu-dc",0.85,"stine",2,1.83
"pc3","2cpu-dc",0.85,"stine",1,1.85
"pc3","2cpu-dc",0.85,"stine",2,1.85
"pc3","2cpu-dc",0.85,"stine",1,1.86
"pc3","2cpu-dc",0.85,"stine",2,1.82
"pc3","2cpu-dc",0.85,"stine",1,1.81
"pc3","2cpu-dc",0.85,"stine",1,1.83
"pc3","2cpu-dc",0.85,"stine",2,1.83
"pc3","2cpu-dc",0.85,"stine",1,1.82
"pc3","2cpu-dc",0.85,"stine",2,1.82
"pc3","2cpu-dc",0.85,"stine",1,1.82
"pc3","2cpu-dc",0.85,"stine",2,1.81
"pc3","2cpu-dc",0.85,"stine",1,1.83
"pc3","2cpu-dc",0.85,"stine",2,1.83
"pc3","2cpu-dc",0.85,"stine",1,1.82
"pc3","2cpu-dc",0.85,"stine",2,1.82
"pc3","2cpu-dc",0.85,"stine",2,1.82
"pc3","2cpu-dc",0.85,"stine",1,1.84
"pc3","2cpu-dc",0.85,"stine",2,1.8
"pc3","2cpu-dc",0.85,"stine",1,1.8
"pc3","2cpu-dc",0.85,"stine",1,1.82
"pc3","2cpu-dc",0.85,"stine",2,1.82
"pc3","2cpu-dc",0.85,"stine",2,1.77
"pc3","2cpu-dc",0.85,"stine",1,1.78
"pc3","2cpu-dc",0.85,"stine",2,1.78
"pc3","2cpu-dc",0.85,"stine",1,1.8
"pc3","2cpu-dc",0.85,"stine",2,1.8
"pc3","2cpu-dc",0.85,"stine",1,1.83
"pc3","2cpu-dc",0.85,"stine",2,1.78
"pc3","2cpu-dc",0.85,"stine",1,1.78
"pc3","2cpu-dc",0.85,"stine",2,1.8
"pc3","2cpu-dc",0.85,"stine",1,1.84
"pc3","2cpu-dc",0.85,"stine",1,1.8
"pc3","2cpu-dc",0.85,"stine",2,1.83
"pc3","2cpu-dc",0.85,"stine",1,1.84
"pc3","2cpu-dc",0.85,"stine",2,1.84
"pc3","2cpu-dc",0.85,"stine",1,1.82
"pc3","2cpu-dc",0.85,"stine",2,1.82
"pc3","2cpu-dc",0.85,"stine",1,1.85
"pc3","2cpu-dc",0.85,"stine",2,1.83
"pc3","2cpu-dc",0.85,"stine",2,1.81
"pc3","2cpu-dc",0.85,"stine",1,1.82
"pc3","2cpu-dc",0.85,"stine",1,1.84
"pc3","2cpu-dc",0.85,"stine",2,1.84
"pc3","2cpu-dc",0.85,"stine",1,1.81
"pc3","2cpu-dc",0.85,"stine",2,1.81
"pc3","2cpu-dc",0.85,"stine",1,1.81
"pc3","2cpu-dc",0.85,"stine",2,1.82
"pc3","2cpu-dc",0.85,"stine",1,1.81
"pc3","2cpu-dc",0.85,"stine",2,1.81
"pc3","2cpu-dc",0.95,"stine",2,1.8
"pc3","2cpu-dc",0.95,"stine",1,1.8
"pc3","2cpu-dc",0.95,"stine",1,1.78
"pc3","2cpu-dc",0.95,"stine",2,1.8
"pc3","2cpu-dc",0.95,"stine",2,1.61
"pc3","2cpu-dc",0.95,"stine",1,1.69
"pc3","2cpu-dc",0.95,"stine",2,1.81
"pc3","2cpu-dc",0.95,"stine",1,1.84
"pc3","2cpu-dc",0.95,"stine",1,1.58
"pc3","2cpu-dc",0.95,"stine",2,1.58
"pc3","2cpu-dc",0.95,"stine",1,1.59
"pc3","2cpu-dc",0.95,"stine",2,1.59
"pc3","2cpu-dc",0.95,"stine",1,1.57
"pc3","2cpu-dc",0.95,"stine",2,1.58
"pc3","2cpu-dc",0.95,"stine",2,1.58
"pc3","2cpu-dc",0.95,"stine",1,1.6
"pc3","2cpu-dc",0.95,"stine",1,1.58
"pc3","2cpu-dc",0.95,"stine",2,1.59
"pc3","2cpu-dc",0.95,"stine",2,2.25
"pc3","2cpu-dc",0.95,"stine",1,2.25
"pc3","2cpu-dc",0.95,"stine",1,2.24
"pc3","2cpu-dc",0.95,"stine",2,2.24
"pc3","2cpu-dc",0.95,"stine",1,1.59
"pc3","2cpu-dc",0.95,"stine",2,1.59
"pc3","2cpu-dc",0.95,"stine",2,1.62
"pc3","2cpu-dc",0.95,"stine",1,1.62
"pc3","2cpu-dc",0.95,"stine",1,1.57
"pc3","2cpu-dc",0.95,"stine",2,1.57
"pc3","2cpu-dc",0.95,"stine",1,1.58
"pc3","2cpu-dc",0.95,"stine",2,1.58
"pc3","2cpu-dc",0.95,"stine",1,1.58
"pc3","2cpu-dc",0.95,"stine",2,1.59
"pc3","2cpu-dc",0.95,"stine",2,1.6
"pc3","2cpu-dc",0.95,"stine",1,1.6
"pc3","2cpu-dc",0.95,"stine",1,1.6
"pc3","2cpu-dc",0.95,"stine",2,1.6
"pc3","2cpu-dc",0.95,"stine",1,1.58
"pc3","2cpu-dc",0.95,"stine",2,1.59
"pc3","2cpu-dc",0.95,"stine",1,1.59
"pc3","2cpu-dc",0.95,"stine",2,1.58
"pc3","2cpu-dc",0.95,"stine",1,1.57
"pc3","2cpu-dc",0.95,"stine",2,1.59
"pc3","2cpu-dc",0.95,"stine",1,1.59
"pc3","2cpu-dc",0.95,"stine",2,1.6
"pc3","2cpu-dc",0.95,"stine",1,1.63
"pc3","2cpu-dc",0.95,"stine",2,1.63
"pc3","2cpu-dc",0.95,"stine",1,1.61
"pc3","2cpu-dc",0.95,"stine",2,1.62
"pc3","2cpu-dc",0.95,"stine",1,1.62
"pc3","2cpu-dc",0.95,"stine",2,1.63
"pc3","2cpu-dc",0.95,"stine",2,1.67
"pc3","2cpu-dc",0.95,"stine",1,1.67
"pc3","2cpu-dc",0.95,"stine",1,1.63
"pc3","2cpu-dc",0.95,"stine",2,1.63
"pc3","2cpu-dc",0.95,"stine",1,1.61
"pc3","2cpu-dc",0.95,"stine",2,1.63
"pc3","2cpu-dc",0.95,"stine",2,1.61
"pc3","2cpu-dc",0.95,"stine",1,1.62
"pc3","2cpu-dc",0.95,"stine",1,1.62
"pc3","2cpu-dc",0.95,"stine",2,1.63
"pc3","2cpu-dc",0.05,"locf",1,46.07
"pc3","2cpu-dc",0.05,"locf",2,46.75
"pc3","2cpu-dc",0.05,"locf",2,46.65
"pc3","2cpu-dc",0.05,"locf",1,46.85
"pc3","2cpu-dc",0.05,"locf",1,42.66
"pc3","2cpu-dc",0.05,"locf",2,43.05
"pc3","2cpu-dc",0.05,"locf",1,42.46
"pc3","2cpu-dc",0.05,"locf",2,42.75
"pc3","2cpu-dc",0.05,"locf",2,43.07
"pc3","2cpu-dc",0.05,"locf",1,43.37
"pc3","2cpu-dc",0.05,"locf",2,42.46
"pc3","2cpu-dc",0.05,"locf",1,42.97
"pc3","2cpu-dc",0.05,"locf",2,42.95
"pc3","2cpu-dc",0.05,"locf",1,43.37
"pc3","2cpu-dc",0.05,"locf",1,43.06
"pc3","2cpu-dc",0.05,"locf",2,43.15
"pc3","2cpu-dc",0.05,"locf",2,42.68
"pc3","2cpu-dc",0.05,"locf",1,42.89
"pc3","2cpu-dc",0.05,"locf",1,42.97
"pc3","2cpu-dc",0.05,"locf",2,43.06
"pc3","2cpu-dc",0.05,"locf",1,43.08
"pc3","2cpu-dc",0.05,"locf",2,43.08
"pc3","2cpu-dc",0.05,"locf",1,43.17
"pc3","2cpu-dc",0.05,"locf",2,43.77
"pc3","2cpu-dc",0.05,"locf",1,43.46
"pc3","2cpu-dc",0.05,"locf",2,44.15
"pc3","2cpu-dc",0.05,"locf",1,42.68
"pc3","2cpu-dc",0.05,"locf",2,43.38
"pc3","2cpu-dc",0.05,"locf",1,42.99
"pc3","2cpu-dc",0.05,"locf",2,43.78
"pc3","2cpu-dc",0.05,"locf",2,43.37
"pc3","2cpu-dc",0.05,"locf",1,43.37
"pc3","2cpu-dc",0.05,"locf",2,43.78
"pc3","2cpu-dc",0.05,"locf",1,43.78
"pc3","2cpu-dc",0.05,"locf",1,43.36
"pc3","2cpu-dc",0.05,"locf",2,43.45
"pc3","2cpu-dc",0.05,"locf",1,43.16
"pc3","2cpu-dc",0.05,"locf",2,43.45
"pc3","2cpu-dc",0.05,"locf",2,43.65
"pc3","2cpu-dc",0.05,"locf",1,43.86
"pc3","2cpu-dc",0.05,"locf",2,43.25
"pc3","2cpu-dc",0.05,"locf",1,43.96
"pc3","2cpu-dc",0.05,"locf",2,43.44
"pc3","2cpu-dc",0.05,"locf",1,43.66
"pc3","2cpu-dc",0.05,"locf",2,43.16
"pc3","2cpu-dc",0.05,"locf",1,43.56
"pc3","2cpu-dc",0.05,"locf",2,43.35
"pc3","2cpu-dc",0.05,"locf",1,43.57
"pc3","2cpu-dc",0.05,"locf",1,43.24
"pc3","2cpu-dc",0.05,"locf",2,43.24
"pc3","2cpu-dc",0.05,"locf",2,43.15
"pc3","2cpu-dc",0.05,"locf",1,43.56
"pc3","2cpu-dc",0.05,"locf",1,43.46
"pc3","2cpu-dc",0.05,"locf",2,43.46
"pc3","2cpu-dc",0.05,"locf",2,43.38
"pc3","2cpu-dc",0.05,"locf",1,43.38
"pc3","2cpu-dc",0.05,"locf",2,43.56
"pc3","2cpu-dc",0.05,"locf",1,43.56
"pc3","2cpu-dc",0.05,"locf",1,42.97
"pc3","2cpu-dc",0.05,"locf",2,43.16
"pc3","2cpu-dc",0.15,"locf",2,13.3
"pc3","2cpu-dc",0.15,"locf",1,13.42
"pc3","2cpu-dc",0.15,"locf",2,13.66
"pc3","2cpu-dc",0.15,"locf",1,13.77
"pc3","2cpu-dc",0.15,"locf",2,12.16
"pc3","2cpu-dc",0.15,"locf",1,12.27
"pc3","2cpu-dc",0.15,"locf",2,12.37
"pc3","2cpu-dc",0.15,"locf",1,12.39
"pc3","2cpu-dc",0.15,"locf",2,12.35
"pc3","2cpu-dc",0.15,"locf",1,12.37
"pc3","2cpu-dc",0.15,"locf",2,12.43
"pc3","2cpu-dc",0.15,"locf",1,12.46
"pc3","2cpu-dc",0.15,"locf",2,12.18
"pc3","2cpu-dc",0.15,"locf",1,12.18
"pc3","2cpu-dc",0.15,"locf",2,12.27
"pc3","2cpu-dc",0.15,"locf",1,12.28
"pc3","2cpu-dc",0.15,"locf",1,12.22
"pc3","2cpu-dc",0.15,"locf",2,12.23
"pc3","2cpu-dc",0.15,"locf",2,12.36
"pc3","2cpu-dc",0.15,"locf",1,12.36
"pc3","2cpu-dc",0.15,"locf",2,12.33
"pc3","2cpu-dc",0.15,"locf",1,12.35
"pc3","2cpu-dc",0.15,"locf",2,12.37
"pc3","2cpu-dc",0.15,"locf",1,12.37
"pc3","2cpu-dc",0.15,"locf",2,12.25
"pc3","2cpu-dc",0.15,"locf",1,12.25
"pc3","2cpu-dc",0.15,"locf",2,12.35
"pc3","2cpu-dc",0.15,"locf",1,12.46
"pc3","2cpu-dc",0.15,"locf",2,12.17
"pc3","2cpu-dc",0.15,"locf",1,12.38
"pc3","2cpu-dc",0.15,"locf",2,12.34
"pc3","2cpu-dc",0.15,"locf",1,12.47
"pc3","2cpu-dc",0.15,"locf",2,12.75
"pc3","2cpu-dc",0.15,"locf",1,12.95
"pc3","2cpu-dc",0.15,"locf",2,12.47
"pc3","2cpu-dc",0.15,"locf",1,12.47
"pc3","2cpu-dc",0.15,"locf",1,12.46
"pc3","2cpu-dc",0.15,"locf",2,12.55
"pc3","2cpu-dc",0.15,"locf",1,12.28
"pc3","2cpu-dc",0.15,"locf",2,12.57
"pc3","2cpu-dc",0.15,"locf",2,12.56
"pc3","2cpu-dc",0.15,"locf",1,12.56
"pc3","2cpu-dc",0.15,"locf",2,12.35
"pc3","2cpu-dc",0.15,"locf",1,12.45
"pc3","2cpu-dc",0.15,"locf",2,12.38
"pc3","2cpu-dc",0.15,"locf",1,12.49
"pc3","2cpu-dc",0.15,"locf",2,12.68
"pc3","2cpu-dc",0.15,"locf",1,12.68
"pc3","2cpu-dc",0.15,"locf",2,12.45
"pc3","2cpu-dc",0.15,"locf",1,12.65
"pc3","2cpu-dc",0.15,"locf",2,12.55
"pc3","2cpu-dc",0.15,"locf",1,12.67
"pc3","2cpu-dc",0.15,"locf",2,12.36
"pc3","2cpu-dc",0.15,"locf",1,12.56
"pc3","2cpu-dc",0.15,"locf",2,12.36
"pc3","2cpu-dc",0.15,"locf",1,12.57
"pc3","2cpu-dc",0.15,"locf",2,12.26
"pc3","2cpu-dc",0.15,"locf",1,12.46
"pc3","2cpu-dc",0.15,"locf",2,12.08
"pc3","2cpu-dc",0.15,"locf",1,12.49
"pc3","2cpu-dc",0.25,"locf",2,7.36
"pc3","2cpu-dc",0.25,"locf",1,7.37
"pc3","2cpu-dc",0.25,"locf",2,7.59
"pc3","2cpu-dc",0.25,"locf",1,7.59
"pc3","2cpu-dc",0.25,"locf",1,6.64
"pc3","2cpu-dc",0.25,"locf",2,6.63
"pc3","2cpu-dc",0.25,"locf",1,6.67
"pc3","2cpu-dc",0.25,"locf",2,6.67
"pc3","2cpu-dc",0.25,"locf",1,6.67
"pc3","2cpu-dc",0.25,"locf",2,6.67
"pc3","2cpu-dc",0.25,"locf",1,6.58
"pc3","2cpu-dc",0.25,"locf",2,6.66
"pc3","2cpu-dc",0.25,"locf",1,6.67
"pc3","2cpu-dc",0.25,"locf",2,6.74
"pc3","2cpu-dc",0.25,"locf",2,6.58
"pc3","2cpu-dc",0.25,"locf",1,6.58
"pc3","2cpu-dc",0.25,"locf",1,6.67
"pc3","2cpu-dc",0.25,"locf",2,6.75
"pc3","2cpu-dc",0.25,"locf",1,6.7
"pc3","2cpu-dc",0.25,"locf",2,6.78
"pc3","2cpu-dc",0.25,"locf",2,6.68
"pc3","2cpu-dc",0.25,"locf",1,6.7
"pc3","2cpu-dc",0.25,"locf",2,6.77
"pc3","2cpu-dc",0.25,"locf",1,6.78
"pc3","2cpu-dc",0.25,"locf",2,6.67
"pc3","2cpu-dc",0.25,"locf",1,6.67
"pc3","2cpu-dc",0.25,"locf",2,6.66
"pc3","2cpu-dc",0.25,"locf",1,6.66
"pc3","2cpu-dc",0.25,"locf",2,6.67
"pc3","2cpu-dc",0.25,"locf",1,6.68
"pc3","2cpu-dc",0.25,"locf",1,6.67
"pc3","2cpu-dc",0.25,"locf",2,6.68
"pc3","2cpu-dc",0.25,"locf",1,6.78
"pc3","2cpu-dc",0.25,"locf",2,6.78
"pc3","2cpu-dc",0.25,"locf",1,6.67
"pc3","2cpu-dc",0.25,"locf",2,6.67
"pc3","2cpu-dc",0.25,"locf",1,6.65
"pc3","2cpu-dc",0.25,"locf",2,6.65
"pc3","2cpu-dc",0.25,"locf",1,6.66
"pc3","2cpu-dc",0.25,"locf",2,6.67
"pc3","2cpu-dc",0.25,"locf",1,6.68
"pc3","2cpu-dc",0.25,"locf",2,6.78
"pc3","2cpu-dc",0.25,"locf",1,6.67
"pc3","2cpu-dc",0.25,"locf",2,6.76
"pc3","2cpu-dc",0.25,"locf",1,6.69
"pc3","2cpu-dc",0.25,"locf",2,6.78
"pc3","2cpu-dc",0.25,"locf",1,6.76
"pc3","2cpu-dc",0.25,"locf",2,6.85
"pc3","2cpu-dc",0.25,"locf",1,6.69
"pc3","2cpu-dc",0.25,"locf",2,6.78
"pc3","2cpu-dc",0.25,"locf",1,6.68
"pc3","2cpu-dc",0.25,"locf",2,6.78
"pc3","2cpu-dc",0.25,"locf",1,6.68
"pc3","2cpu-dc",0.25,"locf",2,6.96
"pc3","2cpu-dc",0.25,"locf",1,6.68
"pc3","2cpu-dc",0.25,"locf",2,6.76
"pc3","2cpu-dc",0.25,"locf",1,6.69
"pc3","2cpu-dc",0.25,"locf",2,6.79
"pc3","2cpu-dc",0.25,"locf",1,6.75
"pc3","2cpu-dc",0.25,"locf",2,6.85
"pc3","2cpu-dc",0.35,"locf",2,5.13
"pc3","2cpu-dc",0.35,"locf",1,5.13
"pc3","2cpu-dc",0.35,"locf",1,5.24
"pc3","2cpu-dc",0.35,"locf",2,5.25
"pc3","2cpu-dc",0.35,"locf",1,4.58
"pc3","2cpu-dc",0.35,"locf",2,4.64
"pc3","2cpu-dc",0.35,"locf",2,4.58
"pc3","2cpu-dc",0.35,"locf",1,4.6
"pc3","2cpu-dc",0.35,"locf",2,4.58
"pc3","2cpu-dc",0.35,"locf",1,4.66
"pc3","2cpu-dc",0.35,"locf",1,4.61
"pc3","2cpu-dc",0.35,"locf",2,4.61
"pc3","2cpu-dc",0.35,"locf",2,4.64
"pc3","2cpu-dc",0.35,"locf",1,4.64
"pc3","2cpu-dc",0.35,"locf",2,4.59
"pc3","2cpu-dc",0.35,"locf",1,4.59
"pc3","2cpu-dc",0.35,"locf",1,4.67
"pc3","2cpu-dc",0.35,"locf",2,4.68
"pc3","2cpu-dc",0.35,"locf",1,4.64
"pc3","2cpu-dc",0.35,"locf",2,4.64
"pc3","2cpu-dc",0.35,"locf",1,4.65
"pc3","2cpu-dc",0.35,"locf",2,4.72
"pc3","2cpu-dc",0.35,"locf",1,4.67
"pc3","2cpu-dc",0.35,"locf",2,4.67
"pc3","2cpu-dc",0.35,"locf",1,4.55
"pc3","2cpu-dc",0.35,"locf",2,4.55
"pc3","2cpu-dc",0.35,"locf",2,4.56
"pc3","2cpu-dc",0.35,"locf",1,4.56
"pc3","2cpu-dc",0.35,"locf",2,4.59
"pc3","2cpu-dc",0.35,"locf",1,4.61
"pc3","2cpu-dc",0.35,"locf",2,4.55
"pc3","2cpu-dc",0.35,"locf",1,4.63
"pc3","2cpu-dc",0.35,"locf",2,4.5
"pc3","2cpu-dc",0.35,"locf",1,4.59
"pc3","2cpu-dc",0.35,"locf",2,4.58
"pc3","2cpu-dc",0.35,"locf",1,4.6
"pc3","2cpu-dc",0.35,"locf",2,4.66
"pc3","2cpu-dc",0.35,"locf",1,4.68
"pc3","2cpu-dc",0.35,"locf",2,4.65
"pc3","2cpu-dc",0.35,"locf",1,4.68
"pc3","2cpu-dc",0.35,"locf",1,4.78
"pc3","2cpu-dc",0.35,"locf",2,4.86
"pc3","2cpu-dc",0.35,"locf",1,4.69
"pc3","2cpu-dc",0.35,"locf",2,4.71
"pc3","2cpu-dc",0.35,"locf",1,4.57
"pc3","2cpu-dc",0.35,"locf",2,4.67
"pc3","2cpu-dc",0.35,"locf",1,4.68
"pc3","2cpu-dc",0.35,"locf",2,4.76
"pc3","2cpu-dc",0.35,"locf",1,4.57
"pc3","2cpu-dc",0.35,"locf",2,4.68
"pc3","2cpu-dc",0.35,"locf",1,4.58
"pc3","2cpu-dc",0.35,"locf",2,4.67
"pc3","2cpu-dc",0.35,"locf",1,4.69
"pc3","2cpu-dc",0.35,"locf",2,4.76
"pc3","2cpu-dc",0.35,"locf",1,4.58
"pc3","2cpu-dc",0.35,"locf",2,4.6
"pc3","2cpu-dc",0.35,"locf",1,4.65
"pc3","2cpu-dc",0.35,"locf",2,4.66
"pc3","2cpu-dc",0.35,"locf",1,4.66
"pc3","2cpu-dc",0.35,"locf",2,4.67
"pc3","2cpu-dc",0.45,"locf",2,3.92
"pc3","2cpu-dc",0.45,"locf",1,3.95
"pc3","2cpu-dc",0.45,"locf",2,3.9
"pc3","2cpu-dc",0.45,"locf",1,3.9
"pc3","2cpu-dc",0.45,"locf",1,3.44
"pc3","2cpu-dc",0.45,"locf",2,3.44
"pc3","2cpu-dc",0.45,"locf",1,3.48
"pc3","2cpu-dc",0.45,"locf",2,3.48
"pc3","2cpu-dc",0.45,"locf",2,3.45
"pc3","2cpu-dc",0.45,"locf",1,3.46
"pc3","2cpu-dc",0.45,"locf",2,3.47
"pc3","2cpu-dc",0.45,"locf",1,3.54
"pc3","2cpu-dc",0.45,"locf",1,3.48
"pc3","2cpu-dc",0.45,"locf",2,3.49
"pc3","2cpu-dc",0.45,"locf",2,3.49
"pc3","2cpu-dc",0.45,"locf",1,3.49
"pc3","2cpu-dc",0.45,"locf",2,3.44
"pc3","2cpu-dc",0.45,"locf",1,3.46
"pc3","2cpu-dc",0.45,"locf",2,3.41
"pc3","2cpu-dc",0.45,"locf",1,3.49
"pc3","2cpu-dc",0.45,"locf",2,3.46
"pc3","2cpu-dc",0.45,"locf",1,3.49
"pc3","2cpu-dc",0.45,"locf",1,3.47
"pc3","2cpu-dc",0.45,"locf",2,3.47
"pc3","2cpu-dc",0.45,"locf",2,3.46
"pc3","2cpu-dc",0.45,"locf",1,3.46
"pc3","2cpu-dc",0.45,"locf",2,3.43
"pc3","2cpu-dc",0.45,"locf",1,3.44
"pc3","2cpu-dc",0.45,"locf",1,3.49
"pc3","2cpu-dc",0.45,"locf",2,3.48
"pc3","2cpu-dc",0.45,"locf",1,3.44
"pc3","2cpu-dc",0.45,"locf",2,3.44
"pc3","2cpu-dc",0.45,"locf",2,3.44
"pc3","2cpu-dc",0.45,"locf",1,3.51
"pc3","2cpu-dc",0.45,"locf",1,3.42
"pc3","2cpu-dc",0.45,"locf",2,3.42
"pc3","2cpu-dc",0.45,"locf",2,3.48
"pc3","2cpu-dc",0.45,"locf",1,3.54
"pc3","2cpu-dc",0.45,"locf",2,3.41
"pc3","2cpu-dc",0.45,"locf",1,3.43
"pc3","2cpu-dc",0.45,"locf",1,3.46
"pc3","2cpu-dc",0.45,"locf",2,3.53
"pc3","2cpu-dc",0.45,"locf",1,3.45
"pc3","2cpu-dc",0.45,"locf",2,3.47
"pc3","2cpu-dc",0.45,"locf",1,3.44
"pc3","2cpu-dc",0.45,"locf",2,3.46
"pc3","2cpu-dc",0.45,"locf",1,3.52
"pc3","2cpu-dc",0.45,"locf",2,3.51
"pc3","2cpu-dc",0.45,"locf",2,3.55
"pc3","2cpu-dc",0.45,"locf",1,3.55
"pc3","2cpu-dc",0.45,"locf",1,3.48
"pc3","2cpu-dc",0.45,"locf",2,3.54
"pc3","2cpu-dc",0.45,"locf",1,3.5
"pc3","2cpu-dc",0.45,"locf",2,3.51
"pc3","2cpu-dc",0.45,"locf",1,3.45
"pc3","2cpu-dc",0.45,"locf",2,3.45
"pc3","2cpu-dc",0.45,"locf",2,3.57
"pc3","2cpu-dc",0.45,"locf",1,3.57
"pc3","2cpu-dc",0.45,"locf",1,3.47
"pc3","2cpu-dc",0.45,"locf",2,3.53
"pc3","2cpu-dc",0.55,"locf",2,3.18
"pc3","2cpu-dc",0.55,"locf",1,3.24
"pc3","2cpu-dc",0.55,"locf",1,3.19
"pc3","2cpu-dc",0.55,"locf",2,3.19
"pc3","2cpu-dc",0.55,"locf",1,2.88
"pc3","2cpu-dc",0.55,"locf",2,2.88
"pc3","2cpu-dc",0.55,"locf",2,2.86
"pc3","2cpu-dc",0.55,"locf",1,2.87
"pc3","2cpu-dc",0.55,"locf",1,2.86
"pc3","2cpu-dc",0.55,"locf",2,2.87
"pc3","2cpu-dc",0.55,"locf",1,2.84
"pc3","2cpu-dc",0.55,"locf",2,2.84
"pc3","2cpu-dc",0.55,"locf",2,2.83
"pc3","2cpu-dc",0.55,"locf",1,2.85
"pc3","2cpu-dc",0.55,"locf",1,2.88
"pc3","2cpu-dc",0.55,"locf",2,2.88
"pc3","2cpu-dc",0.55,"locf",1,2.86
"pc3","2cpu-dc",0.55,"locf",2,2.86
"pc3","2cpu-dc",0.55,"locf",1,2.85
"pc3","2cpu-dc",0.55,"locf",2,2.86
"pc3","2cpu-dc",0.55,"locf",2,2.87
"pc3","2cpu-dc",0.55,"locf",1,2.87
"pc3","2cpu-dc",0.55,"locf",1,2.86
"pc3","2cpu-dc",0.55,"locf",2,2.86
"pc3","2cpu-dc",0.55,"locf",1,2.85
"pc3","2cpu-dc",0.55,"locf",2,2.85
"pc3","2cpu-dc",0.55,"locf",1,2.88
"pc3","2cpu-dc",0.55,"locf",2,2.91
"pc3","2cpu-dc",0.55,"locf",2,2.78
"pc3","2cpu-dc",0.55,"locf",1,2.78
"pc3","2cpu-dc",0.55,"locf",2,2.76
"pc3","2cpu-dc",0.55,"locf",1,2.83
"pc3","2cpu-dc",0.55,"locf",2,2.71
"pc3","2cpu-dc",0.55,"locf",1,2.74
"pc3","2cpu-dc",0.55,"locf",2,2.74
"pc3","2cpu-dc",0.55,"locf",1,2.81
"pc3","2cpu-dc",0.55,"locf",1,2.78
"pc3","2cpu-dc",0.55,"locf",2,2.8
"pc3","2cpu-dc",0.55,"locf",1,2.78
"pc3","2cpu-dc",0.55,"locf",2,2.83
"pc3","2cpu-dc",0.55,"locf",1,2.78
"pc3","2cpu-dc",0.55,"locf",2,2.79
"pc3","2cpu-dc",0.55,"locf",1,2.82
"pc3","2cpu-dc",0.55,"locf",2,2.84
"pc3","2cpu-dc",0.55,"locf",1,2.77
"pc3","2cpu-dc",0.55,"locf",2,2.84
"pc3","2cpu-dc",0.55,"locf",1,2.82
"pc3","2cpu-dc",0.55,"locf",2,2.83
"pc3","2cpu-dc",0.55,"locf",2,2.84
"pc3","2cpu-dc",0.55,"locf",1,2.84
"pc3","2cpu-dc",0.55,"locf",2,2.79
"pc3","2cpu-dc",0.55,"locf",1,2.85
"pc3","2cpu-dc",0.55,"locf",1,2.82
"pc3","2cpu-dc",0.55,"locf",2,2.82
"pc3","2cpu-dc",0.55,"locf",1,2.82
"pc3","2cpu-dc",0.55,"locf",2,2.83
"pc3","2cpu-dc",0.55,"locf",1,2.8
"pc3","2cpu-dc",0.55,"locf",2,2.8
"pc3","2cpu-dc",0.55,"locf",1,2.81
"pc3","2cpu-dc",0.55,"locf",2,2.82
"pc3","2cpu-dc",0.65,"locf",2,2.62
"pc3","2cpu-dc",0.65,"locf",1,2.62
"pc3","2cpu-dc",0.65,"locf",1,2.63
"pc3","2cpu-dc",0.65,"locf",2,2.65
"pc3","2cpu-dc",0.65,"locf",1,2.31
"pc3","2cpu-dc",0.65,"locf",2,2.35
"pc3","2cpu-dc",0.65,"locf",1,2.31
"pc3","2cpu-dc",0.65,"locf",2,2.31
"pc3","2cpu-dc",0.65,"locf",2,2.34
"pc3","2cpu-dc",0.65,"locf",1,2.36
"pc3","2cpu-dc",0.65,"locf",2,2.37
"pc3","2cpu-dc",0.65,"locf",1,2.37
"pc3","2cpu-dc",0.65,"locf",1,2.36
"pc3","2cpu-dc",0.65,"locf",2,2.36
"pc3","2cpu-dc",0.65,"locf",2,2.3
"pc3","2cpu-dc",0.65,"locf",1,2.35
"pc3","2cpu-dc",0.65,"locf",2,2.29
"pc3","2cpu-dc",0.65,"locf",1,2.3
"pc3","2cpu-dc",0.65,"locf",1,2.35
"pc3","2cpu-dc",0.65,"locf",2,2.36
"pc3","2cpu-dc",0.65,"locf",1,2.36
"pc3","2cpu-dc",0.65,"locf",2,2.35
"pc3","2cpu-dc",0.65,"locf",2,2.35
"pc3","2cpu-dc",0.65,"locf",1,2.35
"pc3","2cpu-dc",0.65,"locf",2,2.32
"pc3","2cpu-dc",0.65,"locf",1,2.33
"pc3","2cpu-dc",0.65,"locf",2,2.3
"pc3","2cpu-dc",0.65,"locf",1,2.35
"pc3","2cpu-dc",0.65,"locf",1,2.32
"pc3","2cpu-dc",0.65,"locf",2,2.32
"pc3","2cpu-dc",0.65,"locf",2,2.31
"pc3","2cpu-dc",0.65,"locf",1,2.34
"pc3","2cpu-dc",0.65,"locf",2,2.33
"pc3","2cpu-dc",0.65,"locf",1,2.33
"pc3","2cpu-dc",0.65,"locf",2,2.35
"pc3","2cpu-dc",0.65,"locf",1,2.35
"pc3","2cpu-dc",0.65,"locf",2,2.32
"pc3","2cpu-dc",0.65,"locf",1,2.32
"pc3","2cpu-dc",0.65,"locf",1,2.35
"pc3","2cpu-dc",0.65,"locf",2,2.37
"pc3","2cpu-dc",0.65,"locf",1,2.32
"pc3","2cpu-dc",0.65,"locf",2,2.36
"pc3","2cpu-dc",0.65,"locf",1,2.3
"pc3","2cpu-dc",0.65,"locf",2,2.34
"pc3","2cpu-dc",0.65,"locf",1,2.32
"pc3","2cpu-dc",0.65,"locf",2,2.34
"pc3","2cpu-dc",0.65,"locf",1,2.37
"pc3","2cpu-dc",0.65,"locf",2,2.38
"pc3","2cpu-dc",0.65,"locf",2,2.34
"pc3","2cpu-dc",0.65,"locf",1,2.35
"pc3","2cpu-dc",0.65,"locf",2,2.36
"pc3","2cpu-dc",0.65,"locf",1,2.36
"pc3","2cpu-dc",0.65,"locf",2,2.34
"pc3","2cpu-dc",0.65,"locf",1,2.34
"pc3","2cpu-dc",0.65,"locf",2,2.36
"pc3","2cpu-dc",0.65,"locf",1,2.36
"pc3","2cpu-dc",0.65,"locf",1,2.39
"pc3","2cpu-dc",0.65,"locf",2,2.38
"pc3","2cpu-dc",0.65,"locf",1,2.37
"pc3","2cpu-dc",0.65,"locf",2,2.39
"pc3","2cpu-dc",0.75,"locf",1,2.3
"pc3","2cpu-dc",0.75,"locf",2,2.3
"pc3","2cpu-dc",0.75,"locf",1,2.31
"pc3","2cpu-dc",0.75,"locf",2,2.31
"pc3","2cpu-dc",0.75,"locf",1,2.03
"pc3","2cpu-dc",0.75,"locf",2,2.03
"pc3","2cpu-dc",0.75,"locf",1,2.02
"pc3","2cpu-dc",0.75,"locf",2,2.03
"pc3","2cpu-dc",0.75,"locf",1,2.03
"pc3","2cpu-dc",0.75,"locf",2,2.05
"pc3","2cpu-dc",0.75,"locf",1,2.06
"pc3","2cpu-dc",0.75,"locf",2,2.06
"pc3","2cpu-dc",0.75,"locf",2,2
"pc3","2cpu-dc",0.75,"locf",1,2.02
"pc3","2cpu-dc",0.75,"locf",2,2.04
"pc3","2cpu-dc",0.75,"locf",1,2.06
"pc3","2cpu-dc",0.75,"locf",2,2.03
"pc3","2cpu-dc",0.75,"locf",1,2.05
"pc3","2cpu-dc",0.75,"locf",2,2.03
"pc3","2cpu-dc",0.75,"locf",1,2.04
"pc3","2cpu-dc",0.75,"locf",2,2
"pc3","2cpu-dc",0.75,"locf",1,2.01
"pc3","2cpu-dc",0.75,"locf",2,2.01
"pc3","2cpu-dc",0.75,"locf",1,2.02
"pc3","2cpu-dc",0.75,"locf",1,2.02
"pc3","2cpu-dc",0.75,"locf",2,2.02
"pc3","2cpu-dc",0.75,"locf",2,2.03
"pc3","2cpu-dc",0.75,"locf",1,2.03
"pc3","2cpu-dc",0.75,"locf",1,2.02
"pc3","2cpu-dc",0.75,"locf",2,2.02
"pc3","2cpu-dc",0.75,"locf",1,2.04
"pc3","2cpu-dc",0.75,"locf",2,2.05
"pc3","2cpu-dc",0.75,"locf",1,2.04
"pc3","2cpu-dc",0.75,"locf",2,2.04
"pc3","2cpu-dc",0.75,"locf",2,2.03
"pc3","2cpu-dc",0.75,"locf",1,2.06
"pc3","2cpu-dc",0.75,"locf",1,2.04
"pc3","2cpu-dc",0.75,"locf",2,2.04
"pc3","2cpu-dc",0.75,"locf",1,2.01
"pc3","2cpu-dc",0.75,"locf",2,2.03
"pc3","2cpu-dc",0.75,"locf",1,2
"pc3","2cpu-dc",0.75,"locf",1,2.04
"pc3","2cpu-dc",0.75,"locf",2,2.05
"pc3","2cpu-dc",0.75,"locf",1,2.07
"pc3","2cpu-dc",0.75,"locf",2,2.12
"pc3","2cpu-dc",0.75,"locf",2,2.07
"pc3","2cpu-dc",0.75,"locf",1,2.08
"pc3","2cpu-dc",0.75,"locf",1,2.06
"pc3","2cpu-dc",0.75,"locf",2,2.06
"pc3","2cpu-dc",0.75,"locf",1,2.05
"pc3","2cpu-dc",0.75,"locf",2,2.06
"pc3","2cpu-dc",0.75,"locf",1,2.06
"pc3","2cpu-dc",0.75,"locf",2,2.07
"pc3","2cpu-dc",0.75,"locf",1,2.07
"pc3","2cpu-dc",0.75,"locf",2,2.07
"pc3","2cpu-dc",0.75,"locf",2,2.06
"pc3","2cpu-dc",0.75,"locf",1,2.06
"pc3","2cpu-dc",0.75,"locf",1,2.06
"pc3","2cpu-dc",0.75,"locf",2,2.05
"pc3","2cpu-dc",0.85,"locf",2,2.04
"pc3","2cpu-dc",0.85,"locf",1,2.08
"pc3","2cpu-dc",0.85,"locf",1,2.04
"pc3","2cpu-dc",0.85,"locf",2,2.07
"pc3","2cpu-dc",0.85,"locf",2,1.81
"pc3","2cpu-dc",0.85,"locf",1,1.82
"pc3","2cpu-dc",0.85,"locf",2,1.8
"pc3","2cpu-dc",0.85,"locf",1,1.83
"pc3","2cpu-dc",0.85,"locf",2,1.79
"pc3","2cpu-dc",0.85,"locf",1,1.8
"pc3","2cpu-dc",0.85,"locf",2,1.78
"pc3","2cpu-dc",0.85,"locf",1,1.78
"pc3","2cpu-dc",0.85,"locf",2,1.77
"pc3","2cpu-dc",0.85,"locf",1,1.77
"pc3","2cpu-dc",0.85,"locf",1,1.8
"pc3","2cpu-dc",0.85,"locf",2,1.8
"pc3","2cpu-dc",0.85,"locf",2,1.77
"pc3","2cpu-dc",0.85,"locf",1,1.97
"pc3","2cpu-dc",0.85,"locf",2,1.79
"pc3","2cpu-dc",0.85,"locf",1,1.79
"pc3","2cpu-dc",0.85,"locf",1,1.79
"pc3","2cpu-dc",0.85,"locf",2,1.81
"pc3","2cpu-dc",0.85,"locf",1,1.78
"pc3","2cpu-dc",0.85,"locf",2,1.78
"pc3","2cpu-dc",0.85,"locf",1,1.79
"pc3","2cpu-dc",0.85,"locf",2,1.81
"pc3","2cpu-dc",0.85,"locf",1,1.79
"pc3","2cpu-dc",0.85,"locf",2,1.81
"pc3","2cpu-dc",0.85,"locf",2,1.81
"pc3","2cpu-dc",0.85,"locf",1,1.81
"pc3","2cpu-dc",0.85,"locf",2,1.8
"pc3","2cpu-dc",0.85,"locf",1,1.8
"pc3","2cpu-dc",0.85,"locf",1,1.8
"pc3","2cpu-dc",0.85,"locf",2,1.8
"pc3","2cpu-dc",0.85,"locf",2,1.78
"pc3","2cpu-dc",0.85,"locf",1,1.78
"pc3","2cpu-dc",0.85,"locf",2,1.76
"pc3","2cpu-dc",0.85,"locf",1,1.79
"pc3","2cpu-dc",0.85,"locf",2,1.79
"pc3","2cpu-dc",0.85,"locf",1,1.81
"pc3","2cpu-dc",0.85,"locf",1,1.78
"pc3","2cpu-dc",0.85,"locf",2,1.78
"pc3","2cpu-dc",0.85,"locf",1,1.79
"pc3","2cpu-dc",0.85,"locf",2,1.81
"pc3","2cpu-dc",0.85,"locf",1,1.81
"pc3","2cpu-dc",0.85,"locf",2,1.81
"pc3","2cpu-dc",0.85,"locf",2,1.83
"pc3","2cpu-dc",0.85,"locf",1,1.85
"pc3","2cpu-dc",0.85,"locf",1,1.81
"pc3","2cpu-dc",0.85,"locf",2,1.82
"pc3","2cpu-dc",0.85,"locf",1,1.83
"pc3","2cpu-dc",0.85,"locf",2,1.83
"pc3","2cpu-dc",0.85,"locf",1,1.8
"pc3","2cpu-dc",0.85,"locf",2,1.8
"pc3","2cpu-dc",0.85,"locf",1,1.81
"pc3","2cpu-dc",0.85,"locf",2,1.81
"pc3","2cpu-dc",0.85,"locf",1,1.81
"pc3","2cpu-dc",0.85,"locf",2,1.81
"pc3","2cpu-dc",0.85,"locf",2,1.83
"pc3","2cpu-dc",0.85,"locf",1,1.87
"pc3","2cpu-dc",0.95,"locf",2,1.81
"pc3","2cpu-dc",0.95,"locf",1,1.81
"pc3","2cpu-dc",0.95,"locf",1,1.8
"pc3","2cpu-dc",0.95,"locf",2,1.79
"pc3","2cpu-dc",0.95,"locf",1,1.62
"pc3","2cpu-dc",0.95,"locf",2,1.62
"pc3","2cpu-dc",0.95,"locf",1,1.61
"pc3","2cpu-dc",0.95,"locf",2,1.6
"pc3","2cpu-dc",0.95,"locf",1,1.59
"pc3","2cpu-dc",0.95,"locf",2,1.59
"pc3","2cpu-dc",0.95,"locf",2,1.58
"pc3","2cpu-dc",0.95,"locf",1,1.58
"pc3","2cpu-dc",0.95,"locf",1,1.6
"pc3","2cpu-dc",0.95,"locf",2,1.6
"pc3","2cpu-dc",0.95,"locf",2,1.59
"pc3","2cpu-dc",0.95,"locf",1,1.59
"pc3","2cpu-dc",0.95,"locf",1,1.6
"pc3","2cpu-dc",0.95,"locf",2,1.6
"pc3","2cpu-dc",0.95,"locf",1,1.58
"pc3","2cpu-dc",0.95,"locf",2,1.6
"pc3","2cpu-dc",0.95,"locf",1,1.59
"pc3","2cpu-dc",0.95,"locf",2,1.59
"pc3","2cpu-dc",0.95,"locf",1,1.63
"pc3","2cpu-dc",0.95,"locf",2,1.63
"pc3","2cpu-dc",0.95,"locf",1,1.59
"pc3","2cpu-dc",0.95,"locf",2,1.59
"pc3","2cpu-dc",0.95,"locf",1,1.58
"pc3","2cpu-dc",0.95,"locf",2,1.59
"pc3","2cpu-dc",0.95,"locf",1,1.6
"pc3","2cpu-dc",0.95,"locf",2,1.6
"pc3","2cpu-dc",0.95,"locf",1,1.6
"pc3","2cpu-dc",0.95,"locf",2,1.59
"pc3","2cpu-dc",0.95,"locf",1,1.58
"pc3","2cpu-dc",0.95,"locf",2,1.58
"pc3","2cpu-dc",0.95,"locf",2,1.59
"pc3","2cpu-dc",0.95,"locf",1,1.59
"pc3","2cpu-dc",0.95,"locf",1,1.58
"pc3","2cpu-dc",0.95,"locf",2,1.59
"pc3","2cpu-dc",0.95,"locf",1,1.58
"pc3","2cpu-dc",0.95,"locf",2,1.59
"pc3","2cpu-dc",0.95,"locf",1,1.62
"pc3","2cpu-dc",0.95,"locf",2,1.62
"pc3","2cpu-dc",0.95,"locf",1,1.58
"pc3","2cpu-dc",0.95,"locf",2,1.6
"pc3","2cpu-dc",0.95,"locf",1,1.57
"pc3","2cpu-dc",0.95,"locf",2,1.59
"pc3","2cpu-dc",0.95,"locf",1,1.6
"pc3","2cpu-dc",0.95,"locf",2,1.6
"pc3","2cpu-dc",0.95,"locf",2,1.59
"pc3","2cpu-dc",0.95,"locf",1,1.62
"pc3","2cpu-dc",0.95,"locf",1,1.6
"pc3","2cpu-dc",0.95,"locf",2,1.63
"pc3","2cpu-dc",0.95,"locf",1,1.62
"pc3","2cpu-dc",0.95,"locf",2,1.62
"pc3","2cpu-dc",0.95,"locf",1,1.59
"pc3","2cpu-dc",0.95,"locf",2,1.61
"pc3","2cpu-dc",0.95,"locf",1,1.61
"pc3","2cpu-dc",0.95,"locf",2,1.63
"pc3","2cpu-dc",0.95,"locf",2,1.62
"pc3","2cpu-dc",0.95,"locf",1,1.62
"pc3","2cpu-dc",0.05,"ssa",2,80.89
"pc3","2cpu-dc",0.05,"ssa",1,85.79
"pc3","2cpu-dc",0.05,"ssa",1,95.26
"pc3","2cpu-dc",0.05,"ssa",2,95.45
"pc3","2cpu-dc",0.05,"ssa",1,89.84
"pc3","2cpu-dc",0.05,"ssa",2,90.73
"pc3","2cpu-dc",0.05,"ssa",1,87.18
"pc3","2cpu-dc",0.05,"ssa",2,88.18
"pc3","2cpu-dc",0.05,"ssa",2,90.85
"pc3","2cpu-dc",0.05,"ssa",1,90.95
"pc3","2cpu-dc",0.05,"ssa",2,90.74
"pc3","2cpu-dc",0.05,"ssa",1,90.87
"pc3","2cpu-dc",0.05,"ssa",2,90.57
"pc3","2cpu-dc",0.05,"ssa",1,91.28
"pc3","2cpu-dc",0.05,"ssa",2,83.45
"pc3","2cpu-dc",0.05,"ssa",1,83.67
"pc3","2cpu-dc",0.05,"ssa",2,90.65
"pc3","2cpu-dc",0.05,"ssa",1,90.96
"pc3","2cpu-dc",0.05,"ssa",2,90.95
"pc3","2cpu-dc",0.05,"ssa",1,91.16
"pc3","2cpu-dc",0.05,"ssa",1,89.39
"pc3","2cpu-dc",0.05,"ssa",2,90.77
"pc3","2cpu-dc",0.05,"ssa",1,78.87
"pc3","2cpu-dc",0.05,"ssa",2,90.86
"pc3","2cpu-dc",0.05,"ssa",1,91.26
"pc3","2cpu-dc",0.05,"ssa",2,91.45
"pc3","2cpu-dc",0.05,"ssa",1,90.86
"pc3","2cpu-dc",0.05,"ssa",2,91.15
"pc3","2cpu-dc",0.05,"ssa",1,90.66
"pc3","2cpu-dc",0.05,"ssa",2,90.95
"pc3","2cpu-dc",0.05,"ssa",1,76.86
"pc3","2cpu-dc",0.05,"ssa",2,84.75
"pc3","2cpu-dc",0.05,"ssa",1,88.26
"pc3","2cpu-dc",0.05,"ssa",2,90.34
"pc3","2cpu-dc",0.05,"ssa",1,90.76
"pc3","2cpu-dc",0.05,"ssa",2,91.35
"pc3","2cpu-dc",0.05,"ssa",2,90.67
"pc3","2cpu-dc",0.05,"ssa",1,90.87
"pc3","2cpu-dc",0.05,"ssa",2,84.18
"pc3","2cpu-dc",0.05,"ssa",1,87.28
"pc3","2cpu-dc",0.05,"ssa",1,90.96
"pc3","2cpu-dc",0.05,"ssa",2,91.24
"pc3","2cpu-dc",0.05,"ssa",1,91.36
"pc3","2cpu-dc",0.05,"ssa",2,91.55
"pc3","2cpu-dc",0.05,"ssa",1,90.85
"pc3","2cpu-dc",0.05,"ssa",2,90.85
"pc3","2cpu-dc",0.05,"ssa",1,81.59
"pc3","2cpu-dc",0.05,"ssa",2,91.08
"pc3","2cpu-dc",0.05,"ssa",1,83.39
"pc3","2cpu-dc",0.05,"ssa",2,91.48
"pc3","2cpu-dc",0.05,"ssa",2,90.88
"pc3","2cpu-dc",0.05,"ssa",1,90.99
"pc3","2cpu-dc",0.05,"ssa",1,84.38
"pc3","2cpu-dc",0.05,"ssa",2,90.97
"pc3","2cpu-dc",0.05,"ssa",1,77.87
"pc3","2cpu-dc",0.05,"ssa",2,80.45
"pc3","2cpu-dc",0.05,"ssa",1,90.96
"pc3","2cpu-dc",0.05,"ssa",2,91.04
"pc3","2cpu-dc",0.05,"ssa",2,90.98
"pc3","2cpu-dc",0.05,"ssa",1,91.48
"pc3","2cpu-dc",0.15,"ssa",1,17
"pc3","2cpu-dc",0.15,"ssa",2,17.78
"pc3","2cpu-dc",0.15,"ssa",2,17.48
"pc3","2cpu-dc",0.15,"ssa",1,17.79
"pc3","2cpu-dc",0.15,"ssa",2,16.13
"pc3","2cpu-dc",0.15,"ssa",1,16.15
"pc3","2cpu-dc",0.15,"ssa",1,16.25
"pc3","2cpu-dc",0.15,"ssa",2,16.64
"pc3","2cpu-dc",0.15,"ssa",1,15.97
"pc3","2cpu-dc",0.15,"ssa",2,16.36
"pc3","2cpu-dc",0.15,"ssa",2,16.88
"pc3","2cpu-dc",0.15,"ssa",1,17.48
"pc3","2cpu-dc",0.15,"ssa",1,16.19
"pc3","2cpu-dc",0.15,"ssa",2,16.28
"pc3","2cpu-dc",0.15,"ssa",1,15.88
"pc3","2cpu-dc",0.15,"ssa",2,16.37
"pc3","2cpu-dc",0.15,"ssa",1,15.98
"pc3","2cpu-dc",0.15,"ssa",2,16.26
"pc3","2cpu-dc",0.15,"ssa",2,15.65
"pc3","2cpu-dc",0.15,"ssa",1,17.25
"pc3","2cpu-dc",0.15,"ssa",2,15.88
"pc3","2cpu-dc",0.15,"ssa",1,16.07
"pc3","2cpu-dc",0.15,"ssa",1,17.08
"pc3","2cpu-dc",0.15,"ssa",2,17.17
"pc3","2cpu-dc",0.15,"ssa",1,15.86
"pc3","2cpu-dc",0.15,"ssa",2,16.26
"pc3","2cpu-dc",0.15,"ssa",2,15.99
"pc3","2cpu-dc",0.15,"ssa",1,16.68
"pc3","2cpu-dc",0.15,"ssa",2,16.97
"pc3","2cpu-dc",0.15,"ssa",1,17.29
"pc3","2cpu-dc",0.15,"ssa",1,16.27
"pc3","2cpu-dc",0.15,"ssa",2,18.16
"pc3","2cpu-dc",0.15,"ssa",1,16.05
"pc3","2cpu-dc",0.15,"ssa",2,17.05
"pc3","2cpu-dc",0.15,"ssa",2,15.85
"pc3","2cpu-dc",0.15,"ssa",1,16.45
"pc3","2cpu-dc",0.15,"ssa",2,16.55
"pc3","2cpu-dc",0.15,"ssa",1,16.67
"pc3","2cpu-dc",0.15,"ssa",1,16.38
"pc3","2cpu-dc",0.15,"ssa",2,16.56
"pc3","2cpu-dc",0.15,"ssa",1,15.77
"pc3","2cpu-dc",0.15,"ssa",2,16.46
"pc3","2cpu-dc",0.15,"ssa",2,15.73
"pc3","2cpu-dc",0.15,"ssa",1,16.16
"pc3","2cpu-dc",0.15,"ssa",1,16.96
"pc3","2cpu-dc",0.15,"ssa",2,16.96
"pc3","2cpu-dc",0.15,"ssa",1,16.15
"pc3","2cpu-dc",0.15,"ssa",2,16.55
"pc3","2cpu-dc",0.15,"ssa",1,15.85
"pc3","2cpu-dc",0.15,"ssa",2,16.63
"pc3","2cpu-dc",0.15,"ssa",2,16.08
"pc3","2cpu-dc",0.15,"ssa",1,17.78
"pc3","2cpu-dc",0.15,"ssa",2,15.98
"pc3","2cpu-dc",0.15,"ssa",1,16.52
"pc3","2cpu-dc",0.15,"ssa",1,16.17
"pc3","2cpu-dc",0.15,"ssa",2,16.56
"pc3","2cpu-dc",0.15,"ssa",1,15.87
"pc3","2cpu-dc",0.15,"ssa",2,16.86
"pc3","2cpu-dc",0.15,"ssa",2,15.87
"pc3","2cpu-dc",0.15,"ssa",1,16.5
"pc3","2cpu-dc",0.25,"ssa",1,9.52
"pc3","2cpu-dc",0.25,"ssa",2,9.72
"pc3","2cpu-dc",0.25,"ssa",1,9.54
"pc3","2cpu-dc",0.25,"ssa",2,9.65
"pc3","2cpu-dc",0.25,"ssa",2,8.77
"pc3","2cpu-dc",0.25,"ssa",1,8.98
"pc3","2cpu-dc",0.25,"ssa",2,8.46
"pc3","2cpu-dc",0.25,"ssa",1,8.87
"pc3","2cpu-dc",0.25,"ssa",1,8.56
"pc3","2cpu-dc",0.25,"ssa",2,8.63
"pc3","2cpu-dc",0.25,"ssa",1,8.59
"pc3","2cpu-dc",0.25,"ssa",2,8.84
"pc3","2cpu-dc",0.25,"ssa",2,8.75
"pc3","2cpu-dc",0.25,"ssa",1,8.76
"pc3","2cpu-dc",0.25,"ssa",1,8.74
"pc3","2cpu-dc",0.25,"ssa",2,8.95
"pc3","2cpu-dc",0.25,"ssa",1,8.56
"pc3","2cpu-dc",0.25,"ssa",2,8.65
"pc3","2cpu-dc",0.25,"ssa",2,8.96
"pc3","2cpu-dc",0.25,"ssa",1,9.08
"pc3","2cpu-dc",0.25,"ssa",1,8.56
"pc3","2cpu-dc",0.25,"ssa",2,8.65
"pc3","2cpu-dc",0.25,"ssa",1,8.78
"pc3","2cpu-dc",0.25,"ssa",2,9.1
"pc3","2cpu-dc",0.25,"ssa",2,8.85
"pc3","2cpu-dc",0.25,"ssa",1,9.06
"pc3","2cpu-dc",0.25,"ssa",1,8.67
"pc3","2cpu-dc",0.25,"ssa",2,8.83
"pc3","2cpu-dc",0.25,"ssa",1,8.67
"pc3","2cpu-dc",0.25,"ssa",2,8.96
"pc3","2cpu-dc",0.25,"ssa",2,8.66
"pc3","2cpu-dc",0.25,"ssa",1,8.76
"pc3","2cpu-dc",0.25,"ssa",2,8.59
"pc3","2cpu-dc",0.25,"ssa",1,8.59
"pc3","2cpu-dc",0.25,"ssa",1,8.68
"pc3","2cpu-dc",0.25,"ssa",2,8.77
"pc3","2cpu-dc",0.25,"ssa",2,8.56
"pc3","2cpu-dc",0.25,"ssa",1,8.77
"pc3","2cpu-dc",0.25,"ssa",1,14.17
"pc3","2cpu-dc",0.25,"ssa",2,8.67
"pc3","2cpu-dc",0.25,"ssa",1,8.67
"pc3","2cpu-dc",0.25,"ssa",2,8.87
"pc3","2cpu-dc",0.25,"ssa",2,8.65
"pc3","2cpu-dc",0.25,"ssa",1,8.95
"pc3","2cpu-dc",0.25,"ssa",1,8.57
"pc3","2cpu-dc",0.25,"ssa",2,8.76
"pc3","2cpu-dc",0.25,"ssa",1,8.56
"pc3","2cpu-dc",0.25,"ssa",2,9.06
"pc3","2cpu-dc",0.25,"ssa",2,8.54
"pc3","2cpu-dc",0.25,"ssa",1,8.65
"pc3","2cpu-dc",0.25,"ssa",2,8.58
"pc3","2cpu-dc",0.25,"ssa",1,8.68
"pc3","2cpu-dc",0.25,"ssa",1,8.56
"pc3","2cpu-dc",0.25,"ssa",2,8.78
"pc3","2cpu-dc",0.25,"ssa",2,8.76
"pc3","2cpu-dc",0.25,"ssa",1,8.76
"pc3","2cpu-dc",0.25,"ssa",1,8.78
"pc3","2cpu-dc",0.25,"ssa",2,8.87
"pc3","2cpu-dc",0.25,"ssa",1,8.58
"pc3","2cpu-dc",0.25,"ssa",2,8.88
"pc3","2cpu-dc",0.35,"ssa",2,6.62
"pc3","2cpu-dc",0.35,"ssa",1,6.67
"pc3","2cpu-dc",0.35,"ssa",1,6.47
"pc3","2cpu-dc",0.35,"ssa",2,6.74
"pc3","2cpu-dc",0.35,"ssa",1,5.97
"pc3","2cpu-dc",0.35,"ssa",2,6.04
"pc3","2cpu-dc",0.35,"ssa",1,5.99
"pc3","2cpu-dc",0.35,"ssa",2,6.27
"pc3","2cpu-dc",0.35,"ssa",1,5.78
"pc3","2cpu-dc",0.35,"ssa",2,6.16
"pc3","2cpu-dc",0.35,"ssa",1,5.76
"pc3","2cpu-dc",0.35,"ssa",2,6.16
"pc3","2cpu-dc",0.35,"ssa",1,5.78
"pc3","2cpu-dc",0.35,"ssa",2,6.67
"pc3","2cpu-dc",0.35,"ssa",1,5.9
"pc3","2cpu-dc",0.35,"ssa",2,6.06
"pc3","2cpu-dc",0.35,"ssa",1,5.88
"pc3","2cpu-dc",0.35,"ssa",2,6.15
"pc3","2cpu-dc",0.35,"ssa",1,5.88
"pc3","2cpu-dc",0.35,"ssa",2,6.07
"pc3","2cpu-dc",0.35,"ssa",1,5.87
"pc3","2cpu-dc",0.35,"ssa",2,6.86
"pc3","2cpu-dc",0.35,"ssa",1,5.87
"pc3","2cpu-dc",0.35,"ssa",2,6.05
"pc3","2cpu-dc",0.35,"ssa",1,5.85
"pc3","2cpu-dc",0.35,"ssa",2,6.16
"pc3","2cpu-dc",0.35,"ssa",1,5.86
"pc3","2cpu-dc",0.35,"ssa",2,6.12
"pc3","2cpu-dc",0.35,"ssa",1,5.98
"pc3","2cpu-dc",0.35,"ssa",2,6.18
"pc3","2cpu-dc",0.35,"ssa",1,5.88
"pc3","2cpu-dc",0.35,"ssa",2,6.08
"pc3","2cpu-dc",0.35,"ssa",1,5.75
"pc3","2cpu-dc",0.35,"ssa",2,6.05
"pc3","2cpu-dc",0.35,"ssa",1,5.85
"pc3","2cpu-dc",0.35,"ssa",2,5.97
"pc3","2cpu-dc",0.35,"ssa",1,5.95
"pc3","2cpu-dc",0.35,"ssa",2,6.05
"pc3","2cpu-dc",0.35,"ssa",1,5.8
"pc3","2cpu-dc",0.35,"ssa",2,6.48
"pc3","2cpu-dc",0.35,"ssa",1,5.89
"pc3","2cpu-dc",0.35,"ssa",2,6.07
"pc3","2cpu-dc",0.35,"ssa",1,5.97
"pc3","2cpu-dc",0.35,"ssa",2,6.14
"pc3","2cpu-dc",0.35,"ssa",1,5.86
"pc3","2cpu-dc",0.35,"ssa",2,6.17
"pc3","2cpu-dc",0.35,"ssa",1,5.87
"pc3","2cpu-dc",0.35,"ssa",2,6.15
"pc3","2cpu-dc",0.35,"ssa",1,5.86
"pc3","2cpu-dc",0.35,"ssa",2,6.34
"pc3","2cpu-dc",0.35,"ssa",1,5.88
"pc3","2cpu-dc",0.35,"ssa",2,6.29
"pc3","2cpu-dc",0.35,"ssa",1,5.68
"pc3","2cpu-dc",0.35,"ssa",2,6.17
"pc3","2cpu-dc",0.35,"ssa",1,5.83
"pc3","2cpu-dc",0.35,"ssa",2,6.15
"pc3","2cpu-dc",0.35,"ssa",1,5.86
"pc3","2cpu-dc",0.35,"ssa",2,6.35
"pc3","2cpu-dc",0.35,"ssa",1,5.97
"pc3","2cpu-dc",0.35,"ssa",2,6.34
"pc3","2cpu-dc",0.45,"ssa",1,4.94
"pc3","2cpu-dc",0.45,"ssa",2,5.06
"pc3","2cpu-dc",0.45,"ssa",1,4.93
"pc3","2cpu-dc",0.45,"ssa",2,5.06
"pc3","2cpu-dc",0.45,"ssa",1,4.4
"pc3","2cpu-dc",0.45,"ssa",2,4.66
"pc3","2cpu-dc",0.45,"ssa",1,4.41
"pc3","2cpu-dc",0.45,"ssa",2,4.59
"pc3","2cpu-dc",0.45,"ssa",1,4.43
"pc3","2cpu-dc",0.45,"ssa",2,5.11
"pc3","2cpu-dc",0.45,"ssa",1,4.48
"pc3","2cpu-dc",0.45,"ssa",2,4.67
"pc3","2cpu-dc",0.45,"ssa",1,4.51
"pc3","2cpu-dc",0.45,"ssa",2,4.76
"pc3","2cpu-dc",0.45,"ssa",1,4.39
"pc3","2cpu-dc",0.45,"ssa",2,4.57
"pc3","2cpu-dc",0.45,"ssa",1,4.4
"pc3","2cpu-dc",0.45,"ssa",2,4.57
"pc3","2cpu-dc",0.45,"ssa",1,4.55
"pc3","2cpu-dc",0.45,"ssa",2,4.73
"pc3","2cpu-dc",0.45,"ssa",1,4.49
"pc3","2cpu-dc",0.45,"ssa",2,4.89
"pc3","2cpu-dc",0.45,"ssa",1,4.44
"pc3","2cpu-dc",0.45,"ssa",2,4.62
"pc3","2cpu-dc",0.45,"ssa",1,4.47
"pc3","2cpu-dc",0.45,"ssa",2,4.66
"pc3","2cpu-dc",0.45,"ssa",1,4.59
"pc3","2cpu-dc",0.45,"ssa",2,4.66
"pc3","2cpu-dc",0.45,"ssa",1,4.43
"pc3","2cpu-dc",0.45,"ssa",2,4.6
"pc3","2cpu-dc",0.45,"ssa",1,4.48
"pc3","2cpu-dc",0.45,"ssa",2,4.58
"pc3","2cpu-dc",0.45,"ssa",1,4.45
"pc3","2cpu-dc",0.45,"ssa",2,4.63
"pc3","2cpu-dc",0.45,"ssa",1,4.47
"pc3","2cpu-dc",0.45,"ssa",2,4.99
"pc3","2cpu-dc",0.45,"ssa",1,4.42
"pc3","2cpu-dc",0.45,"ssa",2,4.52
"pc3","2cpu-dc",0.45,"ssa",1,4.39
"pc3","2cpu-dc",0.45,"ssa",2,4.7
"pc3","2cpu-dc",0.45,"ssa",1,4.47
"pc3","2cpu-dc",0.45,"ssa",2,4.57
"pc3","2cpu-dc",0.45,"ssa",1,4.36
"pc3","2cpu-dc",0.45,"ssa",2,4.64
"pc3","2cpu-dc",0.45,"ssa",1,4.39
"pc3","2cpu-dc",0.45,"ssa",2,4.68
"pc3","2cpu-dc",0.45,"ssa",1,4.46
"pc3","2cpu-dc",0.45,"ssa",2,4.57
"pc3","2cpu-dc",0.45,"ssa",1,4.47
"pc3","2cpu-dc",0.45,"ssa",2,4.67
"pc3","2cpu-dc",0.45,"ssa",1,4.53
"pc3","2cpu-dc",0.45,"ssa",2,4.53
"pc3","2cpu-dc",0.45,"ssa",1,4.46
"pc3","2cpu-dc",0.45,"ssa",2,4.58
"pc3","2cpu-dc",0.45,"ssa",1,4.44
"pc3","2cpu-dc",0.45,"ssa",2,5.05
"pc3","2cpu-dc",0.45,"ssa",1,4.48
"pc3","2cpu-dc",0.45,"ssa",2,4.66
"pc3","2cpu-dc",0.45,"ssa",1,4.41
"pc3","2cpu-dc",0.45,"ssa",2,4.58
"pc3","2cpu-dc",0.55,"ssa",2,4.01
"pc3","2cpu-dc",0.55,"ssa",1,4.01
"pc3","2cpu-dc",0.55,"ssa",2,4.05
"pc3","2cpu-dc",0.55,"ssa",1,4.08
"pc3","2cpu-dc",0.55,"ssa",1,3.57
"pc3","2cpu-dc",0.55,"ssa",2,3.64
"pc3","2cpu-dc",0.55,"ssa",1,3.6
"pc3","2cpu-dc",0.55,"ssa",2,3.66
"pc3","2cpu-dc",0.55,"ssa",1,3.51
"pc3","2cpu-dc",0.55,"ssa",2,3.67
"pc3","2cpu-dc",0.55,"ssa",2,3.59
"pc3","2cpu-dc",0.55,"ssa",1,3.72
"pc3","2cpu-dc",0.55,"ssa",1,3.64
"pc3","2cpu-dc",0.55,"ssa",2,3.7
"pc3","2cpu-dc",0.55,"ssa",2,3.71
"pc3","2cpu-dc",0.55,"ssa",1,3.73
"pc3","2cpu-dc",0.55,"ssa",1,3.61
"pc3","2cpu-dc",0.55,"ssa",2,3.77
"pc3","2cpu-dc",0.55,"ssa",1,3.67
"pc3","2cpu-dc",0.55,"ssa",2,3.74
"pc3","2cpu-dc",0.55,"ssa",1,3.6
"pc3","2cpu-dc",0.55,"ssa",2,3.62
"pc3","2cpu-dc",0.55,"ssa",1,3.55
"pc3","2cpu-dc",0.55,"ssa",2,3.66
"pc3","2cpu-dc",0.55,"ssa",1,3.57
"pc3","2cpu-dc",0.55,"ssa",2,3.75
"pc3","2cpu-dc",0.55,"ssa",1,3.57
"pc3","2cpu-dc",0.55,"ssa",2,3.68
"pc3","2cpu-dc",0.55,"ssa",1,3.55
"pc3","2cpu-dc",0.55,"ssa",2,3.65
"pc3","2cpu-dc",0.55,"ssa",1,3.59
"pc3","2cpu-dc",0.55,"ssa",2,3.67
"pc3","2cpu-dc",0.55,"ssa",1,3.58
"pc3","2cpu-dc",0.55,"ssa",2,3.68
"pc3","2cpu-dc",0.55,"ssa",1,3.6
"pc3","2cpu-dc",0.55,"ssa",2,3.65
"pc3","2cpu-dc",0.55,"ssa",1,3.59
"pc3","2cpu-dc",0.55,"ssa",2,3.63
"pc3","2cpu-dc",0.55,"ssa",1,3.68
"pc3","2cpu-dc",0.55,"ssa",2,3.68
"pc3","2cpu-dc",0.55,"ssa",1,3.64
"pc3","2cpu-dc",0.55,"ssa",2,3.65
"pc3","2cpu-dc",0.55,"ssa",1,3.67
"pc3","2cpu-dc",0.55,"ssa",2,3.71
"pc3","2cpu-dc",0.55,"ssa",1,3.61
"pc3","2cpu-dc",0.55,"ssa",2,3.62
"pc3","2cpu-dc",0.55,"ssa",1,3.65
"pc3","2cpu-dc",0.55,"ssa",2,3.68
"pc3","2cpu-dc",0.55,"ssa",1,3.59
"pc3","2cpu-dc",0.55,"ssa",2,3.68
"pc3","2cpu-dc",0.55,"ssa",1,3.67
"pc3","2cpu-dc",0.55,"ssa",2,3.71
"pc3","2cpu-dc",0.55,"ssa",1,3.66
"pc3","2cpu-dc",0.55,"ssa",2,3.7
"pc3","2cpu-dc",0.55,"ssa",1,3.64
"pc3","2cpu-dc",0.55,"ssa",2,3.72
"pc3","2cpu-dc",0.55,"ssa",1,3.62
"pc3","2cpu-dc",0.55,"ssa",2,3.7
"pc3","2cpu-dc",0.55,"ssa",1,3.66
"pc3","2cpu-dc",0.55,"ssa",2,3.76
"pc3","2cpu-dc",0.65,"ssa",2,3.35
"pc3","2cpu-dc",0.65,"ssa",1,3.41
"pc3","2cpu-dc",0.65,"ssa",1,3.34
"pc3","2cpu-dc",0.65,"ssa",2,3.41
"pc3","2cpu-dc",0.65,"ssa",1,3.08
"pc3","2cpu-dc",0.65,"ssa",2,3.11
"pc3","2cpu-dc",0.65,"ssa",2,3.11
"pc3","2cpu-dc",0.65,"ssa",1,3.12
"pc3","2cpu-dc",0.65,"ssa",1,3.09
"pc3","2cpu-dc",0.65,"ssa",2,3.1
"pc3","2cpu-dc",0.65,"ssa",2,3.11
"pc3","2cpu-dc",0.65,"ssa",1,3.14
"pc3","2cpu-dc",0.65,"ssa",2,3.06
"pc3","2cpu-dc",0.65,"ssa",1,3.15
"pc3","2cpu-dc",0.65,"ssa",1,3.08
"pc3","2cpu-dc",0.65,"ssa",2,3.11
"pc3","2cpu-dc",0.65,"ssa",2,3.06
"pc3","2cpu-dc",0.65,"ssa",1,3.1
"pc3","2cpu-dc",0.65,"ssa",1,2.97
"pc3","2cpu-dc",0.65,"ssa",2,3.06
"pc3","2cpu-dc",0.65,"ssa",1,3.07
"pc3","2cpu-dc",0.65,"ssa",2,3.07
"pc3","2cpu-dc",0.65,"ssa",1,3.01
"pc3","2cpu-dc",0.65,"ssa",2,3.07
"pc3","2cpu-dc",0.65,"ssa",1,3.02
"pc3","2cpu-dc",0.65,"ssa",2,3.09
"pc3","2cpu-dc",0.65,"ssa",2,3.04
"pc3","2cpu-dc",0.65,"ssa",1,3.06
"pc3","2cpu-dc",0.65,"ssa",1,3.06
"pc3","2cpu-dc",0.65,"ssa",2,3.06
"pc3","2cpu-dc",0.65,"ssa",2,3.01
"pc3","2cpu-dc",0.65,"ssa",1,3.06
"pc3","2cpu-dc",0.65,"ssa",1,3.03
"pc3","2cpu-dc",0.65,"ssa",2,3.09
"pc3","2cpu-dc",0.65,"ssa",2,2.98
"pc3","2cpu-dc",0.65,"ssa",1,3.06
"pc3","2cpu-dc",0.65,"ssa",1,3.02
"pc3","2cpu-dc",0.65,"ssa",2,3.06
"pc3","2cpu-dc",0.65,"ssa",1,2.92
"pc3","2cpu-dc",0.65,"ssa",2,2.98
"pc3","2cpu-dc",0.65,"ssa",2,3.01
"pc3","2cpu-dc",0.65,"ssa",1,3.03
"pc3","2cpu-dc",0.65,"ssa",2,3.02
"pc3","2cpu-dc",0.65,"ssa",1,3.06
"pc3","2cpu-dc",0.65,"ssa",1,2.99
"pc3","2cpu-dc",0.65,"ssa",2,3.04
"pc3","2cpu-dc",0.65,"ssa",1,2.99
"pc3","2cpu-dc",0.65,"ssa",2,2.99
"pc3","2cpu-dc",0.65,"ssa",1,2.94
"pc3","2cpu-dc",0.65,"ssa",2,3.05
"pc3","2cpu-dc",0.65,"ssa",2,3.04
"pc3","2cpu-dc",0.65,"ssa",1,3.06
"pc3","2cpu-dc",0.65,"ssa",1,3.01
"pc3","2cpu-dc",0.65,"ssa",2,3.1
"pc3","2cpu-dc",0.65,"ssa",1,3.06
"pc3","2cpu-dc",0.65,"ssa",2,3.07
"pc3","2cpu-dc",0.65,"ssa",1,3.03
"pc3","2cpu-dc",0.65,"ssa",2,3.05
"pc3","2cpu-dc",0.65,"ssa",2,3.04
"pc3","2cpu-dc",0.65,"ssa",1,3.04
"pc3","2cpu-dc",0.75,"ssa",1,4.37
"pc3","2cpu-dc",0.75,"ssa",2,2.9
"pc3","2cpu-dc",0.75,"ssa",1,2.89
"pc3","2cpu-dc",0.75,"ssa",2,2.98
"pc3","2cpu-dc",0.75,"ssa",2,2.6
"pc3","2cpu-dc",0.75,"ssa",1,2.68
"pc3","2cpu-dc",0.75,"ssa",2,2.61
"pc3","2cpu-dc",0.75,"ssa",1,2.69
"pc3","2cpu-dc",0.75,"ssa",1,2.59
"pc3","2cpu-dc",0.75,"ssa",2,2.68
"pc3","2cpu-dc",0.75,"ssa",2,2.68
"pc3","2cpu-dc",0.75,"ssa",1,2.7
"pc3","2cpu-dc",0.75,"ssa",1,2.63
"pc3","2cpu-dc",0.75,"ssa",2,2.72
"pc3","2cpu-dc",0.75,"ssa",2,2.6
"pc3","2cpu-dc",0.75,"ssa",1,2.68
"pc3","2cpu-dc",0.75,"ssa",1,4.65
"pc3","2cpu-dc",0.75,"ssa",2,2.69
"pc3","2cpu-dc",0.75,"ssa",2,2.67
"pc3","2cpu-dc",0.75,"ssa",1,2.7
"pc3","2cpu-dc",0.75,"ssa",1,2.65
"pc3","2cpu-dc",0.75,"ssa",2,2.67
"pc3","2cpu-dc",0.75,"ssa",2,2.64
"pc3","2cpu-dc",0.75,"ssa",1,2.69
"pc3","2cpu-dc",0.75,"ssa",1,2.67
"pc3","2cpu-dc",0.75,"ssa",2,2.68
"pc3","2cpu-dc",0.75,"ssa",2,2.61
"pc3","2cpu-dc",0.75,"ssa",1,2.68
"pc3","2cpu-dc",0.75,"ssa",1,2.64
"pc3","2cpu-dc",0.75,"ssa",2,2.66
"pc3","2cpu-dc",0.75,"ssa",2,2.63
"pc3","2cpu-dc",0.75,"ssa",1,2.72
"pc3","2cpu-dc",0.75,"ssa",1,2.63
"pc3","2cpu-dc",0.75,"ssa",2,2.68
"pc3","2cpu-dc",0.75,"ssa",1,2.61
"pc3","2cpu-dc",0.75,"ssa",2,2.66
"pc3","2cpu-dc",0.75,"ssa",1,2.59
"pc3","2cpu-dc",0.75,"ssa",2,2.68
"pc3","2cpu-dc",0.75,"ssa",2,2.62
"pc3","2cpu-dc",0.75,"ssa",1,2.69
"pc3","2cpu-dc",0.75,"ssa",1,2.65
"pc3","2cpu-dc",0.75,"ssa",2,2.68
"pc3","2cpu-dc",0.75,"ssa",1,2.6
"pc3","2cpu-dc",0.75,"ssa",2,2.62
"pc3","2cpu-dc",0.75,"ssa",1,2.64
"pc3","2cpu-dc",0.75,"ssa",2,2.73
"pc3","2cpu-dc",0.75,"ssa",2,2.63
"pc3","2cpu-dc",0.75,"ssa",1,2.68
"pc3","2cpu-dc",0.75,"ssa",1,2.61
"pc3","2cpu-dc",0.75,"ssa",2,2.67
"pc3","2cpu-dc",0.75,"ssa",2,2.57
"pc3","2cpu-dc",0.75,"ssa",1,2.67
"pc3","2cpu-dc",0.75,"ssa",1,2.61
"pc3","2cpu-dc",0.75,"ssa",2,2.67
"pc3","2cpu-dc",0.75,"ssa",2,2.62
"pc3","2cpu-dc",0.75,"ssa",1,2.73
"pc3","2cpu-dc",0.75,"ssa",1,2.61
"pc3","2cpu-dc",0.75,"ssa",2,2.68
"pc3","2cpu-dc",0.75,"ssa",2,2.64
"pc3","2cpu-dc",0.75,"ssa",1,2.72
"pc3","2cpu-dc",0.85,"ssa",2,2.54
"pc3","2cpu-dc",0.85,"ssa",1,2.56
"pc3","2cpu-dc",0.85,"ssa",2,2.55
"pc3","2cpu-dc",0.85,"ssa",1,2.59
"pc3","2cpu-dc",0.85,"ssa",2,2.37
"pc3","2cpu-dc",0.85,"ssa",1,2.39
"pc3","2cpu-dc",0.85,"ssa",2,2.33
"pc3","2cpu-dc",0.85,"ssa",1,2.38
"pc3","2cpu-dc",0.85,"ssa",1,2.38
"pc3","2cpu-dc",0.85,"ssa",2,2.42
"pc3","2cpu-dc",0.85,"ssa",2,2.34
"pc3","2cpu-dc",0.85,"ssa",1,2.38
"pc3","2cpu-dc",0.85,"ssa",1,2.37
"pc3","2cpu-dc",0.85,"ssa",2,2.4
"pc3","2cpu-dc",0.85,"ssa",2,2.34
"pc3","2cpu-dc",0.85,"ssa",1,2.39
"pc3","2cpu-dc",0.85,"ssa",2,2.36
"pc3","2cpu-dc",0.85,"ssa",1,2.41
"pc3","2cpu-dc",0.85,"ssa",2,2.31
"pc3","2cpu-dc",0.85,"ssa",1,2.35
"pc3","2cpu-dc",0.85,"ssa",1,2.34
"pc3","2cpu-dc",0.85,"ssa",2,2.38
"pc3","2cpu-dc",0.85,"ssa",2,2.29
"pc3","2cpu-dc",0.85,"ssa",1,2.39
"pc3","2cpu-dc",0.85,"ssa",1,2.4
"pc3","2cpu-dc",0.85,"ssa",2,2.42
"pc3","2cpu-dc",0.85,"ssa",2,2.29
"pc3","2cpu-dc",0.85,"ssa",1,2.36
"pc3","2cpu-dc",0.85,"ssa",1,2.36
"pc3","2cpu-dc",0.85,"ssa",2,2.48
"pc3","2cpu-dc",0.85,"ssa",2,2.34
"pc3","2cpu-dc",0.85,"ssa",1,2.37
"pc3","2cpu-dc",0.85,"ssa",1,2.41
"pc3","2cpu-dc",0.85,"ssa",2,2.43
"pc3","2cpu-dc",0.85,"ssa",2,2.33
"pc3","2cpu-dc",0.85,"ssa",1,2.39
"pc3","2cpu-dc",0.85,"ssa",1,2.35
"pc3","2cpu-dc",0.85,"ssa",2,2.41
"pc3","2cpu-dc",0.85,"ssa",2,2.34
"pc3","2cpu-dc",0.85,"ssa",1,2.39
"pc3","2cpu-dc",0.85,"ssa",1,2.38
"pc3","2cpu-dc",0.85,"ssa",2,2.4
"pc3","2cpu-dc",0.85,"ssa",2,2.38
"pc3","2cpu-dc",0.85,"ssa",1,2.52
"pc3","2cpu-dc",0.85,"ssa",1,2.42
"pc3","2cpu-dc",0.85,"ssa",2,2.43
"pc3","2cpu-dc",0.85,"ssa",2,2.4
"pc3","2cpu-dc",0.85,"ssa",1,2.43
"pc3","2cpu-dc",0.85,"ssa",1,2.4
"pc3","2cpu-dc",0.85,"ssa",2,2.42
"pc3","2cpu-dc",0.85,"ssa",2,2.45
"pc3","2cpu-dc",0.85,"ssa",1,2.51
"pc3","2cpu-dc",0.85,"ssa",1,2.46
"pc3","2cpu-dc",0.85,"ssa",2,2.45
"pc3","2cpu-dc",0.85,"ssa",2,2.38
"pc3","2cpu-dc",0.85,"ssa",1,2.42
"pc3","2cpu-dc",0.85,"ssa",1,2.4
"pc3","2cpu-dc",0.85,"ssa",2,2.41
"pc3","2cpu-dc",0.85,"ssa",2,2.41
"pc3","2cpu-dc",0.85,"ssa",1,2.52
"pc3","2cpu-dc",0.95,"ssa",2,2.25
"pc3","2cpu-dc",0.95,"ssa",1,2.37
"pc3","2cpu-dc",0.95,"ssa",2,2.26
"pc3","2cpu-dc",0.95,"ssa",1,2.28
"pc3","2cpu-dc",0.95,"ssa",2,2.07
"pc3","2cpu-dc",0.95,"ssa",1,2.11
"pc3","2cpu-dc",0.95,"ssa",2,2.07
"pc3","2cpu-dc",0.95,"ssa",1,2.08
"pc3","2cpu-dc",0.95,"ssa",1,2.08
"pc3","2cpu-dc",0.95,"ssa",2,2.08
"pc3","2cpu-dc",0.95,"ssa",2,2.06
"pc3","2cpu-dc",0.95,"ssa",1,2.12
"pc3","2cpu-dc",0.95,"ssa",2,2.09
"pc3","2cpu-dc",0.95,"ssa",1,2.15
"pc3","2cpu-dc",0.95,"ssa",2,2.01
"pc3","2cpu-dc",0.95,"ssa",1,2.17
"pc3","2cpu-dc",0.95,"ssa",2,2.09
"pc3","2cpu-dc",0.95,"ssa",1,2.13
"pc3","2cpu-dc",0.95,"ssa",2,2.09
"pc3","2cpu-dc",0.95,"ssa",1,2.1
"pc3","2cpu-dc",0.95,"ssa",2,2.1
"pc3","2cpu-dc",0.95,"ssa",1,2.12
"pc3","2cpu-dc",0.95,"ssa",2,2.1
"pc3","2cpu-dc",0.95,"ssa",1,2.14
"pc3","2cpu-dc",0.95,"ssa",1,2.08
"pc3","2cpu-dc",0.95,"ssa",2,2.08
"pc3","2cpu-dc",0.95,"ssa",2,2.07
"pc3","2cpu-dc",0.95,"ssa",1,2.14
"pc3","2cpu-dc",0.95,"ssa",2,2.13
"pc3","2cpu-dc",0.95,"ssa",1,2.13
"pc3","2cpu-dc",0.95,"ssa",1,2.13
"pc3","2cpu-dc",0.95,"ssa",2,2.15
"pc3","2cpu-dc",0.95,"ssa",2,2.08
"pc3","2cpu-dc",0.95,"ssa",1,2.15
"pc3","2cpu-dc",0.95,"ssa",2,2.08
"pc3","2cpu-dc",0.95,"ssa",1,2.12
"pc3","2cpu-dc",0.95,"ssa",2,2.08
"pc3","2cpu-dc",0.95,"ssa",1,2.12
"pc3","2cpu-dc",0.95,"ssa",2,2.1
"pc3","2cpu-dc",0.95,"ssa",1,2.13
"pc3","2cpu-dc",0.95,"ssa",2,2.03
"pc3","2cpu-dc",0.95,"ssa",1,2.11
"pc3","2cpu-dc",0.95,"ssa",2,2.04
"pc3","2cpu-dc",0.95,"ssa",1,2.09
"pc3","2cpu-dc",0.95,"ssa",1,2.1
"pc3","2cpu-dc",0.95,"ssa",2,2.1
"pc3","2cpu-dc",0.95,"ssa",2,2.09
"pc3","2cpu-dc",0.95,"ssa",1,2.14
"pc3","2cpu-dc",0.95,"ssa",2,2.1
"pc3","2cpu-dc",0.95,"ssa",1,2.15
"pc3","2cpu-dc",0.95,"ssa",2,2.1
"pc3","2cpu-dc",0.95,"ssa",1,2.18
"pc3","2cpu-dc",0.95,"ssa",2,2.07
"pc3","2cpu-dc",0.95,"ssa",1,2.12
"pc3","2cpu-dc",0.95,"ssa",1,2.1
"pc3","2cpu-dc",0.95,"ssa",2,2.12
"pc3","2cpu-dc",0.95,"ssa",2,2.08
"pc3","2cpu-dc",0.95,"ssa",1,2.18
"pc3","2cpu-dc",0.95,"ssa",2,2.08
"pc3","2cpu-dc",0.95,"ssa",1,2.13
"pc3","2cpu-dc",0.05,"seadec",1,47.81
"pc3","2cpu-dc",0.05,"seadec",2,48.29
"pc3","2cpu-dc",0.05,"seadec",1,48.25
"pc3","2cpu-dc",0.05,"seadec",2,48.52
"pc3","2cpu-dc",0.05,"seadec",2,43.38
"pc3","2cpu-dc",0.05,"seadec",1,43.48
"pc3","2cpu-dc",0.05,"seadec",1,2.27
"pc3","2cpu-dc",0.05,"seadec",2,43.67
"pc3","2cpu-dc",0.05,"seadec",1,43.69
"pc3","2cpu-dc",0.05,"seadec",2,43.88
"pc3","2cpu-dc",0.05,"seadec",1,44.18
"pc3","2cpu-dc",0.05,"seadec",2,44.48
"pc3","2cpu-dc",0.05,"seadec",1,43.67
"pc3","2cpu-dc",0.05,"seadec",2,43.85
"pc3","2cpu-dc",0.05,"seadec",1,43.56
"pc3","2cpu-dc",0.05,"seadec",2,44.45
"pc3","2cpu-dc",0.05,"seadec",1,43.64
"pc3","2cpu-dc",0.05,"seadec",2,44.53
"pc3","2cpu-dc",0.05,"seadec",1,43.28
"pc3","2cpu-dc",0.05,"seadec",2,44.37
"pc3","2cpu-dc",0.05,"seadec",1,43.58
"pc3","2cpu-dc",0.05,"seadec",2,43.97
"pc3","2cpu-dc",0.05,"seadec",1,44.37
"pc3","2cpu-dc",0.05,"seadec",2,44.55
"pc3","2cpu-dc",0.05,"seadec",1,44.59
"pc3","2cpu-dc",0.05,"seadec",2,44.68
"pc3","2cpu-dc",0.05,"seadec",2,44.27
"pc3","2cpu-dc",0.05,"seadec",1,44.27
"pc3","2cpu-dc",0.05,"seadec",2,44.45
"pc3","2cpu-dc",0.05,"seadec",1,44.45
"pc3","2cpu-dc",0.05,"seadec",1,44.36
"pc3","2cpu-dc",0.05,"seadec",2,44.54
"pc3","2cpu-dc",0.05,"seadec",1,44.07
"pc3","2cpu-dc",0.05,"seadec",2,44.26
"pc3","2cpu-dc",0.05,"seadec",1,45.27
"pc3","2cpu-dc",0.05,"seadec",2,45.35
"pc3","2cpu-dc",0.05,"seadec",2,43.77
"pc3","2cpu-dc",0.05,"seadec",1,43.77
"pc3","2cpu-dc",0.05,"seadec",1,44.79
"pc3","2cpu-dc",0.05,"seadec",2,44.88
"pc3","2cpu-dc",0.05,"seadec",2,44.35
"pc3","2cpu-dc",0.05,"seadec",1,44.46
"pc3","2cpu-dc",0.05,"seadec",2,44.47
"pc3","2cpu-dc",0.05,"seadec",1,44.78
"pc3","2cpu-dc",0.05,"seadec",1,44.76
"pc3","2cpu-dc",0.05,"seadec",2,44.95
"pc3","2cpu-dc",0.05,"seadec",1,44.27
"pc3","2cpu-dc",0.05,"seadec",2,44.55
"pc3","2cpu-dc",0.05,"seadec",2,44.26
"pc3","2cpu-dc",0.05,"seadec",1,44.47
"pc3","2cpu-dc",0.05,"seadec",1,44.26
"pc3","2cpu-dc",0.05,"seadec",2,44.35
"pc3","2cpu-dc",0.05,"seadec",1,44.37
"pc3","2cpu-dc",0.05,"seadec",2,44.56
"pc3","2cpu-dc",0.05,"seadec",1,44.38
"pc3","2cpu-dc",0.05,"seadec",2,44.45
"pc3","2cpu-dc",0.05,"seadec",1,43.99
"pc3","2cpu-dc",0.05,"seadec",2,44.28
"pc3","2cpu-dc",0.05,"seadec",1,44.09
"pc3","2cpu-dc",0.05,"seadec",2,44.19
"pc3","2cpu-dc",0.15,"seadec",2,14.25
"pc3","2cpu-dc",0.15,"seadec",1,14.34
"pc3","2cpu-dc",0.15,"seadec",2,14.18
"pc3","2cpu-dc",0.15,"seadec",1,14.2
"pc3","2cpu-dc",0.15,"seadec",1,13.08
"pc3","2cpu-dc",0.15,"seadec",2,13.07
"pc3","2cpu-dc",0.15,"seadec",2,13.16
"pc3","2cpu-dc",0.15,"seadec",1,13.18
"pc3","2cpu-dc",0.15,"seadec",2,12.98
"pc3","2cpu-dc",0.15,"seadec",1,12.98
"pc3","2cpu-dc",0.15,"seadec",2,12.98
"pc3","2cpu-dc",0.15,"seadec",1,13.18
"pc3","2cpu-dc",0.15,"seadec",2,12.29
"pc3","2cpu-dc",0.15,"seadec",1,12.4
"pc3","2cpu-dc",0.15,"seadec",2,12.45
"pc3","2cpu-dc",0.15,"seadec",1,12.67
"pc3","2cpu-dc",0.15,"seadec",2,12.36
"pc3","2cpu-dc",0.15,"seadec",1,12.47
"pc3","2cpu-dc",0.15,"seadec",1,12.47
"pc3","2cpu-dc",0.15,"seadec",2,12.66
"pc3","2cpu-dc",0.15,"seadec",1,12.27
"pc3","2cpu-dc",0.15,"seadec",2,12.27
"pc3","2cpu-dc",0.15,"seadec",2,12.37
"pc3","2cpu-dc",0.15,"seadec",1,12.48
"pc3","2cpu-dc",0.15,"seadec",2,13.09
"pc3","2cpu-dc",0.15,"seadec",1,13.28
"pc3","2cpu-dc",0.15,"seadec",1,12.69
"pc3","2cpu-dc",0.15,"seadec",2,12.78
"pc3","2cpu-dc",0.15,"seadec",1,12.69
"pc3","2cpu-dc",0.15,"seadec",2,12.88
"pc3","2cpu-dc",0.15,"seadec",1,12.47
"pc3","2cpu-dc",0.15,"seadec",2,12.65
"pc3","2cpu-dc",0.15,"seadec",1,12.97
"pc3","2cpu-dc",0.15,"seadec",2,13.05
"pc3","2cpu-dc",0.15,"seadec",1,13.16
"pc3","2cpu-dc",0.15,"seadec",2,13.24
"pc3","2cpu-dc",0.15,"seadec",1,13.47
"pc3","2cpu-dc",0.15,"seadec",2,13.47
"pc3","2cpu-dc",0.15,"seadec",1,13.49
"pc3","2cpu-dc",0.15,"seadec",2,13.57
"pc3","2cpu-dc",0.15,"seadec",1,13.4
"pc3","2cpu-dc",0.15,"seadec",2,13.49
"pc3","2cpu-dc",0.15,"seadec",1,13.67
"pc3","2cpu-dc",0.15,"seadec",2,13.86
"pc3","2cpu-dc",0.15,"seadec",1,12.58
"pc3","2cpu-dc",0.15,"seadec",2,12.66
"pc3","2cpu-dc",0.15,"seadec",1,12.59
"pc3","2cpu-dc",0.15,"seadec",2,12.67
"pc3","2cpu-dc",0.15,"seadec",2,12.47
"pc3","2cpu-dc",0.15,"seadec",1,12.48
"pc3","2cpu-dc",0.15,"seadec",1,12.77
"pc3","2cpu-dc",0.15,"seadec",2,12.78
"pc3","2cpu-dc",0.15,"seadec",2,12.61
"pc3","2cpu-dc",0.15,"seadec",1,12.73
"pc3","2cpu-dc",0.15,"seadec",2,12.45
"pc3","2cpu-dc",0.15,"seadec",1,12.66
"pc3","2cpu-dc",0.15,"seadec",2,12.45
"pc3","2cpu-dc",0.15,"seadec",1,12.57
"pc3","2cpu-dc",0.15,"seadec",2,12.36
"pc3","2cpu-dc",0.15,"seadec",1,12.67
"pc3","2cpu-dc",0.25,"seadec",1,7.84
"pc3","2cpu-dc",0.25,"seadec",2,7.84
"pc3","2cpu-dc",0.25,"seadec",2,7.56
"pc3","2cpu-dc",0.25,"seadec",1,7.56
"pc3","2cpu-dc",0.25,"seadec",1,6.7
"pc3","2cpu-dc",0.25,"seadec",2,6.7
"pc3","2cpu-dc",0.25,"seadec",2,7.01
"pc3","2cpu-dc",0.25,"seadec",1,7.02
"pc3","2cpu-dc",0.25,"seadec",1,6.75
"pc3","2cpu-dc",0.25,"seadec",2,6.75
"pc3","2cpu-dc",0.25,"seadec",1,6.87
"pc3","2cpu-dc",0.25,"seadec",2,6.87
"pc3","2cpu-dc",0.25,"seadec",2,6.77
"pc3","2cpu-dc",0.25,"seadec",1,6.77
"pc3","2cpu-dc",0.25,"seadec",1,7.04
"pc3","2cpu-dc",0.25,"seadec",2,7.05
"pc3","2cpu-dc",0.25,"seadec",2,6.75
"pc3","2cpu-dc",0.25,"seadec",1,6.86
"pc3","2cpu-dc",0.25,"seadec",2,6.66
"pc3","2cpu-dc",0.25,"seadec",1,6.69
"pc3","2cpu-dc",0.25,"seadec",2,6.87
"pc3","2cpu-dc",0.25,"seadec",1,6.96
"pc3","2cpu-dc",0.25,"seadec",2,6.85
"pc3","2cpu-dc",0.25,"seadec",1,6.87
"pc3","2cpu-dc",0.25,"seadec",1,6.88
"pc3","2cpu-dc",0.25,"seadec",2,6.98
"pc3","2cpu-dc",0.25,"seadec",1,6.89
"pc3","2cpu-dc",0.25,"seadec",2,6.89
"pc3","2cpu-dc",0.25,"seadec",2,6.65
"pc3","2cpu-dc",0.25,"seadec",1,6.74
"pc3","2cpu-dc",0.25,"seadec",1,6.71
"pc3","2cpu-dc",0.25,"seadec",2,6.81
"pc3","2cpu-dc",0.25,"seadec",1,6.78
"pc3","2cpu-dc",0.25,"seadec",2,6.85
"pc3","2cpu-dc",0.25,"seadec",1,6.7
"pc3","2cpu-dc",0.25,"seadec",2,6.79
"pc3","2cpu-dc",0.25,"seadec",2,6.85
"pc3","2cpu-dc",0.25,"seadec",1,6.94
"pc3","2cpu-dc",0.25,"seadec",1,6.8
"pc3","2cpu-dc",0.25,"seadec",2,6.8
"pc3","2cpu-dc",0.25,"seadec",2,6.88
"pc3","2cpu-dc",0.25,"seadec",1,6.98
"pc3","2cpu-dc",0.25,"seadec",2,6.86
"pc3","2cpu-dc",0.25,"seadec",1,6.97
"pc3","2cpu-dc",0.25,"seadec",2,6.8
"pc3","2cpu-dc",0.25,"seadec",1,6.9
"pc3","2cpu-dc",0.25,"seadec",2,6.78
"pc3","2cpu-dc",0.25,"seadec",1,6.87
"pc3","2cpu-dc",0.25,"seadec",2,6.9
"pc3","2cpu-dc",0.25,"seadec",1,6.99
"pc3","2cpu-dc",0.25,"seadec",1,7.03
"pc3","2cpu-dc",0.25,"seadec",2,7.12
"pc3","2cpu-dc",0.25,"seadec",2,6.88
"pc3","2cpu-dc",0.25,"seadec",1,6.98
"pc3","2cpu-dc",0.25,"seadec",2,6.79
"pc3","2cpu-dc",0.25,"seadec",1,6.98
"pc3","2cpu-dc",0.25,"seadec",2,6.85
"pc3","2cpu-dc",0.25,"seadec",1,6.88
"pc3","2cpu-dc",0.25,"seadec",2,6.86
"pc3","2cpu-dc",0.25,"seadec",1,6.95
"pc3","2cpu-dc",0.35,"seadec",1,5.19
"pc3","2cpu-dc",0.35,"seadec",2,5.18
"pc3","2cpu-dc",0.35,"seadec",1,5.33
"pc3","2cpu-dc",0.35,"seadec",2,5.35
"pc3","2cpu-dc",0.35,"seadec",2,4.57
"pc3","2cpu-dc",0.35,"seadec",1,4.67
"pc3","2cpu-dc",0.35,"seadec",2,4.66
"pc3","2cpu-dc",0.35,"seadec",1,4.76
"pc3","2cpu-dc",0.35,"seadec",2,4.61
"pc3","2cpu-dc",0.35,"seadec",1,4.71
"pc3","2cpu-dc",0.35,"seadec",1,4.69
"pc3","2cpu-dc",0.35,"seadec",2,4.76
"pc3","2cpu-dc",0.35,"seadec",2,4.69
"pc3","2cpu-dc",0.35,"seadec",1,4.71
"pc3","2cpu-dc",0.35,"seadec",1,4.7
"pc3","2cpu-dc",0.35,"seadec",2,4.7
"pc3","2cpu-dc",0.35,"seadec",1,4.76
"pc3","2cpu-dc",0.35,"seadec",2,4.76
"pc3","2cpu-dc",0.35,"seadec",1,4.65
"pc3","2cpu-dc",0.35,"seadec",2,4.65
"pc3","2cpu-dc",0.35,"seadec",2,5.86
"pc3","2cpu-dc",0.35,"seadec",1,5.86
"pc3","2cpu-dc",0.35,"seadec",1,4.75
"pc3","2cpu-dc",0.35,"seadec",2,4.76
"pc3","2cpu-dc",0.35,"seadec",2,4.79
"pc3","2cpu-dc",0.35,"seadec",1,4.81
"pc3","2cpu-dc",0.35,"seadec",1,4.65
"pc3","2cpu-dc",0.35,"seadec",2,4.65
"pc3","2cpu-dc",0.35,"seadec",1,4.64
"pc3","2cpu-dc",0.35,"seadec",2,4.64
"pc3","2cpu-dc",0.35,"seadec",2,4.71
"pc3","2cpu-dc",0.35,"seadec",1,4.71
"pc3","2cpu-dc",0.35,"seadec",2,4.71
"pc3","2cpu-dc",0.35,"seadec",1,4.74
"pc3","2cpu-dc",0.35,"seadec",1,4.66
"pc3","2cpu-dc",0.35,"seadec",2,4.74
"pc3","2cpu-dc",0.35,"seadec",1,4.69
"pc3","2cpu-dc",0.35,"seadec",2,4.79
"pc3","2cpu-dc",0.35,"seadec",1,4.57
"pc3","2cpu-dc",0.35,"seadec",2,4.65
"pc3","2cpu-dc",0.35,"seadec",2,4.69
"pc3","2cpu-dc",0.35,"seadec",1,4.78
"pc3","2cpu-dc",0.35,"seadec",1,4.78
"pc3","2cpu-dc",0.35,"seadec",2,4.78
"pc3","2cpu-dc",0.35,"seadec",2,4.73
"pc3","2cpu-dc",0.35,"seadec",1,4.75
"pc3","2cpu-dc",0.35,"seadec",1,4.68
"pc3","2cpu-dc",0.35,"seadec",2,4.75
"pc3","2cpu-dc",0.35,"seadec",1,4.7
"pc3","2cpu-dc",0.35,"seadec",2,4.77
"pc3","2cpu-dc",0.35,"seadec",1,4.77
"pc3","2cpu-dc",0.35,"seadec",2,4.87
"pc3","2cpu-dc",0.35,"seadec",2,4.66
"pc3","2cpu-dc",0.35,"seadec",1,4.75
"pc3","2cpu-dc",0.35,"seadec",1,4.71
"pc3","2cpu-dc",0.35,"seadec",2,4.71
"pc3","2cpu-dc",0.35,"seadec",2,4.71
"pc3","2cpu-dc",0.35,"seadec",1,4.71
"pc3","2cpu-dc",0.35,"seadec",2,4.65
"pc3","2cpu-dc",0.35,"seadec",1,4.74
"pc3","2cpu-dc",0.45,"seadec",2,3.97
"pc3","2cpu-dc",0.45,"seadec",1,3.98
"pc3","2cpu-dc",0.45,"seadec",2,3.96
"pc3","2cpu-dc",0.45,"seadec",1,3.99
"pc3","2cpu-dc",0.45,"seadec",1,3.56
"pc3","2cpu-dc",0.45,"seadec",2,3.56
"pc3","2cpu-dc",0.45,"seadec",2,3.56
"pc3","2cpu-dc",0.45,"seadec",1,3.58
"pc3","2cpu-dc",0.45,"seadec",2,3.55
"pc3","2cpu-dc",0.45,"seadec",1,3.57
"pc3","2cpu-dc",0.45,"seadec",2,3.54
"pc3","2cpu-dc",0.45,"seadec",1,3.54
"pc3","2cpu-dc",0.45,"seadec",2,3.51
"pc3","2cpu-dc",0.45,"seadec",1,3.52
"pc3","2cpu-dc",0.45,"seadec",2,3.55
"pc3","2cpu-dc",0.45,"seadec",1,3.63
"pc3","2cpu-dc",0.45,"seadec",2,3.52
"pc3","2cpu-dc",0.45,"seadec",1,3.59
"pc3","2cpu-dc",0.45,"seadec",2,3.49
"pc3","2cpu-dc",0.45,"seadec",1,3.52
"pc3","2cpu-dc",0.45,"seadec",2,3.53
"pc3","2cpu-dc",0.45,"seadec",1,3.56
"pc3","2cpu-dc",0.45,"seadec",1,3.55
"pc3","2cpu-dc",0.45,"seadec",2,3.54
"pc3","2cpu-dc",0.45,"seadec",2,3.49
"pc3","2cpu-dc",0.45,"seadec",1,3.51
"pc3","2cpu-dc",0.45,"seadec",2,3.47
"pc3","2cpu-dc",0.45,"seadec",1,3.53
"pc3","2cpu-dc",0.45,"seadec",2,3.5
"pc3","2cpu-dc",0.45,"seadec",1,3.52
"pc3","2cpu-dc",0.45,"seadec",2,3.49
"pc3","2cpu-dc",0.45,"seadec",1,3.49
"pc3","2cpu-dc",0.45,"seadec",1,3.52
"pc3","2cpu-dc",0.45,"seadec",2,3.53
"pc3","2cpu-dc",0.45,"seadec",1,3.52
"pc3","2cpu-dc",0.45,"seadec",2,3.52
"pc3","2cpu-dc",0.45,"seadec",1,3.56
"pc3","2cpu-dc",0.45,"seadec",2,3.59
"pc3","2cpu-dc",0.45,"seadec",1,3.54
"pc3","2cpu-dc",0.45,"seadec",2,3.58
"pc3","2cpu-dc",0.45,"seadec",1,3.59
"pc3","2cpu-dc",0.45,"seadec",2,3.66
"pc3","2cpu-dc",0.45,"seadec",1,3.59
"pc3","2cpu-dc",0.45,"seadec",2,3.59
"pc3","2cpu-dc",0.45,"seadec",2,3.65
"pc3","2cpu-dc",0.45,"seadec",1,3.65
"pc3","2cpu-dc",0.45,"seadec",1,3.56
"pc3","2cpu-dc",0.45,"seadec",2,3.56
"pc3","2cpu-dc",0.45,"seadec",2,3.56
"pc3","2cpu-dc",0.45,"seadec",1,3.56
"pc3","2cpu-dc",0.45,"seadec",2,3.56
"pc3","2cpu-dc",0.45,"seadec",1,3.57
"pc3","2cpu-dc",0.45,"seadec",2,3.66
"pc3","2cpu-dc",0.45,"seadec",1,3.66
"pc3","2cpu-dc",0.45,"seadec",1,3.57
"pc3","2cpu-dc",0.45,"seadec",2,3.58
"pc3","2cpu-dc",0.45,"seadec",2,3.58
"pc3","2cpu-dc",0.45,"seadec",1,3.66
"pc3","2cpu-dc",0.45,"seadec",2,3.49
"pc3","2cpu-dc",0.45,"seadec",1,3.59
"pc3","2cpu-dc",0.55,"seadec",2,3.25
"pc3","2cpu-dc",0.55,"seadec",1,3.27
"pc3","2cpu-dc",0.55,"seadec",1,3.26
"pc3","2cpu-dc",0.55,"seadec",2,3.26
"pc3","2cpu-dc",0.55,"seadec",1,2.9
"pc3","2cpu-dc",0.55,"seadec",2,2.96
"pc3","2cpu-dc",0.55,"seadec",1,2.82
"pc3","2cpu-dc",0.55,"seadec",2,2.88
"pc3","2cpu-dc",0.55,"seadec",2,2.88
"pc3","2cpu-dc",0.55,"seadec",1,2.9
"pc3","2cpu-dc",0.55,"seadec",1,2.93
"pc3","2cpu-dc",0.55,"seadec",2,2.95
"pc3","2cpu-dc",0.55,"seadec",1,2.86
"pc3","2cpu-dc",0.55,"seadec",2,2.86
"pc3","2cpu-dc",0.55,"seadec",1,2.8
"pc3","2cpu-dc",0.55,"seadec",2,2.79
"pc3","2cpu-dc",0.55,"seadec",1,2.85
"pc3","2cpu-dc",0.55,"seadec",2,2.85
"pc3","2cpu-dc",0.55,"seadec",1,2.83
"pc3","2cpu-dc",0.55,"seadec",2,2.84
"pc3","2cpu-dc",0.55,"seadec",2,2.8
"pc3","2cpu-dc",0.55,"seadec",1,2.8
"pc3","2cpu-dc",0.55,"seadec",2,2.8
"pc3","2cpu-dc",0.55,"seadec",1,2.83
"pc3","2cpu-dc",0.55,"seadec",2,2.8
"pc3","2cpu-dc",0.55,"seadec",1,2.88
"pc3","2cpu-dc",0.55,"seadec",2,2.79
"pc3","2cpu-dc",0.55,"seadec",1,2.81
"pc3","2cpu-dc",0.55,"seadec",2,2.86
"pc3","2cpu-dc",0.55,"seadec",1,2.88
"pc3","2cpu-dc",0.55,"seadec",2,2.83
"pc3","2cpu-dc",0.55,"seadec",1,2.84
"pc3","2cpu-dc",0.55,"seadec",2,2.8
"pc3","2cpu-dc",0.55,"seadec",1,2.84
"pc3","2cpu-dc",0.55,"seadec",1,2.8
"pc3","2cpu-dc",0.55,"seadec",2,3.01
"pc3","2cpu-dc",0.55,"seadec",1,2.84
"pc3","2cpu-dc",0.55,"seadec",2,2.84
"pc3","2cpu-dc",0.55,"seadec",1,2.78
"pc3","2cpu-dc",0.55,"seadec",2,2.85
"pc3","2cpu-dc",0.55,"seadec",1,2.81
"pc3","2cpu-dc",0.55,"seadec",2,2.81
"pc3","2cpu-dc",0.55,"seadec",1,2.84
"pc3","2cpu-dc",0.55,"seadec",2,2.85
"pc3","2cpu-dc",0.55,"seadec",1,2.87
"pc3","2cpu-dc",0.55,"seadec",2,2.87
"pc3","2cpu-dc",0.55,"seadec",2,2.86
"pc3","2cpu-dc",0.55,"seadec",1,2.93
"pc3","2cpu-dc",0.55,"seadec",1,2.83
"pc3","2cpu-dc",0.55,"seadec",2,2.83
"pc3","2cpu-dc",0.55,"seadec",1,2.86
"pc3","2cpu-dc",0.55,"seadec",2,2.85
"pc3","2cpu-dc",0.55,"seadec",1,2.86
"pc3","2cpu-dc",0.55,"seadec",2,2.86
"pc3","2cpu-dc",0.55,"seadec",1,2.87
"pc3","2cpu-dc",0.55,"seadec",2,2.88
"pc3","2cpu-dc",0.55,"seadec",1,2.85
"pc3","2cpu-dc",0.55,"seadec",2,2.85
"pc3","2cpu-dc",0.55,"seadec",1,2.88
"pc3","2cpu-dc",0.55,"seadec",2,2.88
"pc3","2cpu-dc",0.65,"seadec",2,2.72
"pc3","2cpu-dc",0.65,"seadec",1,2.75
"pc3","2cpu-dc",0.65,"seadec",1,2.67
"pc3","2cpu-dc",0.65,"seadec",2,2.67
"pc3","2cpu-dc",0.65,"seadec",2,2.37
"pc3","2cpu-dc",0.65,"seadec",1,2.37
"pc3","2cpu-dc",0.65,"seadec",2,2.33
"pc3","2cpu-dc",0.65,"seadec",1,2.34
"pc3","2cpu-dc",0.65,"seadec",2,2.37
"pc3","2cpu-dc",0.65,"seadec",1,2.38
"pc3","2cpu-dc",0.65,"seadec",1,2.38
"pc3","2cpu-dc",0.65,"seadec",2,2.38
"pc3","2cpu-dc",0.65,"seadec",2,2.39
"pc3","2cpu-dc",0.65,"seadec",1,2.39
"pc3","2cpu-dc",0.65,"seadec",1,2.36
"pc3","2cpu-dc",0.65,"seadec",2,2.36
"pc3","2cpu-dc",0.65,"seadec",2,2.36
"pc3","2cpu-dc",0.65,"seadec",1,2.36
"pc3","2cpu-dc",0.65,"seadec",1,2.34
"pc3","2cpu-dc",0.65,"seadec",2,2.34
"pc3","2cpu-dc",0.65,"seadec",1,2.36
"pc3","2cpu-dc",0.65,"seadec",2,2.36
"pc3","2cpu-dc",0.65,"seadec",2,2.42
"pc3","2cpu-dc",0.65,"seadec",1,2.42
"pc3","2cpu-dc",0.65,"seadec",2,2.42
"pc3","2cpu-dc",0.65,"seadec",1,2.42
"pc3","2cpu-dc",0.65,"seadec",1,2.44
"pc3","2cpu-dc",0.65,"seadec",2,2.44
"pc3","2cpu-dc",0.65,"seadec",2,2.42
"pc3","2cpu-dc",0.65,"seadec",1,2.45
"pc3","2cpu-dc",0.65,"seadec",1,2.36
"pc3","2cpu-dc",0.65,"seadec",2,2.37
"pc3","2cpu-dc",0.65,"seadec",1,2.37
"pc3","2cpu-dc",0.65,"seadec",2,2.37
"pc3","2cpu-dc",0.65,"seadec",1,2.38
"pc3","2cpu-dc",0.65,"seadec",2,2.41
"pc3","2cpu-dc",0.65,"seadec",1,2.34
"pc3","2cpu-dc",0.65,"seadec",2,2.4
"pc3","2cpu-dc",0.65,"seadec",1,2.32
"pc3","2cpu-dc",0.65,"seadec",2,2.38
"pc3","2cpu-dc",0.65,"seadec",1,2.39
"pc3","2cpu-dc",0.65,"seadec",2,2.41
"pc3","2cpu-dc",0.65,"seadec",2,2.41
"pc3","2cpu-dc",0.65,"seadec",1,2.42
"pc3","2cpu-dc",0.65,"seadec",1,2.45
"pc3","2cpu-dc",0.65,"seadec",2,2.45
"pc3","2cpu-dc",0.65,"seadec",1,2.39
"pc3","2cpu-dc",0.65,"seadec",2,2.4
"pc3","2cpu-dc",0.65,"seadec",1,2.43
"pc3","2cpu-dc",0.65,"seadec",2,2.44
"pc3","2cpu-dc",0.65,"seadec",1,2.39
"pc3","2cpu-dc",0.65,"seadec",2,2.42
"pc3","2cpu-dc",0.65,"seadec",1,2.42
"pc3","2cpu-dc",0.65,"seadec",2,2.42
"pc3","2cpu-dc",0.65,"seadec",1,2.44
"pc3","2cpu-dc",0.65,"seadec",2,2.44
"pc3","2cpu-dc",0.65,"seadec",2,2.4
"pc3","2cpu-dc",0.65,"seadec",1,2.41
"pc3","2cpu-dc",0.65,"seadec",1,2.44
"pc3","2cpu-dc",0.65,"seadec",2,2.44
"pc3","2cpu-dc",0.75,"seadec",2,2.32
"pc3","2cpu-dc",0.75,"seadec",1,2.34
"pc3","2cpu-dc",0.75,"seadec",2,2.31
"pc3","2cpu-dc",0.75,"seadec",1,2.34
"pc3","2cpu-dc",0.75,"seadec",2,2.06
"pc3","2cpu-dc",0.75,"seadec",1,2.08
"pc3","2cpu-dc",0.75,"seadec",1,2.1
"pc3","2cpu-dc",0.75,"seadec",2,2.12
"pc3","2cpu-dc",0.75,"seadec",2,2.05
"pc3","2cpu-dc",0.75,"seadec",1,2.05
"pc3","2cpu-dc",0.75,"seadec",1,2.1
"pc3","2cpu-dc",0.75,"seadec",2,2.09
"pc3","2cpu-dc",0.75,"seadec",2,2.06
"pc3","2cpu-dc",0.75,"seadec",1,2.08
"pc3","2cpu-dc",0.75,"seadec",2,2.07
"pc3","2cpu-dc",0.75,"seadec",1,2.07
"pc3","2cpu-dc",0.75,"seadec",2,2.08
"pc3","2cpu-dc",0.75,"seadec",1,2.09
"pc3","2cpu-dc",0.75,"seadec",2,2.03
"pc3","2cpu-dc",0.75,"seadec",1,2.07
"pc3","2cpu-dc",0.75,"seadec",1,2.09
"pc3","2cpu-dc",0.75,"seadec",2,2.09
"pc3","2cpu-dc",0.75,"seadec",1,2.07
"pc3","2cpu-dc",0.75,"seadec",2,2.06
"pc3","2cpu-dc",0.75,"seadec",1,2.07
"pc3","2cpu-dc",0.75,"seadec",2,2.06
"pc3","2cpu-dc",0.75,"seadec",2,2.14
"pc3","2cpu-dc",0.75,"seadec",1,2.15
"pc3","2cpu-dc",0.75,"seadec",2,2.06
"pc3","2cpu-dc",0.75,"seadec",1,2.09
"pc3","2cpu-dc",0.75,"seadec",2,2.04
"pc3","2cpu-dc",0.75,"seadec",1,2.08
"pc3","2cpu-dc",0.75,"seadec",1,2.06
"pc3","2cpu-dc",0.75,"seadec",2,2.05
"pc3","2cpu-dc",0.75,"seadec",1,2.08
"pc3","2cpu-dc",0.75,"seadec",2,2.11
"pc3","2cpu-dc",0.75,"seadec",1,2.05
"pc3","2cpu-dc",0.75,"seadec",2,2.08
"pc3","2cpu-dc",0.75,"seadec",1,2.05
"pc3","2cpu-dc",0.75,"seadec",2,2.1
"pc3","2cpu-dc",0.75,"seadec",1,2.1
"pc3","2cpu-dc",0.75,"seadec",2,2.11
"pc3","2cpu-dc",0.75,"seadec",1,2.13
"pc3","2cpu-dc",0.75,"seadec",2,2.14
"pc3","2cpu-dc",0.75,"seadec",1,2.16
"pc3","2cpu-dc",0.75,"seadec",2,2.17
"pc3","2cpu-dc",0.75,"seadec",1,2.16
"pc3","2cpu-dc",0.75,"seadec",2,2.16
"pc3","2cpu-dc",0.75,"seadec",1,2.14
"pc3","2cpu-dc",0.75,"seadec",2,2.15
"pc3","2cpu-dc",0.75,"seadec",1,2.13
"pc3","2cpu-dc",0.75,"seadec",2,2.14
"pc3","2cpu-dc",0.75,"seadec",1,2.15
"pc3","2cpu-dc",0.75,"seadec",2,2.16
"pc3","2cpu-dc",0.75,"seadec",1,2.14
"pc3","2cpu-dc",0.75,"seadec",2,2.15
"pc3","2cpu-dc",0.75,"seadec",2,2.13
"pc3","2cpu-dc",0.75,"seadec",1,2.16
"pc3","2cpu-dc",0.75,"seadec",1,2.17
"pc3","2cpu-dc",0.85,"seadec",1,2.05
"pc3","2cpu-dc",0.85,"seadec",2,2.05
"pc3","2cpu-dc",0.85,"seadec",1,2.07
"pc3","2cpu-dc",0.85,"seadec",2,2.07
"pc3","2cpu-dc",0.85,"seadec",2,1.83
"pc3","2cpu-dc",0.85,"seadec",1,1.83
"pc3","2cpu-dc",0.85,"seadec",2,1.84
"pc3","2cpu-dc",0.85,"seadec",1,1.84
"pc3","2cpu-dc",0.85,"seadec",1,1.83
"pc3","2cpu-dc",0.85,"seadec",2,1.83
"pc3","2cpu-dc",0.85,"seadec",2,1.82
"pc3","2cpu-dc",0.85,"seadec",1,1.84
"pc3","2cpu-dc",0.85,"seadec",1,1.87
"pc3","2cpu-dc",0.85,"seadec",2,1.85
"pc3","2cpu-dc",0.85,"seadec",2,1.81
"pc3","2cpu-dc",0.85,"seadec",1,1.83
"pc3","2cpu-dc",0.85,"seadec",2,1.8
"pc3","2cpu-dc",0.85,"seadec",1,1.83
"pc3","2cpu-dc",0.85,"seadec",2,1.82
"pc3","2cpu-dc",0.85,"seadec",1,1.82
"pc3","2cpu-dc",0.85,"seadec",1,1.81
"pc3","2cpu-dc",0.85,"seadec",2,1.81
"pc3","2cpu-dc",0.85,"seadec",2,1.79
"pc3","2cpu-dc",0.85,"seadec",1,1.82
"pc3","2cpu-dc",0.85,"seadec",1,1.82
"pc3","2cpu-dc",0.85,"seadec",2,1.83
"pc3","2cpu-dc",0.85,"seadec",2,1.82
"pc3","2cpu-dc",0.85,"seadec",1,1.82
"pc3","2cpu-dc",0.85,"seadec",1,1.83
"pc3","2cpu-dc",0.85,"seadec",2,1.83
"pc3","2cpu-dc",0.85,"seadec",1,1.81
"pc3","2cpu-dc",0.85,"seadec",2,1.83
"pc3","2cpu-dc",0.85,"seadec",1,1.81
"pc3","2cpu-dc",0.85,"seadec",2,1.82
"pc3","2cpu-dc",0.85,"seadec",2,1.82
"pc3","2cpu-dc",0.85,"seadec",1,1.82
"pc3","2cpu-dc",0.85,"seadec",1,1.83
"pc3","2cpu-dc",0.85,"seadec",2,1.85
"pc3","2cpu-dc",0.85,"seadec",1,1.86
"pc3","2cpu-dc",0.85,"seadec",2,1.85
"pc3","2cpu-dc",0.85,"seadec",1,1.87
"pc3","2cpu-dc",0.85,"seadec",1,1.85
"pc3","2cpu-dc",0.85,"seadec",2,1.86
"pc3","2cpu-dc",0.85,"seadec",2,1.85
"pc3","2cpu-dc",0.85,"seadec",1,1.85
"pc3","2cpu-dc",0.85,"seadec",2,1.85
"pc3","2cpu-dc",0.85,"seadec",1,1.85
"pc3","2cpu-dc",0.85,"seadec",2,1.84
"pc3","2cpu-dc",0.85,"seadec",1,1.86
"pc3","2cpu-dc",0.85,"seadec",1,1.87
"pc3","2cpu-dc",0.85,"seadec",2,1.86
"pc3","2cpu-dc",0.85,"seadec",1,1.86
"pc3","2cpu-dc",0.85,"seadec",2,1.86
"pc3","2cpu-dc",0.85,"seadec",1,1.85
"pc3","2cpu-dc",0.85,"seadec",2,1.86
"pc3","2cpu-dc",0.85,"seadec",1,1.86
"pc3","2cpu-dc",0.85,"seadec",2,1.87
"pc3","2cpu-dc",0.85,"seadec",2,1.85
"pc3","2cpu-dc",0.85,"seadec",1,1.89
"pc3","2cpu-dc",0.95,"seadec",1,1.9
"pc3","2cpu-dc",0.95,"seadec",2,1.9
"pc3","2cpu-dc",0.95,"seadec",1,1.83
"pc3","2cpu-dc",0.95,"seadec",2,1.84
"pc3","2cpu-dc",0.95,"seadec",1,1.63
"pc3","2cpu-dc",0.95,"seadec",2,1.62
"pc3","2cpu-dc",0.95,"seadec",1,1.65
"pc3","2cpu-dc",0.95,"seadec",2,1.67
"pc3","2cpu-dc",0.95,"seadec",1,1.63
"pc3","2cpu-dc",0.95,"seadec",2,1.63
"pc3","2cpu-dc",0.95,"seadec",1,1.62
"pc3","2cpu-dc",0.95,"seadec",2,1.63
"pc3","2cpu-dc",0.95,"seadec",1,1.61
"pc3","2cpu-dc",0.95,"seadec",2,1.61
"pc3","2cpu-dc",0.95,"seadec",1,1.63
"pc3","2cpu-dc",0.95,"seadec",2,1.63
"pc3","2cpu-dc",0.95,"seadec",2,1.66
"pc3","2cpu-dc",0.95,"seadec",1,1.69
"pc3","2cpu-dc",0.95,"seadec",2,1.62
"pc3","2cpu-dc",0.95,"seadec",1,1.64
"pc3","2cpu-dc",0.95,"seadec",2,1.65
"pc3","2cpu-dc",0.95,"seadec",1,1.65
"pc3","2cpu-dc",0.95,"seadec",1,1.63
"pc3","2cpu-dc",0.95,"seadec",2,1.62
"pc3","2cpu-dc",0.95,"seadec",2,1.62
"pc3","2cpu-dc",0.95,"seadec",1,1.63
"pc3","2cpu-dc",0.95,"seadec",1,1.62
"pc3","2cpu-dc",0.95,"seadec",2,1.65
"pc3","2cpu-dc",0.95,"seadec",1,1.62
"pc3","2cpu-dc",0.95,"seadec",2,1.63
"pc3","2cpu-dc",0.95,"seadec",1,1.61
"pc3","2cpu-dc",0.95,"seadec",2,1.61
"pc3","2cpu-dc",0.95,"seadec",1,1.61
"pc3","2cpu-dc",0.95,"seadec",2,1.61
"pc3","2cpu-dc",0.95,"seadec",2,1.6
"pc3","2cpu-dc",0.95,"seadec",1,1.63
"pc3","2cpu-dc",0.95,"seadec",1,1.63
"pc3","2cpu-dc",0.95,"seadec",2,1.65
"pc3","2cpu-dc",0.95,"seadec",1,1.61
"pc3","2cpu-dc",0.95,"seadec",2,1.63
"pc3","2cpu-dc",0.95,"seadec",1,1.65
"pc3","2cpu-dc",0.95,"seadec",2,1.65
"pc3","2cpu-dc",0.95,"seadec",2,1.64
"pc3","2cpu-dc",0.95,"seadec",1,1.64
"pc3","2cpu-dc",0.95,"seadec",1,1.65
"pc3","2cpu-dc",0.95,"seadec",2,1.65
"pc3","2cpu-dc",0.95,"seadec",1,1.64
"pc3","2cpu-dc",0.95,"seadec",2,1.65
"pc3","2cpu-dc",0.95,"seadec",2,1.63
"pc3","2cpu-dc",0.95,"seadec",1,1.63
"pc3","2cpu-dc",0.95,"seadec",2,1.65
"pc3","2cpu-dc",0.95,"seadec",1,1.65
"pc3","2cpu-dc",0.95,"seadec",2,1.64
"pc3","2cpu-dc",0.95,"seadec",1,1.64
"pc3","2cpu-dc",0.95,"seadec",1,1.66
"pc3","2cpu-dc",0.95,"seadec",2,1.67
"pc3","2cpu-dc",0.95,"seadec",1,1.64
"pc3","2cpu-dc",0.95,"seadec",2,1.64
"pc3","2cpu-dc",0.95,"seadec",1,1.64
"pc3","2cpu-dc",0.95,"seadec",2,1.64
"pc3","2cpu-dc",0.05,"SMA",2,47.84
"pc3","2cpu-dc",0.05,"SMA",1,48.65
"pc3","2cpu-dc",0.05,"SMA",1,48.36
"pc3","2cpu-dc",0.05,"SMA",2,48.45
"pc3","2cpu-dc",0.05,"SMA",2,44.54
"pc3","2cpu-dc",0.05,"SMA",1,44.66
"pc3","2cpu-dc",0.05,"SMA",2,44.27
"pc3","2cpu-dc",0.05,"SMA",1,44.58
"pc3","2cpu-dc",0.05,"SMA",1,44.13
"pc3","2cpu-dc",0.05,"SMA",2,44.62
"pc3","2cpu-dc",0.05,"SMA",1,44.74
"pc3","2cpu-dc",0.05,"SMA",2,45.13
"pc3","2cpu-dc",0.05,"SMA",1,44.88
"pc3","2cpu-dc",0.05,"SMA",2,44.98
"pc3","2cpu-dc",0.05,"SMA",1,44.48
"pc3","2cpu-dc",0.05,"SMA",2,44.68
"pc3","2cpu-dc",0.05,"SMA",1,43.65
"pc3","2cpu-dc",0.05,"SMA",2,44.62
"pc3","2cpu-dc",0.05,"SMA",1,44.17
"pc3","2cpu-dc",0.05,"SMA",2,45.26
"pc3","2cpu-dc",0.05,"SMA",1,44.27
"pc3","2cpu-dc",0.05,"SMA",2,45.37
"pc3","2cpu-dc",0.05,"SMA",1,44.36
"pc3","2cpu-dc",0.05,"SMA",2,45.65
"pc3","2cpu-dc",0.05,"SMA",1,45.09
"pc3","2cpu-dc",0.05,"SMA",2,45.18
"pc3","2cpu-dc",0.05,"SMA",2,45.29
"pc3","2cpu-dc",0.05,"SMA",1,45.48
"pc3","2cpu-dc",0.05,"SMA",1,44.85
"pc3","2cpu-dc",0.05,"SMA",2,45.13
"pc3","2cpu-dc",0.05,"SMA",2,45.15
"pc3","2cpu-dc",0.05,"SMA",1,45.25
"pc3","2cpu-dc",0.05,"SMA",2,45.38
"pc3","2cpu-dc",0.05,"SMA",1,45.88
"pc3","2cpu-dc",0.05,"SMA",2,45.06
"pc3","2cpu-dc",0.05,"SMA",1,45.17
"pc3","2cpu-dc",0.05,"SMA",2,44.98
"pc3","2cpu-dc",0.05,"SMA",1,45.38
"pc3","2cpu-dc",0.05,"SMA",2,45.45
"pc3","2cpu-dc",0.05,"SMA",1,45.87
"pc3","2cpu-dc",0.05,"SMA",2,45.76
"pc3","2cpu-dc",0.05,"SMA",1,45.86
"pc3","2cpu-dc",0.05,"SMA",2,45.77
"pc3","2cpu-dc",0.05,"SMA",1,46.09
"pc3","2cpu-dc",0.05,"SMA",2,44.78
"pc3","2cpu-dc",0.05,"SMA",1,45.29
"pc3","2cpu-dc",0.05,"SMA",2,45.28
"pc3","2cpu-dc",0.05,"SMA",1,45.49
"pc3","2cpu-dc",0.05,"SMA",1,44.66
"pc3","2cpu-dc",0.05,"SMA",2,44.66
"pc3","2cpu-dc",0.05,"SMA",1,45.05
"pc3","2cpu-dc",0.05,"SMA",2,45.35
"pc3","2cpu-dc",0.05,"SMA",1,44.66
"pc3","2cpu-dc",0.05,"SMA",2,44.74
"pc3","2cpu-dc",0.05,"SMA",2,45.17
"pc3","2cpu-dc",0.05,"SMA",1,45.27
"pc3","2cpu-dc",0.05,"SMA",1,45.06
"pc3","2cpu-dc",0.05,"SMA",2,45.26
"pc3","2cpu-dc",0.05,"SMA",1,45.37
"pc3","2cpu-dc",0.05,"SMA",2,45.45
"pc3","2cpu-dc",0.15,"SMA",2,13.9
"pc3","2cpu-dc",0.15,"SMA",1,14.09
"pc3","2cpu-dc",0.15,"SMA",1,14.27
"pc3","2cpu-dc",0.15,"SMA",2,14.36
"pc3","2cpu-dc",0.15,"SMA",1,12.36
"pc3","2cpu-dc",0.15,"SMA",2,12.35
"pc3","2cpu-dc",0.15,"SMA",2,13.47
"pc3","2cpu-dc",0.15,"SMA",1,13.47
"pc3","2cpu-dc",0.15,"SMA",1,12.47
"pc3","2cpu-dc",0.15,"SMA",2,12.55
"pc3","2cpu-dc",0.15,"SMA",1,12.48
"pc3","2cpu-dc",0.15,"SMA",2,12.57
"pc3","2cpu-dc",0.15,"SMA",1,13.08
"pc3","2cpu-dc",0.15,"SMA",2,13.09
"pc3","2cpu-dc",0.15,"SMA",1,13.27
"pc3","2cpu-dc",0.15,"SMA",2,13.36
"pc3","2cpu-dc",0.15,"SMA",2,12.59
"pc3","2cpu-dc",0.15,"SMA",1,12.59
"pc3","2cpu-dc",0.15,"SMA",2,13.38
"pc3","2cpu-dc",0.15,"SMA",1,13.38
"pc3","2cpu-dc",0.15,"SMA",2,12.78
"pc3","2cpu-dc",0.15,"SMA",1,12.78
"pc3","2cpu-dc",0.15,"SMA",2,13.48
"pc3","2cpu-dc",0.15,"SMA",1,13.58
"pc3","2cpu-dc",0.15,"SMA",1,12.66
"pc3","2cpu-dc",0.15,"SMA",2,12.75
"pc3","2cpu-dc",0.15,"SMA",2,13.19
"pc3","2cpu-dc",0.15,"SMA",1,13.28
"pc3","2cpu-dc",0.15,"SMA",2,13.16
"pc3","2cpu-dc",0.15,"SMA",1,13.37
"pc3","2cpu-dc",0.15,"SMA",1,12.87
"pc3","2cpu-dc",0.15,"SMA",2,12.97
"pc3","2cpu-dc",0.15,"SMA",1,12.67
"pc3","2cpu-dc",0.15,"SMA",2,13.06
"pc3","2cpu-dc",0.15,"SMA",1,12.68
"pc3","2cpu-dc",0.15,"SMA",2,13.06
"pc3","2cpu-dc",0.15,"SMA",2,12.87
"pc3","2cpu-dc",0.15,"SMA",1,12.87
"pc3","2cpu-dc",0.15,"SMA",2,12.99
"pc3","2cpu-dc",0.15,"SMA",1,12.99
"pc3","2cpu-dc",0.15,"SMA",2,12.86
"pc3","2cpu-dc",0.15,"SMA",1,12.96
"pc3","2cpu-dc",0.15,"SMA",2,12.98
"pc3","2cpu-dc",0.15,"SMA",1,13.09
"pc3","2cpu-dc",0.15,"SMA",2,12.97
"pc3","2cpu-dc",0.15,"SMA",1,13.08
"pc3","2cpu-dc",0.15,"SMA",2,12.77
"pc3","2cpu-dc",0.15,"SMA",1,12.98
"pc3","2cpu-dc",0.15,"SMA",2,12.93
"pc3","2cpu-dc",0.15,"SMA",1,13.05
"pc3","2cpu-dc",0.15,"SMA",2,12.87
"pc3","2cpu-dc",0.15,"SMA",1,12.88
"pc3","2cpu-dc",0.15,"SMA",2,12.58
"pc3","2cpu-dc",0.15,"SMA",1,12.77
"pc3","2cpu-dc",0.15,"SMA",2,12.76
"pc3","2cpu-dc",0.15,"SMA",1,12.96
"pc3","2cpu-dc",0.15,"SMA",2,12.87
"pc3","2cpu-dc",0.15,"SMA",1,13.09
"pc3","2cpu-dc",0.15,"SMA",2,12.86
"pc3","2cpu-dc",0.15,"SMA",1,13.06
"pc3","2cpu-dc",0.25,"SMA",1,7.65
"pc3","2cpu-dc",0.25,"SMA",2,7.66
"pc3","2cpu-dc",0.25,"SMA",2,7.77
"pc3","2cpu-dc",0.25,"SMA",1,7.86
"pc3","2cpu-dc",0.25,"SMA",2,6.88
"pc3","2cpu-dc",0.25,"SMA",1,6.99
"pc3","2cpu-dc",0.25,"SMA",2,6.87
"pc3","2cpu-dc",0.25,"SMA",1,6.89
"pc3","2cpu-dc",0.25,"SMA",2,7.07
"pc3","2cpu-dc",0.25,"SMA",1,7.07
"pc3","2cpu-dc",0.25,"SMA",2,6.86
"pc3","2cpu-dc",0.25,"SMA",1,6.88
"pc3","2cpu-dc",0.25,"SMA",2,6.85
"pc3","2cpu-dc",0.25,"SMA",1,6.95
"pc3","2cpu-dc",0.25,"SMA",2,6.89
"pc3","2cpu-dc",0.25,"SMA",1,6.9
"pc3","2cpu-dc",0.25,"SMA",2,6.97
"pc3","2cpu-dc",0.25,"SMA",1,6.98
"pc3","2cpu-dc",0.25,"SMA",2,6.85
"pc3","2cpu-dc",0.25,"SMA",1,6.87
"pc3","2cpu-dc",0.25,"SMA",2,6.96
"pc3","2cpu-dc",0.25,"SMA",1,6.98
"pc3","2cpu-dc",0.25,"SMA",1,6.97
"pc3","2cpu-dc",0.25,"SMA",2,7.04
"pc3","2cpu-dc",0.25,"SMA",2,6.8
"pc3","2cpu-dc",0.25,"SMA",1,6.98
"pc3","2cpu-dc",0.25,"SMA",2,6.88
"pc3","2cpu-dc",0.25,"SMA",1,7.06
"pc3","2cpu-dc",0.25,"SMA",2,6.86
"pc3","2cpu-dc",0.25,"SMA",1,6.88
"pc3","2cpu-dc",0.25,"SMA",1,6.89
"pc3","2cpu-dc",0.25,"SMA",2,6.97
"pc3","2cpu-dc",0.25,"SMA",2,6.79
"pc3","2cpu-dc",0.25,"SMA",1,6.89
"pc3","2cpu-dc",0.25,"SMA",1,7.09
"pc3","2cpu-dc",0.25,"SMA",2,7.18
"pc3","2cpu-dc",0.25,"SMA",1,7.1
"pc3","2cpu-dc",0.25,"SMA",2,7.27
"pc3","2cpu-dc",0.25,"SMA",2,7.19
"pc3","2cpu-dc",0.25,"SMA",1,7.28
"pc3","2cpu-dc",0.25,"SMA",2,6.98
"pc3","2cpu-dc",0.25,"SMA",1,7.08
"pc3","2cpu-dc",0.25,"SMA",2,7.28
"pc3","2cpu-dc",0.25,"SMA",1,7.3
"pc3","2cpu-dc",0.25,"SMA",2,6.98
"pc3","2cpu-dc",0.25,"SMA",1,7.08
"pc3","2cpu-dc",0.25,"SMA",2,6.98
"pc3","2cpu-dc",0.25,"SMA",1,7.09
"pc3","2cpu-dc",0.25,"SMA",2,7.01
"pc3","2cpu-dc",0.25,"SMA",1,7.13
"pc3","2cpu-dc",0.25,"SMA",2,6.98
"pc3","2cpu-dc",0.25,"SMA",1,7.09
"pc3","2cpu-dc",0.25,"SMA",2,6.95
"pc3","2cpu-dc",0.25,"SMA",1,7.09
"pc3","2cpu-dc",0.25,"SMA",2,7.05
"pc3","2cpu-dc",0.25,"SMA",1,7.16
"pc3","2cpu-dc",0.25,"SMA",2,7.08
"pc3","2cpu-dc",0.25,"SMA",1,7.19
"pc3","2cpu-dc",0.25,"SMA",1,7.17
"pc3","2cpu-dc",0.35,"SMA",1,5.26
"pc3","2cpu-dc",0.35,"SMA",2,5.26
"pc3","2cpu-dc",0.35,"SMA",2,5.33
"pc3","2cpu-dc",0.35,"SMA",1,5.36
"pc3","2cpu-dc",0.35,"SMA",2,4.76
"pc3","2cpu-dc",0.35,"SMA",1,4.76
"pc3","2cpu-dc",0.35,"SMA",2,4.81
"pc3","2cpu-dc",0.35,"SMA",1,4.84
"pc3","2cpu-dc",0.35,"SMA",2,4.67
"pc3","2cpu-dc",0.35,"SMA",1,4.77
"pc3","2cpu-dc",0.35,"SMA",2,4.68
"pc3","2cpu-dc",0.35,"SMA",1,4.78
"pc3","2cpu-dc",0.35,"SMA",2,4.68
"pc3","2cpu-dc",0.35,"SMA",1,4.78
"pc3","2cpu-dc",0.35,"SMA",2,4.77
"pc3","2cpu-dc",0.35,"SMA",1,4.88
"pc3","2cpu-dc",0.35,"SMA",2,4.69
"pc3","2cpu-dc",0.35,"SMA",1,4.78
"pc3","2cpu-dc",0.35,"SMA",2,4.69
"pc3","2cpu-dc",0.35,"SMA",1,4.78
"pc3","2cpu-dc",0.35,"SMA",2,4.7
"pc3","2cpu-dc",0.35,"SMA",1,4.79
"pc3","2cpu-dc",0.35,"SMA",2,4.68
"pc3","2cpu-dc",0.35,"SMA",1,4.69
"pc3","2cpu-dc",0.35,"SMA",2,4.73
"pc3","2cpu-dc",0.35,"SMA",1,4.75
"pc3","2cpu-dc",0.35,"SMA",2,4.76
"pc3","2cpu-dc",0.35,"SMA",1,4.85
"pc3","2cpu-dc",0.35,"SMA",2,4.7
"pc3","2cpu-dc",0.35,"SMA",1,4.71
"pc3","2cpu-dc",0.35,"SMA",2,4.75
"pc3","2cpu-dc",0.35,"SMA",1,4.78
"pc3","2cpu-dc",0.35,"SMA",2,4.75
"pc3","2cpu-dc",0.35,"SMA",1,4.79
"pc3","2cpu-dc",0.35,"SMA",1,4.84
"pc3","2cpu-dc",0.35,"SMA",2,4.85
"pc3","2cpu-dc",0.35,"SMA",1,4.76
"pc3","2cpu-dc",0.35,"SMA",2,4.84
"pc3","2cpu-dc",0.35,"SMA",1,4.68
"pc3","2cpu-dc",0.35,"SMA",2,4.76
"pc3","2cpu-dc",0.35,"SMA",1,4.75
"pc3","2cpu-dc",0.35,"SMA",2,4.84
"pc3","2cpu-dc",0.35,"SMA",2,4.8
"pc3","2cpu-dc",0.35,"SMA",1,4.81
"pc3","2cpu-dc",0.35,"SMA",2,4.85
"pc3","2cpu-dc",0.35,"SMA",1,4.98
"pc3","2cpu-dc",0.35,"SMA",2,4.78
"pc3","2cpu-dc",0.35,"SMA",1,4.87
"pc3","2cpu-dc",0.35,"SMA",2,4.77
"pc3","2cpu-dc",0.35,"SMA",1,4.77
"pc3","2cpu-dc",0.35,"SMA",2,4.86
"pc3","2cpu-dc",0.35,"SMA",1,4.88
"pc3","2cpu-dc",0.35,"SMA",2,4.86
"pc3","2cpu-dc",0.35,"SMA",1,4.95
"pc3","2cpu-dc",0.35,"SMA",2,4.77
"pc3","2cpu-dc",0.35,"SMA",1,4.87
"pc3","2cpu-dc",0.35,"SMA",2,4.78
"pc3","2cpu-dc",0.35,"SMA",1,4.89
"pc3","2cpu-dc",0.35,"SMA",2,4.77
"pc3","2cpu-dc",0.35,"SMA",1,4.86
"pc3","2cpu-dc",0.45,"SMA",2,4.01
"pc3","2cpu-dc",0.45,"SMA",1,4.03
"pc3","2cpu-dc",0.45,"SMA",2,3.97
"pc3","2cpu-dc",0.45,"SMA",1,4.05
"pc3","2cpu-dc",0.45,"SMA",2,3.52
"pc3","2cpu-dc",0.45,"SMA",1,3.61
"pc3","2cpu-dc",0.45,"SMA",1,3.54
"pc3","2cpu-dc",0.45,"SMA",2,3.54
"pc3","2cpu-dc",0.45,"SMA",2,3.56
"pc3","2cpu-dc",0.45,"SMA",1,3.59
"pc3","2cpu-dc",0.45,"SMA",1,3.55
"pc3","2cpu-dc",0.45,"SMA",2,3.56
"pc3","2cpu-dc",0.45,"SMA",1,3.58
"pc3","2cpu-dc",0.45,"SMA",2,3.58
"pc3","2cpu-dc",0.45,"SMA",2,3.57
"pc3","2cpu-dc",0.45,"SMA",1,3.57
"pc3","2cpu-dc",0.45,"SMA",2,3.64
"pc3","2cpu-dc",0.45,"SMA",1,3.67
"pc3","2cpu-dc",0.45,"SMA",2,3.57
"pc3","2cpu-dc",0.45,"SMA",1,3.58
"pc3","2cpu-dc",0.45,"SMA",2,3.54
"pc3","2cpu-dc",0.45,"SMA",1,3.57
"pc3","2cpu-dc",0.45,"SMA",1,3.54
"pc3","2cpu-dc",0.45,"SMA",2,3.54
"pc3","2cpu-dc",0.45,"SMA",2,3.56
"pc3","2cpu-dc",0.45,"SMA",1,3.59
"pc3","2cpu-dc",0.45,"SMA",1,3.59
"pc3","2cpu-dc",0.45,"SMA",2,3.59
"pc3","2cpu-dc",0.45,"SMA",2,3.52
"pc3","2cpu-dc",0.45,"SMA",1,3.53
"pc3","2cpu-dc",0.45,"SMA",2,3.55
"pc3","2cpu-dc",0.45,"SMA",1,3.64
"pc3","2cpu-dc",0.45,"SMA",2,3.55
"pc3","2cpu-dc",0.45,"SMA",1,3.6
"pc3","2cpu-dc",0.45,"SMA",2,3.58
"pc3","2cpu-dc",0.45,"SMA",1,3.65
"pc3","2cpu-dc",0.45,"SMA",1,3.59
"pc3","2cpu-dc",0.45,"SMA",2,3.6
"pc3","2cpu-dc",0.45,"SMA",1,3.56
"pc3","2cpu-dc",0.45,"SMA",2,3.64
"pc3","2cpu-dc",0.45,"SMA",2,3.62
"pc3","2cpu-dc",0.45,"SMA",1,3.62
"pc3","2cpu-dc",0.45,"SMA",2,3.64
"pc3","2cpu-dc",0.45,"SMA",1,3.64
"pc3","2cpu-dc",0.45,"SMA",1,3.58
"pc3","2cpu-dc",0.45,"SMA",2,3.58
"pc3","2cpu-dc",0.45,"SMA",2,3.63
"pc3","2cpu-dc",0.45,"SMA",1,3.65
"pc3","2cpu-dc",0.45,"SMA",1,3.64
"pc3","2cpu-dc",0.45,"SMA",2,3.64
"pc3","2cpu-dc",0.45,"SMA",1,3.6
"pc3","2cpu-dc",0.45,"SMA",2,3.66
"pc3","2cpu-dc",0.45,"SMA",1,3.66
"pc3","2cpu-dc",0.45,"SMA",2,3.68
"pc3","2cpu-dc",0.45,"SMA",1,3.59
"pc3","2cpu-dc",0.45,"SMA",2,3.65
"pc3","2cpu-dc",0.45,"SMA",2,3.61
"pc3","2cpu-dc",0.45,"SMA",1,3.61
"pc3","2cpu-dc",0.45,"SMA",2,3.63
"pc3","2cpu-dc",0.45,"SMA",1,3.66
"pc3","2cpu-dc",0.55,"SMA",2,3.27
"pc3","2cpu-dc",0.55,"SMA",1,3.32
"pc3","2cpu-dc",0.55,"SMA",2,3.29
"pc3","2cpu-dc",0.55,"SMA",1,3.32
"pc3","2cpu-dc",0.55,"SMA",2,2.94
"pc3","2cpu-dc",0.55,"SMA",1,2.97
"pc3","2cpu-dc",0.55,"SMA",2,2.93
"pc3","2cpu-dc",0.55,"SMA",1,2.94
"pc3","2cpu-dc",0.55,"SMA",2,2.88
"pc3","2cpu-dc",0.55,"SMA",1,2.9
"pc3","2cpu-dc",0.55,"SMA",2,2.94
"pc3","2cpu-dc",0.55,"SMA",1,2.94
"pc3","2cpu-dc",0.55,"SMA",2,2.81
"pc3","2cpu-dc",0.55,"SMA",1,2.81
"pc3","2cpu-dc",0.55,"SMA",2,2.85
"pc3","2cpu-dc",0.55,"SMA",1,2.92
"pc3","2cpu-dc",0.55,"SMA",2,2.82
"pc3","2cpu-dc",0.55,"SMA",1,2.89
"pc3","2cpu-dc",0.55,"SMA",2,2.88
"pc3","2cpu-dc",0.55,"SMA",1,2.9
"pc3","2cpu-dc",0.55,"SMA",2,2.87
"pc3","2cpu-dc",0.55,"SMA",1,2.89
"pc3","2cpu-dc",0.55,"SMA",1,2.91
"pc3","2cpu-dc",0.55,"SMA",2,2.91
"pc3","2cpu-dc",0.55,"SMA",1,2.87
"pc3","2cpu-dc",0.55,"SMA",2,2.88
"pc3","2cpu-dc",0.55,"SMA",1,2.87
"pc3","2cpu-dc",0.55,"SMA",2,2.89
"pc3","2cpu-dc",0.55,"SMA",2,2.86
"pc3","2cpu-dc",0.55,"SMA",1,2.86
"pc3","2cpu-dc",0.55,"SMA",1,2.88
"pc3","2cpu-dc",0.55,"SMA",2,2.88
"pc3","2cpu-dc",0.55,"SMA",1,2.88
"pc3","2cpu-dc",0.55,"SMA",2,2.92
"pc3","2cpu-dc",0.55,"SMA",2,2.88
"pc3","2cpu-dc",0.55,"SMA",1,2.88
"pc3","2cpu-dc",0.55,"SMA",1,2.86
"pc3","2cpu-dc",0.55,"SMA",2,2.88
"pc3","2cpu-dc",0.55,"SMA",1,2.88
"pc3","2cpu-dc",0.55,"SMA",2,2.94
"pc3","2cpu-dc",0.55,"SMA",1,2.88
"pc3","2cpu-dc",0.55,"SMA",2,2.95
"pc3","2cpu-dc",0.55,"SMA",1,2.93
"pc3","2cpu-dc",0.55,"SMA",2,2.97
"pc3","2cpu-dc",0.55,"SMA",2,2.99
"pc3","2cpu-dc",0.55,"SMA",1,2.99
"pc3","2cpu-dc",0.55,"SMA",2,2.9
"pc3","2cpu-dc",0.55,"SMA",1,2.91
"pc3","2cpu-dc",0.55,"SMA",2,2.89
"pc3","2cpu-dc",0.55,"SMA",1,2.96
"pc3","2cpu-dc",0.55,"SMA",2,2.88
"pc3","2cpu-dc",0.55,"SMA",1,2.91
"pc3","2cpu-dc",0.55,"SMA",1,2.94
"pc3","2cpu-dc",0.55,"SMA",2,2.94
"pc3","2cpu-dc",0.55,"SMA",2,2.92
"pc3","2cpu-dc",0.55,"SMA",1,2.93
"pc3","2cpu-dc",0.55,"SMA",2,2.91
"pc3","2cpu-dc",0.55,"SMA",1,2.92
"pc3","2cpu-dc",0.55,"SMA",2,2.91
"pc3","2cpu-dc",0.55,"SMA",1,2.95
"pc3","2cpu-dc",0.65,"SMA",1,2.72
"pc3","2cpu-dc",0.65,"SMA",2,2.73
"pc3","2cpu-dc",0.65,"SMA",2,2.69
"pc3","2cpu-dc",0.65,"SMA",1,2.69
"pc3","2cpu-dc",0.65,"SMA",2,2.37
"pc3","2cpu-dc",0.65,"SMA",1,2.38
"pc3","2cpu-dc",0.65,"SMA",1,2.38
"pc3","2cpu-dc",0.65,"SMA",2,2.38
"pc3","2cpu-dc",0.65,"SMA",2,2.42
"pc3","2cpu-dc",0.65,"SMA",1,2.42
"pc3","2cpu-dc",0.65,"SMA",2,2.4
"pc3","2cpu-dc",0.65,"SMA",1,2.41
"pc3","2cpu-dc",0.65,"SMA",1,2.43
"pc3","2cpu-dc",0.65,"SMA",2,2.42
"pc3","2cpu-dc",0.65,"SMA",1,2.44
"pc3","2cpu-dc",0.65,"SMA",2,2.43
"pc3","2cpu-dc",0.65,"SMA",1,2.38
"pc3","2cpu-dc",0.65,"SMA",2,2.39
"pc3","2cpu-dc",0.65,"SMA",2,2.4
"pc3","2cpu-dc",0.65,"SMA",1,2.43
"pc3","2cpu-dc",0.65,"SMA",1,2.39
"pc3","2cpu-dc",0.65,"SMA",2,2.4
"pc3","2cpu-dc",0.65,"SMA",1,2.38
"pc3","2cpu-dc",0.65,"SMA",2,2.38
"pc3","2cpu-dc",0.65,"SMA",1,2.43
"pc3","2cpu-dc",0.65,"SMA",2,2.43
"pc3","2cpu-dc",0.65,"SMA",2,2.38
"pc3","2cpu-dc",0.65,"SMA",1,2.39
"pc3","2cpu-dc",0.65,"SMA",1,2.4
"pc3","2cpu-dc",0.65,"SMA",2,2.41
"pc3","2cpu-dc",0.65,"SMA",2,2.44
"pc3","2cpu-dc",0.65,"SMA",1,2.44
"pc3","2cpu-dc",0.65,"SMA",2,2.39
"pc3","2cpu-dc",0.65,"SMA",1,2.39
"pc3","2cpu-dc",0.65,"SMA",1,2.4
"pc3","2cpu-dc",0.65,"SMA",2,2.4
"pc3","2cpu-dc",0.65,"SMA",2,2.38
"pc3","2cpu-dc",0.65,"SMA",1,2.38
"pc3","2cpu-dc",0.65,"SMA",1,2.4
"pc3","2cpu-dc",0.65,"SMA",2,2.46
"pc3","2cpu-dc",0.65,"SMA",1,2.39
"pc3","2cpu-dc",0.65,"SMA",2,2.42
"pc3","2cpu-dc",0.65,"SMA",1,2.45
"pc3","2cpu-dc",0.65,"SMA",2,2.45
"pc3","2cpu-dc",0.65,"SMA",2,2.44
"pc3","2cpu-dc",0.65,"SMA",1,2.47
"pc3","2cpu-dc",0.65,"SMA",2,2.44
"pc3","2cpu-dc",0.65,"SMA",1,2.47
"pc3","2cpu-dc",0.65,"SMA",1,2.45
"pc3","2cpu-dc",0.65,"SMA",2,2.45
"pc3","2cpu-dc",0.65,"SMA",2,2.44
"pc3","2cpu-dc",0.65,"SMA",1,2.47
"pc3","2cpu-dc",0.65,"SMA",2,2.45
"pc3","2cpu-dc",0.65,"SMA",1,2.47
"pc3","2cpu-dc",0.65,"SMA",2,2.46
"pc3","2cpu-dc",0.65,"SMA",1,2.47
"pc3","2cpu-dc",0.65,"SMA",1,2.45
"pc3","2cpu-dc",0.65,"SMA",2,2.45
"pc3","2cpu-dc",0.65,"SMA",2,2.43
"pc3","2cpu-dc",0.65,"SMA",1,2.45
"pc3","2cpu-dc",0.75,"SMA",2,2.35
"pc3","2cpu-dc",0.75,"SMA",1,2.35
"pc3","2cpu-dc",0.75,"SMA",1,2.37
"pc3","2cpu-dc",0.75,"SMA",2,2.37
"pc3","2cpu-dc",0.75,"SMA",2,2.07
"pc3","2cpu-dc",0.75,"SMA",1,2.12
"pc3","2cpu-dc",0.75,"SMA",1,2.1
"pc3","2cpu-dc",0.75,"SMA",2,2.11
"pc3","2cpu-dc",0.75,"SMA",1,2.09
"pc3","2cpu-dc",0.75,"SMA",2,2.09
"pc3","2cpu-dc",0.75,"SMA",1,2.07
"pc3","2cpu-dc",0.75,"SMA",2,2.07
"pc3","2cpu-dc",0.75,"SMA",2,2.08
"pc3","2cpu-dc",0.75,"SMA",1,2.08
"pc3","2cpu-dc",0.75,"SMA",1,2.16
"pc3","2cpu-dc",0.75,"SMA",2,2.16
"pc3","2cpu-dc",0.75,"SMA",2,2.17
"pc3","2cpu-dc",0.75,"SMA",1,2.17
"pc3","2cpu-dc",0.75,"SMA",1,2.17
"pc3","2cpu-dc",0.75,"SMA",2,2.17
"pc3","2cpu-dc",0.75,"SMA",1,2.11
"pc3","2cpu-dc",0.75,"SMA",2,2.11
"pc3","2cpu-dc",0.75,"SMA",1,2.1
"pc3","2cpu-dc",0.75,"SMA",2,2.1
"pc3","2cpu-dc",0.75,"SMA",2,2.09
"pc3","2cpu-dc",0.75,"SMA",1,2.11
"pc3","2cpu-dc",0.75,"SMA",1,2.09
"pc3","2cpu-dc",0.75,"SMA",2,2.09
"pc3","2cpu-dc",0.75,"SMA",1,2.09
"pc3","2cpu-dc",0.75,"SMA",2,2.11
"pc3","2cpu-dc",0.75,"SMA",1,2.09
"pc3","2cpu-dc",0.75,"SMA",2,2.09
"pc3","2cpu-dc",0.75,"SMA",2,2.11
"pc3","2cpu-dc",0.75,"SMA",1,2.12
"pc3","2cpu-dc",0.75,"SMA",2,2.1
"pc3","2cpu-dc",0.75,"SMA",1,2.1
"pc3","2cpu-dc",0.75,"SMA",1,2.1
"pc3","2cpu-dc",0.75,"SMA",2,2.1
"pc3","2cpu-dc",0.75,"SMA",1,2.1
"pc3","2cpu-dc",0.75,"SMA",2,2.13
"pc3","2cpu-dc",0.75,"SMA",1,2.15
"pc3","2cpu-dc",0.75,"SMA",2,2.19
"pc3","2cpu-dc",0.75,"SMA",1,2.18
"pc3","2cpu-dc",0.75,"SMA",2,2.19
"pc3","2cpu-dc",0.75,"SMA",1,2.18
"pc3","2cpu-dc",0.75,"SMA",2,2.21
"pc3","2cpu-dc",0.75,"SMA",1,2.18
"pc3","2cpu-dc",0.75,"SMA",2,2.19
"pc3","2cpu-dc",0.75,"SMA",1,2.19
"pc3","2cpu-dc",0.75,"SMA",2,2.18
"pc3","2cpu-dc",0.75,"SMA",1,2.2
"pc3","2cpu-dc",0.75,"SMA",2,2.2
"pc3","2cpu-dc",0.75,"SMA",1,2.22
"pc3","2cpu-dc",0.75,"SMA",2,2.22
"pc3","2cpu-dc",0.75,"SMA",1,2.19
"pc3","2cpu-dc",0.75,"SMA",2,2.19
"pc3","2cpu-dc",0.75,"SMA",1,2.19
"pc3","2cpu-dc",0.75,"SMA",2,2.23
"pc3","2cpu-dc",0.75,"SMA",1,2.26
"pc3","2cpu-dc",0.75,"SMA",2,2.29
"pc3","2cpu-dc",0.85,"SMA",2,2.06
"pc3","2cpu-dc",0.85,"SMA",1,2.08
"pc3","2cpu-dc",0.85,"SMA",2,2.1
"pc3","2cpu-dc",0.85,"SMA",1,2.12
"pc3","2cpu-dc",0.85,"SMA",2,1.87
"pc3","2cpu-dc",0.85,"SMA",1,1.88
"pc3","2cpu-dc",0.85,"SMA",2,1.86
"pc3","2cpu-dc",0.85,"SMA",1,1.89
"pc3","2cpu-dc",0.85,"SMA",1,1.85
"pc3","2cpu-dc",0.85,"SMA",2,1.85
"pc3","2cpu-dc",0.85,"SMA",1,1.85
"pc3","2cpu-dc",0.85,"SMA",2,1.85
"pc3","2cpu-dc",0.85,"SMA",2,1.86
"pc3","2cpu-dc",0.85,"SMA",1,1.86
"pc3","2cpu-dc",0.85,"SMA",2,1.87
"pc3","2cpu-dc",0.85,"SMA",1,1.87
"pc3","2cpu-dc",0.85,"SMA",1,1.86
"pc3","2cpu-dc",0.85,"SMA",2,1.87
"pc3","2cpu-dc",0.85,"SMA",2,1.86
"pc3","2cpu-dc",0.85,"SMA",1,1.86
"pc3","2cpu-dc",0.85,"SMA",2,1.86
"pc3","2cpu-dc",0.85,"SMA",1,1.89
"pc3","2cpu-dc",0.85,"SMA",1,1.87
"pc3","2cpu-dc",0.85,"SMA",2,1.88
"pc3","2cpu-dc",0.85,"SMA",2,1.85
"pc3","2cpu-dc",0.85,"SMA",1,1.88
"pc3","2cpu-dc",0.85,"SMA",1,2.17
"pc3","2cpu-dc",0.85,"SMA",2,1.87
"pc3","2cpu-dc",0.85,"SMA",1,1.85
"pc3","2cpu-dc",0.85,"SMA",2,1.85
"pc3","2cpu-dc",0.85,"SMA",1,1.89
"pc3","2cpu-dc",0.85,"SMA",2,1.89
"pc3","2cpu-dc",0.85,"SMA",1,1.85
"pc3","2cpu-dc",0.85,"SMA",2,1.85
"pc3","2cpu-dc",0.85,"SMA",1,1.85
"pc3","2cpu-dc",0.85,"SMA",2,1.85
"pc3","2cpu-dc",0.85,"SMA",1,1.88
"pc3","2cpu-dc",0.85,"SMA",2,1.87
"pc3","2cpu-dc",0.85,"SMA",1,1.84
"pc3","2cpu-dc",0.85,"SMA",2,1.86
"pc3","2cpu-dc",0.85,"SMA",1,1.87
"pc3","2cpu-dc",0.85,"SMA",2,1.92
"pc3","2cpu-dc",0.85,"SMA",1,1.92
"pc3","2cpu-dc",0.85,"SMA",2,1.92
"pc3","2cpu-dc",0.85,"SMA",1,1.89
"pc3","2cpu-dc",0.85,"SMA",2,1.9
"pc3","2cpu-dc",0.85,"SMA",2,1.88
"pc3","2cpu-dc",0.85,"SMA",1,1.89
"pc3","2cpu-dc",0.85,"SMA",2,1.88
"pc3","2cpu-dc",0.85,"SMA",1,1.89
"pc3","2cpu-dc",0.85,"SMA",2,1.89
"pc3","2cpu-dc",0.85,"SMA",1,1.89
"pc3","2cpu-dc",0.85,"SMA",2,1.91
"pc3","2cpu-dc",0.85,"SMA",1,1.93
"pc3","2cpu-dc",0.85,"SMA",2,1.88
"pc3","2cpu-dc",0.85,"SMA",1,1.9
"pc3","2cpu-dc",0.85,"SMA",1,1.91
"pc3","2cpu-dc",0.85,"SMA",2,1.93
"pc3","2cpu-dc",0.85,"SMA",1,1.89
"pc3","2cpu-dc",0.85,"SMA",2,1.9
"pc3","2cpu-dc",0.95,"SMA",2,1.82
"pc3","2cpu-dc",0.95,"SMA",1,1.85
"pc3","2cpu-dc",0.95,"SMA",2,1.85
"pc3","2cpu-dc",0.95,"SMA",1,1.85
"pc3","2cpu-dc",0.95,"SMA",1,1.65
"pc3","2cpu-dc",0.95,"SMA",2,1.65
"pc3","2cpu-dc",0.95,"SMA",1,1.64
"pc3","2cpu-dc",0.95,"SMA",2,1.64
"pc3","2cpu-dc",0.95,"SMA",1,1.63
"pc3","2cpu-dc",0.95,"SMA",2,1.66
"pc3","2cpu-dc",0.95,"SMA",2,1.65
"pc3","2cpu-dc",0.95,"SMA",1,1.65
"pc3","2cpu-dc",0.95,"SMA",1,1.67
"pc3","2cpu-dc",0.95,"SMA",2,1.65
"pc3","2cpu-dc",0.95,"SMA",2,1.62
"pc3","2cpu-dc",0.95,"SMA",1,1.64
"pc3","2cpu-dc",0.95,"SMA",2,1.63
"pc3","2cpu-dc",0.95,"SMA",1,1.65
"pc3","2cpu-dc",0.95,"SMA",1,1.63
"pc3","2cpu-dc",0.95,"SMA",2,1.64
"pc3","2cpu-dc",0.95,"SMA",2,1.62
"pc3","2cpu-dc",0.95,"SMA",1,1.63
"pc3","2cpu-dc",0.95,"SMA",2,1.64
"pc3","2cpu-dc",0.95,"SMA",1,1.64
"pc3","2cpu-dc",0.95,"SMA",1,1.63
"pc3","2cpu-dc",0.95,"SMA",2,1.63
"pc3","2cpu-dc",0.95,"SMA",2,1.64
"pc3","2cpu-dc",0.95,"SMA",1,1.66
"pc3","2cpu-dc",0.95,"SMA",1,1.63
"pc3","2cpu-dc",0.95,"SMA",2,1.63
"pc3","2cpu-dc",0.95,"SMA",1,1.64
"pc3","2cpu-dc",0.95,"SMA",2,1.64
"pc3","2cpu-dc",0.95,"SMA",2,1.63
"pc3","2cpu-dc",0.95,"SMA",1,1.63
"pc3","2cpu-dc",0.95,"SMA",1,1.67
"pc3","2cpu-dc",0.95,"SMA",2,1.67
"pc3","2cpu-dc",0.95,"SMA",2,1.64
"pc3","2cpu-dc",0.95,"SMA",1,1.65
"pc3","2cpu-dc",0.95,"SMA",1,1.64
"pc3","2cpu-dc",0.95,"SMA",2,1.66
"pc3","2cpu-dc",0.95,"SMA",1,1.64
"pc3","2cpu-dc",0.95,"SMA",2,1.66
"pc3","2cpu-dc",0.95,"SMA",1,1.67
"pc3","2cpu-dc",0.95,"SMA",2,1.67
"pc3","2cpu-dc",0.95,"SMA",1,1.67
"pc3","2cpu-dc",0.95,"SMA",2,1.68
"pc3","2cpu-dc",0.95,"SMA",2,1.67
"pc3","2cpu-dc",0.95,"SMA",1,1.67
"pc3","2cpu-dc",0.95,"SMA",1,1.69
"pc3","2cpu-dc",0.95,"SMA",2,1.69
"pc3","2cpu-dc",0.95,"SMA",1,1.69
"pc3","2cpu-dc",0.95,"SMA",2,1.69
"pc3","2cpu-dc",0.95,"SMA",1,1.67
"pc3","2cpu-dc",0.95,"SMA",2,1.67
"pc3","2cpu-dc",0.95,"SMA",1,1.7
"pc3","2cpu-dc",0.95,"SMA",2,1.71
"pc3","2cpu-dc",0.95,"SMA",1,1.67
"pc3","2cpu-dc",0.95,"SMA",2,1.67
"pc3","2cpu-dc",0.95,"SMA",2,1.67
"pc3","2cpu-dc",0.95,"SMA",1,1.68
"pc1","4cpu-i7",0.05,"stine",3,36.76
"pc1","4cpu-i7",0.05,"stine",4,40.33
"pc1","4cpu-i7",0.05,"stine",2,40.61
"pc1","4cpu-i7",0.05,"stine",1,41.33
"pc1","4cpu-i7",0.05,"stine",3,42.64
"pc1","4cpu-i7",0.05,"stine",1,43.36
"pc1","4cpu-i7",0.05,"stine",2,44.14
"pc1","4cpu-i7",0.05,"stine",4,44.14
"pc1","4cpu-i7",0.05,"stine",2,38.57
"pc1","4cpu-i7",0.05,"stine",1,39.79
"pc1","4cpu-i7",0.05,"stine",3,39.86
"pc1","4cpu-i7",0.05,"stine",4,39.95
"pc1","4cpu-i7",0.05,"stine",3,42.58
"pc1","4cpu-i7",0.05,"stine",2,43.08
"pc1","4cpu-i7",0.05,"stine",1,43.29
"pc1","4cpu-i7",0.05,"stine",4,43.36
"pc1","4cpu-i7",0.05,"stine",2,40.58
"pc1","4cpu-i7",0.05,"stine",3,40.97
"pc1","4cpu-i7",0.05,"stine",1,41.09
"pc1","4cpu-i7",0.05,"stine",4,41.07
"pc1","4cpu-i7",0.05,"stine",4,40.26
"pc1","4cpu-i7",0.05,"stine",3,40.36
"pc1","4cpu-i7",0.05,"stine",2,40.57
"pc1","4cpu-i7",0.05,"stine",1,40.88
"pc1","4cpu-i7",0.05,"stine",2,41.65
"pc1","4cpu-i7",0.05,"stine",1,41.76
"pc1","4cpu-i7",0.05,"stine",3,42.15
"pc1","4cpu-i7",0.05,"stine",4,42.24
"pc1","4cpu-i7",0.05,"stine",2,37.97
"pc1","4cpu-i7",0.05,"stine",4,39.55
"pc1","4cpu-i7",0.05,"stine",1,40.78
"pc1","4cpu-i7",0.05,"stine",3,41.46
"pc1","4cpu-i7",0.05,"stine",1,40.66
"pc1","4cpu-i7",0.05,"stine",4,41.8
"pc1","4cpu-i7",0.05,"stine",3,41.92
"pc1","4cpu-i7",0.05,"stine",2,42.34
"pc1","4cpu-i7",0.05,"stine",4,37.65
"pc1","4cpu-i7",0.05,"stine",2,38.37
"pc1","4cpu-i7",0.05,"stine",1,38.88
"pc1","4cpu-i7",0.05,"stine",3,39.06
"pc1","4cpu-i7",0.05,"stine",1,40.25
"pc1","4cpu-i7",0.05,"stine",2,40.54
"pc1","4cpu-i7",0.05,"stine",3,41.24
"pc1","4cpu-i7",0.05,"stine",4,41.23
"pc1","4cpu-i7",0.05,"stine",3,37.37
"pc1","4cpu-i7",0.05,"stine",1,37.69
"pc1","4cpu-i7",0.05,"stine",2,38.18
"pc1","4cpu-i7",0.05,"stine",4,39.67
"pc1","4cpu-i7",0.05,"stine",2,39.47
"pc1","4cpu-i7",0.05,"stine",4,39.88
"pc1","4cpu-i7",0.05,"stine",1,39.88
"pc1","4cpu-i7",0.05,"stine",3,40.75
"pc1","4cpu-i7",0.05,"stine",2,41.57
"pc1","4cpu-i7",0.05,"stine",4,41.75
"pc1","4cpu-i7",0.05,"stine",1,41.87
"pc1","4cpu-i7",0.05,"stine",3,41.96
"pc1","4cpu-i7",0.05,"stine",4,37.23
"pc1","4cpu-i7",0.05,"stine",1,37.45
"pc1","4cpu-i7",0.05,"stine",3,37.84
"pc1","4cpu-i7",0.05,"stine",2,38.05
"pc1","4cpu-i7",0.05,"stine",4,39.24
"pc1","4cpu-i7",0.05,"stine",1,39.45
"pc1","4cpu-i7",0.05,"stine",2,39.45
"pc1","4cpu-i7",0.05,"stine",3,39.64
"pc1","4cpu-i7",0.05,"stine",2,39.25
"pc1","4cpu-i7",0.05,"stine",4,39.33
"pc1","4cpu-i7",0.05,"stine",3,40.16
"pc1","4cpu-i7",0.05,"stine",1,40.16
"pc1","4cpu-i7",0.05,"stine",4,40.76
"pc1","4cpu-i7",0.05,"stine",3,40.97
"pc1","4cpu-i7",0.05,"stine",2,41.78
"pc1","4cpu-i7",0.05,"stine",1,41.88
"pc1","4cpu-i7",0.05,"stine",4,40.77
"pc1","4cpu-i7",0.05,"stine",3,40.77
"pc1","4cpu-i7",0.05,"stine",1,40.98
"pc1","4cpu-i7",0.05,"stine",2,41.37
"pc1","4cpu-i7",0.05,"stine",2,38.56
"pc1","4cpu-i7",0.05,"stine",4,38.64
"pc1","4cpu-i7",0.05,"stine",3,38.85
"pc1","4cpu-i7",0.05,"stine",1,39.77
"pc1","4cpu-i7",0.05,"stine",2,39.77
"pc1","4cpu-i7",0.05,"stine",1,40.58
"pc1","4cpu-i7",0.05,"stine",3,40.66
"pc1","4cpu-i7",0.05,"stine",4,41.86
"pc1","4cpu-i7",0.05,"stine",2,40.27
"pc1","4cpu-i7",0.05,"stine",3,41.16
"pc1","4cpu-i7",0.05,"stine",1,41.48
"pc1","4cpu-i7",0.05,"stine",4,41.96
"pc1","4cpu-i7",0.05,"stine",1,40.65
"pc1","4cpu-i7",0.05,"stine",3,41.73
"pc1","4cpu-i7",0.05,"stine",4,41.73
"pc1","4cpu-i7",0.05,"stine",2,41.84
"pc1","4cpu-i7",0.05,"stine",2,39.98
"pc1","4cpu-i7",0.05,"stine",4,40.86
"pc1","4cpu-i7",0.05,"stine",3,41.46
"pc1","4cpu-i7",0.05,"stine",1,42.28
"pc1","4cpu-i7",0.05,"stine",1,39.57
"pc1","4cpu-i7",0.05,"stine",3,39.74
"pc1","4cpu-i7",0.05,"stine",4,39.94
"pc1","4cpu-i7",0.05,"stine",2,40.55
"pc1","4cpu-i7",0.05,"stine",3,41.56
"pc1","4cpu-i7",0.05,"stine",4,42.46
"pc1","4cpu-i7",0.05,"stine",1,42.58
"pc1","4cpu-i7",0.05,"stine",2,42.77
"pc1","4cpu-i7",0.05,"stine",2,40.17
"pc1","4cpu-i7",0.05,"stine",1,40.17
"pc1","4cpu-i7",0.05,"stine",3,40.84
"pc1","4cpu-i7",0.05,"stine",4,41.63
"pc1","4cpu-i7",0.05,"stine",3,42.29
"pc1","4cpu-i7",0.05,"stine",1,42.29
"pc1","4cpu-i7",0.05,"stine",4,42.58
"pc1","4cpu-i7",0.05,"stine",2,42.58
"pc1","4cpu-i7",0.05,"stine",3,37.04
"pc1","4cpu-i7",0.05,"stine",2,37.85
"pc1","4cpu-i7",0.05,"stine",1,38.45
"pc1","4cpu-i7",0.05,"stine",4,39.14
"pc1","4cpu-i7",0.05,"stine",2,39.47
"pc1","4cpu-i7",0.05,"stine",1,39.88
"pc1","4cpu-i7",0.05,"stine",4,40.36
"pc1","4cpu-i7",0.05,"stine",3,40.56
"pc1","4cpu-i7",0.15,"stine",3,9.78
"pc1","4cpu-i7",0.15,"stine",2,10.11
"pc1","4cpu-i7",0.15,"stine",1,10.11
"pc1","4cpu-i7",0.15,"stine",4,10.16
"pc1","4cpu-i7",0.15,"stine",3,9.86
"pc1","4cpu-i7",0.15,"stine",4,10.06
"pc1","4cpu-i7",0.15,"stine",1,10.29
"pc1","4cpu-i7",0.15,"stine",2,10.47
"pc1","4cpu-i7",0.15,"stine",2,9.27
"pc1","4cpu-i7",0.15,"stine",3,9.27
"pc1","4cpu-i7",0.15,"stine",1,9.36
"pc1","4cpu-i7",0.15,"stine",4,9.35
"pc1","4cpu-i7",0.15,"stine",3,9.56
"pc1","4cpu-i7",0.15,"stine",2,9.66
"pc1","4cpu-i7",0.15,"stine",4,9.65
"pc1","4cpu-i7",0.15,"stine",1,9.77
"pc1","4cpu-i7",0.15,"stine",1,9.28
"pc1","4cpu-i7",0.15,"stine",3,9.28
"pc1","4cpu-i7",0.15,"stine",4,9.35
"pc1","4cpu-i7",0.15,"stine",2,9.47
"pc1","4cpu-i7",0.15,"stine",1,9.49
"pc1","4cpu-i7",0.15,"stine",3,9.57
"pc1","4cpu-i7",0.15,"stine",4,9.57
"pc1","4cpu-i7",0.15,"stine",2,9.59
"pc1","4cpu-i7",0.15,"stine",4,8.95
"pc1","4cpu-i7",0.15,"stine",1,8.98
"pc1","4cpu-i7",0.15,"stine",3,9.07
"pc1","4cpu-i7",0.15,"stine",2,9.07
"pc1","4cpu-i7",0.15,"stine",1,9.26
"pc1","4cpu-i7",0.15,"stine",2,9.35
"pc1","4cpu-i7",0.15,"stine",3,9.35
"pc1","4cpu-i7",0.15,"stine",4,9.35
"pc1","4cpu-i7",0.15,"stine",1,9.53
"pc1","4cpu-i7",0.15,"stine",3,9.53
"pc1","4cpu-i7",0.15,"stine",4,9.62
"pc1","4cpu-i7",0.15,"stine",2,9.65
"pc1","4cpu-i7",0.15,"stine",3,8.74
"pc1","4cpu-i7",0.15,"stine",1,8.86
"pc1","4cpu-i7",0.15,"stine",4,8.95
"pc1","4cpu-i7",0.15,"stine",2,9.25
"pc1","4cpu-i7",0.15,"stine",3,8.62
"pc1","4cpu-i7",0.15,"stine",2,8.84
"pc1","4cpu-i7",0.15,"stine",1,8.96
"pc1","4cpu-i7",0.15,"stine",4,9.12
"pc1","4cpu-i7",0.15,"stine",3,9.34
"pc1","4cpu-i7",0.15,"stine",2,9.36
"pc1","4cpu-i7",0.15,"stine",1,9.48
"pc1","4cpu-i7",0.15,"stine",4,9.73
"pc1","4cpu-i7",0.15,"stine",2,9.16
"pc1","4cpu-i7",0.15,"stine",3,9.16
"pc1","4cpu-i7",0.15,"stine",1,9.36
"pc1","4cpu-i7",0.15,"stine",4,9.34
"pc1","4cpu-i7",0.15,"stine",1,9.11
"pc1","4cpu-i7",0.15,"stine",4,9.11
"pc1","4cpu-i7",0.15,"stine",2,9.23
"pc1","4cpu-i7",0.15,"stine",3,9.42
"pc1","4cpu-i7",0.15,"stine",1,8.87
"pc1","4cpu-i7",0.15,"stine",2,9.03
"pc1","4cpu-i7",0.15,"stine",3,9.21
"pc1","4cpu-i7",0.15,"stine",4,9.22
"pc1","4cpu-i7",0.15,"stine",1,9.77
"pc1","4cpu-i7",0.15,"stine",2,9.85
"pc1","4cpu-i7",0.15,"stine",4,9.85
"pc1","4cpu-i7",0.15,"stine",3,9.95
"pc1","4cpu-i7",0.15,"stine",4,8.87
"pc1","4cpu-i7",0.15,"stine",1,8.87
"pc1","4cpu-i7",0.15,"stine",2,8.86
"pc1","4cpu-i7",0.15,"stine",3,8.94
"pc1","4cpu-i7",0.15,"stine",1,9.67
"pc1","4cpu-i7",0.15,"stine",4,9.67
"pc1","4cpu-i7",0.15,"stine",2,9.78
"pc1","4cpu-i7",0.15,"stine",3,9.87
"pc1","4cpu-i7",0.15,"stine",4,9.14
"pc1","4cpu-i7",0.15,"stine",1,9.18
"pc1","4cpu-i7",0.15,"stine",2,9.36
"pc1","4cpu-i7",0.15,"stine",3,9.55
"pc1","4cpu-i7",0.15,"stine",4,9.06
"pc1","4cpu-i7",0.15,"stine",3,9.16
"pc1","4cpu-i7",0.15,"stine",2,9.28
"pc1","4cpu-i7",0.15,"stine",1,9.28
"pc1","4cpu-i7",0.15,"stine",3,9.16
"pc1","4cpu-i7",0.15,"stine",4,9.24
"pc1","4cpu-i7",0.15,"stine",2,9.27
"pc1","4cpu-i7",0.15,"stine",1,9.48
"pc1","4cpu-i7",0.15,"stine",3,9.25
"pc1","4cpu-i7",0.15,"stine",2,9.44
"pc1","4cpu-i7",0.15,"stine",4,9.44
"pc1","4cpu-i7",0.15,"stine",1,9.57
"pc1","4cpu-i7",0.15,"stine",3,9.35
"pc1","4cpu-i7",0.15,"stine",2,9.56
"pc1","4cpu-i7",0.15,"stine",4,9.56
"pc1","4cpu-i7",0.15,"stine",1,9.88
"pc1","4cpu-i7",0.15,"stine",3,8.97
"pc1","4cpu-i7",0.15,"stine",4,9.06
"pc1","4cpu-i7",0.15,"stine",2,9.37
"pc1","4cpu-i7",0.15,"stine",1,9.67
"pc1","4cpu-i7",0.15,"stine",2,9.57
"pc1","4cpu-i7",0.15,"stine",1,9.78
"pc1","4cpu-i7",0.15,"stine",4,9.96
"pc1","4cpu-i7",0.15,"stine",3,10.06
"pc1","4cpu-i7",0.15,"stine",1,9.28
"pc1","4cpu-i7",0.15,"stine",4,9.36
"pc1","4cpu-i7",0.15,"stine",3,9.46
"pc1","4cpu-i7",0.15,"stine",2,9.57
"pc1","4cpu-i7",0.15,"stine",3,9.26
"pc1","4cpu-i7",0.15,"stine",2,9.37
"pc1","4cpu-i7",0.15,"stine",4,9.45
"pc1","4cpu-i7",0.15,"stine",1,9.68
"pc1","4cpu-i7",0.15,"stine",3,9.53
"pc1","4cpu-i7",0.15,"stine",4,9.61
"pc1","4cpu-i7",0.15,"stine",1,9.76
"pc1","4cpu-i7",0.15,"stine",2,9.74
"pc1","4cpu-i7",0.15,"stine",3,9.56
"pc1","4cpu-i7",0.15,"stine",4,9.65
"pc1","4cpu-i7",0.15,"stine",1,9.78
"pc1","4cpu-i7",0.15,"stine",2,9.78
"pc1","4cpu-i7",0.15,"stine",4,8.83
"pc1","4cpu-i7",0.15,"stine",1,9.05
"pc1","4cpu-i7",0.15,"stine",3,9.05
"pc1","4cpu-i7",0.15,"stine",2,9.25
"pc1","4cpu-i7",0.25,"stine",2,5.46
"pc1","4cpu-i7",0.25,"stine",3,5.46
"pc1","4cpu-i7",0.25,"stine",4,5.46
"pc1","4cpu-i7",0.25,"stine",1,5.58
"pc1","4cpu-i7",0.25,"stine",2,5.44
"pc1","4cpu-i7",0.25,"stine",4,5.42
"pc1","4cpu-i7",0.25,"stine",1,5.54
"pc1","4cpu-i7",0.25,"stine",3,5.53
"pc1","4cpu-i7",0.25,"stine",4,4.95
"pc1","4cpu-i7",0.25,"stine",2,4.98
"pc1","4cpu-i7",0.25,"stine",1,5.06
"pc1","4cpu-i7",0.25,"stine",3,5.06
"pc1","4cpu-i7",0.25,"stine",4,4.76
"pc1","4cpu-i7",0.25,"stine",2,4.86
"pc1","4cpu-i7",0.25,"stine",1,4.98
"pc1","4cpu-i7",0.25,"stine",3,5.05
"pc1","4cpu-i7",0.25,"stine",4,4.95
"pc1","4cpu-i7",0.25,"stine",1,4.98
"pc1","4cpu-i7",0.25,"stine",2,4.98
"pc1","4cpu-i7",0.25,"stine",3,4.98
"pc1","4cpu-i7",0.25,"stine",4,4.87
"pc1","4cpu-i7",0.25,"stine",1,4.87
"pc1","4cpu-i7",0.25,"stine",3,4.95
"pc1","4cpu-i7",0.25,"stine",2,4.96
"pc1","4cpu-i7",0.25,"stine",4,5.16
"pc1","4cpu-i7",0.25,"stine",3,5.28
"pc1","4cpu-i7",0.25,"stine",1,5.28
"pc1","4cpu-i7",0.25,"stine",2,5.28
"pc1","4cpu-i7",0.25,"stine",3,4.87
"pc1","4cpu-i7",0.25,"stine",4,4.87
"pc1","4cpu-i7",0.25,"stine",1,4.96
"pc1","4cpu-i7",0.25,"stine",2,4.98
"pc1","4cpu-i7",0.25,"stine",4,4.85
"pc1","4cpu-i7",0.25,"stine",1,4.85
"pc1","4cpu-i7",0.25,"stine",3,4.97
"pc1","4cpu-i7",0.25,"stine",2,4.97
"pc1","4cpu-i7",0.25,"stine",1,5.07
"pc1","4cpu-i7",0.25,"stine",3,5.06
"pc1","4cpu-i7",0.25,"stine",2,5.14
"pc1","4cpu-i7",0.25,"stine",4,5.14
"pc1","4cpu-i7",0.25,"stine",1,4.98
"pc1","4cpu-i7",0.25,"stine",2,4.98
"pc1","4cpu-i7",0.25,"stine",3,5.05
"pc1","4cpu-i7",0.25,"stine",4,5.06
"pc1","4cpu-i7",0.25,"stine",1,4.98
"pc1","4cpu-i7",0.25,"stine",3,4.97
"pc1","4cpu-i7",0.25,"stine",2,4.98
"pc1","4cpu-i7",0.25,"stine",4,5.05
"pc1","4cpu-i7",0.25,"stine",3,5.09
"pc1","4cpu-i7",0.25,"stine",2,5.17
"pc1","4cpu-i7",0.25,"stine",4,5.16
"pc1","4cpu-i7",0.25,"stine",3,5.05
"pc1","4cpu-i7",0.25,"stine",1,5.17
"pc1","4cpu-i7",0.25,"stine",2,5.28
"pc1","4cpu-i7",0.25,"stine",4,5.35
"pc1","4cpu-i7",0.25,"stine",4,4.9
"pc1","4cpu-i7",0.25,"stine",2,4.9
"pc1","4cpu-i7",0.25,"stine",1,4.98
"pc1","4cpu-i7",0.25,"stine",3,5.07
"pc1","4cpu-i7",0.25,"stine",1,4.88
"pc1","4cpu-i7",0.25,"stine",2,4.88
"pc1","4cpu-i7",0.25,"stine",3,4.95
"pc1","4cpu-i7",0.25,"stine",4,4.95
"pc1","4cpu-i7",0.25,"stine",2,4.98
"pc1","4cpu-i7",0.25,"stine",1,5.07
"pc1","4cpu-i7",0.25,"stine",3,5.06
"pc1","4cpu-i7",0.25,"stine",4,5.24
"pc1","4cpu-i7",0.25,"stine",1,5.07
"pc1","4cpu-i7",0.25,"stine",4,5.05
"pc1","4cpu-i7",0.25,"stine",3,5.06
"pc1","4cpu-i7",0.25,"stine",2,5.07
"pc1","4cpu-i7",0.25,"stine",1,5.07
"pc1","4cpu-i7",0.25,"stine",2,5.07
"pc1","4cpu-i7",0.25,"stine",3,5.07
"pc1","4cpu-i7",0.25,"stine",4,5.14
"pc1","4cpu-i7",0.25,"stine",3,5
"pc1","4cpu-i7",0.25,"stine",4,5.11
"pc1","4cpu-i7",0.25,"stine",1,5.11
"pc1","4cpu-i7",0.25,"stine",2,5.19
"pc1","4cpu-i7",0.25,"stine",1,4.96
"pc1","4cpu-i7",0.25,"stine",4,4.96
"pc1","4cpu-i7",0.25,"stine",3,5.05
"pc1","4cpu-i7",0.25,"stine",2,5.06
"pc1","4cpu-i7",0.25,"stine",4,4.95
"pc1","4cpu-i7",0.25,"stine",1,4.99
"pc1","4cpu-i7",0.25,"stine",3,4.99
"pc1","4cpu-i7",0.25,"stine",2,4.99
"pc1","4cpu-i7",0.25,"stine",4,5.06
"pc1","4cpu-i7",0.25,"stine",1,5.06
"pc1","4cpu-i7",0.25,"stine",3,5.05
"pc1","4cpu-i7",0.25,"stine",2,5.06
"pc1","4cpu-i7",0.25,"stine",4,4.86
"pc1","4cpu-i7",0.25,"stine",1,5.06
"pc1","4cpu-i7",0.25,"stine",3,5.07
"pc1","4cpu-i7",0.25,"stine",2,5.15
"pc1","4cpu-i7",0.25,"stine",4,4.99
"pc1","4cpu-i7",0.25,"stine",3,4.99
"pc1","4cpu-i7",0.25,"stine",1,5.09
"pc1","4cpu-i7",0.25,"stine",2,5.09
"pc1","4cpu-i7",0.25,"stine",3,4.97
"pc1","4cpu-i7",0.25,"stine",4,5.07
"pc1","4cpu-i7",0.25,"stine",2,5.26
"pc1","4cpu-i7",0.25,"stine",1,5.28
"pc1","4cpu-i7",0.25,"stine",4,4.97
"pc1","4cpu-i7",0.25,"stine",3,5.07
"pc1","4cpu-i7",0.25,"stine",2,5.16
"pc1","4cpu-i7",0.25,"stine",1,5.28
"pc1","4cpu-i7",0.25,"stine",4,4.96
"pc1","4cpu-i7",0.25,"stine",2,4.98
"pc1","4cpu-i7",0.25,"stine",3,4.98
"pc1","4cpu-i7",0.25,"stine",1,5.09
"pc1","4cpu-i7",0.25,"stine",4,4.95
"pc1","4cpu-i7",0.25,"stine",2,5.05
"pc1","4cpu-i7",0.25,"stine",3,5.06
"pc1","4cpu-i7",0.25,"stine",1,5.16
"pc1","4cpu-i7",0.25,"stine",3,4.94
"pc1","4cpu-i7",0.25,"stine",4,4.94
"pc1","4cpu-i7",0.25,"stine",2,4.97
"pc1","4cpu-i7",0.25,"stine",1,5.08
"pc1","4cpu-i7",0.35,"stine",4,3.48
"pc1","4cpu-i7",0.35,"stine",3,3.58
"pc1","4cpu-i7",0.35,"stine",1,3.69
"pc1","4cpu-i7",0.35,"stine",2,3.7
"pc1","4cpu-i7",0.35,"stine",1,3.72
"pc1","4cpu-i7",0.35,"stine",3,3.75
"pc1","4cpu-i7",0.35,"stine",4,3.75
"pc1","4cpu-i7",0.35,"stine",2,3.75
"pc1","4cpu-i7",0.35,"stine",1,3.27
"pc1","4cpu-i7",0.35,"stine",4,3.35
"pc1","4cpu-i7",0.35,"stine",2,3.45
"pc1","4cpu-i7",0.35,"stine",3,3.46
"pc1","4cpu-i7",0.35,"stine",2,3.23
"pc1","4cpu-i7",0.35,"stine",1,3.25
"pc1","4cpu-i7",0.35,"stine",4,3.25
"pc1","4cpu-i7",0.35,"stine",3,3.33
"pc1","4cpu-i7",0.35,"stine",4,3.26
"pc1","4cpu-i7",0.35,"stine",3,3.36
"pc1","4cpu-i7",0.35,"stine",1,3.46
"pc1","4cpu-i7",0.35,"stine",2,3.46
"pc1","4cpu-i7",0.35,"stine",4,3.18
"pc1","4cpu-i7",0.35,"stine",3,3.31
"pc1","4cpu-i7",0.35,"stine",2,3.3
"pc1","4cpu-i7",0.35,"stine",1,3.3
"pc1","4cpu-i7",0.35,"stine",2,3.34
"pc1","4cpu-i7",0.35,"stine",3,3.35
"pc1","4cpu-i7",0.35,"stine",4,3.44
"pc1","4cpu-i7",0.35,"stine",1,3.47
"pc1","4cpu-i7",0.35,"stine",3,3.28
"pc1","4cpu-i7",0.35,"stine",2,3.37
"pc1","4cpu-i7",0.35,"stine",4,3.45
"pc1","4cpu-i7",0.35,"stine",1,3.45
"pc1","4cpu-i7",0.35,"stine",2,3.19
"pc1","4cpu-i7",0.35,"stine",3,3.26
"pc1","4cpu-i7",0.35,"stine",4,3.26
"pc1","4cpu-i7",0.35,"stine",1,3.37
"pc1","4cpu-i7",0.35,"stine",3,3.26
"pc1","4cpu-i7",0.35,"stine",4,3.27
"pc1","4cpu-i7",0.35,"stine",1,3.37
"pc1","4cpu-i7",0.35,"stine",2,3.36
"pc1","4cpu-i7",0.35,"stine",4,3.08
"pc1","4cpu-i7",0.35,"stine",3,3.18
"pc1","4cpu-i7",0.35,"stine",1,3.3
"pc1","4cpu-i7",0.35,"stine",2,3.38
"pc1","4cpu-i7",0.35,"stine",3,3.17
"pc1","4cpu-i7",0.35,"stine",1,3.35
"pc1","4cpu-i7",0.35,"stine",2,3.36
"pc1","4cpu-i7",0.35,"stine",4,3.36
"pc1","4cpu-i7",0.35,"stine",3,3.19
"pc1","4cpu-i7",0.35,"stine",2,3.27
"pc1","4cpu-i7",0.35,"stine",4,3.27
"pc1","4cpu-i7",0.35,"stine",1,3.37
"pc1","4cpu-i7",0.35,"stine",4,3.16
"pc1","4cpu-i7",0.35,"stine",2,3.29
"pc1","4cpu-i7",0.35,"stine",1,3.29
"pc1","4cpu-i7",0.35,"stine",3,3.29
"pc1","4cpu-i7",0.35,"stine",4,3.22
"pc1","4cpu-i7",0.35,"stine",2,3.34
"pc1","4cpu-i7",0.35,"stine",3,3.33
"pc1","4cpu-i7",0.35,"stine",1,3.36
"pc1","4cpu-i7",0.35,"stine",2,3.16
"pc1","4cpu-i7",0.35,"stine",3,3.24
"pc1","4cpu-i7",0.35,"stine",1,3.36
"pc1","4cpu-i7",0.35,"stine",4,3.34
"pc1","4cpu-i7",0.35,"stine",2,3.37
"pc1","4cpu-i7",0.35,"stine",4,3.4
"pc1","4cpu-i7",0.35,"stine",1,3.4
"pc1","4cpu-i7",0.35,"stine",3,3.48
"pc1","4cpu-i7",0.35,"stine",2,3.18
"pc1","4cpu-i7",0.35,"stine",1,3.27
"pc1","4cpu-i7",0.35,"stine",4,3.25
"pc1","4cpu-i7",0.35,"stine",3,3.36
"pc1","4cpu-i7",0.35,"stine",1,3.37
"pc1","4cpu-i7",0.35,"stine",4,3.37
"pc1","4cpu-i7",0.35,"stine",2,3.37
"pc1","4cpu-i7",0.35,"stine",3,3.47
"pc1","4cpu-i7",0.35,"stine",1,3.29
"pc1","4cpu-i7",0.35,"stine",4,3.37
"pc1","4cpu-i7",0.35,"stine",2,3.48
"pc1","4cpu-i7",0.35,"stine",3,3.48
"pc1","4cpu-i7",0.35,"stine",1,3.34
"pc1","4cpu-i7",0.35,"stine",4,3.33
"pc1","4cpu-i7",0.35,"stine",2,3.36
"pc1","4cpu-i7",0.35,"stine",3,3.42
"pc1","4cpu-i7",0.35,"stine",2,3.3
"pc1","4cpu-i7",0.35,"stine",4,3.3
"pc1","4cpu-i7",0.35,"stine",3,3.38
"pc1","4cpu-i7",0.35,"stine",1,3.39
"pc1","4cpu-i7",0.35,"stine",4,3.34
"pc1","4cpu-i7",0.35,"stine",2,3.38
"pc1","4cpu-i7",0.35,"stine",3,3.37
"pc1","4cpu-i7",0.35,"stine",1,3.47
"pc1","4cpu-i7",0.35,"stine",4,3.26
"pc1","4cpu-i7",0.35,"stine",2,3.29
"pc1","4cpu-i7",0.35,"stine",3,3.38
"pc1","4cpu-i7",0.35,"stine",1,3.39
"pc1","4cpu-i7",0.35,"stine",2,3.37
"pc1","4cpu-i7",0.35,"stine",4,3.37
"pc1","4cpu-i7",0.35,"stine",3,3.45
"pc1","4cpu-i7",0.35,"stine",1,3.47
"pc1","4cpu-i7",0.35,"stine",4,3.26
"pc1","4cpu-i7",0.35,"stine",2,3.37
"pc1","4cpu-i7",0.35,"stine",1,3.39
"pc1","4cpu-i7",0.35,"stine",3,3.47
"pc1","4cpu-i7",0.35,"stine",1,3.4
"pc1","4cpu-i7",0.35,"stine",2,3.45
"pc1","4cpu-i7",0.35,"stine",4,3.44
"pc1","4cpu-i7",0.35,"stine",3,3.47
"pc1","4cpu-i7",0.35,"stine",4,3.33
"pc1","4cpu-i7",0.35,"stine",1,3.37
"pc1","4cpu-i7",0.35,"stine",3,3.37
"pc1","4cpu-i7",0.35,"stine",2,3.37
"pc1","4cpu-i7",0.35,"stine",3,3.26
"pc1","4cpu-i7",0.35,"stine",4,3.26
"pc1","4cpu-i7",0.35,"stine",1,3.38
"pc1","4cpu-i7",0.35,"stine",2,3.45
"pc1","4cpu-i7",0.35,"stine",4,3.16
"pc1","4cpu-i7",0.35,"stine",3,3.17
"pc1","4cpu-i7",0.35,"stine",1,3.36
"pc1","4cpu-i7",0.35,"stine",2,3.36
"pc1","4cpu-i7",0.45,"stine",3,2.68
"pc1","4cpu-i7",0.45,"stine",2,2.69
"pc1","4cpu-i7",0.45,"stine",4,2.75
"pc1","4cpu-i7",0.45,"stine",1,2.77
"pc1","4cpu-i7",0.45,"stine",2,2.78
"pc1","4cpu-i7",0.45,"stine",3,2.77
"pc1","4cpu-i7",0.45,"stine",4,2.87
"pc1","4cpu-i7",0.45,"stine",1,2.96
"pc1","4cpu-i7",0.45,"stine",4,2.38
"pc1","4cpu-i7",0.45,"stine",2,2.38
"pc1","4cpu-i7",0.45,"stine",3,2.47
"pc1","4cpu-i7",0.45,"stine",1,2.5
"pc1","4cpu-i7",0.45,"stine",3,2.58
"pc1","4cpu-i7",0.45,"stine",4,2.58
"pc1","4cpu-i7",0.45,"stine",2,2.58
"pc1","4cpu-i7",0.45,"stine",1,2.6
"pc1","4cpu-i7",0.45,"stine",3,2.44
"pc1","4cpu-i7",0.45,"stine",4,2.45
"pc1","4cpu-i7",0.45,"stine",2,2.53
"pc1","4cpu-i7",0.45,"stine",1,2.56
"pc1","4cpu-i7",0.45,"stine",3,2.45
"pc1","4cpu-i7",0.45,"stine",2,2.48
"pc1","4cpu-i7",0.45,"stine",4,2.48
"pc1","4cpu-i7",0.45,"stine",1,2.48
"pc1","4cpu-i7",0.45,"stine",4,2.49
"pc1","4cpu-i7",0.45,"stine",3,2.53
"pc1","4cpu-i7",0.45,"stine",1,2.53
"pc1","4cpu-i7",0.45,"stine",2,2.53
"pc1","4cpu-i7",0.45,"stine",4,2.43
"pc1","4cpu-i7",0.45,"stine",3,2.46
"pc1","4cpu-i7",0.45,"stine",2,2.53
"pc1","4cpu-i7",0.45,"stine",1,2.55
"pc1","4cpu-i7",0.45,"stine",2,2.5
"pc1","4cpu-i7",0.45,"stine",1,2.56
"pc1","4cpu-i7",0.45,"stine",3,2.56
"pc1","4cpu-i7",0.45,"stine",4,2.55
"pc1","4cpu-i7",0.45,"stine",2,2.46
"pc1","4cpu-i7",0.45,"stine",3,2.46
"pc1","4cpu-i7",0.45,"stine",1,2.48
"pc1","4cpu-i7",0.45,"stine",4,2.54
"pc1","4cpu-i7",0.45,"stine",2,2.48
"pc1","4cpu-i7",0.45,"stine",4,2.48
"pc1","4cpu-i7",0.45,"stine",3,2.49
"pc1","4cpu-i7",0.45,"stine",1,2.52
"pc1","4cpu-i7",0.45,"stine",4,2.45
"pc1","4cpu-i7",0.45,"stine",2,2.48
"pc1","4cpu-i7",0.45,"stine",3,2.48
"pc1","4cpu-i7",0.45,"stine",1,2.56
"pc1","4cpu-i7",0.45,"stine",3,2.39
"pc1","4cpu-i7",0.45,"stine",4,2.47
"pc1","4cpu-i7",0.45,"stine",2,2.51
"pc1","4cpu-i7",0.45,"stine",1,2.59
"pc1","4cpu-i7",0.45,"stine",4,2.45
"pc1","4cpu-i7",0.45,"stine",1,2.49
"pc1","4cpu-i7",0.45,"stine",2,2.49
"pc1","4cpu-i7",0.45,"stine",3,2.49
"pc1","4cpu-i7",0.45,"stine",4,2.53
"pc1","4cpu-i7",0.45,"stine",1,2.56
"pc1","4cpu-i7",0.45,"stine",2,2.56
"pc1","4cpu-i7",0.45,"stine",3,2.56
"pc1","4cpu-i7",0.45,"stine",2,2.52
"pc1","4cpu-i7",0.45,"stine",4,2.52
"pc1","4cpu-i7",0.45,"stine",1,2.55
"pc1","4cpu-i7",0.45,"stine",3,2.54
"pc1","4cpu-i7",0.45,"stine",2,2.45
"pc1","4cpu-i7",0.45,"stine",1,2.47
"pc1","4cpu-i7",0.45,"stine",3,2.54
"pc1","4cpu-i7",0.45,"stine",4,2.54
"pc1","4cpu-i7",0.45,"stine",2,2.46
"pc1","4cpu-i7",0.45,"stine",1,2.47
"pc1","4cpu-i7",0.45,"stine",3,2.47
"pc1","4cpu-i7",0.45,"stine",4,2.53
"pc1","4cpu-i7",0.45,"stine",2,2.5
"pc1","4cpu-i7",0.45,"stine",3,2.5
"pc1","4cpu-i7",0.45,"stine",4,2.51
"pc1","4cpu-i7",0.45,"stine",1,2.51
"pc1","4cpu-i7",0.45,"stine",3,2.43
"pc1","4cpu-i7",0.45,"stine",4,2.5
"pc1","4cpu-i7",0.45,"stine",1,2.54
"pc1","4cpu-i7",0.45,"stine",2,2.53
"pc1","4cpu-i7",0.45,"stine",2,2.54
"pc1","4cpu-i7",0.45,"stine",1,2.54
"pc1","4cpu-i7",0.45,"stine",4,2.54
"pc1","4cpu-i7",0.45,"stine",3,2.56
"pc1","4cpu-i7",0.45,"stine",3,2.48
"pc1","4cpu-i7",0.45,"stine",4,2.48
"pc1","4cpu-i7",0.45,"stine",1,2.48
"pc1","4cpu-i7",0.45,"stine",2,2.58
"pc1","4cpu-i7",0.45,"stine",1,2.47
"pc1","4cpu-i7",0.45,"stine",4,2.55
"pc1","4cpu-i7",0.45,"stine",2,2.58
"pc1","4cpu-i7",0.45,"stine",3,2.57
"pc1","4cpu-i7",0.45,"stine",4,2.55
"pc1","4cpu-i7",0.45,"stine",1,2.58
"pc1","4cpu-i7",0.45,"stine",3,2.57
"pc1","4cpu-i7",0.45,"stine",2,2.66
"pc1","4cpu-i7",0.45,"stine",1,2.48
"pc1","4cpu-i7",0.45,"stine",3,2.47
"pc1","4cpu-i7",0.45,"stine",4,2.52
"pc1","4cpu-i7",0.45,"stine",2,2.55
"pc1","4cpu-i7",0.45,"stine",4,2.49
"pc1","4cpu-i7",0.45,"stine",3,2.5
"pc1","4cpu-i7",0.45,"stine",2,2.5
"pc1","4cpu-i7",0.45,"stine",1,2.58
"pc1","4cpu-i7",0.45,"stine",3,2.55
"pc1","4cpu-i7",0.45,"stine",4,2.58
"pc1","4cpu-i7",0.45,"stine",2,2.58
"pc1","4cpu-i7",0.45,"stine",1,2.58
"pc1","4cpu-i7",0.45,"stine",4,2.53
"pc1","4cpu-i7",0.45,"stine",3,2.53
"pc1","4cpu-i7",0.45,"stine",2,2.62
"pc1","4cpu-i7",0.45,"stine",1,2.64
"pc1","4cpu-i7",0.45,"stine",4,2.46
"pc1","4cpu-i7",0.45,"stine",3,2.48
"pc1","4cpu-i7",0.45,"stine",2,2.54
"pc1","4cpu-i7",0.45,"stine",1,2.58
"pc1","4cpu-i7",0.45,"stine",3,2.47
"pc1","4cpu-i7",0.45,"stine",2,2.47
"pc1","4cpu-i7",0.45,"stine",4,2.54
"pc1","4cpu-i7",0.45,"stine",1,2.56
"pc1","4cpu-i7",0.55,"stine",4,2.13
"pc1","4cpu-i7",0.55,"stine",3,2.15
"pc1","4cpu-i7",0.55,"stine",2,2.21
"pc1","4cpu-i7",0.55,"stine",1,2.23
"pc1","4cpu-i7",0.55,"stine",2,2.26
"pc1","4cpu-i7",0.55,"stine",1,2.27
"pc1","4cpu-i7",0.55,"stine",4,2.26
"pc1","4cpu-i7",0.55,"stine",3,2.28
"pc1","4cpu-i7",0.55,"stine",3,1.98
"pc1","4cpu-i7",0.55,"stine",2,1.98
"pc1","4cpu-i7",0.55,"stine",1,2
"pc1","4cpu-i7",0.55,"stine",4,2.02
"pc1","4cpu-i7",0.55,"stine",1,1.98
"pc1","4cpu-i7",0.55,"stine",4,1.98
"pc1","4cpu-i7",0.55,"stine",2,1.98
"pc1","4cpu-i7",0.55,"stine",3,1.98
"pc1","4cpu-i7",0.55,"stine",4,1.91
"pc1","4cpu-i7",0.55,"stine",3,1.98
"pc1","4cpu-i7",0.55,"stine",1,2.02
"pc1","4cpu-i7",0.55,"stine",2,2.02
"pc1","4cpu-i7",0.55,"stine",2,1.97
"pc1","4cpu-i7",0.55,"stine",3,1.97
"pc1","4cpu-i7",0.55,"stine",1,1.97
"pc1","4cpu-i7",0.55,"stine",4,1.97
"pc1","4cpu-i7",0.55,"stine",3,1.94
"pc1","4cpu-i7",0.55,"stine",1,2.02
"pc1","4cpu-i7",0.55,"stine",4,2.01
"pc1","4cpu-i7",0.55,"stine",2,2.01
"pc1","4cpu-i7",0.55,"stine",3,1.9
"pc1","4cpu-i7",0.55,"stine",1,1.97
"pc1","4cpu-i7",0.55,"stine",2,1.99
"pc1","4cpu-i7",0.55,"stine",4,1.99
"pc1","4cpu-i7",0.55,"stine",4,1.97
"pc1","4cpu-i7",0.55,"stine",2,1.99
"pc1","4cpu-i7",0.55,"stine",3,1.99
"pc1","4cpu-i7",0.55,"stine",1,2.05
"pc1","4cpu-i7",0.55,"stine",3,1.92
"pc1","4cpu-i7",0.55,"stine",2,2.01
"pc1","4cpu-i7",0.55,"stine",2,1.94
"pc1","4cpu-i7",0.55,"stine",4,1.95
"pc1","4cpu-i7",0.55,"stine",1,1.99
"pc1","4cpu-i7",0.55,"stine",3,2.02
"pc1","4cpu-i7",0.55,"stine",1,1.92
"pc1","4cpu-i7",0.55,"stine",2,1.98
"pc1","4cpu-i7",0.55,"stine",4,1.97
"pc1","4cpu-i7",0.55,"stine",3,2
"pc1","4cpu-i7",0.55,"stine",2,1.97
"pc1","4cpu-i7",0.55,"stine",1,1.97
"pc1","4cpu-i7",0.55,"stine",3,3.07
"pc1","4cpu-i7",0.55,"stine",4,3.09
"pc1","4cpu-i7",0.55,"stine",3,1.91
"pc1","4cpu-i7",0.55,"stine",2,1.94
"pc1","4cpu-i7",0.55,"stine",4,1.93
"pc1","4cpu-i7",0.55,"stine",1,2.02
"pc1","4cpu-i7",0.55,"stine",2,1.91
"pc1","4cpu-i7",0.55,"stine",4,1.91
"pc1","4cpu-i7",0.55,"stine",3,1.97
"pc1","4cpu-i7",0.55,"stine",1,2
"pc1","4cpu-i7",0.55,"stine",4,1.92
"pc1","4cpu-i7",0.55,"stine",2,2
"pc1","4cpu-i7",0.55,"stine",1,2.05
"pc1","4cpu-i7",0.55,"stine",3,2.02
"pc1","4cpu-i7",0.55,"stine",2,1.97
"pc1","4cpu-i7",0.55,"stine",1,1.99
"pc1","4cpu-i7",0.55,"stine",3,2.06
"pc1","4cpu-i7",0.55,"stine",4,2.06
"pc1","4cpu-i7",0.55,"stine",2,1.98
"pc1","4cpu-i7",0.55,"stine",1,1.99
"pc1","4cpu-i7",0.55,"stine",4,2.02
"pc1","4cpu-i7",0.55,"stine",3,2.05
"pc1","4cpu-i7",0.55,"stine",2,2.01
"pc1","4cpu-i7",0.55,"stine",1,2.02
"pc1","4cpu-i7",0.55,"stine",3,2.07
"pc1","4cpu-i7",0.55,"stine",4,2.07
"pc1","4cpu-i7",0.55,"stine",1,1.96
"pc1","4cpu-i7",0.55,"stine",3,1.98
"pc1","4cpu-i7",0.55,"stine",2,1.98
"pc1","4cpu-i7",0.55,"stine",4,2.04
"pc1","4cpu-i7",0.55,"stine",1,1.92
"pc1","4cpu-i7",0.55,"stine",2,1.98
"pc1","4cpu-i7",0.55,"stine",4,1.97
"pc1","4cpu-i7",0.55,"stine",3,1.98
"pc1","4cpu-i7",0.55,"stine",1,1.99
"pc1","4cpu-i7",0.55,"stine",3,2
"pc1","4cpu-i7",0.55,"stine",4,2.03
"pc1","4cpu-i7",0.55,"stine",2,2.06
"pc1","4cpu-i7",0.55,"stine",3,1.99
"pc1","4cpu-i7",0.55,"stine",1,2.06
"pc1","4cpu-i7",0.55,"stine",4,2.06
"pc1","4cpu-i7",0.55,"stine",2,2.08
"pc1","4cpu-i7",0.55,"stine",3,2.04
"pc1","4cpu-i7",0.55,"stine",1,2.07
"pc1","4cpu-i7",0.55,"stine",4,2.08
"pc1","4cpu-i7",0.55,"stine",3,1.99
"pc1","4cpu-i7",0.55,"stine",4,2.03
"pc1","4cpu-i7",0.55,"stine",1,2.08
"pc1","4cpu-i7",0.55,"stine",2,2.08
"pc1","4cpu-i7",0.55,"stine",4,1.98
"pc1","4cpu-i7",0.55,"stine",1,1.98
"pc1","4cpu-i7",0.55,"stine",3,2.06
"pc1","4cpu-i7",0.55,"stine",2,2.07
"pc1","4cpu-i7",0.55,"stine",3,2
"pc1","4cpu-i7",0.55,"stine",4,2.05
"pc1","4cpu-i7",0.55,"stine",1,2.08
"pc1","4cpu-i7",0.55,"stine",2,2.08
"pc1","4cpu-i7",0.55,"stine",2,1.99
"pc1","4cpu-i7",0.55,"stine",1,2.07
"pc1","4cpu-i7",0.55,"stine",4,2.06
"pc1","4cpu-i7",0.55,"stine",3,2.06
"pc1","4cpu-i7",0.55,"stine",2,2
"pc1","4cpu-i7",0.55,"stine",3,2.05
"pc1","4cpu-i7",0.55,"stine",1,2.09
"pc1","4cpu-i7",0.55,"stine",4,2.05
"pc1","4cpu-i7",0.55,"stine",2,1.96
"pc1","4cpu-i7",0.55,"stine",3,1.96
"pc1","4cpu-i7",0.55,"stine",4,2.08
"pc1","4cpu-i7",0.55,"stine",1,2.08
"pc1","4cpu-i7",0.65,"stine",2,1.83
"pc1","4cpu-i7",0.65,"stine",1,1.85
"pc1","4cpu-i7",0.65,"stine",3,1.86
"pc1","4cpu-i7",0.65,"stine",4,1.86
"pc1","4cpu-i7",0.65,"stine",1,1.84
"pc1","4cpu-i7",0.65,"stine",2,1.83
"pc1","4cpu-i7",0.65,"stine",3,1.82
"pc1","4cpu-i7",0.65,"stine",4,1.84
"pc1","4cpu-i7",0.65,"stine",2,1.61
"pc1","4cpu-i7",0.65,"stine",4,1.6
"pc1","4cpu-i7",0.65,"stine",3,1.65
"pc1","4cpu-i7",0.65,"stine",1,1.65
"pc1","4cpu-i7",0.65,"stine",2,1.65
"pc1","4cpu-i7",0.65,"stine",1,1.67
"pc1","4cpu-i7",0.65,"stine",3,1.7
"pc1","4cpu-i7",0.65,"stine",4,1.7
"pc1","4cpu-i7",0.65,"stine",1,1.63
"pc1","4cpu-i7",0.65,"stine",2,1.63
"pc1","4cpu-i7",0.65,"stine",3,1.63
"pc1","4cpu-i7",0.65,"stine",4,1.67
"pc1","4cpu-i7",0.65,"stine",3,1.61
"pc1","4cpu-i7",0.65,"stine",2,1.62
"pc1","4cpu-i7",0.65,"stine",1,1.63
"pc1","4cpu-i7",0.65,"stine",4,1.67
"pc1","4cpu-i7",0.65,"stine",1,1.68
"pc1","4cpu-i7",0.65,"stine",2,1.69
"pc1","4cpu-i7",0.65,"stine",3,1.69
"pc1","4cpu-i7",0.65,"stine",4,1.69
"pc1","4cpu-i7",0.65,"stine",1,1.66
"pc1","4cpu-i7",0.65,"stine",4,1.64
"pc1","4cpu-i7",0.65,"stine",2,1.67
"pc1","4cpu-i7",0.65,"stine",3,1.71
"pc1","4cpu-i7",0.65,"stine",4,1.61
"pc1","4cpu-i7",0.65,"stine",2,1.66
"pc1","4cpu-i7",0.65,"stine",1,1.68
"pc1","4cpu-i7",0.65,"stine",3,1.68
"pc1","4cpu-i7",0.65,"stine",1,1.67
"pc1","4cpu-i7",0.65,"stine",2,1.67
"pc1","4cpu-i7",0.65,"stine",4,1.68
"pc1","4cpu-i7",0.65,"stine",3,1.68
"pc1","4cpu-i7",0.65,"stine",1,1.65
"pc1","4cpu-i7",0.65,"stine",2,1.64
"pc1","4cpu-i7",0.65,"stine",4,1.65
"pc1","4cpu-i7",0.65,"stine",3,1.68
"pc1","4cpu-i7",0.65,"stine",1,1.66
"pc1","4cpu-i7",0.65,"stine",2,1.67
"pc1","4cpu-i7",0.65,"stine",4,1.65
"pc1","4cpu-i7",0.65,"stine",3,1.67
"pc1","4cpu-i7",0.65,"stine",4,2.85
"pc1","4cpu-i7",0.65,"stine",2,1.68
"pc1","4cpu-i7",0.65,"stine",1,2.84
"pc1","4cpu-i7",0.65,"stine",3,2.84
"pc1","4cpu-i7",0.65,"stine",1,1.62
"pc1","4cpu-i7",0.65,"stine",3,1.63
"pc1","4cpu-i7",0.65,"stine",2,1.66
"pc1","4cpu-i7",0.65,"stine",4,1.66
"pc1","4cpu-i7",0.65,"stine",1,1.68
"pc1","4cpu-i7",0.65,"stine",3,1.67
"pc1","4cpu-i7",0.65,"stine",2,1.67
"pc1","4cpu-i7",0.65,"stine",4,1.67
"pc1","4cpu-i7",0.65,"stine",3,1.63
"pc1","4cpu-i7",0.65,"stine",4,1.63
"pc1","4cpu-i7",0.65,"stine",1,1.67
"pc1","4cpu-i7",0.65,"stine",2,1.7
"pc1","4cpu-i7",0.65,"stine",2,1.67
"pc1","4cpu-i7",0.65,"stine",1,1.67
"pc1","4cpu-i7",0.65,"stine",3,1.68
"pc1","4cpu-i7",0.65,"stine",4,1.69
"pc1","4cpu-i7",0.65,"stine",3,1.61
"pc1","4cpu-i7",0.65,"stine",1,1.67
"pc1","4cpu-i7",0.65,"stine",2,1.7
"pc1","4cpu-i7",0.65,"stine",4,1.68
"pc1","4cpu-i7",0.65,"stine",1,1.63
"pc1","4cpu-i7",0.65,"stine",2,1.68
"pc1","4cpu-i7",0.65,"stine",4,1.69
"pc1","4cpu-i7",0.65,"stine",3,1.69
"pc1","4cpu-i7",0.65,"stine",3,1.67
"pc1","4cpu-i7",0.65,"stine",4,1.7
"pc1","4cpu-i7",0.65,"stine",2,1.71
"pc1","4cpu-i7",0.65,"stine",1,1.72
"pc1","4cpu-i7",0.65,"stine",1,1.62
"pc1","4cpu-i7",0.65,"stine",2,1.67
"pc1","4cpu-i7",0.65,"stine",3,1.67
"pc1","4cpu-i7",0.65,"stine",4,1.68
"pc1","4cpu-i7",0.65,"stine",1,1.68
"pc1","4cpu-i7",0.65,"stine",2,1.68
"pc1","4cpu-i7",0.65,"stine",3,1.69
"pc1","4cpu-i7",0.65,"stine",4,1.69
"pc1","4cpu-i7",0.65,"stine",3,1.64
"pc1","4cpu-i7",0.65,"stine",4,1.64
"pc1","4cpu-i7",0.65,"stine",2,1.68
"pc1","4cpu-i7",0.65,"stine",1,1.68
"pc1","4cpu-i7",0.65,"stine",4,1.7
"pc1","4cpu-i7",0.65,"stine",2,1.73
"pc1","4cpu-i7",0.65,"stine",3,1.73
"pc1","4cpu-i7",0.65,"stine",1,1.73
"pc1","4cpu-i7",0.65,"stine",4,1.68
"pc1","4cpu-i7",0.65,"stine",3,1.68
"pc1","4cpu-i7",0.65,"stine",2,1.7
"pc1","4cpu-i7",0.65,"stine",1,1.74
"pc1","4cpu-i7",0.65,"stine",1,1.69
"pc1","4cpu-i7",0.65,"stine",2,1.68
"pc1","4cpu-i7",0.65,"stine",4,1.67
"pc1","4cpu-i7",0.65,"stine",1,1.69
"pc1","4cpu-i7",0.65,"stine",2,1.68
"pc1","4cpu-i7",0.65,"stine",4,1.68
"pc1","4cpu-i7",0.65,"stine",3,1.69
"pc1","4cpu-i7",0.65,"stine",4,1.63
"pc1","4cpu-i7",0.65,"stine",3,1.63
"pc1","4cpu-i7",0.65,"stine",1,1.7
"pc1","4cpu-i7",0.65,"stine",2,1.69
"pc1","4cpu-i7",0.65,"stine",3,1.72
"pc1","4cpu-i7",0.65,"stine",1,1.73
"pc1","4cpu-i7",0.65,"stine",2,1.73
"pc1","4cpu-i7",0.65,"stine",4,1.7
"pc1","4cpu-i7",0.65,"stine",4,1.72
"pc1","4cpu-i7",0.65,"stine",3,1.72
"pc1","4cpu-i7",0.65,"stine",2,1.72
"pc1","4cpu-i7",0.65,"stine",1,1.72
"pc1","4cpu-i7",0.75,"stine",3,1.56
"pc1","4cpu-i7",0.75,"stine",2,1.58
"pc1","4cpu-i7",0.75,"stine",1,1.65
"pc1","4cpu-i7",0.75,"stine",4,1.65
"pc1","4cpu-i7",0.75,"stine",2,1.6
"pc1","4cpu-i7",0.75,"stine",1,1.62
"pc1","4cpu-i7",0.75,"stine",3,1.62
"pc1","4cpu-i7",0.75,"stine",4,1.62
"pc1","4cpu-i7",0.75,"stine",1,1.43
"pc1","4cpu-i7",0.75,"stine",4,1.45
"pc1","4cpu-i7",0.75,"stine",2,1.43
"pc1","4cpu-i7",0.75,"stine",3,1.43
"pc1","4cpu-i7",0.75,"stine",3,1.4
"pc1","4cpu-i7",0.75,"stine",4,1.4
"pc1","4cpu-i7",0.75,"stine",2,1.45
"pc1","4cpu-i7",0.75,"stine",1,1.46
"pc1","4cpu-i7",0.75,"stine",2,1.4
"pc1","4cpu-i7",0.75,"stine",3,1.42
"pc1","4cpu-i7",0.75,"stine",1,1.46
"pc1","4cpu-i7",0.75,"stine",4,1.45
"pc1","4cpu-i7",0.75,"stine",1,1.4
"pc1","4cpu-i7",0.75,"stine",2,1.42
"pc1","4cpu-i7",0.75,"stine",3,1.43
"pc1","4cpu-i7",0.75,"stine",4,1.43
"pc1","4cpu-i7",0.75,"stine",1,1.4
"pc1","4cpu-i7",0.75,"stine",2,1.4
"pc1","4cpu-i7",0.75,"stine",3,1.41
"pc1","4cpu-i7",0.75,"stine",4,1.42
"pc1","4cpu-i7",0.75,"stine",1,1.43
"pc1","4cpu-i7",0.75,"stine",2,1.43
"pc1","4cpu-i7",0.75,"stine",4,1.44
"pc1","4cpu-i7",0.75,"stine",3,1.44
"pc1","4cpu-i7",0.75,"stine",1,1.44
"pc1","4cpu-i7",0.75,"stine",4,1.46
"pc1","4cpu-i7",0.75,"stine",2,1.46
"pc1","4cpu-i7",0.75,"stine",3,1.48
"pc1","4cpu-i7",0.75,"stine",2,1.42
"pc1","4cpu-i7",0.75,"stine",4,1.43
"pc1","4cpu-i7",0.75,"stine",3,1.45
"pc1","4cpu-i7",0.75,"stine",1,1.53
"pc1","4cpu-i7",0.75,"stine",1,1.46
"pc1","4cpu-i7",0.75,"stine",2,1.47
"pc1","4cpu-i7",0.75,"stine",3,1.47
"pc1","4cpu-i7",0.75,"stine",4,1.5
"pc1","4cpu-i7",0.75,"stine",2,1.37
"pc1","4cpu-i7",0.75,"stine",1,1.42
"pc1","4cpu-i7",0.75,"stine",4,1.42
"pc1","4cpu-i7",0.75,"stine",3,1.46
"pc1","4cpu-i7",0.75,"stine",3,1.43
"pc1","4cpu-i7",0.75,"stine",1,1.48
"pc1","4cpu-i7",0.75,"stine",2,1.49
"pc1","4cpu-i7",0.75,"stine",4,1.49
"pc1","4cpu-i7",0.75,"stine",2,1.54
"pc1","4cpu-i7",0.75,"stine",4,1.55
"pc1","4cpu-i7",0.75,"stine",1,1.63
"pc1","4cpu-i7",0.75,"stine",3,1.63
"pc1","4cpu-i7",0.75,"stine",4,1.47
"pc1","4cpu-i7",0.75,"stine",2,1.47
"pc1","4cpu-i7",0.75,"stine",3,1.47
"pc1","4cpu-i7",0.75,"stine",1,1.49
"pc1","4cpu-i7",0.75,"stine",4,1.56
"pc1","4cpu-i7",0.75,"stine",3,1.56
"pc1","4cpu-i7",0.75,"stine",2,1.56
"pc1","4cpu-i7",0.75,"stine",1,1.41
"pc1","4cpu-i7",0.75,"stine",2,1.43
"pc1","4cpu-i7",0.75,"stine",4,1.47
"pc1","4cpu-i7",0.75,"stine",3,1.48
"pc1","4cpu-i7",0.75,"stine",2,1.37
"pc1","4cpu-i7",0.75,"stine",1,1.4
"pc1","4cpu-i7",0.75,"stine",4,1.39
"pc1","4cpu-i7",0.75,"stine",3,1.42
"pc1","4cpu-i7",0.75,"stine",3,1.33
"pc1","4cpu-i7",0.75,"stine",1,1.4
"pc1","4cpu-i7",0.75,"stine",2,1.44
"pc1","4cpu-i7",0.75,"stine",4,1.51
"pc1","4cpu-i7",0.75,"stine",1,1.48
"pc1","4cpu-i7",0.75,"stine",2,1.48
"pc1","4cpu-i7",0.75,"stine",4,1.47
"pc1","4cpu-i7",0.75,"stine",3,1.55
"pc1","4cpu-i7",0.75,"stine",1,1.48
"pc1","4cpu-i7",0.75,"stine",3,1.48
"pc1","4cpu-i7",0.75,"stine",4,1.5
"pc1","4cpu-i7",0.75,"stine",2,1.58
"pc1","4cpu-i7",0.75,"stine",4,1.47
"pc1","4cpu-i7",0.75,"stine",3,1.52
"pc1","4cpu-i7",0.75,"stine",1,1.58
"pc1","4cpu-i7",0.75,"stine",2,1.59
"pc1","4cpu-i7",0.75,"stine",1,1.49
"pc1","4cpu-i7",0.75,"stine",2,1.54
"pc1","4cpu-i7",0.75,"stine",4,1.55
"pc1","4cpu-i7",0.75,"stine",3,1.64
"pc1","4cpu-i7",0.75,"stine",4,1.4
"pc1","4cpu-i7",0.75,"stine",3,1.45
"pc1","4cpu-i7",0.75,"stine",1,1.49
"pc1","4cpu-i7",0.75,"stine",2,1.53
"pc1","4cpu-i7",0.75,"stine",1,1.69
"pc1","4cpu-i7",0.75,"stine",3,1.56
"pc1","4cpu-i7",0.75,"stine",4,1.56
"pc1","4cpu-i7",0.75,"stine",2,1.63
"pc1","4cpu-i7",0.75,"stine",1,1.43
"pc1","4cpu-i7",0.75,"stine",3,1.49
"pc1","4cpu-i7",0.75,"stine",4,1.49
"pc1","4cpu-i7",0.75,"stine",2,1.56
"pc1","4cpu-i7",0.75,"stine",2,1.43
"pc1","4cpu-i7",0.75,"stine",3,1.43
"pc1","4cpu-i7",0.75,"stine",1,1.48
"pc1","4cpu-i7",0.75,"stine",4,1.48
"pc1","4cpu-i7",0.75,"stine",2,1.41
"pc1","4cpu-i7",0.75,"stine",3,1.41
"pc1","4cpu-i7",0.75,"stine",4,1.46
"pc1","4cpu-i7",0.75,"stine",1,1.46
"pc1","4cpu-i7",0.75,"stine",4,1.4
"pc1","4cpu-i7",0.75,"stine",3,1.4
"pc1","4cpu-i7",0.75,"stine",2,1.41
"pc1","4cpu-i7",0.75,"stine",1,1.46
"pc1","4cpu-i7",0.75,"stine",2,1.41
"pc1","4cpu-i7",0.75,"stine",4,1.41
"pc1","4cpu-i7",0.75,"stine",3,1.49
"pc1","4cpu-i7",0.75,"stine",1,1.49
"pc1","4cpu-i7",0.85,"stine",3,1.42
"pc1","4cpu-i7",0.85,"stine",4,1.43
"pc1","4cpu-i7",0.85,"stine",2,1.46
"pc1","4cpu-i7",0.85,"stine",1,1.46
"pc1","4cpu-i7",0.85,"stine",4,1.41
"pc1","4cpu-i7",0.85,"stine",2,1.44
"pc1","4cpu-i7",0.85,"stine",3,1.47
"pc1","4cpu-i7",0.85,"stine",1,1.49
"pc1","4cpu-i7",0.85,"stine",2,1.25
"pc1","4cpu-i7",0.85,"stine",3,1.25
"pc1","4cpu-i7",0.85,"stine",1,1.33
"pc1","4cpu-i7",0.85,"stine",4,1.33
"pc1","4cpu-i7",0.85,"stine",2,1.27
"pc1","4cpu-i7",0.85,"stine",4,1.26
"pc1","4cpu-i7",0.85,"stine",1,1.3
"pc1","4cpu-i7",0.85,"stine",3,1.3
"pc1","4cpu-i7",0.85,"stine",4,1.27
"pc1","4cpu-i7",0.85,"stine",1,1.27
"pc1","4cpu-i7",0.85,"stine",2,1.29
"pc1","4cpu-i7",0.85,"stine",3,1.28
"pc1","4cpu-i7",0.85,"stine",4,1.26
"pc1","4cpu-i7",0.85,"stine",2,1.26
"pc1","4cpu-i7",0.85,"stine",3,1.28
"pc1","4cpu-i7",0.85,"stine",1,1.31
"pc1","4cpu-i7",0.85,"stine",4,1.25
"pc1","4cpu-i7",0.85,"stine",3,1.25
"pc1","4cpu-i7",0.85,"stine",2,1.3
"pc1","4cpu-i7",0.85,"stine",1,1.33
"pc1","4cpu-i7",0.85,"stine",3,1.26
"pc1","4cpu-i7",0.85,"stine",4,1.26
"pc1","4cpu-i7",0.85,"stine",2,1.3
"pc1","4cpu-i7",0.85,"stine",1,1.32
"pc1","4cpu-i7",0.85,"stine",2,1.27
"pc1","4cpu-i7",0.85,"stine",3,1.3
"pc1","4cpu-i7",0.85,"stine",1,1.3
"pc1","4cpu-i7",0.85,"stine",4,1.3
"pc1","4cpu-i7",0.85,"stine",3,1.24
"pc1","4cpu-i7",0.85,"stine",4,1.24
"pc1","4cpu-i7",0.85,"stine",1,1.31
"pc1","4cpu-i7",0.85,"stine",2,1.3
"pc1","4cpu-i7",0.85,"stine",2,1.29
"pc1","4cpu-i7",0.85,"stine",3,1.29
"pc1","4cpu-i7",0.85,"stine",1,1.29
"pc1","4cpu-i7",0.85,"stine",4,1.29
"pc1","4cpu-i7",0.85,"stine",2,1.28
"pc1","4cpu-i7",0.85,"stine",4,1.28
"pc1","4cpu-i7",0.85,"stine",1,2.08
"pc1","4cpu-i7",0.85,"stine",3,1.31
"pc1","4cpu-i7",0.85,"stine",1,1.26
"pc1","4cpu-i7",0.85,"stine",2,1.25
"pc1","4cpu-i7",0.85,"stine",4,1.25
"pc1","4cpu-i7",0.85,"stine",3,1.26
"pc1","4cpu-i7",0.85,"stine",1,1.3
"pc1","4cpu-i7",0.85,"stine",2,1.29
"pc1","4cpu-i7",0.85,"stine",4,1.3
"pc1","4cpu-i7",0.85,"stine",3,1.3
"pc1","4cpu-i7",0.85,"stine",1,1.29
"pc1","4cpu-i7",0.85,"stine",2,1.3
"pc1","4cpu-i7",0.85,"stine",3,1.3
"pc1","4cpu-i7",0.85,"stine",4,1.3
"pc1","4cpu-i7",0.85,"stine",3,1.3
"pc1","4cpu-i7",0.85,"stine",2,1.3
"pc1","4cpu-i7",0.85,"stine",4,1.3
"pc1","4cpu-i7",0.85,"stine",1,1.27
"pc1","4cpu-i7",0.85,"stine",2,1.28
"pc1","4cpu-i7",0.85,"stine",4,1.28
"pc1","4cpu-i7",0.85,"stine",3,1.28
"pc1","4cpu-i7",0.85,"stine",1,1.24
"pc1","4cpu-i7",0.85,"stine",2,1.24
"pc1","4cpu-i7",0.85,"stine",4,1.28
"pc1","4cpu-i7",0.85,"stine",3,1.29
"pc1","4cpu-i7",0.85,"stine",1,1.26
"pc1","4cpu-i7",0.85,"stine",3,1.27
"pc1","4cpu-i7",0.85,"stine",2,1.3
"pc1","4cpu-i7",0.85,"stine",4,1.3
"pc1","4cpu-i7",0.85,"stine",3,1.28
"pc1","4cpu-i7",0.85,"stine",2,1.29
"pc1","4cpu-i7",0.85,"stine",1,1.3
"pc1","4cpu-i7",0.85,"stine",4,1.3
"pc1","4cpu-i7",0.85,"stine",2,1.27
"pc1","4cpu-i7",0.85,"stine",3,1.29
"pc1","4cpu-i7",0.85,"stine",1,1.31
"pc1","4cpu-i7",0.85,"stine",4,1.31
"pc1","4cpu-i7",0.85,"stine",2,1.28
"pc1","4cpu-i7",0.85,"stine",4,1.28
"pc1","4cpu-i7",0.85,"stine",1,1.31
"pc1","4cpu-i7",0.85,"stine",3,1.31
"pc1","4cpu-i7",0.85,"stine",1,1.27
"pc1","4cpu-i7",0.85,"stine",2,1.27
"pc1","4cpu-i7",0.85,"stine",4,1.27
"pc1","4cpu-i7",0.85,"stine",3,1.31
"pc1","4cpu-i7",0.85,"stine",3,1.28
"pc1","4cpu-i7",0.85,"stine",4,1.28
"pc1","4cpu-i7",0.85,"stine",1,1.32
"pc1","4cpu-i7",0.85,"stine",2,1.32
"pc1","4cpu-i7",0.85,"stine",1,1.29
"pc1","4cpu-i7",0.85,"stine",4,1.29
"pc1","4cpu-i7",0.85,"stine",3,1.31
"pc1","4cpu-i7",0.85,"stine",2,1.34
"pc1","4cpu-i7",0.85,"stine",2,1.29
"pc1","4cpu-i7",0.85,"stine",4,1.29
"pc1","4cpu-i7",0.85,"stine",1,1.34
"pc1","4cpu-i7",0.85,"stine",3,1.34
"pc1","4cpu-i7",0.85,"stine",4,1.27
"pc1","4cpu-i7",0.85,"stine",3,1.27
"pc1","4cpu-i7",0.85,"stine",2,1.32
"pc1","4cpu-i7",0.85,"stine",1,1.32
"pc1","4cpu-i7",0.85,"stine",2,1.3
"pc1","4cpu-i7",0.85,"stine",4,1.29
"pc1","4cpu-i7",0.85,"stine",1,1.35
"pc1","4cpu-i7",0.85,"stine",3,1.32
"pc1","4cpu-i7",0.85,"stine",2,1.27
"pc1","4cpu-i7",0.85,"stine",1,1.29
"pc1","4cpu-i7",0.85,"stine",3,1.31
"pc1","4cpu-i7",0.85,"stine",4,1.31
"pc1","4cpu-i7",0.85,"stine",2,1.25
"pc1","4cpu-i7",0.85,"stine",3,1.27
"pc1","4cpu-i7",0.85,"stine",1,1.3
"pc1","4cpu-i7",0.85,"stine",4,1.3
"pc1","4cpu-i7",0.95,"stine",3,1.24
"pc1","4cpu-i7",0.95,"stine",2,1.26
"pc1","4cpu-i7",0.95,"stine",1,1.27
"pc1","4cpu-i7",0.95,"stine",4,1.27
"pc1","4cpu-i7",0.95,"stine",3,1.25
"pc1","4cpu-i7",0.95,"stine",4,1.26
"pc1","4cpu-i7",0.95,"stine",2,1.31
"pc1","4cpu-i7",0.95,"stine",1,1.31
"pc1","4cpu-i7",0.95,"stine",2,1.07
"pc1","4cpu-i7",0.95,"stine",3,1.07
"pc1","4cpu-i7",0.95,"stine",1,1.16
"pc1","4cpu-i7",0.95,"stine",4,1.13
"pc1","4cpu-i7",0.95,"stine",1,1.1
"pc1","4cpu-i7",0.95,"stine",2,1.12
"pc1","4cpu-i7",0.95,"stine",3,1.1
"pc1","4cpu-i7",0.95,"stine",4,1.12
"pc1","4cpu-i7",0.95,"stine",1,1.1
"pc1","4cpu-i7",0.95,"stine",4,1.07
"pc1","4cpu-i7",0.95,"stine",3,1.14
"pc1","4cpu-i7",0.95,"stine",2,1.14
"pc1","4cpu-i7",0.95,"stine",1,1.11
"pc1","4cpu-i7",0.95,"stine",3,1.1
"pc1","4cpu-i7",0.95,"stine",2,1.14
"pc1","4cpu-i7",0.95,"stine",4,1.13
"pc1","4cpu-i7",0.95,"stine",2,1.1
"pc1","4cpu-i7",0.95,"stine",3,1.1
"pc1","4cpu-i7",0.95,"stine",4,1.13
"pc1","4cpu-i7",0.95,"stine",1,1.13
"pc1","4cpu-i7",0.95,"stine",2,1.09
"pc1","4cpu-i7",0.95,"stine",4,1.09
"pc1","4cpu-i7",0.95,"stine",1,1.14
"pc1","4cpu-i7",0.95,"stine",3,1.14
"pc1","4cpu-i7",0.95,"stine",2,1.1
"pc1","4cpu-i7",0.95,"stine",3,1.1
"pc1","4cpu-i7",0.95,"stine",4,1.15
"pc1","4cpu-i7",0.95,"stine",1,1.15
"pc1","4cpu-i7",0.95,"stine",4,1.1
"pc1","4cpu-i7",0.95,"stine",3,1.1
"pc1","4cpu-i7",0.95,"stine",2,1.14
"pc1","4cpu-i7",0.95,"stine",1,1.14
"pc1","4cpu-i7",0.95,"stine",2,1.09
"pc1","4cpu-i7",0.95,"stine",3,1.09
"pc1","4cpu-i7",0.95,"stine",1,1.14
"pc1","4cpu-i7",0.95,"stine",4,1.13
"pc1","4cpu-i7",0.95,"stine",3,1.09
"pc1","4cpu-i7",0.95,"stine",2,1.09
"pc1","4cpu-i7",0.95,"stine",4,1.11
"pc1","4cpu-i7",0.95,"stine",1,1.14
"pc1","4cpu-i7",0.95,"stine",1,1.09
"pc1","4cpu-i7",0.95,"stine",2,1.08
"pc1","4cpu-i7",0.95,"stine",3,1.12
"pc1","4cpu-i7",0.95,"stine",4,1.12
"pc1","4cpu-i7",0.95,"stine",2,1.1
"pc1","4cpu-i7",0.95,"stine",3,1.1
"pc1","4cpu-i7",0.95,"stine",1,1.15
"pc1","4cpu-i7",0.95,"stine",4,1.13
"pc1","4cpu-i7",0.95,"stine",1,1.1
"pc1","4cpu-i7",0.95,"stine",2,1.1
"pc1","4cpu-i7",0.95,"stine",4,1.14
"pc1","4cpu-i7",0.95,"stine",3,1.15
"pc1","4cpu-i7",0.95,"stine",2,1.1
"pc1","4cpu-i7",0.95,"stine",1,1.1
"pc1","4cpu-i7",0.95,"stine",4,1.13
"pc1","4cpu-i7",0.95,"stine",3,1.14
"pc1","4cpu-i7",0.95,"stine",2,1.09
"pc1","4cpu-i7",0.95,"stine",1,1.1
"pc1","4cpu-i7",0.95,"stine",3,1.15
"pc1","4cpu-i7",0.95,"stine",4,1.14
"pc1","4cpu-i7",0.95,"stine",2,1.09
"pc1","4cpu-i7",0.95,"stine",1,1.1
"pc1","4cpu-i7",0.95,"stine",3,1.16
"pc1","4cpu-i7",0.95,"stine",4,1.16
"pc1","4cpu-i7",0.95,"stine",3,1.11
"pc1","4cpu-i7",0.95,"stine",1,1.14
"pc1","4cpu-i7",0.95,"stine",4,1.14
"pc1","4cpu-i7",0.95,"stine",2,1.36
"pc1","4cpu-i7",0.95,"stine",4,1.13
"pc1","4cpu-i7",0.95,"stine",3,1.13
"pc1","4cpu-i7",0.95,"stine",1,1.16
"pc1","4cpu-i7",0.95,"stine",2,1.17
"pc1","4cpu-i7",0.95,"stine",3,1.12
"pc1","4cpu-i7",0.95,"stine",4,1.12
"pc1","4cpu-i7",0.95,"stine",1,1.16
"pc1","4cpu-i7",0.95,"stine",2,1.16
"pc1","4cpu-i7",0.95,"stine",4,1.12
"pc1","4cpu-i7",0.95,"stine",3,1.12
"pc1","4cpu-i7",0.95,"stine",1,1.14
"pc1","4cpu-i7",0.95,"stine",2,1.15
"pc1","4cpu-i7",0.95,"stine",2,1.1
"pc1","4cpu-i7",0.95,"stine",4,1.11
"pc1","4cpu-i7",0.95,"stine",1,1.15
"pc1","4cpu-i7",0.95,"stine",3,1.14
"pc1","4cpu-i7",0.95,"stine",2,1.1
"pc1","4cpu-i7",0.95,"stine",4,1.09
"pc1","4cpu-i7",0.95,"stine",3,1.15
"pc1","4cpu-i7",0.95,"stine",1,1.17
"pc1","4cpu-i7",0.95,"stine",1,1.12
"pc1","4cpu-i7",0.95,"stine",2,1.12
"pc1","4cpu-i7",0.95,"stine",3,1.14
"pc1","4cpu-i7",0.95,"stine",4,1.14
"pc1","4cpu-i7",0.95,"stine",1,1.12
"pc1","4cpu-i7",0.95,"stine",2,1.12
"pc1","4cpu-i7",0.95,"stine",3,1.13
"pc1","4cpu-i7",0.95,"stine",4,1.13
"pc1","4cpu-i7",0.95,"stine",2,1.11
"pc1","4cpu-i7",0.95,"stine",4,1.13
"pc1","4cpu-i7",0.95,"stine",1,1.16
"pc1","4cpu-i7",0.95,"stine",3,1.15
"pc1","4cpu-i7",0.95,"stine",3,1.12
"pc1","4cpu-i7",0.95,"stine",4,1.12
"pc1","4cpu-i7",0.95,"stine",1,1.16
"pc1","4cpu-i7",0.95,"stine",2,1.16
"pc1","4cpu-i7",0.95,"stine",3,1.11
"pc1","4cpu-i7",0.95,"stine",4,1.18
"pc1","4cpu-i7",0.95,"stine",1,1.18
"pc1","4cpu-i7",0.95,"stine",2,1.18
"pc1","4cpu-i7",0.95,"stine",2,1.12
"pc1","4cpu-i7",0.95,"stine",3,1.12
"pc1","4cpu-i7",0.95,"stine",1,1.12
"pc1","4cpu-i7",0.95,"stine",4,1.12
"pc1","4cpu-i7",0.05,"locf",2,42.07
"pc1","4cpu-i7",0.05,"locf",4,43.96
"pc1","4cpu-i7",0.05,"locf",3,44.56
"pc1","4cpu-i7",0.05,"locf",1,44.77
"pc1","4cpu-i7",0.05,"locf",3,44.75
"pc1","4cpu-i7",0.05,"locf",1,44.87
"pc1","4cpu-i7",0.05,"locf",4,44.94
"pc1","4cpu-i7",0.05,"locf",2,45.55
"pc1","4cpu-i7",0.05,"locf",1,42.67
"pc1","4cpu-i7",0.05,"locf",2,42.94
"pc1","4cpu-i7",0.05,"locf",3,42.94
"pc1","4cpu-i7",0.05,"locf",4,43.33
"pc1","4cpu-i7",0.05,"locf",2,40.34
"pc1","4cpu-i7",0.05,"locf",3,41.03
"pc1","4cpu-i7",0.05,"locf",1,41.35
"pc1","4cpu-i7",0.05,"locf",4,41.42
"pc1","4cpu-i7",0.05,"locf",3,37.77
"pc1","4cpu-i7",0.05,"locf",1,38.69
"pc1","4cpu-i7",0.05,"locf",4,39.58
"pc1","4cpu-i7",0.05,"locf",2,39.58
"pc1","4cpu-i7",0.05,"locf",1,39.09
"pc1","4cpu-i7",0.05,"locf",3,39.46
"pc1","4cpu-i7",0.05,"locf",2,40.27
"pc1","4cpu-i7",0.05,"locf",4,41.66
"pc1","4cpu-i7",0.05,"locf",2,41.35
"pc1","4cpu-i7",0.05,"locf",1,41.67
"pc1","4cpu-i7",0.05,"locf",3,41.85
"pc1","4cpu-i7",0.05,"locf",4,41.94
"pc1","4cpu-i7",0.05,"locf",2,39.85
"pc1","4cpu-i7",0.05,"locf",1,40.15
"pc1","4cpu-i7",0.05,"locf",4,41.04
"pc1","4cpu-i7",0.05,"locf",3,41.84
"pc1","4cpu-i7",0.05,"locf",2,39.45
"pc1","4cpu-i7",0.05,"locf",4,39.54
"pc1","4cpu-i7",0.05,"locf",1,39.57
"pc1","4cpu-i7",0.05,"locf",3,39.74
"pc1","4cpu-i7",0.05,"locf",1,41.47
"pc1","4cpu-i7",0.05,"locf",2,42.05
"pc1","4cpu-i7",0.05,"locf",3,42.15
"pc1","4cpu-i7",0.05,"locf",4,42.74
"pc1","4cpu-i7",0.05,"locf",3,40.94
"pc1","4cpu-i7",0.05,"locf",1,41.27
"pc1","4cpu-i7",0.05,"locf",2,41.46
"pc1","4cpu-i7",0.05,"locf",4,42.13
"pc1","4cpu-i7",0.05,"locf",1,40.89
"pc1","4cpu-i7",0.05,"locf",3,41.58
"pc1","4cpu-i7",0.05,"locf",4,41.67
"pc1","4cpu-i7",0.05,"locf",2,41.78
"pc1","4cpu-i7",0.05,"locf",3,39.04
"pc1","4cpu-i7",0.05,"locf",1,39.26
"pc1","4cpu-i7",0.05,"locf",4,39.53
"pc1","4cpu-i7",0.05,"locf",2,40.04
"pc1","4cpu-i7",0.05,"locf",3,36.75
"pc1","4cpu-i7",0.05,"locf",2,37.35
"pc1","4cpu-i7",0.05,"locf",1,38.17
"pc1","4cpu-i7",0.05,"locf",4,38.63
"pc1","4cpu-i7",0.05,"locf",1,38.68
"pc1","4cpu-i7",0.05,"locf",2,38.78
"pc1","4cpu-i7",0.05,"locf",3,38.87
"pc1","4cpu-i7",0.05,"locf",4,39.66
"pc1","4cpu-i7",0.05,"locf",1,37.86
"pc1","4cpu-i7",0.05,"locf",2,38.96
"pc1","4cpu-i7",0.05,"locf",3,40.05
"pc1","4cpu-i7",0.05,"locf",4,40.34
"pc1","4cpu-i7",0.05,"locf",3,39.44
"pc1","4cpu-i7",0.05,"locf",4,39.73
"pc1","4cpu-i7",0.05,"locf",2,39.97
"pc1","4cpu-i7",0.05,"locf",1,39.97
"pc1","4cpu-i7",0.05,"locf",1,38.24
"pc1","4cpu-i7",0.05,"locf",3,38.24
"pc1","4cpu-i7",0.05,"locf",4,38.53
"pc1","4cpu-i7",0.05,"locf",2,39.86
"pc1","4cpu-i7",0.05,"locf",4,39.59
"pc1","4cpu-i7",0.05,"locf",2,39.93
"pc1","4cpu-i7",0.05,"locf",1,40.45
"pc1","4cpu-i7",0.05,"locf",3,40.71
"pc1","4cpu-i7",0.05,"locf",4,41.94
"pc1","4cpu-i7",0.05,"locf",2,42.15
"pc1","4cpu-i7",0.05,"locf",1,42.26
"pc1","4cpu-i7",0.05,"locf",3,42.85
"pc1","4cpu-i7",0.05,"locf",4,41.44
"pc1","4cpu-i7",0.05,"locf",3,41.74
"pc1","4cpu-i7",0.05,"locf",2,41.75
"pc1","4cpu-i7",0.05,"locf",1,42.36
"pc1","4cpu-i7",0.05,"locf",3,41.16
"pc1","4cpu-i7",0.05,"locf",2,41.67
"pc1","4cpu-i7",0.05,"locf",1,42.56
"pc1","4cpu-i7",0.05,"locf",4,42.56
"pc1","4cpu-i7",0.05,"locf",2,39.77
"pc1","4cpu-i7",0.05,"locf",3,40.17
"pc1","4cpu-i7",0.05,"locf",4,40.27
"pc1","4cpu-i7",0.05,"locf",1,40.88
"pc1","4cpu-i7",0.05,"locf",3,40.05
"pc1","4cpu-i7",0.05,"locf",4,40.13
"pc1","4cpu-i7",0.05,"locf",2,40.95
"pc1","4cpu-i7",0.05,"locf",1,41.57
"pc1","4cpu-i7",0.05,"locf",1,42.25
"pc1","4cpu-i7",0.05,"locf",4,42.25
"pc1","4cpu-i7",0.05,"locf",2,42.47
"pc1","4cpu-i7",0.05,"locf",3,42.86
"pc1","4cpu-i7",0.05,"locf",1,39.46
"pc1","4cpu-i7",0.05,"locf",3,39.75
"pc1","4cpu-i7",0.05,"locf",2,39.75
"pc1","4cpu-i7",0.05,"locf",4,40.13
"pc1","4cpu-i7",0.05,"locf",3,42.17
"pc1","4cpu-i7",0.05,"locf",4,42.56
"pc1","4cpu-i7",0.05,"locf",1,42.89
"pc1","4cpu-i7",0.05,"locf",2,43.58
"pc1","4cpu-i7",0.05,"locf",2,39.55
"pc1","4cpu-i7",0.05,"locf",3,39.64
"pc1","4cpu-i7",0.05,"locf",1,40.06
"pc1","4cpu-i7",0.05,"locf",4,40.43
"pc1","4cpu-i7",0.05,"locf",3,40.54
"pc1","4cpu-i7",0.05,"locf",1,41.04
"pc1","4cpu-i7",0.05,"locf",4,41.24
"pc1","4cpu-i7",0.05,"locf",2,41.24
"pc1","4cpu-i7",0.05,"locf",3,41.14
"pc1","4cpu-i7",0.05,"locf",4,41.94
"pc1","4cpu-i7",0.05,"locf",1,42.06
"pc1","4cpu-i7",0.05,"locf",2,42.05
"pc1","4cpu-i7",0.15,"locf",1,9.91
"pc1","4cpu-i7",0.15,"locf",4,9.99
"pc1","4cpu-i7",0.15,"locf",3,10.09
"pc1","4cpu-i7",0.15,"locf",2,10.11
"pc1","4cpu-i7",0.15,"locf",4,9.73
"pc1","4cpu-i7",0.15,"locf",1,9.85
"pc1","4cpu-i7",0.15,"locf",3,9.95
"pc1","4cpu-i7",0.15,"locf",2,10.14
"pc1","4cpu-i7",0.15,"locf",4,8.84
"pc1","4cpu-i7",0.15,"locf",3,8.96
"pc1","4cpu-i7",0.15,"locf",1,8.96
"pc1","4cpu-i7",0.15,"locf",2,9.05
"pc1","4cpu-i7",0.15,"locf",2,9.36
"pc1","4cpu-i7",0.15,"locf",4,9.44
"pc1","4cpu-i7",0.15,"locf",3,9.54
"pc1","4cpu-i7",0.15,"locf",1,9.56
"pc1","4cpu-i7",0.15,"locf",4,9.05
"pc1","4cpu-i7",0.15,"locf",2,9.08
"pc1","4cpu-i7",0.15,"locf",1,9.38
"pc1","4cpu-i7",0.15,"locf",3,9.46
"pc1","4cpu-i7",0.15,"locf",2,9.17
"pc1","4cpu-i7",0.15,"locf",4,9.24
"pc1","4cpu-i7",0.15,"locf",3,9.28
"pc1","4cpu-i7",0.15,"locf",1,9.28
"pc1","4cpu-i7",0.15,"locf",3,9.53
"pc1","4cpu-i7",0.15,"locf",2,9.55
"pc1","4cpu-i7",0.15,"locf",4,9.62
"pc1","4cpu-i7",0.15,"locf",1,9.66
"pc1","4cpu-i7",0.15,"locf",4,9.35
"pc1","4cpu-i7",0.15,"locf",2,9.36
"pc1","4cpu-i7",0.15,"locf",1,9.86
"pc1","4cpu-i7",0.15,"locf",3,9.86
"pc1","4cpu-i7",0.15,"locf",4,8.55
"pc1","4cpu-i7",0.15,"locf",2,8.58
"pc1","4cpu-i7",0.15,"locf",1,8.78
"pc1","4cpu-i7",0.15,"locf",3,8.87
"pc1","4cpu-i7",0.15,"locf",1,8.66
"pc1","4cpu-i7",0.15,"locf",4,8.66
"pc1","4cpu-i7",0.15,"locf",2,8.66
"pc1","4cpu-i7",0.15,"locf",3,8.76
"pc1","4cpu-i7",0.15,"locf",2,8.43
"pc1","4cpu-i7",0.15,"locf",4,8.61
"pc1","4cpu-i7",0.15,"locf",1,8.86
"pc1","4cpu-i7",0.15,"locf",3,9.01
"pc1","4cpu-i7",0.15,"locf",2,9.06
"pc1","4cpu-i7",0.15,"locf",1,9.46
"pc1","4cpu-i7",0.15,"locf",3,9.45
"pc1","4cpu-i7",0.15,"locf",4,9.54
"pc1","4cpu-i7",0.15,"locf",1,9.09
"pc1","4cpu-i7",0.15,"locf",2,9.16
"pc1","4cpu-i7",0.15,"locf",3,9.36
"pc1","4cpu-i7",0.15,"locf",4,9.36
"pc1","4cpu-i7",0.15,"locf",3,9.55
"pc1","4cpu-i7",0.15,"locf",2,9.56
"pc1","4cpu-i7",0.15,"locf",4,9.64
"pc1","4cpu-i7",0.15,"locf",1,9.66
"pc1","4cpu-i7",0.15,"locf",2,9.38
"pc1","4cpu-i7",0.15,"locf",1,9.47
"pc1","4cpu-i7",0.15,"locf",3,9.56
"pc1","4cpu-i7",0.15,"locf",4,9.56
"pc1","4cpu-i7",0.15,"locf",1,9.08
"pc1","4cpu-i7",0.15,"locf",4,9.35
"pc1","4cpu-i7",0.15,"locf",2,9.35
"pc1","4cpu-i7",0.15,"locf",3,9.35
"pc1","4cpu-i7",0.15,"locf",3,8.83
"pc1","4cpu-i7",0.15,"locf",4,8.91
"pc1","4cpu-i7",0.15,"locf",1,9.05
"pc1","4cpu-i7",0.15,"locf",2,9.04
"pc1","4cpu-i7",0.15,"locf",4,8.75
"pc1","4cpu-i7",0.15,"locf",1,8.98
"pc1","4cpu-i7",0.15,"locf",2,8.98
"pc1","4cpu-i7",0.15,"locf",3,9.07
"pc1","4cpu-i7",0.15,"locf",1,9.69
"pc1","4cpu-i7",0.15,"locf",3,9.76
"pc1","4cpu-i7",0.15,"locf",2,9.78
"pc1","4cpu-i7",0.15,"locf",4,9.85
"pc1","4cpu-i7",0.15,"locf",3,9.58
"pc1","4cpu-i7",0.15,"locf",4,9.76
"pc1","4cpu-i7",0.15,"locf",1,9.88
"pc1","4cpu-i7",0.15,"locf",4,9.36
"pc1","4cpu-i7",0.15,"locf",1,9.49
"pc1","4cpu-i7",0.15,"locf",3,9.76
"pc1","4cpu-i7",0.15,"locf",2,9.78
"pc1","4cpu-i7",0.15,"locf",3,9.15
"pc1","4cpu-i7",0.15,"locf",4,9.15
"pc1","4cpu-i7",0.15,"locf",1,9.26
"pc1","4cpu-i7",0.15,"locf",2,9.26
"pc1","4cpu-i7",0.15,"locf",2,9.75
"pc1","4cpu-i7",0.15,"locf",4,9.82
"pc1","4cpu-i7",0.15,"locf",3,10.06
"pc1","4cpu-i7",0.15,"locf",1,10.06
"pc1","4cpu-i7",0.15,"locf",4,8.94
"pc1","4cpu-i7",0.15,"locf",1,9.16
"pc1","4cpu-i7",0.15,"locf",3,9.34
"pc1","4cpu-i7",0.15,"locf",2,9.44
"pc1","4cpu-i7",0.15,"locf",4,9.67
"pc1","4cpu-i7",0.15,"locf",1,9.76
"pc1","4cpu-i7",0.15,"locf",3,9.76
"pc1","4cpu-i7",0.15,"locf",2,9.79
"pc1","4cpu-i7",0.15,"locf",4,9.55
"pc1","4cpu-i7",0.15,"locf",2,9.66
"pc1","4cpu-i7",0.15,"locf",1,9.78
"pc1","4cpu-i7",0.15,"locf",3,9.76
"pc1","4cpu-i7",0.15,"locf",2,9.66
"pc1","4cpu-i7",0.15,"locf",4,9.74
"pc1","4cpu-i7",0.15,"locf",3,9.75
"pc1","4cpu-i7",0.15,"locf",1,9.98
"pc1","4cpu-i7",0.15,"locf",2,8.75
"pc1","4cpu-i7",0.15,"locf",3,8.75
"pc1","4cpu-i7",0.15,"locf",4,8.85
"pc1","4cpu-i7",0.15,"locf",1,9.07
"pc1","4cpu-i7",0.15,"locf",4,9.72
"pc1","4cpu-i7",0.15,"locf",3,9.72
"pc1","4cpu-i7",0.15,"locf",2,9.82
"pc1","4cpu-i7",0.15,"locf",1,9.86
"pc1","4cpu-i7",0.15,"locf",4,9.05
"pc1","4cpu-i7",0.15,"locf",2,9.45
"pc1","4cpu-i7",0.15,"locf",1,9.56
"pc1","4cpu-i7",0.15,"locf",3,9.56
"pc1","4cpu-i7",0.25,"locf",2,5.25
"pc1","4cpu-i7",0.25,"locf",4,5.26
"pc1","4cpu-i7",0.25,"locf",3,5.26
"pc1","4cpu-i7",0.25,"locf",1,5.38
"pc1","4cpu-i7",0.25,"locf",2,5.58
"pc1","4cpu-i7",0.25,"locf",3,5.58
"pc1","4cpu-i7",0.25,"locf",1,5.66
"pc1","4cpu-i7",0.25,"locf",4,5.66
"pc1","4cpu-i7",0.25,"locf",2,4.85
"pc1","4cpu-i7",0.25,"locf",4,4.85
"pc1","4cpu-i7",0.25,"locf",3,4.95
"pc1","4cpu-i7",0.25,"locf",1,5.05
"pc1","4cpu-i7",0.25,"locf",4,4.98
"pc1","4cpu-i7",0.25,"locf",3,5.1
"pc1","4cpu-i7",0.25,"locf",1,5.1
"pc1","4cpu-i7",0.25,"locf",2,5.09
"pc1","4cpu-i7",0.25,"locf",4,4.94
"pc1","4cpu-i7",0.25,"locf",1,5.08
"pc1","4cpu-i7",0.25,"locf",3,5.16
"pc1","4cpu-i7",0.25,"locf",2,5.18
"pc1","4cpu-i7",0.25,"locf",4,4.97
"pc1","4cpu-i7",0.25,"locf",1,4.98
"pc1","4cpu-i7",0.25,"locf",3,4.98
"pc1","4cpu-i7",0.25,"locf",2,4.98
"pc1","4cpu-i7",0.25,"locf",2,4.93
"pc1","4cpu-i7",0.25,"locf",4,4.93
"pc1","4cpu-i7",0.25,"locf",3,4.95
"pc1","4cpu-i7",0.25,"locf",1,5.05
"pc1","4cpu-i7",0.25,"locf",4,4.87
"pc1","4cpu-i7",0.25,"locf",1,4.97
"pc1","4cpu-i7",0.25,"locf",3,4.96
"pc1","4cpu-i7",0.25,"locf",2,4.99
"pc1","4cpu-i7",0.25,"locf",4,4.96
"pc1","4cpu-i7",0.25,"locf",3,5.08
"pc1","4cpu-i7",0.25,"locf",1,5.08
"pc1","4cpu-i7",0.25,"locf",2,5.16
"pc1","4cpu-i7",0.25,"locf",3,4.98
"pc1","4cpu-i7",0.25,"locf",2,5.07
"pc1","4cpu-i7",0.25,"locf",4,5.07
"pc1","4cpu-i7",0.25,"locf",1,5.09
"pc1","4cpu-i7",0.25,"locf",3,4.97
"pc1","4cpu-i7",0.25,"locf",4,5.06
"pc1","4cpu-i7",0.25,"locf",2,5.18
"pc1","4cpu-i7",0.25,"locf",1,5.28
"pc1","4cpu-i7",0.25,"locf",4,4.96
"pc1","4cpu-i7",0.25,"locf",3,5.08
"pc1","4cpu-i7",0.25,"locf",2,5.17
"pc1","4cpu-i7",0.25,"locf",1,5.17
"pc1","4cpu-i7",0.25,"locf",4,4.68
"pc1","4cpu-i7",0.25,"locf",3,4.76
"pc1","4cpu-i7",0.25,"locf",1,4.87
"pc1","4cpu-i7",0.25,"locf",2,4.88
"pc1","4cpu-i7",0.25,"locf",3,4.89
"pc1","4cpu-i7",0.25,"locf",4,4.97
"pc1","4cpu-i7",0.25,"locf",1,5.09
"pc1","4cpu-i7",0.25,"locf",2,5.09
"pc1","4cpu-i7",0.25,"locf",3,4.86
"pc1","4cpu-i7",0.25,"locf",4,4.94
"pc1","4cpu-i7",0.25,"locf",2,4.97
"pc1","4cpu-i7",0.25,"locf",1,4.99
"pc1","4cpu-i7",0.25,"locf",3,4.96
"pc1","4cpu-i7",0.25,"locf",1,5.16
"pc1","4cpu-i7",0.25,"locf",2,5.16
"pc1","4cpu-i7",0.25,"locf",4,5.16
"pc1","4cpu-i7",0.25,"locf",3,4.84
"pc1","4cpu-i7",0.25,"locf",2,4.94
"pc1","4cpu-i7",0.25,"locf",1,4.96
"pc1","4cpu-i7",0.25,"locf",4,5.02
"pc1","4cpu-i7",0.25,"locf",4,5.07
"pc1","4cpu-i7",0.25,"locf",1,5.11
"pc1","4cpu-i7",0.25,"locf",2,5.11
"pc1","4cpu-i7",0.25,"locf",3,5.18
"pc1","4cpu-i7",0.25,"locf",1,5.09
"pc1","4cpu-i7",0.25,"locf",4,5.17
"pc1","4cpu-i7",0.25,"locf",2,5.19
"pc1","4cpu-i7",0.25,"locf",3,5.26
"pc1","4cpu-i7",0.25,"locf",4,4.83
"pc1","4cpu-i7",0.25,"locf",1,4.98
"pc1","4cpu-i7",0.25,"locf",3,4.98
"pc1","4cpu-i7",0.25,"locf",2,5.05
"pc1","4cpu-i7",0.25,"locf",4,4.86
"pc1","4cpu-i7",0.25,"locf",3,4.96
"pc1","4cpu-i7",0.25,"locf",1,4.98
"pc1","4cpu-i7",0.25,"locf",2,5
"pc1","4cpu-i7",0.25,"locf",2,4.84
"pc1","4cpu-i7",0.25,"locf",3,4.85
"pc1","4cpu-i7",0.25,"locf",1,4.85
"pc1","4cpu-i7",0.25,"locf",4,4.85
"pc1","4cpu-i7",0.25,"locf",2,5.04
"pc1","4cpu-i7",0.25,"locf",4,5.03
"pc1","4cpu-i7",0.25,"locf",1,5.14
"pc1","4cpu-i7",0.25,"locf",3,5.14
"pc1","4cpu-i7",0.25,"locf",3,4.71
"pc1","4cpu-i7",0.25,"locf",1,4.84
"pc1","4cpu-i7",0.25,"locf",4,4.81
"pc1","4cpu-i7",0.25,"locf",2,4.92
"pc1","4cpu-i7",0.25,"locf",4,4.75
"pc1","4cpu-i7",0.25,"locf",1,4.87
"pc1","4cpu-i7",0.25,"locf",3,4.85
"pc1","4cpu-i7",0.25,"locf",2,4.96
"pc1","4cpu-i7",0.25,"locf",4,5.07
"pc1","4cpu-i7",0.25,"locf",2,5.07
"pc1","4cpu-i7",0.25,"locf",1,5.09
"pc1","4cpu-i7",0.25,"locf",3,5.26
"pc1","4cpu-i7",0.25,"locf",3,5
"pc1","4cpu-i7",0.25,"locf",2,5
"pc1","4cpu-i7",0.25,"locf",4,5.05
"pc1","4cpu-i7",0.25,"locf",1,5.09
"pc1","4cpu-i7",0.25,"locf",2,4.89
"pc1","4cpu-i7",0.25,"locf",4,5.06
"pc1","4cpu-i7",0.25,"locf",3,5.06
"pc1","4cpu-i7",0.25,"locf",1,5.17
"pc1","4cpu-i7",0.25,"locf",4,4.98
"pc1","4cpu-i7",0.25,"locf",2,5.09
"pc1","4cpu-i7",0.25,"locf",3,5.09
"pc1","4cpu-i7",0.25,"locf",1,5.1
"pc1","4cpu-i7",0.25,"locf",4,4.86
"pc1","4cpu-i7",0.25,"locf",3,4.95
"pc1","4cpu-i7",0.25,"locf",2,4.97
"pc1","4cpu-i7",0.25,"locf",1,5.08
"pc1","4cpu-i7",0.35,"locf",4,3.48
"pc1","4cpu-i7",0.35,"locf",3,3.59
"pc1","4cpu-i7",0.35,"locf",1,3.63
"pc1","4cpu-i7",0.35,"locf",2,3.63
"pc1","4cpu-i7",0.35,"locf",3,3.72
"pc1","4cpu-i7",0.35,"locf",1,3.75
"pc1","4cpu-i7",0.35,"locf",2,3.75
"pc1","4cpu-i7",0.35,"locf",4,3.81
"pc1","4cpu-i7",0.35,"locf",3,3.31
"pc1","4cpu-i7",0.35,"locf",1,3.31
"pc1","4cpu-i7",0.35,"locf",2,3.31
"pc1","4cpu-i7",0.35,"locf",4,3.37
"pc1","4cpu-i7",0.35,"locf",2,3.38
"pc1","4cpu-i7",0.35,"locf",4,3.38
"pc1","4cpu-i7",0.35,"locf",3,3.47
"pc1","4cpu-i7",0.35,"locf",1,3.49
"pc1","4cpu-i7",0.35,"locf",4,3.34
"pc1","4cpu-i7",0.35,"locf",2,3.37
"pc1","4cpu-i7",0.35,"locf",3,3.47
"pc1","4cpu-i7",0.35,"locf",1,3.57
"pc1","4cpu-i7",0.35,"locf",4,3.18
"pc1","4cpu-i7",0.35,"locf",3,3.18
"pc1","4cpu-i7",0.35,"locf",2,3.28
"pc1","4cpu-i7",0.35,"locf",1,3.31
"pc1","4cpu-i7",0.35,"locf",1,3.27
"pc1","4cpu-i7",0.35,"locf",3,3.28
"pc1","4cpu-i7",0.35,"locf",2,3.28
"pc1","4cpu-i7",0.35,"locf",4,3.32
"pc1","4cpu-i7",0.35,"locf",2,3.39
"pc1","4cpu-i7",0.35,"locf",3,3.39
"pc1","4cpu-i7",0.35,"locf",4,3.39
"pc1","4cpu-i7",0.35,"locf",1,3.42
"pc1","4cpu-i7",0.35,"locf",4,3.33
"pc1","4cpu-i7",0.35,"locf",1,3.36
"pc1","4cpu-i7",0.35,"locf",3,3.36
"pc1","4cpu-i7",0.35,"locf",2,3.37
"pc1","4cpu-i7",0.35,"locf",4,3.35
"pc1","4cpu-i7",0.35,"locf",2,3.44
"pc1","4cpu-i7",0.35,"locf",3,3.46
"pc1","4cpu-i7",0.35,"locf",1,3.47
"pc1","4cpu-i7",0.35,"locf",2,3.18
"pc1","4cpu-i7",0.35,"locf",3,3.34
"pc1","4cpu-i7",0.35,"locf",1,3.35
"pc1","4cpu-i7",0.35,"locf",4,3.35
"pc1","4cpu-i7",0.35,"locf",3,3.26
"pc1","4cpu-i7",0.35,"locf",4,3.34
"pc1","4cpu-i7",0.35,"locf",1,3.38
"pc1","4cpu-i7",0.35,"locf",2,3.37
"pc1","4cpu-i7",0.35,"locf",3,3.25
"pc1","4cpu-i7",0.35,"locf",2,3.27
"pc1","4cpu-i7",0.35,"locf",4,3.32
"pc1","4cpu-i7",0.35,"locf",1,3.32
"pc1","4cpu-i7",0.35,"locf",3,3.18
"pc1","4cpu-i7",0.35,"locf",2,3.21
"pc1","4cpu-i7",0.35,"locf",4,3.3
"pc1","4cpu-i7",0.35,"locf",1,3.3
"pc1","4cpu-i7",0.35,"locf",4,3.33
"pc1","4cpu-i7",0.35,"locf",3,3.33
"pc1","4cpu-i7",0.35,"locf",2,3.45
"pc1","4cpu-i7",0.35,"locf",1,3.45
"pc1","4cpu-i7",0.35,"locf",1,3.32
"pc1","4cpu-i7",0.35,"locf",3,3.34
"pc1","4cpu-i7",0.35,"locf",2,3.35
"pc1","4cpu-i7",0.35,"locf",4,3.41
"pc1","4cpu-i7",0.35,"locf",2,3.39
"pc1","4cpu-i7",0.35,"locf",3,3.39
"pc1","4cpu-i7",0.35,"locf",1,3.39
"pc1","4cpu-i7",0.35,"locf",4,3.46
"pc1","4cpu-i7",0.35,"locf",3,3.39
"pc1","4cpu-i7",0.35,"locf",2,3.39
"pc1","4cpu-i7",0.35,"locf",1,3.4
"pc1","4cpu-i7",0.35,"locf",4,3.38
"pc1","4cpu-i7",0.35,"locf",2,3.33
"pc1","4cpu-i7",0.35,"locf",4,3.32
"pc1","4cpu-i7",0.35,"locf",1,3.44
"pc1","4cpu-i7",0.35,"locf",3,3.43
"pc1","4cpu-i7",0.35,"locf",2,3.19
"pc1","4cpu-i7",0.35,"locf",1,3.29
"pc1","4cpu-i7",0.35,"locf",3,3.36
"pc1","4cpu-i7",0.35,"locf",4,3.36
"pc1","4cpu-i7",0.35,"locf",3,3.35
"pc1","4cpu-i7",0.35,"locf",2,3.36
"pc1","4cpu-i7",0.35,"locf",1,3.45
"pc1","4cpu-i7",0.35,"locf",4,3.45
"pc1","4cpu-i7",0.35,"locf",2,3.36
"pc1","4cpu-i7",0.35,"locf",1,3.45
"pc1","4cpu-i7",0.35,"locf",3,3.45
"pc1","4cpu-i7",0.35,"locf",4,3.45
"pc1","4cpu-i7",0.35,"locf",2,3.36
"pc1","4cpu-i7",0.35,"locf",3,3.36
"pc1","4cpu-i7",0.35,"locf",1,3.48
"pc1","4cpu-i7",0.35,"locf",4,3.46
"pc1","4cpu-i7",0.35,"locf",2,3.38
"pc1","4cpu-i7",0.35,"locf",3,3.45
"pc1","4cpu-i7",0.35,"locf",4,3.45
"pc1","4cpu-i7",0.35,"locf",1,3.58
"pc1","4cpu-i7",0.35,"locf",4,3.26
"pc1","4cpu-i7",0.35,"locf",2,3.38
"pc1","4cpu-i7",0.35,"locf",3,3.39
"pc1","4cpu-i7",0.35,"locf",1,3.39
"pc1","4cpu-i7",0.35,"locf",4,3.34
"pc1","4cpu-i7",0.35,"locf",3,3.36
"pc1","4cpu-i7",0.35,"locf",2,3.45
"pc1","4cpu-i7",0.35,"locf",1,3.47
"pc1","4cpu-i7",0.35,"locf",4,3.27
"pc1","4cpu-i7",0.35,"locf",3,3.37
"pc1","4cpu-i7",0.35,"locf",1,3.48
"pc1","4cpu-i7",0.35,"locf",2,3.48
"pc1","4cpu-i7",0.35,"locf",1,3.35
"pc1","4cpu-i7",0.35,"locf",4,3.36
"pc1","4cpu-i7",0.35,"locf",2,3.36
"pc1","4cpu-i7",0.35,"locf",3,3.36
"pc1","4cpu-i7",0.35,"locf",1,3.35
"pc1","4cpu-i7",0.35,"locf",2,3.34
"pc1","4cpu-i7",0.35,"locf",3,3.35
"pc1","4cpu-i7",0.35,"locf",4,3.35
"pc1","4cpu-i7",0.35,"locf",3,3.45
"pc1","4cpu-i7",0.35,"locf",4,3.47
"pc1","4cpu-i7",0.35,"locf",2,3.47
"pc1","4cpu-i7",0.35,"locf",1,3.55
"pc1","4cpu-i7",0.45,"locf",2,2.87
"pc1","4cpu-i7",0.45,"locf",3,2.87
"pc1","4cpu-i7",0.45,"locf",1,2.91
"pc1","4cpu-i7",0.45,"locf",4,2.87
"pc1","4cpu-i7",0.45,"locf",2,2.77
"pc1","4cpu-i7",0.45,"locf",4,2.82
"pc1","4cpu-i7",0.45,"locf",1,2.86
"pc1","4cpu-i7",0.45,"locf",3,2.86
"pc1","4cpu-i7",0.45,"locf",4,2.44
"pc1","4cpu-i7",0.45,"locf",1,2.48
"pc1","4cpu-i7",0.45,"locf",2,2.54
"pc1","4cpu-i7",0.45,"locf",3,2.54
"pc1","4cpu-i7",0.45,"locf",4,2.5
"pc1","4cpu-i7",0.45,"locf",1,2.53
"pc1","4cpu-i7",0.45,"locf",2,2.55
"pc1","4cpu-i7",0.45,"locf",3,2.55
"pc1","4cpu-i7",0.45,"locf",4,2.39
"pc1","4cpu-i7",0.45,"locf",1,2.46
"pc1","4cpu-i7",0.45,"locf",3,2.46
"pc1","4cpu-i7",0.45,"locf",2,2.46
"pc1","4cpu-i7",0.45,"locf",3,2.5
"pc1","4cpu-i7",0.45,"locf",2,2.5
"pc1","4cpu-i7",0.45,"locf",1,2.52
"pc1","4cpu-i7",0.45,"locf",4,2.52
"pc1","4cpu-i7",0.45,"locf",3,2.55
"pc1","4cpu-i7",0.45,"locf",2,2.57
"pc1","4cpu-i7",0.45,"locf",4,2.59
"pc1","4cpu-i7",0.45,"locf",1,2.59
"pc1","4cpu-i7",0.45,"locf",4,2.52
"pc1","4cpu-i7",0.45,"locf",1,2.54
"pc1","4cpu-i7",0.45,"locf",3,2.55
"pc1","4cpu-i7",0.45,"locf",2,2.55
"pc1","4cpu-i7",0.45,"locf",3,2.47
"pc1","4cpu-i7",0.45,"locf",1,2.47
"pc1","4cpu-i7",0.45,"locf",4,2.52
"pc1","4cpu-i7",0.45,"locf",2,2.55
"pc1","4cpu-i7",0.45,"locf",3,2.39
"pc1","4cpu-i7",0.45,"locf",2,2.47
"pc1","4cpu-i7",0.45,"locf",1,2.49
"pc1","4cpu-i7",0.45,"locf",4,2.46
"pc1","4cpu-i7",0.45,"locf",3,2.46
"pc1","4cpu-i7",0.45,"locf",4,2.49
"pc1","4cpu-i7",0.45,"locf",2,2.5
"pc1","4cpu-i7",0.45,"locf",1,2.5
"pc1","4cpu-i7",0.45,"locf",3,2.45
"pc1","4cpu-i7",0.45,"locf",2,2.49
"pc1","4cpu-i7",0.45,"locf",1,2.49
"pc1","4cpu-i7",0.45,"locf",4,2.53
"pc1","4cpu-i7",0.45,"locf",3,2.47
"pc1","4cpu-i7",0.45,"locf",2,2.49
"pc1","4cpu-i7",0.45,"locf",1,2.57
"pc1","4cpu-i7",0.45,"locf",4,2.57
"pc1","4cpu-i7",0.45,"locf",4,2.46
"pc1","4cpu-i7",0.45,"locf",3,2.49
"pc1","4cpu-i7",0.45,"locf",2,2.49
"pc1","4cpu-i7",0.45,"locf",1,2.49
"pc1","4cpu-i7",0.45,"locf",2,2.44
"pc1","4cpu-i7",0.45,"locf",1,2.47
"pc1","4cpu-i7",0.45,"locf",4,2.53
"pc1","4cpu-i7",0.45,"locf",3,2.53
"pc1","4cpu-i7",0.45,"locf",2,2.47
"pc1","4cpu-i7",0.45,"locf",3,2.49
"pc1","4cpu-i7",0.45,"locf",1,2.57
"pc1","4cpu-i7",0.45,"locf",4,2.57
"pc1","4cpu-i7",0.45,"locf",4,2.47
"pc1","4cpu-i7",0.45,"locf",2,2.47
"pc1","4cpu-i7",0.45,"locf",1,2.47
"pc1","4cpu-i7",0.45,"locf",3,2.47
"pc1","4cpu-i7",0.45,"locf",3,2.54
"pc1","4cpu-i7",0.45,"locf",2,2.54
"pc1","4cpu-i7",0.45,"locf",4,2.58
"pc1","4cpu-i7",0.45,"locf",1,2.63
"pc1","4cpu-i7",0.45,"locf",2,2.51
"pc1","4cpu-i7",0.45,"locf",1,2.51
"pc1","4cpu-i7",0.45,"locf",4,2.57
"pc1","4cpu-i7",0.45,"locf",3,2.57
"pc1","4cpu-i7",0.45,"locf",1,2.38
"pc1","4cpu-i7",0.45,"locf",2,2.49
"pc1","4cpu-i7",0.45,"locf",4,2.49
"pc1","4cpu-i7",0.45,"locf",3,2.56
"pc1","4cpu-i7",0.45,"locf",2,2.48
"pc1","4cpu-i7",0.45,"locf",1,2.47
"pc1","4cpu-i7",0.45,"locf",4,2.47
"pc1","4cpu-i7",0.45,"locf",3,2.48
"pc1","4cpu-i7",0.45,"locf",2,2.56
"pc1","4cpu-i7",0.45,"locf",3,2.57
"pc1","4cpu-i7",0.45,"locf",4,2.57
"pc1","4cpu-i7",0.45,"locf",1,2.57
"pc1","4cpu-i7",0.45,"locf",2,2.45
"pc1","4cpu-i7",0.45,"locf",4,2.52
"pc1","4cpu-i7",0.45,"locf",3,2.54
"pc1","4cpu-i7",0.45,"locf",1,2.57
"pc1","4cpu-i7",0.45,"locf",4,2.57
"pc1","4cpu-i7",0.45,"locf",2,2.56
"pc1","4cpu-i7",0.45,"locf",1,2.56
"pc1","4cpu-i7",0.45,"locf",3,2.56
"pc1","4cpu-i7",0.45,"locf",4,2.67
"pc1","4cpu-i7",0.45,"locf",1,2.67
"pc1","4cpu-i7",0.45,"locf",3,2.69
"pc1","4cpu-i7",0.45,"locf",2,2.69
"pc1","4cpu-i7",0.45,"locf",2,2.4
"pc1","4cpu-i7",0.45,"locf",1,2.44
"pc1","4cpu-i7",0.45,"locf",3,2.47
"pc1","4cpu-i7",0.45,"locf",4,2.46
"pc1","4cpu-i7",0.45,"locf",2,2.56
"pc1","4cpu-i7",0.45,"locf",1,2.57
"pc1","4cpu-i7",0.45,"locf",3,2.57
"pc1","4cpu-i7",0.45,"locf",4,2.57
"pc1","4cpu-i7",0.45,"locf",3,2.27
"pc1","4cpu-i7",0.45,"locf",4,2.44
"pc1","4cpu-i7",0.45,"locf",1,2.48
"pc1","4cpu-i7",0.45,"locf",2,2.58
"pc1","4cpu-i7",0.45,"locf",1,2.45
"pc1","4cpu-i7",0.45,"locf",3,2.43
"pc1","4cpu-i7",0.45,"locf",4,2.5
"pc1","4cpu-i7",0.45,"locf",2,2.52
"pc1","4cpu-i7",0.45,"locf",3,2.5
"pc1","4cpu-i7",0.45,"locf",4,2.56
"pc1","4cpu-i7",0.45,"locf",1,2.58
"pc1","4cpu-i7",0.45,"locf",2,2.58
"pc1","4cpu-i7",0.55,"locf",1,2.26
"pc1","4cpu-i7",0.55,"locf",2,2.27
"pc1","4cpu-i7",0.55,"locf",4,2.24
"pc1","4cpu-i7",0.55,"locf",3,2.27
"pc1","4cpu-i7",0.55,"locf",1,2.17
"pc1","4cpu-i7",0.55,"locf",4,2.15
"pc1","4cpu-i7",0.55,"locf",2,2.25
"pc1","4cpu-i7",0.55,"locf",3,2.25
"pc1","4cpu-i7",0.55,"locf",2,1.94
"pc1","4cpu-i7",0.55,"locf",1,1.96
"pc1","4cpu-i7",0.55,"locf",3,1.95
"pc1","4cpu-i7",0.55,"locf",4,1.95
"pc1","4cpu-i7",0.55,"locf",2,1.88
"pc1","4cpu-i7",0.55,"locf",3,1.94
"pc1","4cpu-i7",0.55,"locf",4,1.96
"pc1","4cpu-i7",0.55,"locf",1,1.96
"pc1","4cpu-i7",0.55,"locf",2,1.94
"pc1","4cpu-i7",0.55,"locf",4,1.94
"pc1","4cpu-i7",0.55,"locf",1,1.97
"pc1","4cpu-i7",0.55,"locf",3,1.97
"pc1","4cpu-i7",0.55,"locf",2,1.95
"pc1","4cpu-i7",0.55,"locf",1,1.95
"pc1","4cpu-i7",0.55,"locf",4,1.97
"pc1","4cpu-i7",0.55,"locf",3,1.98
"pc1","4cpu-i7",0.55,"locf",3,1.97
"pc1","4cpu-i7",0.55,"locf",1,1.97
"pc1","4cpu-i7",0.55,"locf",2,2.03
"pc1","4cpu-i7",0.55,"locf",4,2.03
"pc1","4cpu-i7",0.55,"locf",4,1.96
"pc1","4cpu-i7",0.55,"locf",3,2.02
"pc1","4cpu-i7",0.55,"locf",1,2.04
"pc1","4cpu-i7",0.55,"locf",2,2.03
"pc1","4cpu-i7",0.55,"locf",4,1.96
"pc1","4cpu-i7",0.55,"locf",3,1.99
"pc1","4cpu-i7",0.55,"locf",2,1.99
"pc1","4cpu-i7",0.55,"locf",1,2.01
"pc1","4cpu-i7",0.55,"locf",3,1.99
"pc1","4cpu-i7",0.55,"locf",4,4.45
"pc1","4cpu-i7",0.55,"locf",2,2.05
"pc1","4cpu-i7",0.55,"locf",1,2.08
"pc1","4cpu-i7",0.55,"locf",3,1.95
"pc1","4cpu-i7",0.55,"locf",1,2.04
"pc1","4cpu-i7",0.55,"locf",4,2
"pc1","4cpu-i7",0.55,"locf",2,2.03
"pc1","4cpu-i7",0.55,"locf",3,1.96
"pc1","4cpu-i7",0.55,"locf",1,1.99
"pc1","4cpu-i7",0.55,"locf",2,1.99
"pc1","4cpu-i7",0.55,"locf",4,1.98
"pc1","4cpu-i7",0.55,"locf",2,1.94
"pc1","4cpu-i7",0.55,"locf",4,1.94
"pc1","4cpu-i7",0.55,"locf",3,1.98
"pc1","4cpu-i7",0.55,"locf",1,2
"pc1","4cpu-i7",0.55,"locf",2,1.95
"pc1","4cpu-i7",0.55,"locf",3,1.97
"pc1","4cpu-i7",0.55,"locf",4,1.99
"pc1","4cpu-i7",0.55,"locf",1,1.99
"pc1","4cpu-i7",0.55,"locf",2,2.02
"pc1","4cpu-i7",0.55,"locf",3,2.02
"pc1","4cpu-i7",0.55,"locf",1,2.03
"pc1","4cpu-i7",0.55,"locf",4,2.03
"pc1","4cpu-i7",0.55,"locf",1,1.98
"pc1","4cpu-i7",0.55,"locf",2,1.99
"pc1","4cpu-i7",0.55,"locf",3,1.97
"pc1","4cpu-i7",0.55,"locf",4,1.98
"pc1","4cpu-i7",0.55,"locf",1,1.98
"pc1","4cpu-i7",0.55,"locf",2,1.99
"pc1","4cpu-i7",0.55,"locf",3,2.04
"pc1","4cpu-i7",0.55,"locf",4,2.04
"pc1","4cpu-i7",0.55,"locf",2,1.9
"pc1","4cpu-i7",0.55,"locf",3,1.96
"pc1","4cpu-i7",0.55,"locf",1,1.98
"pc1","4cpu-i7",0.55,"locf",4,2.04
"pc1","4cpu-i7",0.55,"locf",2,1.93
"pc1","4cpu-i7",0.55,"locf",4,1.92
"pc1","4cpu-i7",0.55,"locf",1,2
"pc1","4cpu-i7",0.55,"locf",3,1.99
"pc1","4cpu-i7",0.55,"locf",1,1.99
"pc1","4cpu-i7",0.55,"locf",2,1.99
"pc1","4cpu-i7",0.55,"locf",3,2
"pc1","4cpu-i7",0.55,"locf",4,2
"pc1","4cpu-i7",0.55,"locf",1,2
"pc1","4cpu-i7",0.55,"locf",2,2
"pc1","4cpu-i7",0.55,"locf",3,2
"pc1","4cpu-i7",0.55,"locf",4,2
"pc1","4cpu-i7",0.55,"locf",4,1.91
"pc1","4cpu-i7",0.55,"locf",3,1.92
"pc1","4cpu-i7",0.55,"locf",1,1.96
"pc1","4cpu-i7",0.55,"locf",2,2.01
"pc1","4cpu-i7",0.55,"locf",4,1.95
"pc1","4cpu-i7",0.55,"locf",3,1.95
"pc1","4cpu-i7",0.55,"locf",1,2.05
"pc1","4cpu-i7",0.55,"locf",2,2.05
"pc1","4cpu-i7",0.55,"locf",3,1.92
"pc1","4cpu-i7",0.55,"locf",4,1.93
"pc1","4cpu-i7",0.55,"locf",1,2.04
"pc1","4cpu-i7",0.55,"locf",2,2.02
"pc1","4cpu-i7",0.55,"locf",4,2
"pc1","4cpu-i7",0.55,"locf",3,2.02
"pc1","4cpu-i7",0.55,"locf",1,2.06
"pc1","4cpu-i7",0.55,"locf",2,2.04
"pc1","4cpu-i7",0.55,"locf",4,1.99
"pc1","4cpu-i7",0.55,"locf",3,1.99
"pc1","4cpu-i7",0.55,"locf",1,2.02
"pc1","4cpu-i7",0.55,"locf",2,2.02
"pc1","4cpu-i7",0.55,"locf",4,1.95
"pc1","4cpu-i7",0.55,"locf",1,2.03
"pc1","4cpu-i7",0.55,"locf",3,2.03
"pc1","4cpu-i7",0.55,"locf",2,2.04
"pc1","4cpu-i7",0.55,"locf",3,1.97
"pc1","4cpu-i7",0.55,"locf",4,1.97
"pc1","4cpu-i7",0.55,"locf",1,2.07
"pc1","4cpu-i7",0.55,"locf",2,2.09
"pc1","4cpu-i7",0.55,"locf",3,1.96
"pc1","4cpu-i7",0.55,"locf",1,1.98
"pc1","4cpu-i7",0.55,"locf",2,2.04
"pc1","4cpu-i7",0.55,"locf",4,2.04
"pc1","4cpu-i7",0.55,"locf",3,1.92
"pc1","4cpu-i7",0.55,"locf",1,1.92
"pc1","4cpu-i7",0.55,"locf",2,2
"pc1","4cpu-i7",0.55,"locf",4,2
"pc1","4cpu-i7",0.65,"locf",4,1.83
"pc1","4cpu-i7",0.65,"locf",3,1.86
"pc1","4cpu-i7",0.65,"locf",2,1.88
"pc1","4cpu-i7",0.65,"locf",1,1.94
"pc1","4cpu-i7",0.65,"locf",2,1.88
"pc1","4cpu-i7",0.65,"locf",1,1.89
"pc1","4cpu-i7",0.65,"locf",4,1.89
"pc1","4cpu-i7",0.65,"locf",3,1.91
"pc1","4cpu-i7",0.65,"locf",2,1.6
"pc1","4cpu-i7",0.65,"locf",1,1.65
"pc1","4cpu-i7",0.65,"locf",4,1.65
"pc1","4cpu-i7",0.65,"locf",3,1.65
"pc1","4cpu-i7",0.65,"locf",3,1.65
"pc1","4cpu-i7",0.65,"locf",4,1.66
"pc1","4cpu-i7",0.65,"locf",1,1.71
"pc1","4cpu-i7",0.65,"locf",2,1.75
"pc1","4cpu-i7",0.65,"locf",3,1.69
"pc1","4cpu-i7",0.65,"locf",1,1.68
"pc1","4cpu-i7",0.65,"locf",2,1.68
"pc1","4cpu-i7",0.65,"locf",4,1.67
"pc1","4cpu-i7",0.65,"locf",1,1.67
"pc1","4cpu-i7",0.65,"locf",2,1.67
"pc1","4cpu-i7",0.65,"locf",4,1.68
"pc1","4cpu-i7",0.65,"locf",3,1.68
"pc1","4cpu-i7",0.65,"locf",3,1.62
"pc1","4cpu-i7",0.65,"locf",2,1.63
"pc1","4cpu-i7",0.65,"locf",4,1.63
"pc1","4cpu-i7",0.65,"locf",1,1.67
"pc1","4cpu-i7",0.65,"locf",4,1.64
"pc1","4cpu-i7",0.65,"locf",3,1.64
"pc1","4cpu-i7",0.65,"locf",2,1.68
"pc1","4cpu-i7",0.65,"locf",1,1.68
"pc1","4cpu-i7",0.65,"locf",4,1.63
"pc1","4cpu-i7",0.65,"locf",3,1.63
"pc1","4cpu-i7",0.65,"locf",2,1.66
"pc1","4cpu-i7",0.65,"locf",1,1.66
"pc1","4cpu-i7",0.65,"locf",4,1.62
"pc1","4cpu-i7",0.65,"locf",1,1.66
"pc1","4cpu-i7",0.65,"locf",3,1.67
"pc1","4cpu-i7",0.65,"locf",2,1.67
"pc1","4cpu-i7",0.65,"locf",1,1.63
"pc1","4cpu-i7",0.65,"locf",4,1.63
"pc1","4cpu-i7",0.65,"locf",3,1.7
"pc1","4cpu-i7",0.65,"locf",2,1.7
"pc1","4cpu-i7",0.65,"locf",1,1.64
"pc1","4cpu-i7",0.65,"locf",3,1.63
"pc1","4cpu-i7",0.65,"locf",4,1.65
"pc1","4cpu-i7",0.65,"locf",2,1.68
"pc1","4cpu-i7",0.65,"locf",1,1.65
"pc1","4cpu-i7",0.65,"locf",3,1.65
"pc1","4cpu-i7",0.65,"locf",4,1.66
"pc1","4cpu-i7",0.65,"locf",2,1.68
"pc1","4cpu-i7",0.65,"locf",3,1.66
"pc1","4cpu-i7",0.65,"locf",1,1.67
"pc1","4cpu-i7",0.65,"locf",2,1.67
"pc1","4cpu-i7",0.65,"locf",4,1.67
"pc1","4cpu-i7",0.65,"locf",3,1.61
"pc1","4cpu-i7",0.65,"locf",4,1.61
"pc1","4cpu-i7",0.65,"locf",2,1.65
"pc1","4cpu-i7",0.65,"locf",1,1.65
"pc1","4cpu-i7",0.65,"locf",3,1.64
"pc1","4cpu-i7",0.65,"locf",4,1.64
"pc1","4cpu-i7",0.65,"locf",1,1.74
"pc1","4cpu-i7",0.65,"locf",2,1.75
"pc1","4cpu-i7",0.65,"locf",1,1.66
"pc1","4cpu-i7",0.65,"locf",2,1.68
"pc1","4cpu-i7",0.65,"locf",4,1.68
"pc1","4cpu-i7",0.65,"locf",3,1.68
"pc1","4cpu-i7",0.65,"locf",1,1.65
"pc1","4cpu-i7",0.65,"locf",2,1.65
"pc1","4cpu-i7",0.65,"locf",3,1.66
"pc1","4cpu-i7",0.65,"locf",4,1.66
"pc1","4cpu-i7",0.65,"locf",2,1.68
"pc1","4cpu-i7",0.65,"locf",3,1.68
"pc1","4cpu-i7",0.65,"locf",4,1.68
"pc1","4cpu-i7",0.65,"locf",1,1.7
"pc1","4cpu-i7",0.65,"locf",1,1.65
"pc1","4cpu-i7",0.65,"locf",3,1.65
"pc1","4cpu-i7",0.65,"locf",4,1.65
"pc1","4cpu-i7",0.65,"locf",2,1.71
"pc1","4cpu-i7",0.65,"locf",1,1.69
"pc1","4cpu-i7",0.65,"locf",4,1.71
"pc1","4cpu-i7",0.65,"locf",2,1.71
"pc1","4cpu-i7",0.65,"locf",3,1.71
"pc1","4cpu-i7",0.65,"locf",1,1.69
"pc1","4cpu-i7",0.65,"locf",4,1.69
"pc1","4cpu-i7",0.65,"locf",2,1.69
"pc1","4cpu-i7",0.65,"locf",3,1.69
"pc1","4cpu-i7",0.65,"locf",1,1.7
"pc1","4cpu-i7",0.65,"locf",4,1.7
"pc1","4cpu-i7",0.65,"locf",2,1.69
"pc1","4cpu-i7",0.65,"locf",3,1.73
"pc1","4cpu-i7",0.65,"locf",2,1.63
"pc1","4cpu-i7",0.65,"locf",4,1.63
"pc1","4cpu-i7",0.65,"locf",3,1.67
"pc1","4cpu-i7",0.65,"locf",1,1.7
"pc1","4cpu-i7",0.65,"locf",1,1.68
"pc1","4cpu-i7",0.65,"locf",2,1.68
"pc1","4cpu-i7",0.65,"locf",3,1.69
"pc1","4cpu-i7",0.65,"locf",4,1.7
"pc1","4cpu-i7",0.65,"locf",4,1.66
"pc1","4cpu-i7",0.65,"locf",3,1.66
"pc1","4cpu-i7",0.65,"locf",1,1.71
"pc1","4cpu-i7",0.65,"locf",2,1.7
"pc1","4cpu-i7",0.65,"locf",2,1.63
"pc1","4cpu-i7",0.65,"locf",1,1.63
"pc1","4cpu-i7",0.65,"locf",3,1.67
"pc1","4cpu-i7",0.65,"locf",4,1.67
"pc1","4cpu-i7",0.65,"locf",3,1.65
"pc1","4cpu-i7",0.65,"locf",2,1.67
"pc1","4cpu-i7",0.65,"locf",4,1.72
"pc1","4cpu-i7",0.65,"locf",1,1.75
"pc1","4cpu-i7",0.65,"locf",1,1.68
"pc1","4cpu-i7",0.65,"locf",4,1.66
"pc1","4cpu-i7",0.65,"locf",2,1.7
"pc1","4cpu-i7",0.65,"locf",3,1.7
"pc1","4cpu-i7",0.65,"locf",4,1.68
"pc1","4cpu-i7",0.65,"locf",1,1.69
"pc1","4cpu-i7",0.65,"locf",3,1.71
"pc1","4cpu-i7",0.65,"locf",2,1.71
"pc1","4cpu-i7",0.75,"locf",2,1.58
"pc1","4cpu-i7",0.75,"locf",3,1.62
"pc1","4cpu-i7",0.75,"locf",1,1.62
"pc1","4cpu-i7",0.75,"locf",4,1.62
"pc1","4cpu-i7",0.75,"locf",2,1.59
"pc1","4cpu-i7",0.75,"locf",3,1.63
"pc1","4cpu-i7",0.75,"locf",4,1.64
"pc1","4cpu-i7",0.75,"locf",1,1.67
"pc1","4cpu-i7",0.75,"locf",3,1.44
"pc1","4cpu-i7",0.75,"locf",1,1.44
"pc1","4cpu-i7",0.75,"locf",4,1.42
"pc1","4cpu-i7",0.75,"locf",2,1.45
"pc1","4cpu-i7",0.75,"locf",2,1.38
"pc1","4cpu-i7",0.75,"locf",1,1.38
"pc1","4cpu-i7",0.75,"locf",3,1.46
"pc1","4cpu-i7",0.75,"locf",4,1.46
"pc1","4cpu-i7",0.75,"locf",1,1.37
"pc1","4cpu-i7",0.75,"locf",2,1.38
"pc1","4cpu-i7",0.75,"locf",3,1.43
"pc1","4cpu-i7",0.75,"locf",4,1.43
"pc1","4cpu-i7",0.75,"locf",1,1.41
"pc1","4cpu-i7",0.75,"locf",2,1.44
"pc1","4cpu-i7",0.75,"locf",3,1.45
"pc1","4cpu-i7",0.75,"locf",4,1.45
"pc1","4cpu-i7",0.75,"locf",1,1.4
"pc1","4cpu-i7",0.75,"locf",2,1.4
"pc1","4cpu-i7",0.75,"locf",4,1.46
"pc1","4cpu-i7",0.75,"locf",3,1.48
"pc1","4cpu-i7",0.75,"locf",1,1.4
"pc1","4cpu-i7",0.75,"locf",4,1.44
"pc1","4cpu-i7",0.75,"locf",2,1.44
"pc1","4cpu-i7",0.75,"locf",3,1.44
"pc1","4cpu-i7",0.75,"locf",2,1.4
"pc1","4cpu-i7",0.75,"locf",4,1.4
"pc1","4cpu-i7",0.75,"locf",3,1.42
"pc1","4cpu-i7",0.75,"locf",1,1.46
"pc1","4cpu-i7",0.75,"locf",2,1.38
"pc1","4cpu-i7",0.75,"locf",4,1.4
"pc1","4cpu-i7",0.75,"locf",3,1.41
"pc1","4cpu-i7",0.75,"locf",1,1.43
"pc1","4cpu-i7",0.75,"locf",3,1.36
"pc1","4cpu-i7",0.75,"locf",2,1.41
"pc1","4cpu-i7",0.75,"locf",4,1.4
"pc1","4cpu-i7",0.75,"locf",1,1.44
"pc1","4cpu-i7",0.75,"locf",2,1.42
"pc1","4cpu-i7",0.75,"locf",1,1.42
"pc1","4cpu-i7",0.75,"locf",3,1.42
"pc1","4cpu-i7",0.75,"locf",4,1.42
"pc1","4cpu-i7",0.75,"locf",3,1.4
"pc1","4cpu-i7",0.75,"locf",1,1.42
"pc1","4cpu-i7",0.75,"locf",4,1.42
"pc1","4cpu-i7",0.75,"locf",2,1.44
"pc1","4cpu-i7",0.75,"locf",4,1.44
"pc1","4cpu-i7",0.75,"locf",3,1.46
"pc1","4cpu-i7",0.75,"locf",2,1.48
"pc1","4cpu-i7",0.75,"locf",1,1.48
"pc1","4cpu-i7",0.75,"locf",1,1.4
"pc1","4cpu-i7",0.75,"locf",4,1.4
"pc1","4cpu-i7",0.75,"locf",3,1.47
"pc1","4cpu-i7",0.75,"locf",2,1.47
"pc1","4cpu-i7",0.75,"locf",1,1.42
"pc1","4cpu-i7",0.75,"locf",2,1.42
"pc1","4cpu-i7",0.75,"locf",3,1.43
"pc1","4cpu-i7",0.75,"locf",4,1.44
"pc1","4cpu-i7",0.75,"locf",2,1.45
"pc1","4cpu-i7",0.75,"locf",1,1.45
"pc1","4cpu-i7",0.75,"locf",3,1.47
"pc1","4cpu-i7",0.75,"locf",4,1.47
"pc1","4cpu-i7",0.75,"locf",2,1.39
"pc1","4cpu-i7",0.75,"locf",3,1.44
"pc1","4cpu-i7",0.75,"locf",4,1.44
"pc1","4cpu-i7",0.75,"locf",1,1.4
"pc1","4cpu-i7",0.75,"locf",2,1.41
"pc1","4cpu-i7",0.75,"locf",3,1.49
"pc1","4cpu-i7",0.75,"locf",4,1.48
"pc1","4cpu-i7",0.75,"locf",3,1.41
"pc1","4cpu-i7",0.75,"locf",4,1.41
"pc1","4cpu-i7",0.75,"locf",1,1.45
"pc1","4cpu-i7",0.75,"locf",2,1.46
"pc1","4cpu-i7",0.75,"locf",2,1.44
"pc1","4cpu-i7",0.75,"locf",4,1.44
"pc1","4cpu-i7",0.75,"locf",1,1.48
"pc1","4cpu-i7",0.75,"locf",3,1.48
"pc1","4cpu-i7",0.75,"locf",1,1.4
"pc1","4cpu-i7",0.75,"locf",3,1.41
"pc1","4cpu-i7",0.75,"locf",4,1.41
"pc1","4cpu-i7",0.75,"locf",2,1.46
"pc1","4cpu-i7",0.75,"locf",1,1.4
"pc1","4cpu-i7",0.75,"locf",4,1.44
"pc1","4cpu-i7",0.75,"locf",2,1.46
"pc1","4cpu-i7",0.75,"locf",3,1.47
"pc1","4cpu-i7",0.75,"locf",1,1.4
"pc1","4cpu-i7",0.75,"locf",2,1.4
"pc1","4cpu-i7",0.75,"locf",3,1.46
"pc1","4cpu-i7",0.75,"locf",4,1.46
"pc1","4cpu-i7",0.75,"locf",2,1.4
"pc1","4cpu-i7",0.75,"locf",4,1.43
"pc1","4cpu-i7",0.75,"locf",1,1.48
"pc1","4cpu-i7",0.75,"locf",3,1.47
"pc1","4cpu-i7",0.75,"locf",4,1.39
"pc1","4cpu-i7",0.75,"locf",1,1.47
"pc1","4cpu-i7",0.75,"locf",3,1.46
"pc1","4cpu-i7",0.75,"locf",3,1.42
"pc1","4cpu-i7",0.75,"locf",2,1.46
"pc1","4cpu-i7",0.75,"locf",1,1.48
"pc1","4cpu-i7",0.75,"locf",4,1.46
"pc1","4cpu-i7",0.75,"locf",2,1.4
"pc1","4cpu-i7",0.75,"locf",3,1.41
"pc1","4cpu-i7",0.75,"locf",1,1.47
"pc1","4cpu-i7",0.75,"locf",4,1.45
"pc1","4cpu-i7",0.75,"locf",2,1.44
"pc1","4cpu-i7",0.75,"locf",1,1.44
"pc1","4cpu-i7",0.75,"locf",4,1.44
"pc1","4cpu-i7",0.75,"locf",3,1.44
"pc1","4cpu-i7",0.75,"locf",3,1.41
"pc1","4cpu-i7",0.75,"locf",4,1.41
"pc1","4cpu-i7",0.75,"locf",2,1.44
"pc1","4cpu-i7",0.75,"locf",1,1.45
"pc1","4cpu-i7",0.85,"locf",2,1.41
"pc1","4cpu-i7",0.85,"locf",3,1.42
"pc1","4cpu-i7",0.85,"locf",1,1.47
"pc1","4cpu-i7",0.85,"locf",4,1.43
"pc1","4cpu-i7",0.85,"locf",3,1.41
"pc1","4cpu-i7",0.85,"locf",1,1.44
"pc1","4cpu-i7",0.85,"locf",4,1.46
"pc1","4cpu-i7",0.85,"locf",2,1.46
"pc1","4cpu-i7",0.85,"locf",3,1.27
"pc1","4cpu-i7",0.85,"locf",1,1.28
"pc1","4cpu-i7",0.85,"locf",2,1.3
"pc1","4cpu-i7",0.85,"locf",4,1.31
"pc1","4cpu-i7",0.85,"locf",1,1.28
"pc1","4cpu-i7",0.85,"locf",4,1.26
"pc1","4cpu-i7",0.85,"locf",3,1.28
"pc1","4cpu-i7",0.85,"locf",2,1.3
"pc1","4cpu-i7",0.85,"locf",1,1.26
"pc1","4cpu-i7",0.85,"locf",3,1.26
"pc1","4cpu-i7",0.85,"locf",2,1.3
"pc1","4cpu-i7",0.85,"locf",4,1.3
"pc1","4cpu-i7",0.85,"locf",1,1.29
"pc1","4cpu-i7",0.85,"locf",3,1.29
"pc1","4cpu-i7",0.85,"locf",2,1.29
"pc1","4cpu-i7",0.85,"locf",4,1.28
"pc1","4cpu-i7",0.85,"locf",4,1.27
"pc1","4cpu-i7",0.85,"locf",1,1.27
"pc1","4cpu-i7",0.85,"locf",3,1.29
"pc1","4cpu-i7",0.85,"locf",2,1.3
"pc1","4cpu-i7",0.85,"locf",3,1.23
"pc1","4cpu-i7",0.85,"locf",1,1.25
"pc1","4cpu-i7",0.85,"locf",2,1.31
"pc1","4cpu-i7",0.85,"locf",4,1.3
"pc1","4cpu-i7",0.85,"locf",3,1.26
"pc1","4cpu-i7",0.85,"locf",4,1.26
"pc1","4cpu-i7",0.85,"locf",2,1.29
"pc1","4cpu-i7",0.85,"locf",1,1.3
"pc1","4cpu-i7",0.85,"locf",1,1.28
"pc1","4cpu-i7",0.85,"locf",2,1.29
"pc1","4cpu-i7",0.85,"locf",4,1.29
"pc1","4cpu-i7",0.85,"locf",3,1.3
"pc1","4cpu-i7",0.85,"locf",2,1.26
"pc1","4cpu-i7",0.85,"locf",3,1.24
"pc1","4cpu-i7",0.85,"locf",4,1.26
"pc1","4cpu-i7",0.85,"locf",1,1.26
"pc1","4cpu-i7",0.85,"locf",3,1.26
"pc1","4cpu-i7",0.85,"locf",1,1.28
"pc1","4cpu-i7",0.85,"locf",4,1.28
"pc1","4cpu-i7",0.85,"locf",2,1.28
"pc1","4cpu-i7",0.85,"locf",4,1.26
"pc1","4cpu-i7",0.85,"locf",1,1.26
"pc1","4cpu-i7",0.85,"locf",3,1.31
"pc1","4cpu-i7",0.85,"locf",2,1.32
"pc1","4cpu-i7",0.85,"locf",2,1.28
"pc1","4cpu-i7",0.85,"locf",1,1.28
"pc1","4cpu-i7",0.85,"locf",3,1.29
"pc1","4cpu-i7",0.85,"locf",4,1.28
"pc1","4cpu-i7",0.85,"locf",2,1.26
"pc1","4cpu-i7",0.85,"locf",4,1.26
"pc1","4cpu-i7",0.85,"locf",1,1.31
"pc1","4cpu-i7",0.85,"locf",3,1.31
"pc1","4cpu-i7",0.85,"locf",2,1.25
"pc1","4cpu-i7",0.85,"locf",4,1.26
"pc1","4cpu-i7",0.85,"locf",1,1.3
"pc1","4cpu-i7",0.85,"locf",3,1.3
"pc1","4cpu-i7",0.85,"locf",3,1.24
"pc1","4cpu-i7",0.85,"locf",4,1.26
"pc1","4cpu-i7",0.85,"locf",2,1.29
"pc1","4cpu-i7",0.85,"locf",1,1.29
"pc1","4cpu-i7",0.85,"locf",1,1.26
"pc1","4cpu-i7",0.85,"locf",2,1.29
"pc1","4cpu-i7",0.85,"locf",4,1.29
"pc1","4cpu-i7",0.85,"locf",3,1.32
"pc1","4cpu-i7",0.85,"locf",4,1.31
"pc1","4cpu-i7",0.85,"locf",2,1.32
"pc1","4cpu-i7",0.85,"locf",3,1.32
"pc1","4cpu-i7",0.85,"locf",1,1.32
"pc1","4cpu-i7",0.85,"locf",1,1.25
"pc1","4cpu-i7",0.85,"locf",2,1.27
"pc1","4cpu-i7",0.85,"locf",3,1.3
"pc1","4cpu-i7",0.85,"locf",4,1.3
"pc1","4cpu-i7",0.85,"locf",2,1.28
"pc1","4cpu-i7",0.85,"locf",3,1.3
"pc1","4cpu-i7",0.85,"locf",1,2.07
"pc1","4cpu-i7",0.85,"locf",4,1.31
"pc1","4cpu-i7",0.85,"locf",1,1.27
"pc1","4cpu-i7",0.85,"locf",4,1.28
"pc1","4cpu-i7",0.85,"locf",3,1.31
"pc1","4cpu-i7",0.85,"locf",2,1.32
"pc1","4cpu-i7",0.85,"locf",3,1.26
"pc1","4cpu-i7",0.85,"locf",4,1.26
"pc1","4cpu-i7",0.85,"locf",1,1.32
"pc1","4cpu-i7",0.85,"locf",2,1.32
"pc1","4cpu-i7",0.85,"locf",1,1.27
"pc1","4cpu-i7",0.85,"locf",3,1.28
"pc1","4cpu-i7",0.85,"locf",4,1.31
"pc1","4cpu-i7",0.85,"locf",2,1.31
"pc1","4cpu-i7",0.85,"locf",3,1.27
"pc1","4cpu-i7",0.85,"locf",4,1.27
"pc1","4cpu-i7",0.85,"locf",1,1.32
"pc1","4cpu-i7",0.85,"locf",2,1.33
"pc1","4cpu-i7",0.85,"locf",1,1.29
"pc1","4cpu-i7",0.85,"locf",2,1.29
"pc1","4cpu-i7",0.85,"locf",4,1.3
"pc1","4cpu-i7",0.85,"locf",3,1.31
"pc1","4cpu-i7",0.85,"locf",2,1.28
"pc1","4cpu-i7",0.85,"locf",3,1.28
"pc1","4cpu-i7",0.85,"locf",4,1.31
"pc1","4cpu-i7",0.85,"locf",1,1.33
"pc1","4cpu-i7",0.85,"locf",2,1.27
"pc1","4cpu-i7",0.85,"locf",3,1.28
"pc1","4cpu-i7",0.85,"locf",1,1.31
"pc1","4cpu-i7",0.85,"locf",4,1.3
"pc1","4cpu-i7",0.85,"locf",2,1.28
"pc1","4cpu-i7",0.85,"locf",3,1.27
"pc1","4cpu-i7",0.85,"locf",1,1.38
"pc1","4cpu-i7",0.85,"locf",4,1.34
"pc1","4cpu-i7",0.85,"locf",2,1.27
"pc1","4cpu-i7",0.85,"locf",3,1.27
"pc1","4cpu-i7",0.85,"locf",1,1.32
"pc1","4cpu-i7",0.85,"locf",4,1.31
"pc1","4cpu-i7",0.95,"locf",4,1.25
"pc1","4cpu-i7",0.95,"locf",1,1.27
"pc1","4cpu-i7",0.95,"locf",2,1.27
"pc1","4cpu-i7",0.95,"locf",3,1.27
"pc1","4cpu-i7",0.95,"locf",1,1.26
"pc1","4cpu-i7",0.95,"locf",2,1.26
"pc1","4cpu-i7",0.95,"locf",4,1.29
"pc1","4cpu-i7",0.95,"locf",3,1.29
"pc1","4cpu-i7",0.95,"locf",2,1.09
"pc1","4cpu-i7",0.95,"locf",4,1.09
"pc1","4cpu-i7",0.95,"locf",1,1.14
"pc1","4cpu-i7",0.95,"locf",3,1.12
"pc1","4cpu-i7",0.95,"locf",1,1.09
"pc1","4cpu-i7",0.95,"locf",2,1.09
"pc1","4cpu-i7",0.95,"locf",3,1.12
"pc1","4cpu-i7",0.95,"locf",4,1.12
"pc1","4cpu-i7",0.95,"locf",3,1.09
"pc1","4cpu-i7",0.95,"locf",4,1.13
"pc1","4cpu-i7",0.95,"locf",1,1.13
"pc1","4cpu-i7",0.95,"locf",2,1.13
"pc1","4cpu-i7",0.95,"locf",2,1.09
"pc1","4cpu-i7",0.95,"locf",3,1.09
"pc1","4cpu-i7",0.95,"locf",1,1.12
"pc1","4cpu-i7",0.95,"locf",4,1.11
"pc1","4cpu-i7",0.95,"locf",1,1.09
"pc1","4cpu-i7",0.95,"locf",4,1.1
"pc1","4cpu-i7",0.95,"locf",2,1.12
"pc1","4cpu-i7",0.95,"locf",3,1.13
"pc1","4cpu-i7",0.95,"locf",3,1.1
"pc1","4cpu-i7",0.95,"locf",4,1.1
"pc1","4cpu-i7",0.95,"locf",2,1.13
"pc1","4cpu-i7",0.95,"locf",1,1.15
"pc1","4cpu-i7",0.95,"locf",2,1.09
"pc1","4cpu-i7",0.95,"locf",3,1.08
"pc1","4cpu-i7",0.95,"locf",1,1.14
"pc1","4cpu-i7",0.95,"locf",4,1.13
"pc1","4cpu-i7",0.95,"locf",3,1.08
"pc1","4cpu-i7",0.95,"locf",4,1.09
"pc1","4cpu-i7",0.95,"locf",2,1.14
"pc1","4cpu-i7",0.95,"locf",1,1.14
"pc1","4cpu-i7",0.95,"locf",4,1.1
"pc1","4cpu-i7",0.95,"locf",3,1.1
"pc1","4cpu-i7",0.95,"locf",2,1.13
"pc1","4cpu-i7",0.95,"locf",1,1.13
"pc1","4cpu-i7",0.95,"locf",1,1.1
"pc1","4cpu-i7",0.95,"locf",4,1.08
"pc1","4cpu-i7",0.95,"locf",2,1.14
"pc1","4cpu-i7",0.95,"locf",3,1.13
"pc1","4cpu-i7",0.95,"locf",2,1.09
"pc1","4cpu-i7",0.95,"locf",3,1.09
"pc1","4cpu-i7",0.95,"locf",1,1.11
"pc1","4cpu-i7",0.95,"locf",4,1.11
"pc1","4cpu-i7",0.95,"locf",2,1.09
"pc1","4cpu-i7",0.95,"locf",3,1.09
"pc1","4cpu-i7",0.95,"locf",1,1.14
"pc1","4cpu-i7",0.95,"locf",4,1.13
"pc1","4cpu-i7",0.95,"locf",2,1.68
"pc1","4cpu-i7",0.95,"locf",3,1.1
"pc1","4cpu-i7",0.95,"locf",1,1.14
"pc1","4cpu-i7",0.95,"locf",4,1.13
"pc1","4cpu-i7",0.95,"locf",2,1.08
"pc1","4cpu-i7",0.95,"locf",3,1.1
"pc1","4cpu-i7",0.95,"locf",1,1.13
"pc1","4cpu-i7",0.95,"locf",4,1.12
"pc1","4cpu-i7",0.95,"locf",1,1.12
"pc1","4cpu-i7",0.95,"locf",2,1.13
"pc1","4cpu-i7",0.95,"locf",4,1.14
"pc1","4cpu-i7",0.95,"locf",3,1.14
"pc1","4cpu-i7",0.95,"locf",2,1.61
"pc1","4cpu-i7",0.95,"locf",3,1.13
"pc1","4cpu-i7",0.95,"locf",1,1.13
"pc1","4cpu-i7",0.95,"locf",4,1.13
"pc1","4cpu-i7",0.95,"locf",2,1.09
"pc1","4cpu-i7",0.95,"locf",3,1.11
"pc1","4cpu-i7",0.95,"locf",1,1.13
"pc1","4cpu-i7",0.95,"locf",4,1.14
"pc1","4cpu-i7",0.95,"locf",1,1.09
"pc1","4cpu-i7",0.95,"locf",2,1.09
"pc1","4cpu-i7",0.95,"locf",3,1.16
"pc1","4cpu-i7",0.95,"locf",4,1.16
"pc1","4cpu-i7",0.95,"locf",2,1.11
"pc1","4cpu-i7",0.95,"locf",1,1.68
"pc1","4cpu-i7",0.95,"locf",4,1.68
"pc1","4cpu-i7",0.95,"locf",3,1.16
"pc1","4cpu-i7",0.95,"locf",2,1.1
"pc1","4cpu-i7",0.95,"locf",1,1.14
"pc1","4cpu-i7",0.95,"locf",3,1.14
"pc1","4cpu-i7",0.95,"locf",4,1.14
"pc1","4cpu-i7",0.95,"locf",1,1.09
"pc1","4cpu-i7",0.95,"locf",2,1.1
"pc1","4cpu-i7",0.95,"locf",3,1.14
"pc1","4cpu-i7",0.95,"locf",4,1.14
"pc1","4cpu-i7",0.95,"locf",3,1.12
"pc1","4cpu-i7",0.95,"locf",4,1.12
"pc1","4cpu-i7",0.95,"locf",2,1.17
"pc1","4cpu-i7",0.95,"locf",1,1.17
"pc1","4cpu-i7",0.95,"locf",3,1.1
"pc1","4cpu-i7",0.95,"locf",4,1.11
"pc1","4cpu-i7",0.95,"locf",1,1.15
"pc1","4cpu-i7",0.95,"locf",2,1.15
"pc1","4cpu-i7",0.95,"locf",2,1.1
"pc1","4cpu-i7",0.95,"locf",4,1.1
"pc1","4cpu-i7",0.95,"locf",1,1.16
"pc1","4cpu-i7",0.95,"locf",3,1.15
"pc1","4cpu-i7",0.95,"locf",4,1.1
"pc1","4cpu-i7",0.95,"locf",3,1.11
"pc1","4cpu-i7",0.95,"locf",1,1.15
"pc1","4cpu-i7",0.95,"locf",2,1.15
"pc1","4cpu-i7",0.95,"locf",3,1.1
"pc1","4cpu-i7",0.95,"locf",4,1.12
"pc1","4cpu-i7",0.95,"locf",1,1.15
"pc1","4cpu-i7",0.95,"locf",2,1.15
"pc1","4cpu-i7",0.95,"locf",1,1.11
"pc1","4cpu-i7",0.95,"locf",3,1.11
"pc1","4cpu-i7",0.95,"locf",2,1.14
"pc1","4cpu-i7",0.95,"locf",4,1.14
"pc1","4cpu-i7",0.95,"locf",2,1.11
"pc1","4cpu-i7",0.95,"locf",3,1.13
"pc1","4cpu-i7",0.95,"locf",4,1.13
"pc1","4cpu-i7",0.95,"locf",1,1.16
"pc1","4cpu-i7",0.05,"ssa",1,91.98
"pc1","4cpu-i7",0.05,"ssa",2,92.06
"pc1","4cpu-i7",0.05,"ssa",3,92.15
"pc1","4cpu-i7",0.05,"ssa",4,92.32
"pc1","4cpu-i7",0.05,"ssa",4,95.31
"pc1","4cpu-i7",0.05,"ssa",1,95.72
"pc1","4cpu-i7",0.05,"ssa",3,95.72
"pc1","4cpu-i7",0.05,"ssa",2,95.84
"pc1","4cpu-i7",0.05,"ssa",1,90.79
"pc1","4cpu-i7",0.05,"ssa",4,90.95
"pc1","4cpu-i7",0.05,"ssa",2,91.27
"pc1","4cpu-i7",0.05,"ssa",3,91.36
"pc1","4cpu-i7",0.05,"ssa",4,91.25
"pc1","4cpu-i7",0.05,"ssa",3,91.25
"pc1","4cpu-i7",0.05,"ssa",1,91.37
"pc1","4cpu-i7",0.05,"ssa",2,91.46
"pc1","4cpu-i7",0.05,"ssa",3,91.07
"pc1","4cpu-i7",0.05,"ssa",4,91.16
"pc1","4cpu-i7",0.05,"ssa",2,91.38
"pc1","4cpu-i7",0.05,"ssa",1,91.58
"pc1","4cpu-i7",0.05,"ssa",3,89.35
"pc1","4cpu-i7",0.05,"ssa",2,90.55
"pc1","4cpu-i7",0.05,"ssa",4,90.54
"pc1","4cpu-i7",0.05,"ssa",1,91.26
"pc1","4cpu-i7",0.05,"ssa",2,91.25
"pc1","4cpu-i7",0.05,"ssa",3,91.37
"pc1","4cpu-i7",0.05,"ssa",1,91.37
"pc1","4cpu-i7",0.05,"ssa",4,91.43
"pc1","4cpu-i7",0.05,"ssa",4,90.85
"pc1","4cpu-i7",0.05,"ssa",2,91.08
"pc1","4cpu-i7",0.05,"ssa",1,91.26
"pc1","4cpu-i7",0.05,"ssa",3,91.26
"pc1","4cpu-i7",0.05,"ssa",4,90.54
"pc1","4cpu-i7",0.05,"ssa",2,91.05
"pc1","4cpu-i7",0.05,"ssa",3,91.46
"pc1","4cpu-i7",0.05,"ssa",1,91.46
"pc1","4cpu-i7",0.05,"ssa",3,86.64
"pc1","4cpu-i7",0.05,"ssa",4,90.64
"pc1","4cpu-i7",0.05,"ssa",2,91.45
"pc1","4cpu-i7",0.05,"ssa",1,91.66
"pc1","4cpu-i7",0.05,"ssa",3,84.64
"pc1","4cpu-i7",0.05,"ssa",4,90.54
"pc1","4cpu-i7",0.05,"ssa",1,91.17
"pc1","4cpu-i7",0.05,"ssa",2,91.35
"pc1","4cpu-i7",0.05,"ssa",4,86.53
"pc1","4cpu-i7",0.05,"ssa",3,87.14
"pc1","4cpu-i7",0.05,"ssa",2,91.45
"pc1","4cpu-i7",0.05,"ssa",1,91.66
"pc1","4cpu-i7",0.05,"ssa",3,89.14
"pc1","4cpu-i7",0.05,"ssa",4,90.63
"pc1","4cpu-i7",0.05,"ssa",2,91.05
"pc1","4cpu-i7",0.05,"ssa",1,91.46
"pc1","4cpu-i7",0.05,"ssa",2,90.65
"pc1","4cpu-i7",0.05,"ssa",3,90.74
"pc1","4cpu-i7",0.05,"ssa",1,91.16
"pc1","4cpu-i7",0.05,"ssa",4,91.23
"pc1","4cpu-i7",0.05,"ssa",4,89.36
"pc1","4cpu-i7",0.05,"ssa",3,90.76
"pc1","4cpu-i7",0.05,"ssa",1,90.88
"pc1","4cpu-i7",0.05,"ssa",2,91.38
"pc1","4cpu-i7",0.05,"ssa",1,90.56
"pc1","4cpu-i7",0.05,"ssa",4,90.79
"pc1","4cpu-i7",0.05,"ssa",3,90.92
"pc1","4cpu-i7",0.05,"ssa",2,91.54
"pc1","4cpu-i7",0.05,"ssa",4,88.86
"pc1","4cpu-i7",0.05,"ssa",1,90.69
"pc1","4cpu-i7",0.05,"ssa",3,90.77
"pc1","4cpu-i7",0.05,"ssa",2,91.08
"pc1","4cpu-i7",0.05,"ssa",3,87.05
"pc1","4cpu-i7",0.05,"ssa",1,91.37
"pc1","4cpu-i7",0.05,"ssa",4,91.37
"pc1","4cpu-i7",0.05,"ssa",2,91.55
"pc1","4cpu-i7",0.05,"ssa",3,90.64
"pc1","4cpu-i7",0.05,"ssa",2,91.15
"pc1","4cpu-i7",0.05,"ssa",1,91.26
"pc1","4cpu-i7",0.05,"ssa",4,91.53
"pc1","4cpu-i7",0.05,"ssa",1,90.97
"pc1","4cpu-i7",0.05,"ssa",4,91.14
"pc1","4cpu-i7",0.05,"ssa",3,91.35
"pc1","4cpu-i7",0.05,"ssa",2,91.56
"pc1","4cpu-i7",0.05,"ssa",3,88.71
"pc1","4cpu-i7",0.05,"ssa",2,90.94
"pc1","4cpu-i7",0.05,"ssa",1,91.38
"pc1","4cpu-i7",0.05,"ssa",4,91.38
"pc1","4cpu-i7",0.05,"ssa",4,90.77
"pc1","4cpu-i7",0.05,"ssa",3,90.88
"pc1","4cpu-i7",0.05,"ssa",1,91.14
"pc1","4cpu-i7",0.05,"ssa",2,91.32
"pc1","4cpu-i7",0.05,"ssa",3,90.95
"pc1","4cpu-i7",0.05,"ssa",4,91.03
"pc1","4cpu-i7",0.05,"ssa",1,91.27
"pc1","4cpu-i7",0.05,"ssa",2,91.35
"pc1","4cpu-i7",0.05,"ssa",4,88.66
"pc1","4cpu-i7",0.05,"ssa",3,90.66
"pc1","4cpu-i7",0.05,"ssa",1,91.18
"pc1","4cpu-i7",0.05,"ssa",2,91.37
"pc1","4cpu-i7",0.05,"ssa",2,90.36
"pc1","4cpu-i7",0.05,"ssa",4,90.74
"pc1","4cpu-i7",0.05,"ssa",3,91.05
"pc1","4cpu-i7",0.05,"ssa",1,91.57
"pc1","4cpu-i7",0.05,"ssa",4,90.83
"pc1","4cpu-i7",0.05,"ssa",3,90.93
"pc1","4cpu-i7",0.05,"ssa",2,91.06
"pc1","4cpu-i7",0.05,"ssa",1,91.06
"pc1","4cpu-i7",0.05,"ssa",3,82.35
"pc1","4cpu-i7",0.05,"ssa",4,89.05
"pc1","4cpu-i7",0.05,"ssa",2,91.38
"pc1","4cpu-i7",0.05,"ssa",1,91.38
"pc1","4cpu-i7",0.05,"ssa",3,90.62
"pc1","4cpu-i7",0.05,"ssa",4,91.2
"pc1","4cpu-i7",0.05,"ssa",2,91.35
"pc1","4cpu-i7",0.05,"ssa",1,91.86
"pc1","4cpu-i7",0.05,"ssa",4,90.74
"pc1","4cpu-i7",0.05,"ssa",3,91.14
"pc1","4cpu-i7",0.05,"ssa",1,91.45
"pc1","4cpu-i7",0.05,"ssa",2,91.45
"pc1","4cpu-i7",0.05,"ssa",3,90.56
"pc1","4cpu-i7",0.05,"ssa",4,91.15
"pc1","4cpu-i7",0.05,"ssa",2,91.37
"pc1","4cpu-i7",0.05,"ssa",1,91.48
"pc1","4cpu-i7",0.15,"ssa",1,14.21
"pc1","4cpu-i7",0.15,"ssa",4,14.37
"pc1","4cpu-i7",0.15,"ssa",2,21.2
"pc1","4cpu-i7",0.15,"ssa",3,23.99
"pc1","4cpu-i7",0.15,"ssa",4,14.73
"pc1","4cpu-i7",0.15,"ssa",2,15.64
"pc1","4cpu-i7",0.15,"ssa",3,15.73
"pc1","4cpu-i7",0.15,"ssa",1,18.25
"pc1","4cpu-i7",0.15,"ssa",4,13.73
"pc1","4cpu-i7",0.15,"ssa",1,14.07
"pc1","4cpu-i7",0.15,"ssa",3,14.23
"pc1","4cpu-i7",0.15,"ssa",2,18.64
"pc1","4cpu-i7",0.15,"ssa",1,13.49
"pc1","4cpu-i7",0.15,"ssa",2,13.79
"pc1","4cpu-i7",0.15,"ssa",3,14.27
"pc1","4cpu-i7",0.15,"ssa",4,16.77
"pc1","4cpu-i7",0.15,"ssa",4,14.77
"pc1","4cpu-i7",0.15,"ssa",3,18.67
"pc1","4cpu-i7",0.15,"ssa",1,19.59
"pc1","4cpu-i7",0.15,"ssa",2,21.27
"pc1","4cpu-i7",0.15,"ssa",1,13.57
"pc1","4cpu-i7",0.15,"ssa",3,14.15
"pc1","4cpu-i7",0.15,"ssa",4,15.94
"pc1","4cpu-i7",0.15,"ssa",2,18.15
"pc1","4cpu-i7",0.15,"ssa",3,12.52
"pc1","4cpu-i7",0.15,"ssa",4,12.72
"pc1","4cpu-i7",0.15,"ssa",2,14.66
"pc1","4cpu-i7",0.15,"ssa",1,15.27
"pc1","4cpu-i7",0.15,"ssa",2,12.65
"pc1","4cpu-i7",0.15,"ssa",1,14.06
"pc1","4cpu-i7",0.15,"ssa",4,18.73
"pc1","4cpu-i7",0.15,"ssa",3,20.73
"pc1","4cpu-i7",0.15,"ssa",4,13.84
"pc1","4cpu-i7",0.15,"ssa",1,14.17
"pc1","4cpu-i7",0.15,"ssa",3,14.94
"pc1","4cpu-i7",0.15,"ssa",2,20.95
"pc1","4cpu-i7",0.15,"ssa",1,12.46
"pc1","4cpu-i7",0.15,"ssa",4,13.53
"pc1","4cpu-i7",0.15,"ssa",2,14.65
"pc1","4cpu-i7",0.15,"ssa",3,19.24
"pc1","4cpu-i7",0.15,"ssa",3,13.74
"pc1","4cpu-i7",0.15,"ssa",1,14.97
"pc1","4cpu-i7",0.15,"ssa",4,16.13
"pc1","4cpu-i7",0.15,"ssa",2,17.45
"pc1","4cpu-i7",0.15,"ssa",4,16.23
"pc1","4cpu-i7",0.15,"ssa",1,16.36
"pc1","4cpu-i7",0.15,"ssa",3,16.54
"pc1","4cpu-i7",0.15,"ssa",2,18.94
"pc1","4cpu-i7",0.15,"ssa",4,14.07
"pc1","4cpu-i7",0.15,"ssa",2,14.59
"pc1","4cpu-i7",0.15,"ssa",1,14.7
"pc1","4cpu-i7",0.15,"ssa",3,16.87
"pc1","4cpu-i7",0.15,"ssa",1,12.57
"pc1","4cpu-i7",0.15,"ssa",2,14.46
"pc1","4cpu-i7",0.15,"ssa",3,15.34
"pc1","4cpu-i7",0.15,"ssa",4,18.25
"pc1","4cpu-i7",0.15,"ssa",3,13.83
"pc1","4cpu-i7",0.15,"ssa",4,14.04
"pc1","4cpu-i7",0.15,"ssa",1,16.55
"pc1","4cpu-i7",0.15,"ssa",2,16.54
"pc1","4cpu-i7",0.15,"ssa",1,13.96
"pc1","4cpu-i7",0.15,"ssa",4,17.92
"pc1","4cpu-i7",0.15,"ssa",2,19.15
"pc1","4cpu-i7",0.15,"ssa",3,19.43
"pc1","4cpu-i7",0.15,"ssa",3,12.84
"pc1","4cpu-i7",0.15,"ssa",1,13.17
"pc1","4cpu-i7",0.15,"ssa",2,14.26
"pc1","4cpu-i7",0.15,"ssa",4,28.34
"pc1","4cpu-i7",0.15,"ssa",2,14.67
"pc1","4cpu-i7",0.15,"ssa",4,15.19
"pc1","4cpu-i7",0.15,"ssa",1,15.19
"pc1","4cpu-i7",0.15,"ssa",3,19.17
"pc1","4cpu-i7",0.15,"ssa",1,13.49
"pc1","4cpu-i7",0.15,"ssa",2,14.57
"pc1","4cpu-i7",0.15,"ssa",4,17.86
"pc1","4cpu-i7",0.15,"ssa",3,19.65
"pc1","4cpu-i7",0.15,"ssa",1,13.16
"pc1","4cpu-i7",0.15,"ssa",4,13.83
"pc1","4cpu-i7",0.15,"ssa",2,15.16
"pc1","4cpu-i7",0.15,"ssa",3,17.65
"pc1","4cpu-i7",0.15,"ssa",3,14.64
"pc1","4cpu-i7",0.15,"ssa",2,15.46
"pc1","4cpu-i7",0.15,"ssa",4,18.54
"pc1","4cpu-i7",0.15,"ssa",1,24.76
"pc1","4cpu-i7",0.15,"ssa",1,13.97
"pc1","4cpu-i7",0.15,"ssa",4,16.45
"pc1","4cpu-i7",0.15,"ssa",3,17.25
"pc1","4cpu-i7",0.15,"ssa",2,18.85
"pc1","4cpu-i7",0.15,"ssa",4,14.07
"pc1","4cpu-i7",0.15,"ssa",2,15.18
"pc1","4cpu-i7",0.15,"ssa",3,16.58
"pc1","4cpu-i7",0.15,"ssa",1,18.69
"pc1","4cpu-i7",0.15,"ssa",1,13.2
"pc1","4cpu-i7",0.15,"ssa",2,13.48
"pc1","4cpu-i7",0.15,"ssa",3,14.07
"pc1","4cpu-i7",0.15,"ssa",4,15.77
"pc1","4cpu-i7",0.15,"ssa",1,15.55
"pc1","4cpu-i7",0.15,"ssa",4,17.1
"pc1","4cpu-i7",0.15,"ssa",2,17.64
"pc1","4cpu-i7",0.15,"ssa",3,18.2
"pc1","4cpu-i7",0.15,"ssa",4,13.83
"pc1","4cpu-i7",0.15,"ssa",2,14.24
"pc1","4cpu-i7",0.15,"ssa",1,16.06
"pc1","4cpu-i7",0.15,"ssa",3,18.23
"pc1","4cpu-i7",0.15,"ssa",2,14.49
"pc1","4cpu-i7",0.15,"ssa",3,15.08
"pc1","4cpu-i7",0.15,"ssa",1,15.2
"pc1","4cpu-i7",0.15,"ssa",4,17.76
"pc1","4cpu-i7",0.15,"ssa",1,12.96
"pc1","4cpu-i7",0.15,"ssa",2,14.74
"pc1","4cpu-i7",0.15,"ssa",3,17.14
"pc1","4cpu-i7",0.15,"ssa",4,25.03
"pc1","4cpu-i7",0.15,"ssa",1,13.95
"pc1","4cpu-i7",0.15,"ssa",4,14.31
"pc1","4cpu-i7",0.15,"ssa",2,15.63
"pc1","4cpu-i7",0.15,"ssa",3,28.42
"pc1","4cpu-i7",0.15,"ssa",1,13.29
"pc1","4cpu-i7",0.15,"ssa",3,13.77
"pc1","4cpu-i7",0.15,"ssa",4,14.56
"pc1","4cpu-i7",0.15,"ssa",2,16.78
"pc1","4cpu-i7",0.25,"ssa",2,7.56
"pc1","4cpu-i7",0.25,"ssa",4,8.65
"pc1","4cpu-i7",0.25,"ssa",1,9.05
"pc1","4cpu-i7",0.25,"ssa",3,9.45
"pc1","4cpu-i7",0.25,"ssa",1,7.94
"pc1","4cpu-i7",0.25,"ssa",2,7.94
"pc1","4cpu-i7",0.25,"ssa",4,8.64
"pc1","4cpu-i7",0.25,"ssa",3,9.35
"pc1","4cpu-i7",0.25,"ssa",2,7.53
"pc1","4cpu-i7",0.25,"ssa",1,7.76
"pc1","4cpu-i7",0.25,"ssa",3,7.83
"pc1","4cpu-i7",0.25,"ssa",4,9.33
"pc1","4cpu-i7",0.25,"ssa",1,7.56
"pc1","4cpu-i7",0.25,"ssa",3,7.65
"pc1","4cpu-i7",0.25,"ssa",2,7.83
"pc1","4cpu-i7",0.25,"ssa",4,9.62
"pc1","4cpu-i7",0.25,"ssa",3,7.09
"pc1","4cpu-i7",0.25,"ssa",1,7.39
"pc1","4cpu-i7",0.25,"ssa",2,8.19
"pc1","4cpu-i7",0.25,"ssa",4,8.35
"pc1","4cpu-i7",0.25,"ssa",3,7.65
"pc1","4cpu-i7",0.25,"ssa",2,7.67
"pc1","4cpu-i7",0.25,"ssa",4,7.77
"pc1","4cpu-i7",0.25,"ssa",1,8.58
"pc1","4cpu-i7",0.25,"ssa",4,8.06
"pc1","4cpu-i7",0.25,"ssa",3,8.94
"pc1","4cpu-i7",0.25,"ssa",2,9.16
"pc1","4cpu-i7",0.25,"ssa",1,11.96
"pc1","4cpu-i7",0.25,"ssa",3,8.18
"pc1","4cpu-i7",0.25,"ssa",4,8.28
"pc1","4cpu-i7",0.25,"ssa",1,8.99
"pc1","4cpu-i7",0.25,"ssa",2,9.88
"pc1","4cpu-i7",0.25,"ssa",2,6.65
"pc1","4cpu-i7",0.25,"ssa",1,7.55
"pc1","4cpu-i7",0.25,"ssa",4,8.44
"pc1","4cpu-i7",0.25,"ssa",3,8.74
"pc1","4cpu-i7",0.25,"ssa",3,7.67
"pc1","4cpu-i7",0.25,"ssa",1,7.67
"pc1","4cpu-i7",0.25,"ssa",2,7.92
"pc1","4cpu-i7",0.25,"ssa",4,8.9
"pc1","4cpu-i7",0.25,"ssa",4,7.49
"pc1","4cpu-i7",0.25,"ssa",3,7.78
"pc1","4cpu-i7",0.25,"ssa",2,8.7
"pc1","4cpu-i7",0.25,"ssa",1,9.33
"pc1","4cpu-i7",0.25,"ssa",4,7.96
"pc1","4cpu-i7",0.25,"ssa",3,8.26
"pc1","4cpu-i7",0.25,"ssa",1,8.46
"pc1","4cpu-i7",0.25,"ssa",2,8.46
"pc1","4cpu-i7",0.25,"ssa",2,7.66
"pc1","4cpu-i7",0.25,"ssa",3,8.15
"pc1","4cpu-i7",0.25,"ssa",1,9.08
"pc1","4cpu-i7",0.25,"ssa",4,9.17
"pc1","4cpu-i7",0.25,"ssa",4,7.33
"pc1","4cpu-i7",0.25,"ssa",1,8.16
"pc1","4cpu-i7",0.25,"ssa",3,9.03
"pc1","4cpu-i7",0.25,"ssa",2,9.14
"pc1","4cpu-i7",0.25,"ssa",2,7.44
"pc1","4cpu-i7",0.25,"ssa",3,7.74
"pc1","4cpu-i7",0.25,"ssa",4,7.93
"pc1","4cpu-i7",0.25,"ssa",1,8.05
"pc1","4cpu-i7",0.25,"ssa",1,7.7
"pc1","4cpu-i7",0.25,"ssa",4,7.78
"pc1","4cpu-i7",0.25,"ssa",3,7.98
"pc1","4cpu-i7",0.25,"ssa",2,9.4
"pc1","4cpu-i7",0.25,"ssa",3,7.18
"pc1","4cpu-i7",0.25,"ssa",4,7.75
"pc1","4cpu-i7",0.25,"ssa",1,9.37
"pc1","4cpu-i7",0.25,"ssa",2,9.37
"pc1","4cpu-i7",0.25,"ssa",3,7.86
"pc1","4cpu-i7",0.25,"ssa",4,7.86
"pc1","4cpu-i7",0.25,"ssa",2,8.58
"pc1","4cpu-i7",0.25,"ssa",1,9.28
"pc1","4cpu-i7",0.25,"ssa",2,7.27
"pc1","4cpu-i7",0.25,"ssa",4,7.67
"pc1","4cpu-i7",0.25,"ssa",1,8.28
"pc1","4cpu-i7",0.25,"ssa",3,9.17
"pc1","4cpu-i7",0.25,"ssa",1,7.86
"pc1","4cpu-i7",0.25,"ssa",4,7.92
"pc1","4cpu-i7",0.25,"ssa",2,8.85
"pc1","4cpu-i7",0.25,"ssa",3,8.85
"pc1","4cpu-i7",0.25,"ssa",3,7.46
"pc1","4cpu-i7",0.25,"ssa",2,8.06
"pc1","4cpu-i7",0.25,"ssa",1,8.18
"pc1","4cpu-i7",0.25,"ssa",4,8.84
"pc1","4cpu-i7",0.25,"ssa",3,7.54
"pc1","4cpu-i7",0.25,"ssa",1,7.66
"pc1","4cpu-i7",0.25,"ssa",4,8.25
"pc1","4cpu-i7",0.25,"ssa",2,12.26
"pc1","4cpu-i7",0.25,"ssa",3,7.63
"pc1","4cpu-i7",0.25,"ssa",4,8.23
"pc1","4cpu-i7",0.25,"ssa",2,8.55
"pc1","4cpu-i7",0.25,"ssa",1,9.45
"pc1","4cpu-i7",0.25,"ssa",3,7.45
"pc1","4cpu-i7",0.25,"ssa",4,7.53
"pc1","4cpu-i7",0.25,"ssa",2,7.87
"pc1","4cpu-i7",0.25,"ssa",1,8.17
"pc1","4cpu-i7",0.25,"ssa",4,7.03
"pc1","4cpu-i7",0.25,"ssa",2,7.96
"pc1","4cpu-i7",0.25,"ssa",1,8.56
"pc1","4cpu-i7",0.25,"ssa",3,9.34
"pc1","4cpu-i7",0.25,"ssa",4,7.34
"pc1","4cpu-i7",0.25,"ssa",3,7.78
"pc1","4cpu-i7",0.25,"ssa",1,8.19
"pc1","4cpu-i7",0.25,"ssa",2,9.56
"pc1","4cpu-i7",0.25,"ssa",2,7.3
"pc1","4cpu-i7",0.25,"ssa",4,7.77
"pc1","4cpu-i7",0.25,"ssa",1,8.41
"pc1","4cpu-i7",0.25,"ssa",3,8.69
"pc1","4cpu-i7",0.25,"ssa",1,6.97
"pc1","4cpu-i7",0.25,"ssa",3,7.48
"pc1","4cpu-i7",0.25,"ssa",4,7.86
"pc1","4cpu-i7",0.25,"ssa",2,8.68
"pc1","4cpu-i7",0.25,"ssa",3,8.21
"pc1","4cpu-i7",0.25,"ssa",2,8.32
"pc1","4cpu-i7",0.25,"ssa",1,8.45
"pc1","4cpu-i7",0.25,"ssa",4,9
"pc1","4cpu-i7",0.25,"ssa",4,7.52
"pc1","4cpu-i7",0.25,"ssa",3,7.63
"pc1","4cpu-i7",0.25,"ssa",2,7.66
"pc1","4cpu-i7",0.25,"ssa",1,8.26
"pc1","4cpu-i7",0.35,"ssa",3,5.56
"pc1","4cpu-i7",0.35,"ssa",1,6.18
"pc1","4cpu-i7",0.35,"ssa",2,6.45
"pc1","4cpu-i7",0.35,"ssa",4,6.45
"pc1","4cpu-i7",0.35,"ssa",3,5.48
"pc1","4cpu-i7",0.35,"ssa",1,5.68
"pc1","4cpu-i7",0.35,"ssa",4,6.36
"pc1","4cpu-i7",0.35,"ssa",2,6.55
"pc1","4cpu-i7",0.35,"ssa",3,4.95
"pc1","4cpu-i7",0.35,"ssa",1,5.48
"pc1","4cpu-i7",0.35,"ssa",4,5.72
"pc1","4cpu-i7",0.35,"ssa",2,6.14
"pc1","4cpu-i7",0.35,"ssa",1,4.62
"pc1","4cpu-i7",0.35,"ssa",3,4.98
"pc1","4cpu-i7",0.35,"ssa",4,5.87
"pc1","4cpu-i7",0.35,"ssa",2,6.09
"pc1","4cpu-i7",0.35,"ssa",1,4.84
"pc1","4cpu-i7",0.35,"ssa",3,5.04
"pc1","4cpu-i7",0.35,"ssa",2,5.13
"pc1","4cpu-i7",0.35,"ssa",4,6.02
"pc1","4cpu-i7",0.35,"ssa",3,5.27
"pc1","4cpu-i7",0.35,"ssa",1,5.6
"pc1","4cpu-i7",0.35,"ssa",2,5.6
"pc1","4cpu-i7",0.35,"ssa",4,6.26
"pc1","4cpu-i7",0.35,"ssa",1,4.77
"pc1","4cpu-i7",0.35,"ssa",4,5.34
"pc1","4cpu-i7",0.35,"ssa",3,5.77
"pc1","4cpu-i7",0.35,"ssa",2,6.15
"pc1","4cpu-i7",0.35,"ssa",3,4.79
"pc1","4cpu-i7",0.35,"ssa",4,5.1
"pc1","4cpu-i7",0.35,"ssa",1,5.16
"pc1","4cpu-i7",0.35,"ssa",2,6.71
"pc1","4cpu-i7",0.35,"ssa",1,4.89
"pc1","4cpu-i7",0.35,"ssa",3,5.28
"pc1","4cpu-i7",0.35,"ssa",4,5.56
"pc1","4cpu-i7",0.35,"ssa",2,7.05
"pc1","4cpu-i7",0.35,"ssa",3,4.86
"pc1","4cpu-i7",0.35,"ssa",1,5.02
"pc1","4cpu-i7",0.35,"ssa",4,5.55
"pc1","4cpu-i7",0.35,"ssa",2,6.17
"pc1","4cpu-i7",0.35,"ssa",3,4.8
"pc1","4cpu-i7",0.35,"ssa",4,5.09
"pc1","4cpu-i7",0.35,"ssa",1,5.4
"pc1","4cpu-i7",0.35,"ssa",2,6.27
"pc1","4cpu-i7",0.35,"ssa",2,5.08
"pc1","4cpu-i7",0.35,"ssa",3,5.3
"pc1","4cpu-i7",0.35,"ssa",1,5.59
"pc1","4cpu-i7",0.35,"ssa",4,5.78
"pc1","4cpu-i7",0.35,"ssa",1,5.08
"pc1","4cpu-i7",0.35,"ssa",3,5.34
"pc1","4cpu-i7",0.35,"ssa",2,5.44
"pc1","4cpu-i7",0.35,"ssa",4,6.45
"pc1","4cpu-i7",0.35,"ssa",1,5.17
"pc1","4cpu-i7",0.35,"ssa",3,5.35
"pc1","4cpu-i7",0.35,"ssa",2,6.14
"pc1","4cpu-i7",0.35,"ssa",4,7.84
"pc1","4cpu-i7",0.35,"ssa",3,4.85
"pc1","4cpu-i7",0.35,"ssa",4,5.26
"pc1","4cpu-i7",0.35,"ssa",1,5.26
"pc1","4cpu-i7",0.35,"ssa",2,6.54
"pc1","4cpu-i7",0.35,"ssa",1,4.85
"pc1","4cpu-i7",0.35,"ssa",3,5.04
"pc1","4cpu-i7",0.35,"ssa",2,5.14
"pc1","4cpu-i7",0.35,"ssa",4,5.74
"pc1","4cpu-i7",0.35,"ssa",1,5.16
"pc1","4cpu-i7",0.35,"ssa",2,5.45
"pc1","4cpu-i7",0.35,"ssa",3,5.47
"pc1","4cpu-i7",0.35,"ssa",4,5.99
"pc1","4cpu-i7",0.35,"ssa",1,5.23
"pc1","4cpu-i7",0.35,"ssa",3,5.32
"pc1","4cpu-i7",0.35,"ssa",4,6.08
"pc1","4cpu-i7",0.35,"ssa",2,6.42
"pc1","4cpu-i7",0.35,"ssa",1,4.9
"pc1","4cpu-i7",0.35,"ssa",3,5.18
"pc1","4cpu-i7",0.35,"ssa",4,5.85
"pc1","4cpu-i7",0.35,"ssa",2,7.78
"pc1","4cpu-i7",0.35,"ssa",3,4.95
"pc1","4cpu-i7",0.35,"ssa",4,5.05
"pc1","4cpu-i7",0.35,"ssa",2,5.28
"pc1","4cpu-i7",0.35,"ssa",1,5.68
"pc1","4cpu-i7",0.35,"ssa",3,5.23
"pc1","4cpu-i7",0.35,"ssa",1,5.44
"pc1","4cpu-i7",0.35,"ssa",4,6.15
"pc1","4cpu-i7",0.35,"ssa",2,6.36
"pc1","4cpu-i7",0.35,"ssa",3,4.94
"pc1","4cpu-i7",0.35,"ssa",2,5.06
"pc1","4cpu-i7",0.35,"ssa",1,5.36
"pc1","4cpu-i7",0.35,"ssa",4,6.34
"pc1","4cpu-i7",0.35,"ssa",1,4.8
"pc1","4cpu-i7",0.35,"ssa",3,4.98
"pc1","4cpu-i7",0.35,"ssa",2,5.78
"pc1","4cpu-i7",0.35,"ssa",4,5.87
"pc1","4cpu-i7",0.35,"ssa",3,5.07
"pc1","4cpu-i7",0.35,"ssa",1,5.35
"pc1","4cpu-i7",0.35,"ssa",2,5.85
"pc1","4cpu-i7",0.35,"ssa",4,6.45
"pc1","4cpu-i7",0.35,"ssa",1,5.16
"pc1","4cpu-i7",0.35,"ssa",4,5.43
"pc1","4cpu-i7",0.35,"ssa",3,5.73
"pc1","4cpu-i7",0.35,"ssa",2,6.35
"pc1","4cpu-i7",0.35,"ssa",3,4.98
"pc1","4cpu-i7",0.35,"ssa",1,5.55
"pc1","4cpu-i7",0.35,"ssa",2,5.96
"pc1","4cpu-i7",0.35,"ssa",4,6.05
"pc1","4cpu-i7",0.35,"ssa",1,5.16
"pc1","4cpu-i7",0.35,"ssa",3,5.35
"pc1","4cpu-i7",0.35,"ssa",4,5.66
"pc1","4cpu-i7",0.35,"ssa",2,5.88
"pc1","4cpu-i7",0.35,"ssa",1,5.15
"pc1","4cpu-i7",0.35,"ssa",3,5.15
"pc1","4cpu-i7",0.35,"ssa",2,5.55
"pc1","4cpu-i7",0.35,"ssa",4,6.05
"pc1","4cpu-i7",0.35,"ssa",1,5.35
"pc1","4cpu-i7",0.35,"ssa",4,5.65
"pc1","4cpu-i7",0.35,"ssa",2,5.84
"pc1","4cpu-i7",0.35,"ssa",3,5.94
"pc1","4cpu-i7",0.35,"ssa",3,4.97
"pc1","4cpu-i7",0.35,"ssa",1,5.28
"pc1","4cpu-i7",0.35,"ssa",4,6.24
"pc1","4cpu-i7",0.35,"ssa",2,7.36
"pc1","4cpu-i7",0.45,"ssa",3,4.51
"pc1","4cpu-i7",0.45,"ssa",1,4.56
"pc1","4cpu-i7",0.45,"ssa",4,4.61
"pc1","4cpu-i7",0.45,"ssa",2,4.72
"pc1","4cpu-i7",0.45,"ssa",3,4.06
"pc1","4cpu-i7",0.45,"ssa",1,4.17
"pc1","4cpu-i7",0.45,"ssa",2,4.19
"pc1","4cpu-i7",0.45,"ssa",4,4.27
"pc1","4cpu-i7",0.45,"ssa",3,3.98
"pc1","4cpu-i7",0.45,"ssa",1,3.98
"pc1","4cpu-i7",0.45,"ssa",4,4.27
"pc1","4cpu-i7",0.45,"ssa",2,4.46
"pc1","4cpu-i7",0.45,"ssa",3,3.66
"pc1","4cpu-i7",0.45,"ssa",1,3.97
"pc1","4cpu-i7",0.45,"ssa",4,4.02
"pc1","4cpu-i7",0.45,"ssa",2,4.16
"pc1","4cpu-i7",0.45,"ssa",1,3.96
"pc1","4cpu-i7",0.45,"ssa",3,3.96
"pc1","4cpu-i7",0.45,"ssa",2,4.15
"pc1","4cpu-i7",0.45,"ssa",4,4.45
"pc1","4cpu-i7",0.45,"ssa",4,3.65
"pc1","4cpu-i7",0.45,"ssa",1,3.89
"pc1","4cpu-i7",0.45,"ssa",3,4.05
"pc1","4cpu-i7",0.45,"ssa",2,4.74
"pc1","4cpu-i7",0.45,"ssa",1,3.77
"pc1","4cpu-i7",0.45,"ssa",3,3.99
"pc1","4cpu-i7",0.45,"ssa",4,4.16
"pc1","4cpu-i7",0.45,"ssa",2,4.69
"pc1","4cpu-i7",0.45,"ssa",3,3.74
"pc1","4cpu-i7",0.45,"ssa",1,4.08
"pc1","4cpu-i7",0.45,"ssa",2,4.26
"pc1","4cpu-i7",0.45,"ssa",4,4.26
"pc1","4cpu-i7",0.45,"ssa",1,3.78
"pc1","4cpu-i7",0.45,"ssa",4,3.78
"pc1","4cpu-i7",0.45,"ssa",3,3.96
"pc1","4cpu-i7",0.45,"ssa",2,4.17
"pc1","4cpu-i7",0.45,"ssa",1,3.96
"pc1","4cpu-i7",0.45,"ssa",3,3.99
"pc1","4cpu-i7",0.45,"ssa",4,4.08
"pc1","4cpu-i7",0.45,"ssa",2,4.42
"pc1","4cpu-i7",0.45,"ssa",1,4.11
"pc1","4cpu-i7",0.45,"ssa",3,4.17
"pc1","4cpu-i7",0.45,"ssa",4,4.25
"pc1","4cpu-i7",0.45,"ssa",2,4.47
"pc1","4cpu-i7",0.45,"ssa",3,3.75
"pc1","4cpu-i7",0.45,"ssa",1,3.96
"pc1","4cpu-i7",0.45,"ssa",4,4.21
"pc1","4cpu-i7",0.45,"ssa",2,4.33
"pc1","4cpu-i7",0.45,"ssa",3,3.86
"pc1","4cpu-i7",0.45,"ssa",1,4.19
"pc1","4cpu-i7",0.45,"ssa",2,4.2
"pc1","4cpu-i7",0.45,"ssa",4,4.56
"pc1","4cpu-i7",0.45,"ssa",3,3.67
"pc1","4cpu-i7",0.45,"ssa",1,3.99
"pc1","4cpu-i7",0.45,"ssa",2,4.15
"pc1","4cpu-i7",0.45,"ssa",4,4.36
"pc1","4cpu-i7",0.45,"ssa",1,3.83
"pc1","4cpu-i7",0.45,"ssa",3,3.84
"pc1","4cpu-i7",0.45,"ssa",2,4.12
"pc1","4cpu-i7",0.45,"ssa",4,4.41
"pc1","4cpu-i7",0.45,"ssa",1,3.71
"pc1","4cpu-i7",0.45,"ssa",4,3.96
"pc1","4cpu-i7",0.45,"ssa",3,3.98
"pc1","4cpu-i7",0.45,"ssa",2,4.58
"pc1","4cpu-i7",0.45,"ssa",3,3.84
"pc1","4cpu-i7",0.45,"ssa",1,3.9
"pc1","4cpu-i7",0.45,"ssa",2,4.3
"pc1","4cpu-i7",0.45,"ssa",4,4.64
"pc1","4cpu-i7",0.45,"ssa",3,3.93
"pc1","4cpu-i7",0.45,"ssa",1,3.99
"pc1","4cpu-i7",0.45,"ssa",4,4.09
"pc1","4cpu-i7",0.45,"ssa",2,4.51
"pc1","4cpu-i7",0.45,"ssa",3,4.04
"pc1","4cpu-i7",0.45,"ssa",4,4.12
"pc1","4cpu-i7",0.45,"ssa",1,4.16
"pc1","4cpu-i7",0.45,"ssa",2,4.31
"pc1","4cpu-i7",0.45,"ssa",4,3.77
"pc1","4cpu-i7",0.45,"ssa",1,3.89
"pc1","4cpu-i7",0.45,"ssa",2,3.97
"pc1","4cpu-i7",0.45,"ssa",3,4.07
"pc1","4cpu-i7",0.45,"ssa",3,3.94
"pc1","4cpu-i7",0.45,"ssa",1,4.06
"pc1","4cpu-i7",0.45,"ssa",4,4.33
"pc1","4cpu-i7",0.45,"ssa",2,4.36
"pc1","4cpu-i7",0.45,"ssa",3,3.78
"pc1","4cpu-i7",0.45,"ssa",4,3.93
"pc1","4cpu-i7",0.45,"ssa",1,4.07
"pc1","4cpu-i7",0.45,"ssa",2,4.49
"pc1","4cpu-i7",0.45,"ssa",3,3.85
"pc1","4cpu-i7",0.45,"ssa",1,4.04
"pc1","4cpu-i7",0.45,"ssa",2,4.04
"pc1","4cpu-i7",0.45,"ssa",4,4.1
"pc1","4cpu-i7",0.45,"ssa",4,3.88
"pc1","4cpu-i7",0.45,"ssa",3,4.06
"pc1","4cpu-i7",0.45,"ssa",1,4.19
"pc1","4cpu-i7",0.45,"ssa",2,4.5
"pc1","4cpu-i7",0.45,"ssa",1,3.86
"pc1","4cpu-i7",0.45,"ssa",3,3.86
"pc1","4cpu-i7",0.45,"ssa",4,4.04
"pc1","4cpu-i7",0.45,"ssa",2,4.46
"pc1","4cpu-i7",0.45,"ssa",1,3.61
"pc1","4cpu-i7",0.45,"ssa",2,3.86
"pc1","4cpu-i7",0.45,"ssa",4,3.86
"pc1","4cpu-i7",0.45,"ssa",3,3.95
"pc1","4cpu-i7",0.45,"ssa",1,3.91
"pc1","4cpu-i7",0.45,"ssa",3,4.06
"pc1","4cpu-i7",0.45,"ssa",4,4.16
"pc1","4cpu-i7",0.45,"ssa",2,4.47
"pc1","4cpu-i7",0.45,"ssa",1,3.9
"pc1","4cpu-i7",0.45,"ssa",3,3.95
"pc1","4cpu-i7",0.45,"ssa",4,4.04
"pc1","4cpu-i7",0.45,"ssa",2,4.76
"pc1","4cpu-i7",0.45,"ssa",3,3.92
"pc1","4cpu-i7",0.45,"ssa",4,4.1
"pc1","4cpu-i7",0.45,"ssa",1,4.27
"pc1","4cpu-i7",0.45,"ssa",2,4.82
"pc1","4cpu-i7",0.45,"ssa",1,3.88
"pc1","4cpu-i7",0.45,"ssa",4,3.87
"pc1","4cpu-i7",0.45,"ssa",2,3.97
"pc1","4cpu-i7",0.45,"ssa",3,3.97
"pc1","4cpu-i7",0.55,"ssa",4,3.07
"pc1","4cpu-i7",0.55,"ssa",3,3.11
"pc1","4cpu-i7",0.55,"ssa",2,3.31
"pc1","4cpu-i7",0.55,"ssa",1,3.52
"pc1","4cpu-i7",0.55,"ssa",2,3.35
"pc1","4cpu-i7",0.55,"ssa",1,3.56
"pc1","4cpu-i7",0.55,"ssa",3,3.62
"pc1","4cpu-i7",0.55,"ssa",4,4.03
"pc1","4cpu-i7",0.55,"ssa",1,3.35
"pc1","4cpu-i7",0.55,"ssa",2,3.36
"pc1","4cpu-i7",0.55,"ssa",3,3.36
"pc1","4cpu-i7",0.55,"ssa",4,3.5
"pc1","4cpu-i7",0.55,"ssa",2,3.11
"pc1","4cpu-i7",0.55,"ssa",1,3.17
"pc1","4cpu-i7",0.55,"ssa",3,3.26
"pc1","4cpu-i7",0.55,"ssa",4,3.45
"pc1","4cpu-i7",0.55,"ssa",2,3.19
"pc1","4cpu-i7",0.55,"ssa",1,3.34
"pc1","4cpu-i7",0.55,"ssa",3,3.46
"pc1","4cpu-i7",0.55,"ssa",4,3.63
"pc1","4cpu-i7",0.55,"ssa",1,3.4
"pc1","4cpu-i7",0.55,"ssa",4,3.39
"pc1","4cpu-i7",0.55,"ssa",3,3.46
"pc1","4cpu-i7",0.55,"ssa",2,3.49
"pc1","4cpu-i7",0.55,"ssa",3,2.95
"pc1","4cpu-i7",0.55,"ssa",1,3.09
"pc1","4cpu-i7",0.55,"ssa",2,3.18
"pc1","4cpu-i7",0.55,"ssa",4,3.43
"pc1","4cpu-i7",0.55,"ssa",1,3.19
"pc1","4cpu-i7",0.55,"ssa",2,3.25
"pc1","4cpu-i7",0.55,"ssa",3,3.4
"pc1","4cpu-i7",0.55,"ssa",4,3.46
"pc1","4cpu-i7",0.55,"ssa",3,2.99
"pc1","4cpu-i7",0.55,"ssa",1,3.28
"pc1","4cpu-i7",0.55,"ssa",2,3.3
"pc1","4cpu-i7",0.55,"ssa",4,3.41
"pc1","4cpu-i7",0.55,"ssa",1,3.06
"pc1","4cpu-i7",0.55,"ssa",3,3.16
"pc1","4cpu-i7",0.55,"ssa",2,3.25
"pc1","4cpu-i7",0.55,"ssa",4,3.31
"pc1","4cpu-i7",0.55,"ssa",2,3.28
"pc1","4cpu-i7",0.55,"ssa",1,3.3
"pc1","4cpu-i7",0.55,"ssa",3,3.55
"pc1","4cpu-i7",0.55,"ssa",4,4.35
"pc1","4cpu-i7",0.55,"ssa",1,3.22
"pc1","4cpu-i7",0.55,"ssa",4,3.43
"pc1","4cpu-i7",0.55,"ssa",3,3.43
"pc1","4cpu-i7",0.55,"ssa",2,3.56
"pc1","4cpu-i7",0.55,"ssa",1,3.03
"pc1","4cpu-i7",0.55,"ssa",4,3.07
"pc1","4cpu-i7",0.55,"ssa",2,3.2
"pc1","4cpu-i7",0.55,"ssa",3,3.3
"pc1","4cpu-i7",0.55,"ssa",2,3.05
"pc1","4cpu-i7",0.55,"ssa",1,3.19
"pc1","4cpu-i7",0.55,"ssa",3,3.33
"pc1","4cpu-i7",0.55,"ssa",4,4.52
"pc1","4cpu-i7",0.55,"ssa",2,3.3
"pc1","4cpu-i7",0.55,"ssa",1,3.36
"pc1","4cpu-i7",0.55,"ssa",4,3.44
"pc1","4cpu-i7",0.55,"ssa",3,3.88
"pc1","4cpu-i7",0.55,"ssa",1,2.98
"pc1","4cpu-i7",0.55,"ssa",2,3.06
"pc1","4cpu-i7",0.55,"ssa",3,3.16
"pc1","4cpu-i7",0.55,"ssa",4,3.45
"pc1","4cpu-i7",0.55,"ssa",1,3.2
"pc1","4cpu-i7",0.55,"ssa",4,3.27
"pc1","4cpu-i7",0.55,"ssa",2,3.34
"pc1","4cpu-i7",0.55,"ssa",3,3.35
"pc1","4cpu-i7",0.55,"ssa",1,3.3
"pc1","4cpu-i7",0.55,"ssa",3,3.36
"pc1","4cpu-i7",0.55,"ssa",2,3.45
"pc1","4cpu-i7",0.55,"ssa",4,3.67
"pc1","4cpu-i7",0.55,"ssa",1,2.8
"pc1","4cpu-i7",0.55,"ssa",4,3.15
"pc1","4cpu-i7",0.55,"ssa",3,3.25
"pc1","4cpu-i7",0.55,"ssa",2,3.35
"pc1","4cpu-i7",0.55,"ssa",2,3.27
"pc1","4cpu-i7",0.55,"ssa",1,3.27
"pc1","4cpu-i7",0.55,"ssa",3,3.56
"pc1","4cpu-i7",0.55,"ssa",4,4.26
"pc1","4cpu-i7",0.55,"ssa",4,3.22
"pc1","4cpu-i7",0.55,"ssa",2,3.31
"pc1","4cpu-i7",0.55,"ssa",3,3.39
"pc1","4cpu-i7",0.55,"ssa",1,3.45
"pc1","4cpu-i7",0.55,"ssa",1,3.08
"pc1","4cpu-i7",0.55,"ssa",2,3.15
"pc1","4cpu-i7",0.55,"ssa",3,3.17
"pc1","4cpu-i7",0.55,"ssa",4,3.34
"pc1","4cpu-i7",0.55,"ssa",1,3.08
"pc1","4cpu-i7",0.55,"ssa",2,3.17
"pc1","4cpu-i7",0.55,"ssa",4,3.39
"pc1","4cpu-i7",0.55,"ssa",3,3.54
"pc1","4cpu-i7",0.55,"ssa",1,3.19
"pc1","4cpu-i7",0.55,"ssa",3,3.22
"pc1","4cpu-i7",0.55,"ssa",2,3.29
"pc1","4cpu-i7",0.55,"ssa",4,3.29
"pc1","4cpu-i7",0.55,"ssa",3,3.13
"pc1","4cpu-i7",0.55,"ssa",2,3.27
"pc1","4cpu-i7",0.55,"ssa",4,3.26
"pc1","4cpu-i7",0.55,"ssa",1,3.33
"pc1","4cpu-i7",0.55,"ssa",1,3.15
"pc1","4cpu-i7",0.55,"ssa",2,3.4
"pc1","4cpu-i7",0.55,"ssa",4,3.7
"pc1","4cpu-i7",0.55,"ssa",4,3.06
"pc1","4cpu-i7",0.55,"ssa",2,3.33
"pc1","4cpu-i7",0.55,"ssa",1,3.37
"pc1","4cpu-i7",0.55,"ssa",3,3.36
"pc1","4cpu-i7",0.55,"ssa",3,3.02
"pc1","4cpu-i7",0.55,"ssa",2,3.12
"pc1","4cpu-i7",0.55,"ssa",1,3.21
"pc1","4cpu-i7",0.55,"ssa",4,3.19
"pc1","4cpu-i7",0.55,"ssa",1,3.11
"pc1","4cpu-i7",0.55,"ssa",2,3.36
"pc1","4cpu-i7",0.55,"ssa",3,3.44
"pc1","4cpu-i7",0.55,"ssa",4,4.68
"pc1","4cpu-i7",0.55,"ssa",1,3.3
"pc1","4cpu-i7",0.55,"ssa",4,3.43
"pc1","4cpu-i7",0.55,"ssa",3,3.47
"pc1","4cpu-i7",0.65,"ssa",3,2.82
"pc1","4cpu-i7",0.65,"ssa",1,2.92
"pc1","4cpu-i7",0.65,"ssa",4,2.92
"pc1","4cpu-i7",0.65,"ssa",2,3.18
"pc1","4cpu-i7",0.65,"ssa",3,2.91
"pc1","4cpu-i7",0.65,"ssa",1,3
"pc1","4cpu-i7",0.65,"ssa",2,3.02
"pc1","4cpu-i7",0.65,"ssa",4,3.16
"pc1","4cpu-i7",0.65,"ssa",2,2.79
"pc1","4cpu-i7",0.65,"ssa",1,2.85
"pc1","4cpu-i7",0.65,"ssa",3,2.9
"pc1","4cpu-i7",0.65,"ssa",4,2.95
"pc1","4cpu-i7",0.65,"ssa",3,2.82
"pc1","4cpu-i7",0.65,"ssa",4,2.93
"pc1","4cpu-i7",0.65,"ssa",1,2.97
"pc1","4cpu-i7",0.65,"ssa",2,2.97
"pc1","4cpu-i7",0.65,"ssa",3,2.76
"pc1","4cpu-i7",0.65,"ssa",1,2.8
"pc1","4cpu-i7",0.65,"ssa",4,2.79
"pc1","4cpu-i7",0.65,"ssa",2,2.88
"pc1","4cpu-i7",0.65,"ssa",3,2.69
"pc1","4cpu-i7",0.65,"ssa",2,2.87
"pc1","4cpu-i7",0.65,"ssa",1,2.88
"pc1","4cpu-i7",0.65,"ssa",4,2.97
"pc1","4cpu-i7",0.65,"ssa",2,2.72
"pc1","4cpu-i7",0.65,"ssa",3,2.77
"pc1","4cpu-i7",0.65,"ssa",4,2.79
"pc1","4cpu-i7",0.65,"ssa",1,3.03
"pc1","4cpu-i7",0.65,"ssa",3,2.7
"pc1","4cpu-i7",0.65,"ssa",1,2.81
"pc1","4cpu-i7",0.65,"ssa",2,2.93
"pc1","4cpu-i7",0.65,"ssa",4,3.07
"pc1","4cpu-i7",0.65,"ssa",3,2.74
"pc1","4cpu-i7",0.65,"ssa",1,2.84
"pc1","4cpu-i7",0.65,"ssa",2,2.83
"pc1","4cpu-i7",0.65,"ssa",4,3.02
"pc1","4cpu-i7",0.65,"ssa",2,2.8
"pc1","4cpu-i7",0.65,"ssa",3,2.85
"pc1","4cpu-i7",0.65,"ssa",1,2.99
"pc1","4cpu-i7",0.65,"ssa",4,2.99
"pc1","4cpu-i7",0.65,"ssa",3,2.64
"pc1","4cpu-i7",0.65,"ssa",2,2.73
"pc1","4cpu-i7",0.65,"ssa",1,2.77
"pc1","4cpu-i7",0.65,"ssa",4,2.81
"pc1","4cpu-i7",0.65,"ssa",3,2.6
"pc1","4cpu-i7",0.65,"ssa",2,2.91
"pc1","4cpu-i7",0.65,"ssa",1,3.04
"pc1","4cpu-i7",0.65,"ssa",4,3.07
"pc1","4cpu-i7",0.65,"ssa",3,2.78
"pc1","4cpu-i7",0.65,"ssa",2,2.86
"pc1","4cpu-i7",0.65,"ssa",1,2.93
"pc1","4cpu-i7",0.65,"ssa",4,3.3
"pc1","4cpu-i7",0.65,"ssa",4,2.57
"pc1","4cpu-i7",0.65,"ssa",2,2.69
"pc1","4cpu-i7",0.65,"ssa",1,2.72
"pc1","4cpu-i7",0.65,"ssa",3,2.72
"pc1","4cpu-i7",0.65,"ssa",3,2.74
"pc1","4cpu-i7",0.65,"ssa",2,2.78
"pc1","4cpu-i7",0.65,"ssa",1,2.92
"pc1","4cpu-i7",0.65,"ssa",4,2.95
"pc1","4cpu-i7",0.65,"ssa",1,2.71
"pc1","4cpu-i7",0.65,"ssa",3,2.78
"pc1","4cpu-i7",0.65,"ssa",4,2.88
"pc1","4cpu-i7",0.65,"ssa",2,2.89
"pc1","4cpu-i7",0.65,"ssa",3,2.54
"pc1","4cpu-i7",0.65,"ssa",2,2.74
"pc1","4cpu-i7",0.65,"ssa",1,2.78
"pc1","4cpu-i7",0.65,"ssa",4,3.04
"pc1","4cpu-i7",0.65,"ssa",3,2.72
"pc1","4cpu-i7",0.65,"ssa",4,2.89
"pc1","4cpu-i7",0.65,"ssa",2,2.99
"pc1","4cpu-i7",0.65,"ssa",1,3.15
"pc1","4cpu-i7",0.65,"ssa",3,2.68
"pc1","4cpu-i7",0.65,"ssa",2,2.79
"pc1","4cpu-i7",0.65,"ssa",4,2.86
"pc1","4cpu-i7",0.65,"ssa",1,3.01
"pc1","4cpu-i7",0.65,"ssa",2,2.63
"pc1","4cpu-i7",0.65,"ssa",3,2.7
"pc1","4cpu-i7",0.65,"ssa",1,2.94
"pc1","4cpu-i7",0.65,"ssa",4,2.94
"pc1","4cpu-i7",0.65,"ssa",3,2.54
"pc1","4cpu-i7",0.65,"ssa",2,2.87
"pc1","4cpu-i7",0.65,"ssa",1,2.88
"pc1","4cpu-i7",0.65,"ssa",4,3.54
"pc1","4cpu-i7",0.65,"ssa",2,2.72
"pc1","4cpu-i7",0.65,"ssa",3,2.86
"pc1","4cpu-i7",0.65,"ssa",1,2.96
"pc1","4cpu-i7",0.65,"ssa",4,3.16
"pc1","4cpu-i7",0.65,"ssa",3,2.84
"pc1","4cpu-i7",0.65,"ssa",1,2.86
"pc1","4cpu-i7",0.65,"ssa",2,2.86
"pc1","4cpu-i7",0.65,"ssa",4,2.92
"pc1","4cpu-i7",0.65,"ssa",1,2.57
"pc1","4cpu-i7",0.65,"ssa",3,2.7
"pc1","4cpu-i7",0.65,"ssa",4,2.87
"pc1","4cpu-i7",0.65,"ssa",2,3.01
"pc1","4cpu-i7",0.65,"ssa",2,2.68
"pc1","4cpu-i7",0.65,"ssa",3,2.85
"pc1","4cpu-i7",0.65,"ssa",1,2.89
"pc1","4cpu-i7",0.65,"ssa",4,2.95
"pc1","4cpu-i7",0.65,"ssa",3,2.6
"pc1","4cpu-i7",0.65,"ssa",1,2.68
"pc1","4cpu-i7",0.65,"ssa",2,2.78
"pc1","4cpu-i7",0.65,"ssa",4,2.85
"pc1","4cpu-i7",0.65,"ssa",4,2.63
"pc1","4cpu-i7",0.65,"ssa",3,2.67
"pc1","4cpu-i7",0.65,"ssa",1,2.79
"pc1","4cpu-i7",0.65,"ssa",2,2.88
"pc1","4cpu-i7",0.65,"ssa",3,2.64
"pc1","4cpu-i7",0.65,"ssa",2,2.79
"pc1","4cpu-i7",0.65,"ssa",4,2.86
"pc1","4cpu-i7",0.65,"ssa",1,3
"pc1","4cpu-i7",0.65,"ssa",3,2.65
"pc1","4cpu-i7",0.65,"ssa",2,2.86
"pc1","4cpu-i7",0.65,"ssa",4,3.06
"pc1","4cpu-i7",0.65,"ssa",1,3.37
"pc1","4cpu-i7",0.65,"ssa",3,2.66
"pc1","4cpu-i7",0.65,"ssa",2,2.78
"pc1","4cpu-i7",0.65,"ssa",1,2.85
"pc1","4cpu-i7",0.65,"ssa",4,3
"pc1","4cpu-i7",0.75,"ssa",4,2.46
"pc1","4cpu-i7",0.75,"ssa",1,2.57
"pc1","4cpu-i7",0.75,"ssa",3,2.63
"pc1","4cpu-i7",0.75,"ssa",2,2.73
"pc1","4cpu-i7",0.75,"ssa",3,2.57
"pc1","4cpu-i7",0.75,"ssa",4,2.63
"pc1","4cpu-i7",0.75,"ssa",2,2.68
"pc1","4cpu-i7",0.75,"ssa",1,2.75
"pc1","4cpu-i7",0.75,"ssa",2,2.42
"pc1","4cpu-i7",0.75,"ssa",4,2.45
"pc1","4cpu-i7",0.75,"ssa",3,2.5
"pc1","4cpu-i7",0.75,"ssa",1,2.57
"pc1","4cpu-i7",0.75,"ssa",4,2.39
"pc1","4cpu-i7",0.75,"ssa",3,2.44
"pc1","4cpu-i7",0.75,"ssa",1,2.62
"pc1","4cpu-i7",0.75,"ssa",2,2.62
"pc1","4cpu-i7",0.75,"ssa",3,2.4
"pc1","4cpu-i7",0.75,"ssa",4,2.41
"pc1","4cpu-i7",0.75,"ssa",1,2.47
"pc1","4cpu-i7",0.75,"ssa",2,2.52
"pc1","4cpu-i7",0.75,"ssa",2,2.51
"pc1","4cpu-i7",0.75,"ssa",1,2.53
"pc1","4cpu-i7",0.75,"ssa",4,2.53
"pc1","4cpu-i7",0.75,"ssa",3,2.58
"pc1","4cpu-i7",0.75,"ssa",4,2.4
"pc1","4cpu-i7",0.75,"ssa",3,2.49
"pc1","4cpu-i7",0.75,"ssa",2,2.5
"pc1","4cpu-i7",0.75,"ssa",1,2.51
"pc1","4cpu-i7",0.75,"ssa",4,2.34
"pc1","4cpu-i7",0.75,"ssa",3,2.52
"pc1","4cpu-i7",0.75,"ssa",2,2.56
"pc1","4cpu-i7",0.75,"ssa",1,2.56
"pc1","4cpu-i7",0.75,"ssa",4,2.37
"pc1","4cpu-i7",0.75,"ssa",3,2.57
"pc1","4cpu-i7",0.75,"ssa",1,2.57
"pc1","4cpu-i7",0.75,"ssa",2,2.57
"pc1","4cpu-i7",0.75,"ssa",4,2.35
"pc1","4cpu-i7",0.75,"ssa",1,2.49
"pc1","4cpu-i7",0.75,"ssa",3,2.49
"pc1","4cpu-i7",0.75,"ssa",2,2.56
"pc1","4cpu-i7",0.75,"ssa",4,2.36
"pc1","4cpu-i7",0.75,"ssa",2,2.44
"pc1","4cpu-i7",0.75,"ssa",3,2.44
"pc1","4cpu-i7",0.75,"ssa",1,2.71
"pc1","4cpu-i7",0.75,"ssa",2,2.15
"pc1","4cpu-i7",0.75,"ssa",3,2.4
"pc1","4cpu-i7",0.75,"ssa",4,2.42
"pc1","4cpu-i7",0.75,"ssa",1,2.63
"pc1","4cpu-i7",0.75,"ssa",2,2.32
"pc1","4cpu-i7",0.75,"ssa",4,2.34
"pc1","4cpu-i7",0.75,"ssa",3,2.45
"pc1","4cpu-i7",0.75,"ssa",1,2.58
"pc1","4cpu-i7",0.75,"ssa",4,2.22
"pc1","4cpu-i7",0.75,"ssa",1,2.48
"pc1","4cpu-i7",0.75,"ssa",2,2.5
"pc1","4cpu-i7",0.75,"ssa",3,2.57
"pc1","4cpu-i7",0.75,"ssa",4,2.4
"pc1","4cpu-i7",0.75,"ssa",3,2.45
"pc1","4cpu-i7",0.75,"ssa",1,2.49
"pc1","4cpu-i7",0.75,"ssa",2,2.58
"pc1","4cpu-i7",0.75,"ssa",4,2.14
"pc1","4cpu-i7",0.75,"ssa",3,2.36
"pc1","4cpu-i7",0.75,"ssa",2,2.4
"pc1","4cpu-i7",0.75,"ssa",1,2.45
"pc1","4cpu-i7",0.75,"ssa",4,2.28
"pc1","4cpu-i7",0.75,"ssa",3,2.35
"pc1","4cpu-i7",0.75,"ssa",1,2.39
"pc1","4cpu-i7",0.75,"ssa",2,2.57
"pc1","4cpu-i7",0.75,"ssa",4,2.39
"pc1","4cpu-i7",0.75,"ssa",3,2.55
"pc1","4cpu-i7",0.75,"ssa",2,2.58
"pc1","4cpu-i7",0.75,"ssa",1,2.66
"pc1","4cpu-i7",0.75,"ssa",3,2.4
"pc1","4cpu-i7",0.75,"ssa",4,2.41
"pc1","4cpu-i7",0.75,"ssa",1,2.56
"pc1","4cpu-i7",0.75,"ssa",2,2.59
"pc1","4cpu-i7",0.75,"ssa",3,2.32
"pc1","4cpu-i7",0.75,"ssa",1,2.39
"pc1","4cpu-i7",0.75,"ssa",4,2.48
"pc1","4cpu-i7",0.75,"ssa",2,2.66
"pc1","4cpu-i7",0.75,"ssa",4,2.4
"pc1","4cpu-i7",0.75,"ssa",3,2.42
"pc1","4cpu-i7",0.75,"ssa",1,2.5
"pc1","4cpu-i7",0.75,"ssa",2,2.59
"pc1","4cpu-i7",0.75,"ssa",4,2.29
"pc1","4cpu-i7",0.75,"ssa",3,2.31
"pc1","4cpu-i7",0.75,"ssa",2,2.55
"pc1","4cpu-i7",0.75,"ssa",1,2.77
"pc1","4cpu-i7",0.75,"ssa",3,2.3
"pc1","4cpu-i7",0.75,"ssa",4,2.37
"pc1","4cpu-i7",0.75,"ssa",1,2.4
"pc1","4cpu-i7",0.75,"ssa",2,2.56
"pc1","4cpu-i7",0.75,"ssa",4,2.47
"pc1","4cpu-i7",0.75,"ssa",2,2.52
"pc1","4cpu-i7",0.75,"ssa",3,2.53
"pc1","4cpu-i7",0.75,"ssa",1,2.59
"pc1","4cpu-i7",0.75,"ssa",4,2.45
"pc1","4cpu-i7",0.75,"ssa",3,2.49
"pc1","4cpu-i7",0.75,"ssa",2,2.57
"pc1","4cpu-i7",0.75,"ssa",1,2.68
"pc1","4cpu-i7",0.75,"ssa",4,2.13
"pc1","4cpu-i7",0.75,"ssa",2,2.31
"pc1","4cpu-i7",0.75,"ssa",3,2.4
"pc1","4cpu-i7",0.75,"ssa",1,2.72
"pc1","4cpu-i7",0.75,"ssa",4,2.33
"pc1","4cpu-i7",0.75,"ssa",3,2.46
"pc1","4cpu-i7",0.75,"ssa",2,2.49
"pc1","4cpu-i7",0.75,"ssa",1,2.6
"pc1","4cpu-i7",0.75,"ssa",4,2.23
"pc1","4cpu-i7",0.75,"ssa",2,2.28
"pc1","4cpu-i7",0.75,"ssa",3,2.55
"pc1","4cpu-i7",0.75,"ssa",1,2.64
"pc1","4cpu-i7",0.75,"ssa",2,2.24
"pc1","4cpu-i7",0.75,"ssa",4,2.29
"pc1","4cpu-i7",0.75,"ssa",3,2.4
"pc1","4cpu-i7",0.75,"ssa",1,2.52
"pc1","4cpu-i7",0.75,"ssa",1,2.42
"pc1","4cpu-i7",0.75,"ssa",4,2.37
"pc1","4cpu-i7",0.75,"ssa",3,2.69
"pc1","4cpu-i7",0.75,"ssa",2,2.72
"pc1","4cpu-i7",0.85,"ssa",1,2.37
"pc1","4cpu-i7",0.85,"ssa",2,2.37
"pc1","4cpu-i7",0.85,"ssa",4,2.38
"pc1","4cpu-i7",0.85,"ssa",3,2.45
"pc1","4cpu-i7",0.85,"ssa",3,2.38
"pc1","4cpu-i7",0.85,"ssa",1,2.45
"pc1","4cpu-i7",0.85,"ssa",4,2.43
"pc1","4cpu-i7",0.85,"ssa",2,2.48
"pc1","4cpu-i7",0.85,"ssa",2,2.11
"pc1","4cpu-i7",0.85,"ssa",1,2.2
"pc1","4cpu-i7",0.85,"ssa",3,2.27
"pc1","4cpu-i7",0.85,"ssa",4,2.32
"pc1","4cpu-i7",0.85,"ssa",3,2.14
"pc1","4cpu-i7",0.85,"ssa",2,2.21
"pc1","4cpu-i7",0.85,"ssa",1,2.32
"pc1","4cpu-i7",0.85,"ssa",4,2.4
"pc1","4cpu-i7",0.85,"ssa",1,2.05
"pc1","4cpu-i7",0.85,"ssa",4,2.19
"pc1","4cpu-i7",0.85,"ssa",2,2.28
"pc1","4cpu-i7",0.85,"ssa",3,2.34
"pc1","4cpu-i7",0.85,"ssa",2,2.28
"pc1","4cpu-i7",0.85,"ssa",1,2.3
"pc1","4cpu-i7",0.85,"ssa",3,2.31
"pc1","4cpu-i7",0.85,"ssa",4,2.36
"pc1","4cpu-i7",0.85,"ssa",2,2.25
"pc1","4cpu-i7",0.85,"ssa",3,2.33
"pc1","4cpu-i7",0.85,"ssa",4,2.4
"pc1","4cpu-i7",0.85,"ssa",1,2.43
"pc1","4cpu-i7",0.85,"ssa",3,1.98
"pc1","4cpu-i7",0.85,"ssa",2,2.05
"pc1","4cpu-i7",0.85,"ssa",1,2.32
"pc1","4cpu-i7",0.85,"ssa",4,2.59
"pc1","4cpu-i7",0.85,"ssa",1,2.2
"pc1","4cpu-i7",0.85,"ssa",4,2.23
"pc1","4cpu-i7",0.85,"ssa",2,2.26
"pc1","4cpu-i7",0.85,"ssa",3,2.27
"pc1","4cpu-i7",0.85,"ssa",3,2.07
"pc1","4cpu-i7",0.85,"ssa",4,2.08
"pc1","4cpu-i7",0.85,"ssa",2,2.2
"pc1","4cpu-i7",0.85,"ssa",1,2.26
"pc1","4cpu-i7",0.85,"ssa",2,2.26
"pc1","4cpu-i7",0.85,"ssa",1,2.28
"pc1","4cpu-i7",0.85,"ssa",3,2.29
"pc1","4cpu-i7",0.85,"ssa",4,2.47
"pc1","4cpu-i7",0.85,"ssa",2,2.16
"pc1","4cpu-i7",0.85,"ssa",4,2.16
"pc1","4cpu-i7",0.85,"ssa",1,2.27
"pc1","4cpu-i7",0.85,"ssa",3,2.43
"pc1","4cpu-i7",0.85,"ssa",3,2.1
"pc1","4cpu-i7",0.85,"ssa",4,2.23
"pc1","4cpu-i7",0.85,"ssa",1,2.28
"pc1","4cpu-i7",0.85,"ssa",2,2.28
"pc1","4cpu-i7",0.85,"ssa",4,2.21
"pc1","4cpu-i7",0.85,"ssa",2,2.27
"pc1","4cpu-i7",0.85,"ssa",1,2.38
"pc1","4cpu-i7",0.85,"ssa",3,2.45
"pc1","4cpu-i7",0.85,"ssa",2,2.23
"pc1","4cpu-i7",0.85,"ssa",3,2.21
"pc1","4cpu-i7",0.85,"ssa",1,2.28
"pc1","4cpu-i7",0.85,"ssa",4,2.34
"pc1","4cpu-i7",0.85,"ssa",4,2.21
"pc1","4cpu-i7",0.85,"ssa",2,2.21
"pc1","4cpu-i7",0.85,"ssa",1,2.39
"pc1","4cpu-i7",0.85,"ssa",3,2.39
"pc1","4cpu-i7",0.85,"ssa",1,2.22
"pc1","4cpu-i7",0.85,"ssa",2,2.25
"pc1","4cpu-i7",0.85,"ssa",3,2.28
"pc1","4cpu-i7",0.85,"ssa",4,2.34
"pc1","4cpu-i7",0.85,"ssa",2,2.21
"pc1","4cpu-i7",0.85,"ssa",4,2.2
"pc1","4cpu-i7",0.85,"ssa",1,2.5
"pc1","4cpu-i7",0.85,"ssa",3,2.77
"pc1","4cpu-i7",0.85,"ssa",3,2.16
"pc1","4cpu-i7",0.85,"ssa",2,2.38
"pc1","4cpu-i7",0.85,"ssa",1,2.38
"pc1","4cpu-i7",0.85,"ssa",4,2.52
"pc1","4cpu-i7",0.85,"ssa",3,2.1
"pc1","4cpu-i7",0.85,"ssa",4,2.11
"pc1","4cpu-i7",0.85,"ssa",1,2.18
"pc1","4cpu-i7",0.85,"ssa",2,2.24
"pc1","4cpu-i7",0.85,"ssa",4,2.23
"pc1","4cpu-i7",0.85,"ssa",1,2.29
"pc1","4cpu-i7",0.85,"ssa",2,2.31
"pc1","4cpu-i7",0.85,"ssa",3,2.78
"pc1","4cpu-i7",0.85,"ssa",4,2.21
"pc1","4cpu-i7",0.85,"ssa",2,2.27
"pc1","4cpu-i7",0.85,"ssa",1,2.35
"pc1","4cpu-i7",0.85,"ssa",3,2.35
"pc1","4cpu-i7",0.85,"ssa",3,2.31
"pc1","4cpu-i7",0.85,"ssa",2,2.36
"pc1","4cpu-i7",0.85,"ssa",1,2.38
"pc1","4cpu-i7",0.85,"ssa",4,2.36
"pc1","4cpu-i7",0.85,"ssa",2,2.28
"pc1","4cpu-i7",0.85,"ssa",1,2.31
"pc1","4cpu-i7",0.85,"ssa",3,2.31
"pc1","4cpu-i7",0.85,"ssa",4,2.36
"pc1","4cpu-i7",0.85,"ssa",3,2.17
"pc1","4cpu-i7",0.85,"ssa",2,2.22
"pc1","4cpu-i7",0.85,"ssa",4,2.23
"pc1","4cpu-i7",0.85,"ssa",1,2.28
"pc1","4cpu-i7",0.85,"ssa",2,2.23
"pc1","4cpu-i7",0.85,"ssa",3,2.24
"pc1","4cpu-i7",0.85,"ssa",1,2.3
"pc1","4cpu-i7",0.85,"ssa",4,2.35
"pc1","4cpu-i7",0.85,"ssa",1,2.22
"pc1","4cpu-i7",0.85,"ssa",2,2.22
"pc1","4cpu-i7",0.85,"ssa",4,2.24
"pc1","4cpu-i7",0.85,"ssa",3,2.27
"pc1","4cpu-i7",0.85,"ssa",2,2.25
"pc1","4cpu-i7",0.85,"ssa",1,2.29
"pc1","4cpu-i7",0.85,"ssa",4,2.29
"pc1","4cpu-i7",0.85,"ssa",3,2.29
"pc1","4cpu-i7",0.85,"ssa",3,2.14
"pc1","4cpu-i7",0.85,"ssa",1,2.17
"pc1","4cpu-i7",0.85,"ssa",2,2.17
"pc1","4cpu-i7",0.85,"ssa",4,2.2
"pc1","4cpu-i7",0.85,"ssa",2,2.12
"pc1","4cpu-i7",0.85,"ssa",1,2.28
"pc1","4cpu-i7",0.85,"ssa",3,2.29
"pc1","4cpu-i7",0.85,"ssa",4,2.27
"pc1","4cpu-i7",0.95,"ssa",3,2.02
"pc1","4cpu-i7",0.95,"ssa",2,2.1
"pc1","4cpu-i7",0.95,"ssa",1,2.18
"pc1","4cpu-i7",0.95,"ssa",4,2.16
"pc1","4cpu-i7",0.95,"ssa",2,1.93
"pc1","4cpu-i7",0.95,"ssa",3,2.01
"pc1","4cpu-i7",0.95,"ssa",1,2.07
"pc1","4cpu-i7",0.95,"ssa",4,2.07
"pc1","4cpu-i7",0.95,"ssa",2,1.72
"pc1","4cpu-i7",0.95,"ssa",3,1.72
"pc1","4cpu-i7",0.95,"ssa",4,1.86
"pc1","4cpu-i7",0.95,"ssa",1,2.18
"pc1","4cpu-i7",0.95,"ssa",3,1.86
"pc1","4cpu-i7",0.95,"ssa",2,1.91
"pc1","4cpu-i7",0.95,"ssa",4,2.06
"pc1","4cpu-i7",0.95,"ssa",1,2.14
"pc1","4cpu-i7",0.95,"ssa",4,1.97
"pc1","4cpu-i7",0.95,"ssa",3,2
"pc1","4cpu-i7",0.95,"ssa",1,2
"pc1","4cpu-i7",0.95,"ssa",2,2.04
"pc1","4cpu-i7",0.95,"ssa",3,2
"pc1","4cpu-i7",0.95,"ssa",1,2.13
"pc1","4cpu-i7",0.95,"ssa",4,2.13
"pc1","4cpu-i7",0.95,"ssa",2,2.7
"pc1","4cpu-i7",0.95,"ssa",3,1.87
"pc1","4cpu-i7",0.95,"ssa",1,1.95
"pc1","4cpu-i7",0.95,"ssa",4,1.94
"pc1","4cpu-i7",0.95,"ssa",2,2.05
"pc1","4cpu-i7",0.95,"ssa",3,1.93
"pc1","4cpu-i7",0.95,"ssa",4,1.96
"pc1","4cpu-i7",0.95,"ssa",2,2.18
"pc1","4cpu-i7",0.95,"ssa",1,2.29
"pc1","4cpu-i7",0.95,"ssa",4,1.92
"pc1","4cpu-i7",0.95,"ssa",1,1.96
"pc1","4cpu-i7",0.95,"ssa",3,2
"pc1","4cpu-i7",0.95,"ssa",2,2.12
"pc1","4cpu-i7",0.95,"ssa",3,1.93
"pc1","4cpu-i7",0.95,"ssa",4,2.05
"pc1","4cpu-i7",0.95,"ssa",1,2.15
"pc1","4cpu-i7",0.95,"ssa",2,2.64
"pc1","4cpu-i7",0.95,"ssa",2,1.85
"pc1","4cpu-i7",0.95,"ssa",3,1.87
"pc1","4cpu-i7",0.95,"ssa",4,1.92
"pc1","4cpu-i7",0.95,"ssa",1,2.04
"pc1","4cpu-i7",0.95,"ssa",3,1.87
"pc1","4cpu-i7",0.95,"ssa",2,2.1
"pc1","4cpu-i7",0.95,"ssa",4,2.13
"pc1","4cpu-i7",0.95,"ssa",1,2.19
"pc1","4cpu-i7",0.95,"ssa",3,1.92
"pc1","4cpu-i7",0.95,"ssa",2,1.97
"pc1","4cpu-i7",0.95,"ssa",4,2.12
"pc1","4cpu-i7",0.95,"ssa",1,2.21
"pc1","4cpu-i7",0.95,"ssa",4,1.98
"pc1","4cpu-i7",0.95,"ssa",3,2.02
"pc1","4cpu-i7",0.95,"ssa",2,2.05
"pc1","4cpu-i7",0.95,"ssa",1,2.16
"pc1","4cpu-i7",0.95,"ssa",3,2.01
"pc1","4cpu-i7",0.95,"ssa",2,2.03
"pc1","4cpu-i7",0.95,"ssa",1,2.1
"pc1","4cpu-i7",0.95,"ssa",4,2.17
"pc1","4cpu-i7",0.95,"ssa",3,1.82
"pc1","4cpu-i7",0.95,"ssa",2,1.91
"pc1","4cpu-i7",0.95,"ssa",4,1.95
"pc1","4cpu-i7",0.95,"ssa",1,2.07
"pc1","4cpu-i7",0.95,"ssa",3,1.94
"pc1","4cpu-i7",0.95,"ssa",4,1.94
"pc1","4cpu-i7",0.95,"ssa",1,2
"pc1","4cpu-i7",0.95,"ssa",2,2.06
"pc1","4cpu-i7",0.95,"ssa",2,1.86
"pc1","4cpu-i7",0.95,"ssa",4,1.9
"pc1","4cpu-i7",0.95,"ssa",3,1.93
"pc1","4cpu-i7",0.95,"ssa",1,2.08
"pc1","4cpu-i7",0.95,"ssa",2,1.93
"pc1","4cpu-i7",0.95,"ssa",3,1.93
"pc1","4cpu-i7",0.95,"ssa",1,2
"pc1","4cpu-i7",0.95,"ssa",4,2.02
"pc1","4cpu-i7",0.95,"ssa",3,1.92
"pc1","4cpu-i7",0.95,"ssa",4,1.98
"pc1","4cpu-i7",0.95,"ssa",1,2.02
"pc1","4cpu-i7",0.95,"ssa",2,2.57
"pc1","4cpu-i7",0.95,"ssa",3,1.83
"pc1","4cpu-i7",0.95,"ssa",2,1.9
"pc1","4cpu-i7",0.95,"ssa",4,1.98
"pc1","4cpu-i7",0.95,"ssa",1,2.11
"pc1","4cpu-i7",0.95,"ssa",3,1.84
"pc1","4cpu-i7",0.95,"ssa",4,1.96
"pc1","4cpu-i7",0.95,"ssa",1,2
"pc1","4cpu-i7",0.95,"ssa",2,2.04
"pc1","4cpu-i7",0.95,"ssa",4,1.94
"pc1","4cpu-i7",0.95,"ssa",3,1.99
"pc1","4cpu-i7",0.95,"ssa",2,2.02
"pc1","4cpu-i7",0.95,"ssa",1,2.02
"pc1","4cpu-i7",0.95,"ssa",3,1.98
"pc1","4cpu-i7",0.95,"ssa",4,2.11
"pc1","4cpu-i7",0.95,"ssa",2,2.16
"pc1","4cpu-i7",0.95,"ssa",1,2.35
"pc1","4cpu-i7",0.95,"ssa",2,1.89
"pc1","4cpu-i7",0.95,"ssa",1,1.98
"pc1","4cpu-i7",0.95,"ssa",3,1.98
"pc1","4cpu-i7",0.95,"ssa",4,2.03
"pc1","4cpu-i7",0.95,"ssa",4,1.96
"pc1","4cpu-i7",0.95,"ssa",1,2.02
"pc1","4cpu-i7",0.95,"ssa",2,2.02
"pc1","4cpu-i7",0.95,"ssa",3,2.08
"pc1","4cpu-i7",0.95,"ssa",2,2.03
"pc1","4cpu-i7",0.95,"ssa",3,2.03
"pc1","4cpu-i7",0.95,"ssa",4,2.09
"pc1","4cpu-i7",0.95,"ssa",1,2.09
"pc1","4cpu-i7",0.95,"ssa",4,1.99
"pc1","4cpu-i7",0.95,"ssa",2,2.18
"pc1","4cpu-i7",0.95,"ssa",1,2.27
"pc1","4cpu-i7",0.95,"ssa",3,1.88
"pc1","4cpu-i7",0.95,"ssa",2,1.95
"pc1","4cpu-i7",0.95,"ssa",4,2.03
"pc1","4cpu-i7",0.95,"ssa",1,2.09
"pc1","4cpu-i7",0.95,"ssa",1,1.82
"pc1","4cpu-i7",0.95,"ssa",3,1.91
"pc1","4cpu-i7",0.95,"ssa",2,1.93
"pc1","4cpu-i7",0.95,"ssa",4,2.22
"pc1","4cpu-i7",0.05,"seadec",2,40.64
"pc1","4cpu-i7",0.05,"seadec",4,40.84
"pc1","4cpu-i7",0.05,"seadec",3,40.84
"pc1","4cpu-i7",0.05,"seadec",1,41.85
"pc1","4cpu-i7",0.05,"seadec",3,46.96
"pc1","4cpu-i7",0.05,"seadec",1,47.88
"pc1","4cpu-i7",0.05,"seadec",2,48.07
"pc1","4cpu-i7",0.05,"seadec",4,48.76
"pc1","4cpu-i7",0.05,"seadec",1,39.27
"pc1","4cpu-i7",0.05,"seadec",2,39.85
"pc1","4cpu-i7",0.05,"seadec",4,41.04
"pc1","4cpu-i7",0.05,"seadec",3,41.54
"pc1","4cpu-i7",0.05,"seadec",1,40.87
"pc1","4cpu-i7",0.05,"seadec",2,40.95
"pc1","4cpu-i7",0.05,"seadec",3,41.34
"pc1","4cpu-i7",0.05,"seadec",4,41.84
"pc1","4cpu-i7",0.05,"seadec",2,41.55
"pc1","4cpu-i7",0.05,"seadec",1,41.96
"pc1","4cpu-i7",0.05,"seadec",4,42.34
"pc1","4cpu-i7",0.05,"seadec",3,42.44
"pc1","4cpu-i7",0.05,"seadec",1,41.39
"pc1","4cpu-i7",0.05,"seadec",4,41.76
"pc1","4cpu-i7",0.05,"seadec",2,42.08
"pc1","4cpu-i7",0.05,"seadec",3,42.37
"pc1","4cpu-i7",0.05,"seadec",4,43.23
"pc1","4cpu-i7",0.05,"seadec",1,43.66
"pc1","4cpu-i7",0.05,"seadec",2,43.74
"pc1","4cpu-i7",0.05,"seadec",3,43.94
"pc1","4cpu-i7",0.05,"seadec",2,41.05
"pc1","4cpu-i7",0.05,"seadec",4,41.23
"pc1","4cpu-i7",0.05,"seadec",3,41.34
"pc1","4cpu-i7",0.05,"seadec",1,41.46
"pc1","4cpu-i7",0.05,"seadec",3,39.66
"pc1","4cpu-i7",0.05,"seadec",4,39.86
"pc1","4cpu-i7",0.05,"seadec",2,40.19
"pc1","4cpu-i7",0.05,"seadec",1,40.39
"pc1","4cpu-i7",0.05,"seadec",3,41.55
"pc1","4cpu-i7",0.05,"seadec",4,41.84
"pc1","4cpu-i7",0.05,"seadec",1,42.56
"pc1","4cpu-i7",0.05,"seadec",2,42.75
"pc1","4cpu-i7",0.05,"seadec",4,42.43
"pc1","4cpu-i7",0.05,"seadec",3,42.74
"pc1","4cpu-i7",0.05,"seadec",2,42.95
"pc1","4cpu-i7",0.05,"seadec",1,43.26
"pc1","4cpu-i7",0.05,"seadec",1,41.57
"pc1","4cpu-i7",0.05,"seadec",2,41.75
"pc1","4cpu-i7",0.05,"seadec",3,41.94
"pc1","4cpu-i7",0.05,"seadec",4,42.04
"pc1","4cpu-i7",0.05,"seadec",2,39.75
"pc1","4cpu-i7",0.05,"seadec",1,39.86
"pc1","4cpu-i7",0.05,"seadec",3,40.54
"pc1","4cpu-i7",0.05,"seadec",4,40.74
"pc1","4cpu-i7",0.05,"seadec",3,39.78
"pc1","4cpu-i7",0.05,"seadec",2,40.97
"pc1","4cpu-i7",0.05,"seadec",4,40.97
"pc1","4cpu-i7",0.05,"seadec",1,41.49
"pc1","4cpu-i7",0.05,"seadec",4,38.64
"pc1","4cpu-i7",0.05,"seadec",3,38.64
"pc1","4cpu-i7",0.05,"seadec",2,38.85
"pc1","4cpu-i7",0.05,"seadec",1,40.36
"pc1","4cpu-i7",0.05,"seadec",3,39.76
"pc1","4cpu-i7",0.05,"seadec",4,40.06
"pc1","4cpu-i7",0.05,"seadec",2,40.58
"pc1","4cpu-i7",0.05,"seadec",1,40.58
"pc1","4cpu-i7",0.05,"seadec",3,40.07
"pc1","4cpu-i7",0.05,"seadec",4,40.16
"pc1","4cpu-i7",0.05,"seadec",2,40.48
"pc1","4cpu-i7",0.05,"seadec",1,40.48
"pc1","4cpu-i7",0.05,"seadec",3,39.65
"pc1","4cpu-i7",0.05,"seadec",2,41.25
"pc1","4cpu-i7",0.05,"seadec",4,41.44
"pc1","4cpu-i7",0.05,"seadec",1,41.76
"pc1","4cpu-i7",0.05,"seadec",1,40.74
"pc1","4cpu-i7",0.05,"seadec",3,40.74
"pc1","4cpu-i7",0.05,"seadec",2,41.55
"pc1","4cpu-i7",0.05,"seadec",4,42.13
"pc1","4cpu-i7",0.05,"seadec",1,42.37
"pc1","4cpu-i7",0.05,"seadec",3,42.37
"pc1","4cpu-i7",0.05,"seadec",2,42.48
"pc1","4cpu-i7",0.05,"seadec",4,42.86
"pc1","4cpu-i7",0.05,"seadec",2,42.95
"pc1","4cpu-i7",0.05,"seadec",3,43.04
"pc1","4cpu-i7",0.05,"seadec",1,43.06
"pc1","4cpu-i7",0.05,"seadec",4,43.13
"pc1","4cpu-i7",0.05,"seadec",3,40.97
"pc1","4cpu-i7",0.05,"seadec",1,42.09
"pc1","4cpu-i7",0.05,"seadec",4,42.47
"pc1","4cpu-i7",0.05,"seadec",2,43.18
"pc1","4cpu-i7",0.05,"seadec",3,41.47
"pc1","4cpu-i7",0.05,"seadec",4,41.98
"pc1","4cpu-i7",0.05,"seadec",1,41.98
"pc1","4cpu-i7",0.05,"seadec",2,42.37
"pc1","4cpu-i7",0.05,"seadec",3,38.74
"pc1","4cpu-i7",0.05,"seadec",4,39.34
"pc1","4cpu-i7",0.05,"seadec",2,40.15
"pc1","4cpu-i7",0.05,"seadec",1,40.36
"pc1","4cpu-i7",0.05,"seadec",2,40.16
"pc1","4cpu-i7",0.05,"seadec",1,40.37
"pc1","4cpu-i7",0.05,"seadec",3,40.44
"pc1","4cpu-i7",0.05,"seadec",4,40.54
"pc1","4cpu-i7",0.05,"seadec",3,41.85
"pc1","4cpu-i7",0.05,"seadec",2,41.96
"pc1","4cpu-i7",0.05,"seadec",1,42.94
"pc1","4cpu-i7",0.05,"seadec",4,42.94
"pc1","4cpu-i7",0.05,"seadec",2,43.45
"pc1","4cpu-i7",0.05,"seadec",1,43.67
"pc1","4cpu-i7",0.05,"seadec",3,44.54
"pc1","4cpu-i7",0.05,"seadec",4,44.54
"pc1","4cpu-i7",0.05,"seadec",3,39.47
"pc1","4cpu-i7",0.05,"seadec",1,39.58
"pc1","4cpu-i7",0.05,"seadec",4,39.76
"pc1","4cpu-i7",0.05,"seadec",2,40.78
"pc1","4cpu-i7",0.05,"seadec",4,41.71
"pc1","4cpu-i7",0.05,"seadec",3,42.11
"pc1","4cpu-i7",0.05,"seadec",1,42.23
"pc1","4cpu-i7",0.05,"seadec",2,42.52
"pc1","4cpu-i7",0.05,"seadec",3,39.16
"pc1","4cpu-i7",0.05,"seadec",2,39.38
"pc1","4cpu-i7",0.05,"seadec",4,39.55
"pc1","4cpu-i7",0.05,"seadec",1,40.58
"pc1","4cpu-i7",0.15,"seadec",4,9.87
"pc1","4cpu-i7",0.15,"seadec",3,10.09
"pc1","4cpu-i7",0.15,"seadec",1,10.21
"pc1","4cpu-i7",0.15,"seadec",2,10.3
"pc1","4cpu-i7",0.15,"seadec",3,9.55
"pc1","4cpu-i7",0.15,"seadec",2,9.67
"pc1","4cpu-i7",0.15,"seadec",4,9.67
"pc1","4cpu-i7",0.15,"seadec",1,10.07
"pc1","4cpu-i7",0.15,"seadec",3,8.43
"pc1","4cpu-i7",0.15,"seadec",1,8.66
"pc1","4cpu-i7",0.15,"seadec",2,8.64
"pc1","4cpu-i7",0.15,"seadec",4,8.83
"pc1","4cpu-i7",0.15,"seadec",2,9.16
"pc1","4cpu-i7",0.15,"seadec",4,9.24
"pc1","4cpu-i7",0.15,"seadec",3,9.39
"pc1","4cpu-i7",0.15,"seadec",1,9.39
"pc1","4cpu-i7",0.15,"seadec",4,8.84
"pc1","4cpu-i7",0.15,"seadec",2,8.84
"pc1","4cpu-i7",0.15,"seadec",3,9.04
"pc1","4cpu-i7",0.15,"seadec",1,9.04
"pc1","4cpu-i7",0.15,"seadec",4,8.96
"pc1","4cpu-i7",0.15,"seadec",1,8.95
"pc1","4cpu-i7",0.15,"seadec",3,8.95
"pc1","4cpu-i7",0.15,"seadec",2,9.25
"pc1","4cpu-i7",0.15,"seadec",1,9.27
"pc1","4cpu-i7",0.15,"seadec",3,9.27
"pc1","4cpu-i7",0.15,"seadec",4,9.43
"pc1","4cpu-i7",0.15,"seadec",2,9.56
"pc1","4cpu-i7",0.15,"seadec",2,9.16
"pc1","4cpu-i7",0.15,"seadec",3,9.27
"pc1","4cpu-i7",0.15,"seadec",1,9.27
"pc1","4cpu-i7",0.15,"seadec",4,9.43
"pc1","4cpu-i7",0.15,"seadec",3,8.55
"pc1","4cpu-i7",0.15,"seadec",1,8.96
"pc1","4cpu-i7",0.15,"seadec",2,8.96
"pc1","4cpu-i7",0.15,"seadec",4,9.15
"pc1","4cpu-i7",0.15,"seadec",2,8.87
"pc1","4cpu-i7",0.15,"seadec",1,9.07
"pc1","4cpu-i7",0.15,"seadec",3,9.25
"pc1","4cpu-i7",0.15,"seadec",4,9.45
"pc1","4cpu-i7",0.15,"seadec",2,9.58
"pc1","4cpu-i7",0.15,"seadec",3,9.77
"pc1","4cpu-i7",0.15,"seadec",1,9.8
"pc1","4cpu-i7",0.15,"seadec",4,9.86
"pc1","4cpu-i7",0.15,"seadec",1,9.37
"pc1","4cpu-i7",0.15,"seadec",3,9.45
"pc1","4cpu-i7",0.15,"seadec",2,9.46
"pc1","4cpu-i7",0.15,"seadec",4,9.74
"pc1","4cpu-i7",0.15,"seadec",2,9.37
"pc1","4cpu-i7",0.15,"seadec",1,9.57
"pc1","4cpu-i7",0.15,"seadec",3,9.57
"pc1","4cpu-i7",0.15,"seadec",4,9.57
"pc1","4cpu-i7",0.15,"seadec",2,9.36
"pc1","4cpu-i7",0.15,"seadec",1,9.36
"pc1","4cpu-i7",0.15,"seadec",4,9.43
"pc1","4cpu-i7",0.15,"seadec",3,9.54
"pc1","4cpu-i7",0.15,"seadec",1,9.19
"pc1","4cpu-i7",0.15,"seadec",3,9.27
"pc1","4cpu-i7",0.15,"seadec",2,9.37
"pc1","4cpu-i7",0.15,"seadec",4,9.54
"pc1","4cpu-i7",0.15,"seadec",1,9.37
"pc1","4cpu-i7",0.15,"seadec",3,9.37
"pc1","4cpu-i7",0.15,"seadec",4,9.37
"pc1","4cpu-i7",0.15,"seadec",2,9.47
"pc1","4cpu-i7",0.15,"seadec",2,9.72
"pc1","4cpu-i7",0.15,"seadec",4,9.84
"pc1","4cpu-i7",0.15,"seadec",3,9.84
"pc1","4cpu-i7",0.15,"seadec",1,9.92
"pc1","4cpu-i7",0.15,"seadec",2,9.28
"pc1","4cpu-i7",0.15,"seadec",3,9.46
"pc1","4cpu-i7",0.15,"seadec",4,9.46
"pc1","4cpu-i7",0.15,"seadec",1,9.68
"pc1","4cpu-i7",0.15,"seadec",1,9.04
"pc1","4cpu-i7",0.15,"seadec",2,9.04
"pc1","4cpu-i7",0.15,"seadec",4,9.04
"pc1","4cpu-i7",0.15,"seadec",3,9.04
"pc1","4cpu-i7",0.15,"seadec",3,9.83
"pc1","4cpu-i7",0.15,"seadec",2,9.86
"pc1","4cpu-i7",0.15,"seadec",4,9.86
"pc1","4cpu-i7",0.15,"seadec",1,9.86
"pc1","4cpu-i7",0.15,"seadec",3,9.16
"pc1","4cpu-i7",0.15,"seadec",4,9.24
"pc1","4cpu-i7",0.15,"seadec",2,9.26
"pc1","4cpu-i7",0.15,"seadec",1,9.26
"pc1","4cpu-i7",0.15,"seadec",2,8.64
"pc1","4cpu-i7",0.15,"seadec",3,8.73
"pc1","4cpu-i7",0.15,"seadec",4,8.83
"pc1","4cpu-i7",0.15,"seadec",1,8.96
"pc1","4cpu-i7",0.15,"seadec",3,9.57
"pc1","4cpu-i7",0.15,"seadec",1,9.68
"pc1","4cpu-i7",0.15,"seadec",4,9.66
"pc1","4cpu-i7",0.15,"seadec",2,9.68
"pc1","4cpu-i7",0.15,"seadec",4,9.94
"pc1","4cpu-i7",0.15,"seadec",2,10.07
"pc1","4cpu-i7",0.15,"seadec",3,10.26
"pc1","4cpu-i7",0.15,"seadec",1,10.35
"pc1","4cpu-i7",0.15,"seadec",2,9.58
"pc1","4cpu-i7",0.15,"seadec",3,9.7
"pc1","4cpu-i7",0.15,"seadec",1,9.7
"pc1","4cpu-i7",0.15,"seadec",4,9.77
"pc1","4cpu-i7",0.15,"seadec",3,8.96
"pc1","4cpu-i7",0.15,"seadec",4,9.15
"pc1","4cpu-i7",0.15,"seadec",2,9.18
"pc1","4cpu-i7",0.15,"seadec",1,9.28
"pc1","4cpu-i7",0.15,"seadec",2,9.67
"pc1","4cpu-i7",0.15,"seadec",3,9.67
"pc1","4cpu-i7",0.15,"seadec",4,9.97
"pc1","4cpu-i7",0.15,"seadec",1,10.09
"pc1","4cpu-i7",0.15,"seadec",3,8.94
"pc1","4cpu-i7",0.15,"seadec",4,8.95
"pc1","4cpu-i7",0.15,"seadec",2,9.06
"pc1","4cpu-i7",0.15,"seadec",1,9.15
"pc1","4cpu-i7",0.15,"seadec",3,9.05
"pc1","4cpu-i7",0.15,"seadec",1,9.26
"pc1","4cpu-i7",0.15,"seadec",4,9.26
"pc1","4cpu-i7",0.15,"seadec",2,9.37
"pc1","4cpu-i7",0.15,"seadec",1,9.37
"pc1","4cpu-i7",0.15,"seadec",2,9.37
"pc1","4cpu-i7",0.15,"seadec",3,9.45
"pc1","4cpu-i7",0.15,"seadec",4,9.54
"pc1","4cpu-i7",0.25,"seadec",3,5.68
"pc1","4cpu-i7",0.25,"seadec",4,5.68
"pc1","4cpu-i7",0.25,"seadec",1,5.79
"pc1","4cpu-i7",0.25,"seadec",2,5.79
"pc1","4cpu-i7",0.25,"seadec",3,5.35
"pc1","4cpu-i7",0.25,"seadec",2,5.47
"pc1","4cpu-i7",0.25,"seadec",1,5.55
"pc1","4cpu-i7",0.25,"seadec",4,5.55
"pc1","4cpu-i7",0.25,"seadec",3,4.96
"pc1","4cpu-i7",0.25,"seadec",1,4.98
"pc1","4cpu-i7",0.25,"seadec",2,5.07
"pc1","4cpu-i7",0.25,"seadec",4,5.15
"pc1","4cpu-i7",0.25,"seadec",3,4.86
"pc1","4cpu-i7",0.25,"seadec",2,5.07
"pc1","4cpu-i7",0.25,"seadec",1,5.05
"pc1","4cpu-i7",0.25,"seadec",4,5.05
"pc1","4cpu-i7",0.25,"seadec",3,5.13
"pc1","4cpu-i7",0.25,"seadec",2,5.13
"pc1","4cpu-i7",0.25,"seadec",1,5.13
"pc1","4cpu-i7",0.25,"seadec",4,5.13
"pc1","4cpu-i7",0.25,"seadec",1,4.93
"pc1","4cpu-i7",0.25,"seadec",3,4.93
"pc1","4cpu-i7",0.25,"seadec",4,4.93
"pc1","4cpu-i7",0.25,"seadec",2,5.01
"pc1","4cpu-i7",0.25,"seadec",3,5.21
"pc1","4cpu-i7",0.25,"seadec",1,5.24
"pc1","4cpu-i7",0.25,"seadec",4,5.24
"pc1","4cpu-i7",0.25,"seadec",2,5.24
"pc1","4cpu-i7",0.25,"seadec",3,4.96
"pc1","4cpu-i7",0.25,"seadec",1,4.96
"pc1","4cpu-i7",0.25,"seadec",2,4.96
"pc1","4cpu-i7",0.25,"seadec",4,5.03
"pc1","4cpu-i7",0.25,"seadec",4,5.06
"pc1","4cpu-i7",0.25,"seadec",1,5.09
"pc1","4cpu-i7",0.25,"seadec",3,5.16
"pc1","4cpu-i7",0.25,"seadec",2,5.17
"pc1","4cpu-i7",0.25,"seadec",4,4.96
"pc1","4cpu-i7",0.25,"seadec",3,4.98
"pc1","4cpu-i7",0.25,"seadec",2,5.08
"pc1","4cpu-i7",0.25,"seadec",1,5.1
"pc1","4cpu-i7",0.25,"seadec",3,4.84
"pc1","4cpu-i7",0.25,"seadec",4,4.85
"pc1","4cpu-i7",0.25,"seadec",2,4.97
"pc1","4cpu-i7",0.25,"seadec",1,4.97
"pc1","4cpu-i7",0.25,"seadec",3,4.76
"pc1","4cpu-i7",0.25,"seadec",2,4.84
"pc1","4cpu-i7",0.25,"seadec",4,4.84
"pc1","4cpu-i7",0.25,"seadec",1,4.95
"pc1","4cpu-i7",0.25,"seadec",4,5.05
"pc1","4cpu-i7",0.25,"seadec",1,5.18
"pc1","4cpu-i7",0.25,"seadec",2,5.19
"pc1","4cpu-i7",0.25,"seadec",3,5.18
"pc1","4cpu-i7",0.25,"seadec",1,4.95
"pc1","4cpu-i7",0.25,"seadec",4,5.11
"pc1","4cpu-i7",0.25,"seadec",2,5.13
"pc1","4cpu-i7",0.25,"seadec",3,5.13
"pc1","4cpu-i7",0.25,"seadec",2,4.98
"pc1","4cpu-i7",0.25,"seadec",4,5.17
"pc1","4cpu-i7",0.25,"seadec",1,5.17
"pc1","4cpu-i7",0.25,"seadec",3,5.16
"pc1","4cpu-i7",0.25,"seadec",4,5.17
"pc1","4cpu-i7",0.25,"seadec",2,5.18
"pc1","4cpu-i7",0.25,"seadec",1,5.27
"pc1","4cpu-i7",0.25,"seadec",3,5.26
"pc1","4cpu-i7",0.25,"seadec",1,5.19
"pc1","4cpu-i7",0.25,"seadec",2,5.28
"pc1","4cpu-i7",0.25,"seadec",4,5.28
"pc1","4cpu-i7",0.25,"seadec",3,5.37
"pc1","4cpu-i7",0.25,"seadec",1,5.09
"pc1","4cpu-i7",0.25,"seadec",4,5.15
"pc1","4cpu-i7",0.25,"seadec",2,5.18
"pc1","4cpu-i7",0.25,"seadec",3,5.26
"pc1","4cpu-i7",0.25,"seadec",4,4.97
"pc1","4cpu-i7",0.25,"seadec",2,5.07
"pc1","4cpu-i7",0.25,"seadec",1,5.09
"pc1","4cpu-i7",0.25,"seadec",3,5.17
"pc1","4cpu-i7",0.25,"seadec",1,5.19
"pc1","4cpu-i7",0.25,"seadec",4,5.19
"pc1","4cpu-i7",0.25,"seadec",2,5.27
"pc1","4cpu-i7",0.25,"seadec",3,5.27
"pc1","4cpu-i7",0.25,"seadec",4,4.95
"pc1","4cpu-i7",0.25,"seadec",2,5.18
"pc1","4cpu-i7",0.25,"seadec",1,5.18
"pc1","4cpu-i7",0.25,"seadec",3,5.27
"pc1","4cpu-i7",0.25,"seadec",2,5.17
"pc1","4cpu-i7",0.25,"seadec",4,5.17
"pc1","4cpu-i7",0.25,"seadec",3,5.38
"pc1","4cpu-i7",0.25,"seadec",1,5.38
"pc1","4cpu-i7",0.25,"seadec",4,4.94
"pc1","4cpu-i7",0.25,"seadec",2,5.07
"pc1","4cpu-i7",0.25,"seadec",3,5.07
"pc1","4cpu-i7",0.25,"seadec",1,5.26
"pc1","4cpu-i7",0.25,"seadec",3,4.96
"pc1","4cpu-i7",0.25,"seadec",2,5.06
"pc1","4cpu-i7",0.25,"seadec",4,5.13
"pc1","4cpu-i7",0.25,"seadec",1,5.17
"pc1","4cpu-i7",0.25,"seadec",4,5.09
"pc1","4cpu-i7",0.25,"seadec",2,5.09
"pc1","4cpu-i7",0.25,"seadec",3,5.15
"pc1","4cpu-i7",0.25,"seadec",1,5.18
"pc1","4cpu-i7",0.25,"seadec",4,4.96
"pc1","4cpu-i7",0.25,"seadec",2,5.06
"pc1","4cpu-i7",0.25,"seadec",3,5.09
"pc1","4cpu-i7",0.25,"seadec",1,5.09
"pc1","4cpu-i7",0.25,"seadec",3,4.95
"pc1","4cpu-i7",0.25,"seadec",4,5.04
"pc1","4cpu-i7",0.25,"seadec",2,5.04
"pc1","4cpu-i7",0.25,"seadec",1,5.05
"pc1","4cpu-i7",0.25,"seadec",2,4.96
"pc1","4cpu-i7",0.25,"seadec",3,5.08
"pc1","4cpu-i7",0.25,"seadec",1,5.08
"pc1","4cpu-i7",0.25,"seadec",4,5.08
"pc1","4cpu-i7",0.25,"seadec",2,5.35
"pc1","4cpu-i7",0.25,"seadec",4,5.41
"pc1","4cpu-i7",0.25,"seadec",3,5.45
"pc1","4cpu-i7",0.25,"seadec",1,5.45
"pc1","4cpu-i7",0.25,"seadec",2,4.98
"pc1","4cpu-i7",0.25,"seadec",3,5.05
"pc1","4cpu-i7",0.25,"seadec",4,5.14
"pc1","4cpu-i7",0.25,"seadec",1,5.19
"pc1","4cpu-i7",0.35,"seadec",3,3.67
"pc1","4cpu-i7",0.35,"seadec",4,3.67
"pc1","4cpu-i7",0.35,"seadec",1,3.72
"pc1","4cpu-i7",0.35,"seadec",2,3.7
"pc1","4cpu-i7",0.35,"seadec",3,3.66
"pc1","4cpu-i7",0.35,"seadec",1,3.77
"pc1","4cpu-i7",0.35,"seadec",2,3.78
"pc1","4cpu-i7",0.35,"seadec",4,3.84
"pc1","4cpu-i7",0.35,"seadec",4,3.16
"pc1","4cpu-i7",0.35,"seadec",3,3.28
"pc1","4cpu-i7",0.35,"seadec",2,3.29
"pc1","4cpu-i7",0.35,"seadec",1,3.3
"pc1","4cpu-i7",0.35,"seadec",4,3.27
"pc1","4cpu-i7",0.35,"seadec",1,3.37
"pc1","4cpu-i7",0.35,"seadec",3,3.47
"pc1","4cpu-i7",0.35,"seadec",2,3.47
"pc1","4cpu-i7",0.35,"seadec",4,3.34
"pc1","4cpu-i7",0.35,"seadec",1,3.35
"pc1","4cpu-i7",0.35,"seadec",2,3.36
"pc1","4cpu-i7",0.35,"seadec",3,3.35
"pc1","4cpu-i7",0.35,"seadec",2,3.35
"pc1","4cpu-i7",0.35,"seadec",4,3.35
"pc1","4cpu-i7",0.35,"seadec",3,3.35
"pc1","4cpu-i7",0.35,"seadec",1,3.35
"pc1","4cpu-i7",0.35,"seadec",3,3.34
"pc1","4cpu-i7",0.35,"seadec",1,3.41
"pc1","4cpu-i7",0.35,"seadec",4,3.35
"pc1","4cpu-i7",0.35,"seadec",2,3.38
"pc1","4cpu-i7",0.35,"seadec",3,3.36
"pc1","4cpu-i7",0.35,"seadec",1,3.38
"pc1","4cpu-i7",0.35,"seadec",2,3.38
"pc1","4cpu-i7",0.35,"seadec",4,3.44
"pc1","4cpu-i7",0.35,"seadec",4,3.17
"pc1","4cpu-i7",0.35,"seadec",3,3.27
"pc1","4cpu-i7",0.35,"seadec",2,3.3
"pc1","4cpu-i7",0.35,"seadec",1,3.31
"pc1","4cpu-i7",0.35,"seadec",4,3.37
"pc1","4cpu-i7",0.35,"seadec",1,3.37
"pc1","4cpu-i7",0.35,"seadec",3,3.37
"pc1","4cpu-i7",0.35,"seadec",2,3.37
"pc1","4cpu-i7",0.35,"seadec",4,3.45
"pc1","4cpu-i7",0.35,"seadec",2,3.43
"pc1","4cpu-i7",0.35,"seadec",3,3.43
"pc1","4cpu-i7",0.35,"seadec",1,3.43
"pc1","4cpu-i7",0.35,"seadec",2,3.36
"pc1","4cpu-i7",0.35,"seadec",1,3.36
"pc1","4cpu-i7",0.35,"seadec",4,3.33
"pc1","4cpu-i7",0.35,"seadec",3,3.43
"pc1","4cpu-i7",0.35,"seadec",2,3.35
"pc1","4cpu-i7",0.35,"seadec",1,3.38
"pc1","4cpu-i7",0.35,"seadec",4,3.43
"pc1","4cpu-i7",0.35,"seadec",3,3.45
"pc1","4cpu-i7",0.35,"seadec",1,3.37
"pc1","4cpu-i7",0.35,"seadec",2,3.36
"pc1","4cpu-i7",0.35,"seadec",4,3.43
"pc1","4cpu-i7",0.35,"seadec",3,3.45
"pc1","4cpu-i7",0.35,"seadec",2,3.29
"pc1","4cpu-i7",0.35,"seadec",1,3.3
"pc1","4cpu-i7",0.35,"seadec",4,3.3
"pc1","4cpu-i7",0.35,"seadec",3,3.37
"pc1","4cpu-i7",0.35,"seadec",4,3.5
"pc1","4cpu-i7",0.35,"seadec",2,3.5
"pc1","4cpu-i7",0.35,"seadec",1,3.52
"pc1","4cpu-i7",0.35,"seadec",3,3.58
"pc1","4cpu-i7",0.35,"seadec",4,3.35
"pc1","4cpu-i7",0.35,"seadec",2,3.37
"pc1","4cpu-i7",0.35,"seadec",1,3.39
"pc1","4cpu-i7",0.35,"seadec",3,3.46
"pc1","4cpu-i7",0.35,"seadec",2,3.34
"pc1","4cpu-i7",0.35,"seadec",1,3.35
"pc1","4cpu-i7",0.35,"seadec",4,3.35
"pc1","4cpu-i7",0.35,"seadec",3,3.43
"pc1","4cpu-i7",0.35,"seadec",2,3.29
"pc1","4cpu-i7",0.35,"seadec",1,3.38
"pc1","4cpu-i7",0.35,"seadec",4,3.37
"pc1","4cpu-i7",0.35,"seadec",3,3.47
"pc1","4cpu-i7",0.35,"seadec",4,3.36
"pc1","4cpu-i7",0.35,"seadec",2,3.36
"pc1","4cpu-i7",0.35,"seadec",1,3.49
"pc1","4cpu-i7",0.35,"seadec",3,3.48
"pc1","4cpu-i7",0.35,"seadec",2,3.27
"pc1","4cpu-i7",0.35,"seadec",4,3.27
"pc1","4cpu-i7",0.35,"seadec",1,3.37
"pc1","4cpu-i7",0.35,"seadec",3,3.37
"pc1","4cpu-i7",0.35,"seadec",4,3.25
"pc1","4cpu-i7",0.35,"seadec",2,3.28
"pc1","4cpu-i7",0.35,"seadec",1,3.36
"pc1","4cpu-i7",0.35,"seadec",3,3.36
"pc1","4cpu-i7",0.35,"seadec",4,3.25
"pc1","4cpu-i7",0.35,"seadec",2,3.35
"pc1","4cpu-i7",0.35,"seadec",1,3.37
"pc1","4cpu-i7",0.35,"seadec",3,3.37
"pc1","4cpu-i7",0.35,"seadec",4,3.34
"pc1","4cpu-i7",0.35,"seadec",2,3.35
"pc1","4cpu-i7",0.35,"seadec",3,3.36
"pc1","4cpu-i7",0.35,"seadec",1,3.46
"pc1","4cpu-i7",0.35,"seadec",4,3.28
"pc1","4cpu-i7",0.35,"seadec",2,3.39
"pc1","4cpu-i7",0.35,"seadec",3,3.47
"pc1","4cpu-i7",0.35,"seadec",1,3.49
"pc1","4cpu-i7",0.35,"seadec",3,3.36
"pc1","4cpu-i7",0.35,"seadec",2,3.36
"pc1","4cpu-i7",0.35,"seadec",4,3.37
"pc1","4cpu-i7",0.35,"seadec",1,3.48
"pc1","4cpu-i7",0.35,"seadec",4,3.35
"pc1","4cpu-i7",0.35,"seadec",3,3.37
"pc1","4cpu-i7",0.35,"seadec",2,3.47
"pc1","4cpu-i7",0.35,"seadec",1,3.49
"pc1","4cpu-i7",0.35,"seadec",2,3.35
"pc1","4cpu-i7",0.35,"seadec",4,3.37
"pc1","4cpu-i7",0.35,"seadec",1,3.37
"pc1","4cpu-i7",0.35,"seadec",3,3.43
"pc1","4cpu-i7",0.35,"seadec",4,3.37
"pc1","4cpu-i7",0.35,"seadec",3,3.46
"pc1","4cpu-i7",0.35,"seadec",2,3.48
"pc1","4cpu-i7",0.35,"seadec",1,3.56
"pc1","4cpu-i7",0.35,"seadec",2,3.3
"pc1","4cpu-i7",0.35,"seadec",3,3.38
"pc1","4cpu-i7",0.35,"seadec",4,3.5
"pc1","4cpu-i7",0.35,"seadec",1,3.5
"pc1","4cpu-i7",0.45,"seadec",4,2.88
"pc1","4cpu-i7",0.45,"seadec",1,2.86
"pc1","4cpu-i7",0.45,"seadec",2,2.88
"pc1","4cpu-i7",0.45,"seadec",3,2.86
"pc1","4cpu-i7",0.45,"seadec",1,2.91
"pc1","4cpu-i7",0.45,"seadec",3,2.91
"pc1","4cpu-i7",0.45,"seadec",4,2.9
"pc1","4cpu-i7",0.45,"seadec",2,2.9
"pc1","4cpu-i7",0.45,"seadec",4,2.46
"pc1","4cpu-i7",0.45,"seadec",3,2.53
"pc1","4cpu-i7",0.45,"seadec",2,2.54
"pc1","4cpu-i7",0.45,"seadec",1,2.56
"pc1","4cpu-i7",0.45,"seadec",3,2.47
"pc1","4cpu-i7",0.45,"seadec",2,2.5
"pc1","4cpu-i7",0.45,"seadec",1,2.52
"pc1","4cpu-i7",0.45,"seadec",4,2.54
"pc1","4cpu-i7",0.45,"seadec",3,2.5
"pc1","4cpu-i7",0.45,"seadec",2,2.5
"pc1","4cpu-i7",0.45,"seadec",4,2.5
"pc1","4cpu-i7",0.45,"seadec",1,2.58
"pc1","4cpu-i7",0.45,"seadec",4,2.4
"pc1","4cpu-i7",0.45,"seadec",3,2.48
"pc1","4cpu-i7",0.45,"seadec",2,2.5
"pc1","4cpu-i7",0.45,"seadec",1,2.51
"pc1","4cpu-i7",0.45,"seadec",2,2.59
"pc1","4cpu-i7",0.45,"seadec",4,2.59
"pc1","4cpu-i7",0.45,"seadec",3,2.59
"pc1","4cpu-i7",0.45,"seadec",1,2.59
"pc1","4cpu-i7",0.45,"seadec",3,2.51
"pc1","4cpu-i7",0.45,"seadec",4,2.51
"pc1","4cpu-i7",0.45,"seadec",2,2.58
"pc1","4cpu-i7",0.45,"seadec",1,2.61
"pc1","4cpu-i7",0.45,"seadec",2,2.48
"pc1","4cpu-i7",0.45,"seadec",3,2.49
"pc1","4cpu-i7",0.45,"seadec",4,2.49
"pc1","4cpu-i7",0.45,"seadec",1,2.58
"pc1","4cpu-i7",0.45,"seadec",2,2.56
"pc1","4cpu-i7",0.45,"seadec",1,2.59
"pc1","4cpu-i7",0.45,"seadec",4,2.62
"pc1","4cpu-i7",0.45,"seadec",3,2.64
"pc1","4cpu-i7",0.45,"seadec",3,2.49
"pc1","4cpu-i7",0.45,"seadec",1,2.49
"pc1","4cpu-i7",0.45,"seadec",4,2.49
"pc1","4cpu-i7",0.45,"seadec",2,2.49
"pc1","4cpu-i7",0.45,"seadec",1,2.46
"pc1","4cpu-i7",0.45,"seadec",3,2.46
"pc1","4cpu-i7",0.45,"seadec",2,2.55
"pc1","4cpu-i7",0.45,"seadec",4,2.55
"pc1","4cpu-i7",0.45,"seadec",1,2.57
"pc1","4cpu-i7",0.45,"seadec",2,2.57
"pc1","4cpu-i7",0.45,"seadec",4,2.66
"pc1","4cpu-i7",0.45,"seadec",3,2.66
"pc1","4cpu-i7",0.45,"seadec",2,2.44
"pc1","4cpu-i7",0.45,"seadec",1,2.46
"pc1","4cpu-i7",0.45,"seadec",3,2.53
"pc1","4cpu-i7",0.45,"seadec",4,2.53
"pc1","4cpu-i7",0.45,"seadec",2,2.47
"pc1","4cpu-i7",0.45,"seadec",1,2.49
"pc1","4cpu-i7",0.45,"seadec",3,2.49
"pc1","4cpu-i7",0.45,"seadec",4,2.55
"pc1","4cpu-i7",0.45,"seadec",2,2.41
"pc1","4cpu-i7",0.45,"seadec",1,2.49
"pc1","4cpu-i7",0.45,"seadec",4,2.5
"pc1","4cpu-i7",0.45,"seadec",3,2.57
"pc1","4cpu-i7",0.45,"seadec",1,2.5
"pc1","4cpu-i7",0.45,"seadec",3,2.52
"pc1","4cpu-i7",0.45,"seadec",2,2.58
"pc1","4cpu-i7",0.45,"seadec",4,2.57
"pc1","4cpu-i7",0.45,"seadec",2,2.57
"pc1","4cpu-i7",0.45,"seadec",1,2.58
"pc1","4cpu-i7",0.45,"seadec",4,2.56
"pc1","4cpu-i7",0.45,"seadec",3,2.58
"pc1","4cpu-i7",0.45,"seadec",1,2.48
"pc1","4cpu-i7",0.45,"seadec",4,2.53
"pc1","4cpu-i7",0.45,"seadec",2,2.56
"pc1","4cpu-i7",0.45,"seadec",3,2.57
"pc1","4cpu-i7",0.45,"seadec",2,2.59
"pc1","4cpu-i7",0.45,"seadec",1,2.59
"pc1","4cpu-i7",0.45,"seadec",3,2.6
"pc1","4cpu-i7",0.45,"seadec",4,2.65
"pc1","4cpu-i7",0.45,"seadec",3,2.67
"pc1","4cpu-i7",0.45,"seadec",2,2.7
"pc1","4cpu-i7",0.45,"seadec",1,2.7
"pc1","4cpu-i7",0.45,"seadec",4,2.7
"pc1","4cpu-i7",0.45,"seadec",3,2.41
"pc1","4cpu-i7",0.45,"seadec",2,2.54
"pc1","4cpu-i7",0.45,"seadec",1,2.49
"pc1","4cpu-i7",0.45,"seadec",4,2.49
"pc1","4cpu-i7",0.45,"seadec",4,2.43
"pc1","4cpu-i7",0.45,"seadec",3,2.56
"pc1","4cpu-i7",0.45,"seadec",1,2.55
"pc1","4cpu-i7",0.45,"seadec",2,2.55
"pc1","4cpu-i7",0.45,"seadec",3,2.56
"pc1","4cpu-i7",0.45,"seadec",1,2.56
"pc1","4cpu-i7",0.45,"seadec",2,2.63
"pc1","4cpu-i7",0.45,"seadec",4,2.62
"pc1","4cpu-i7",0.45,"seadec",3,2.54
"pc1","4cpu-i7",0.45,"seadec",2,2.59
"pc1","4cpu-i7",0.45,"seadec",4,2.63
"pc1","4cpu-i7",0.45,"seadec",1,2.68
"pc1","4cpu-i7",0.45,"seadec",2,2.47
"pc1","4cpu-i7",0.45,"seadec",1,2.5
"pc1","4cpu-i7",0.45,"seadec",4,2.49
"pc1","4cpu-i7",0.45,"seadec",3,2.55
"pc1","4cpu-i7",0.45,"seadec",2,2.51
"pc1","4cpu-i7",0.45,"seadec",1,2.51
"pc1","4cpu-i7",0.45,"seadec",3,2.5
"pc1","4cpu-i7",0.45,"seadec",4,2.5
"pc1","4cpu-i7",0.45,"seadec",3,2.64
"pc1","4cpu-i7",0.45,"seadec",2,2.64
"pc1","4cpu-i7",0.45,"seadec",1,2.66
"pc1","4cpu-i7",0.45,"seadec",4,2.66
"pc1","4cpu-i7",0.45,"seadec",2,2.56
"pc1","4cpu-i7",0.45,"seadec",1,2.58
"pc1","4cpu-i7",0.45,"seadec",3,2.58
"pc1","4cpu-i7",0.45,"seadec",4,2.62
"pc1","4cpu-i7",0.45,"seadec",3,2.49
"pc1","4cpu-i7",0.45,"seadec",4,2.49
"pc1","4cpu-i7",0.45,"seadec",2,2.52
"pc1","4cpu-i7",0.45,"seadec",1,2.59
"pc1","4cpu-i7",0.55,"seadec",2,2.2
"pc1","4cpu-i7",0.55,"seadec",3,2.21
"pc1","4cpu-i7",0.55,"seadec",4,2.21
"pc1","4cpu-i7",0.55,"seadec",1,2.26
"pc1","4cpu-i7",0.55,"seadec",2,2.26
"pc1","4cpu-i7",0.55,"seadec",4,2.26
"pc1","4cpu-i7",0.55,"seadec",3,2.34
"pc1","4cpu-i7",0.55,"seadec",1,2.36
"pc1","4cpu-i7",0.55,"seadec",2,2.04
"pc1","4cpu-i7",0.55,"seadec",1,2.06
"pc1","4cpu-i7",0.55,"seadec",3,2.04
"pc1","4cpu-i7",0.55,"seadec",4,2.04
"pc1","4cpu-i7",0.55,"seadec",1,2.07
"pc1","4cpu-i7",0.55,"seadec",3,2.07
"pc1","4cpu-i7",0.55,"seadec",2,2.1
"pc1","4cpu-i7",0.55,"seadec",4,2.13
"pc1","4cpu-i7",0.55,"seadec",3,1.97
"pc1","4cpu-i7",0.55,"seadec",2,1.98
"pc1","4cpu-i7",0.55,"seadec",1,2.01
"pc1","4cpu-i7",0.55,"seadec",4,2
"pc1","4cpu-i7",0.55,"seadec",3,1.96
"pc1","4cpu-i7",0.55,"seadec",1,1.98
"pc1","4cpu-i7",0.55,"seadec",2,2.05
"pc1","4cpu-i7",0.55,"seadec",4,2.06
"pc1","4cpu-i7",0.55,"seadec",1,2.05
"pc1","4cpu-i7",0.55,"seadec",4,2.04
"pc1","4cpu-i7",0.55,"seadec",2,2.07
"pc1","4cpu-i7",0.55,"seadec",3,2.07
"pc1","4cpu-i7",0.55,"seadec",2,1.97
"pc1","4cpu-i7",0.55,"seadec",3,1.97
"pc1","4cpu-i7",0.55,"seadec",1,2.05
"pc1","4cpu-i7",0.55,"seadec",4,2.04
"pc1","4cpu-i7",0.55,"seadec",3,2.04
"pc1","4cpu-i7",0.55,"seadec",4,2.04
"pc1","4cpu-i7",0.55,"seadec",1,2.08
"pc1","4cpu-i7",0.55,"seadec",2,2.08
"pc1","4cpu-i7",0.55,"seadec",2,1.98
"pc1","4cpu-i7",0.55,"seadec",1,2.05
"pc1","4cpu-i7",0.55,"seadec",3,2.04
"pc1","4cpu-i7",0.55,"seadec",4,2.04
"pc1","4cpu-i7",0.55,"seadec",2,1.98
"pc1","4cpu-i7",0.55,"seadec",3,1.98
"pc1","4cpu-i7",0.55,"seadec",1,2.06
"pc1","4cpu-i7",0.55,"seadec",4,2.04
"pc1","4cpu-i7",0.55,"seadec",3,2
"pc1","4cpu-i7",0.55,"seadec",4,2.02
"pc1","4cpu-i7",0.55,"seadec",2,2.03
"pc1","4cpu-i7",0.55,"seadec",1,2.03
"pc1","4cpu-i7",0.55,"seadec",4,2.04
"pc1","4cpu-i7",0.55,"seadec",3,2.07
"pc1","4cpu-i7",0.55,"seadec",1,2.07
"pc1","4cpu-i7",0.55,"seadec",2,2.07
"pc1","4cpu-i7",0.55,"seadec",1,1.94
"pc1","4cpu-i7",0.55,"seadec",3,1.97
"pc1","4cpu-i7",0.55,"seadec",2,2.06
"pc1","4cpu-i7",0.55,"seadec",4,2.03
"pc1","4cpu-i7",0.55,"seadec",2,2
"pc1","4cpu-i7",0.55,"seadec",1,2.02
"pc1","4cpu-i7",0.55,"seadec",3,2.06
"pc1","4cpu-i7",0.55,"seadec",4,2.07
"pc1","4cpu-i7",0.55,"seadec",1,1.97
"pc1","4cpu-i7",0.55,"seadec",3,2.04
"pc1","4cpu-i7",0.55,"seadec",2,2.06
"pc1","4cpu-i7",0.55,"seadec",4,2.07
"pc1","4cpu-i7",0.55,"seadec",2,2.04
"pc1","4cpu-i7",0.55,"seadec",4,2.05
"pc1","4cpu-i7",0.55,"seadec",1,2.05
"pc1","4cpu-i7",0.55,"seadec",3,2.06
"pc1","4cpu-i7",0.55,"seadec",4,2.06
"pc1","4cpu-i7",0.55,"seadec",1,2.09
"pc1","4cpu-i7",0.55,"seadec",3,2.09
"pc1","4cpu-i7",0.55,"seadec",2,2.16
"pc1","4cpu-i7",0.55,"seadec",1,1.96
"pc1","4cpu-i7",0.55,"seadec",3,1.97
"pc1","4cpu-i7",0.55,"seadec",2,2.08
"pc1","4cpu-i7",0.55,"seadec",4,2.07
"pc1","4cpu-i7",0.55,"seadec",1,2.08
"pc1","4cpu-i7",0.55,"seadec",2,2.08
"pc1","4cpu-i7",0.55,"seadec",4,2.08
"pc1","4cpu-i7",0.55,"seadec",3,2.08
"pc1","4cpu-i7",0.55,"seadec",1,1.98
"pc1","4cpu-i7",0.55,"seadec",3,1.98
"pc1","4cpu-i7",0.55,"seadec",4,2.03
"pc1","4cpu-i7",0.55,"seadec",2,2.05
"pc1","4cpu-i7",0.55,"seadec",1,2.07
"pc1","4cpu-i7",0.55,"seadec",3,2.09
"pc1","4cpu-i7",0.55,"seadec",4,2.08
"pc1","4cpu-i7",0.55,"seadec",2,2.08
"pc1","4cpu-i7",0.55,"seadec",4,2.06
"pc1","4cpu-i7",0.55,"seadec",3,2.05
"pc1","4cpu-i7",0.55,"seadec",1,2.05
"pc1","4cpu-i7",0.55,"seadec",2,2.07
"pc1","4cpu-i7",0.55,"seadec",1,2.04
"pc1","4cpu-i7",0.55,"seadec",4,2.06
"pc1","4cpu-i7",0.55,"seadec",3,2.06
"pc1","4cpu-i7",0.55,"seadec",2,2.06
"pc1","4cpu-i7",0.55,"seadec",4,2.06
"pc1","4cpu-i7",0.55,"seadec",2,2.06
"pc1","4cpu-i7",0.55,"seadec",3,2.05
"pc1","4cpu-i7",0.55,"seadec",1,2.05
"pc1","4cpu-i7",0.55,"seadec",4,1.92
"pc1","4cpu-i7",0.55,"seadec",3,1.99
"pc1","4cpu-i7",0.55,"seadec",1,2.05
"pc1","4cpu-i7",0.55,"seadec",2,2.05
"pc1","4cpu-i7",0.55,"seadec",4,1.98
"pc1","4cpu-i7",0.55,"seadec",1,2.06
"pc1","4cpu-i7",0.55,"seadec",3,2.04
"pc1","4cpu-i7",0.55,"seadec",2,2.05
"pc1","4cpu-i7",0.55,"seadec",4,2
"pc1","4cpu-i7",0.55,"seadec",3,2.07
"pc1","4cpu-i7",0.55,"seadec",2,2.08
"pc1","4cpu-i7",0.55,"seadec",1,2.09
"pc1","4cpu-i7",0.55,"seadec",3,1.98
"pc1","4cpu-i7",0.55,"seadec",2,1.98
"pc1","4cpu-i7",0.55,"seadec",4,2.06
"pc1","4cpu-i7",0.55,"seadec",1,2.09
"pc1","4cpu-i7",0.55,"seadec",2,1.98
"pc1","4cpu-i7",0.55,"seadec",4,1.98
"pc1","4cpu-i7",0.55,"seadec",3,2.08
"pc1","4cpu-i7",0.55,"seadec",1,2.08
"pc1","4cpu-i7",0.65,"seadec",1,1.91
"pc1","4cpu-i7",0.65,"seadec",2,1.9
"pc1","4cpu-i7",0.65,"seadec",3,1.91
"pc1","4cpu-i7",0.65,"seadec",4,1.93
"pc1","4cpu-i7",0.65,"seadec",3,1.89
"pc1","4cpu-i7",0.65,"seadec",1,1.91
"pc1","4cpu-i7",0.65,"seadec",4,1.93
"pc1","4cpu-i7",0.65,"seadec",2,1.95
"pc1","4cpu-i7",0.65,"seadec",4,1.65
"pc1","4cpu-i7",0.65,"seadec",1,1.69
"pc1","4cpu-i7",0.65,"seadec",2,1.73
"pc1","4cpu-i7",0.65,"seadec",3,1.72
"pc1","4cpu-i7",0.65,"seadec",1,1.63
"pc1","4cpu-i7",0.65,"seadec",3,1.68
"pc1","4cpu-i7",0.65,"seadec",2,1.7
"pc1","4cpu-i7",0.65,"seadec",4,1.68
"pc1","4cpu-i7",0.65,"seadec",1,1.67
"pc1","4cpu-i7",0.65,"seadec",3,1.67
"pc1","4cpu-i7",0.65,"seadec",2,1.68
"pc1","4cpu-i7",0.65,"seadec",4,1.68
"pc1","4cpu-i7",0.65,"seadec",3,1.65
"pc1","4cpu-i7",0.65,"seadec",4,1.65
"pc1","4cpu-i7",0.65,"seadec",1,1.68
"pc1","4cpu-i7",0.65,"seadec",2,1.68
"pc1","4cpu-i7",0.65,"seadec",4,1.74
"pc1","4cpu-i7",0.65,"seadec",3,1.74
"pc1","4cpu-i7",0.65,"seadec",1,1.74
"pc1","4cpu-i7",0.65,"seadec",2,1.74
"pc1","4cpu-i7",0.65,"seadec",2,1.68
"pc1","4cpu-i7",0.65,"seadec",1,1.7
"pc1","4cpu-i7",0.65,"seadec",4,1.72
"pc1","4cpu-i7",0.65,"seadec",3,1.74
"pc1","4cpu-i7",0.65,"seadec",1,1.62
"pc1","4cpu-i7",0.65,"seadec",4,1.62
"pc1","4cpu-i7",0.65,"seadec",2,1.68
"pc1","4cpu-i7",0.65,"seadec",3,1.68
"pc1","4cpu-i7",0.65,"seadec",2,1.68
"pc1","4cpu-i7",0.65,"seadec",1,1.69
"pc1","4cpu-i7",0.65,"seadec",3,1.69
"pc1","4cpu-i7",0.65,"seadec",4,1.69
"pc1","4cpu-i7",0.65,"seadec",4,1.68
"pc1","4cpu-i7",0.65,"seadec",3,1.68
"pc1","4cpu-i7",0.65,"seadec",1,1.68
"pc1","4cpu-i7",0.65,"seadec",2,1.68
"pc1","4cpu-i7",0.65,"seadec",1,1.69
"pc1","4cpu-i7",0.65,"seadec",2,1.68
"pc1","4cpu-i7",0.65,"seadec",3,1.67
"pc1","4cpu-i7",0.65,"seadec",4,1.69
"pc1","4cpu-i7",0.65,"seadec",2,1.71
"pc1","4cpu-i7",0.65,"seadec",1,1.72
"pc1","4cpu-i7",0.65,"seadec",4,1.72
"pc1","4cpu-i7",0.65,"seadec",3,1.77
"pc1","4cpu-i7",0.65,"seadec",2,1.64
"pc1","4cpu-i7",0.65,"seadec",1,1.68
"pc1","4cpu-i7",0.65,"seadec",3,1.7
"pc1","4cpu-i7",0.65,"seadec",4,1.7
"pc1","4cpu-i7",0.65,"seadec",4,1.64
"pc1","4cpu-i7",0.65,"seadec",3,1.7
"pc1","4cpu-i7",0.65,"seadec",1,1.73
"pc1","4cpu-i7",0.65,"seadec",2,1.72
"pc1","4cpu-i7",0.65,"seadec",1,1.68
"pc1","4cpu-i7",0.65,"seadec",2,1.68
"pc1","4cpu-i7",0.65,"seadec",4,1.68
"pc1","4cpu-i7",0.65,"seadec",3,1.7
"pc1","4cpu-i7",0.65,"seadec",1,1.66
"pc1","4cpu-i7",0.65,"seadec",2,1.71
"pc1","4cpu-i7",0.65,"seadec",4,1.72
"pc1","4cpu-i7",0.65,"seadec",3,1.74
"pc1","4cpu-i7",0.65,"seadec",1,1.64
"pc1","4cpu-i7",0.65,"seadec",3,1.67
"pc1","4cpu-i7",0.65,"seadec",2,1.7
"pc1","4cpu-i7",0.65,"seadec",4,1.7
"pc1","4cpu-i7",0.65,"seadec",1,1.69
"pc1","4cpu-i7",0.65,"seadec",3,2.97
"pc1","4cpu-i7",0.65,"seadec",2,1.75
"pc1","4cpu-i7",0.65,"seadec",4,1.75
"pc1","4cpu-i7",0.65,"seadec",2,1.7
"pc1","4cpu-i7",0.65,"seadec",1,1.7
"pc1","4cpu-i7",0.65,"seadec",4,1.7
"pc1","4cpu-i7",0.65,"seadec",3,1.7
"pc1","4cpu-i7",0.65,"seadec",1,1.74
"pc1","4cpu-i7",0.65,"seadec",3,1.75
"pc1","4cpu-i7",0.65,"seadec",2,1.76
"pc1","4cpu-i7",0.65,"seadec",4,1.76
"pc1","4cpu-i7",0.65,"seadec",1,1.69
"pc1","4cpu-i7",0.65,"seadec",2,1.69
"pc1","4cpu-i7",0.65,"seadec",3,1.77
"pc1","4cpu-i7",0.65,"seadec",4,1.77
"pc1","4cpu-i7",0.65,"seadec",1,1.68
"pc1","4cpu-i7",0.65,"seadec",3,1.69
"pc1","4cpu-i7",0.65,"seadec",2,1.77
"pc1","4cpu-i7",0.65,"seadec",4,1.75
"pc1","4cpu-i7",0.65,"seadec",1,1.64
"pc1","4cpu-i7",0.65,"seadec",3,1.65
"pc1","4cpu-i7",0.65,"seadec",2,1.74
"pc1","4cpu-i7",0.65,"seadec",4,1.73
"pc1","4cpu-i7",0.65,"seadec",4,1.71
"pc1","4cpu-i7",0.65,"seadec",2,1.74
"pc1","4cpu-i7",0.65,"seadec",3,1.76
"pc1","4cpu-i7",0.65,"seadec",1,1.76
"pc1","4cpu-i7",0.65,"seadec",1,1.74
"pc1","4cpu-i7",0.65,"seadec",2,1.75
"pc1","4cpu-i7",0.65,"seadec",3,1.75
"pc1","4cpu-i7",0.65,"seadec",4,1.75
"pc1","4cpu-i7",0.65,"seadec",4,1.65
"pc1","4cpu-i7",0.65,"seadec",3,1.7
"pc1","4cpu-i7",0.65,"seadec",2,1.74
"pc1","4cpu-i7",0.65,"seadec",1,1.75
"pc1","4cpu-i7",0.65,"seadec",2,1.71
"pc1","4cpu-i7",0.65,"seadec",1,1.71
"pc1","4cpu-i7",0.65,"seadec",4,1.72
"pc1","4cpu-i7",0.65,"seadec",3,1.73
"pc1","4cpu-i7",0.65,"seadec",2,1.68
"pc1","4cpu-i7",0.65,"seadec",4,1.67
"pc1","4cpu-i7",0.65,"seadec",1,1.7
"pc1","4cpu-i7",0.65,"seadec",3,1.7
"pc1","4cpu-i7",0.65,"seadec",1,1.68
"pc1","4cpu-i7",0.65,"seadec",3,1.68
"pc1","4cpu-i7",0.65,"seadec",4,1.74
"pc1","4cpu-i7",0.65,"seadec",2,1.74
"pc1","4cpu-i7",0.75,"seadec",4,1.66
"pc1","4cpu-i7",0.75,"seadec",2,1.66
"pc1","4cpu-i7",0.75,"seadec",1,1.66
"pc1","4cpu-i7",0.75,"seadec",3,1.66
"pc1","4cpu-i7",0.75,"seadec",1,1.61
"pc1","4cpu-i7",0.75,"seadec",3,1.64
"pc1","4cpu-i7",0.75,"seadec",2,1.67
"pc1","4cpu-i7",0.75,"seadec",4,1.66
"pc1","4cpu-i7",0.75,"seadec",4,1.39
"pc1","4cpu-i7",0.75,"seadec",2,1.43
"pc1","4cpu-i7",0.75,"seadec",3,1.48
"pc1","4cpu-i7",0.75,"seadec",1,1.48
"pc1","4cpu-i7",0.75,"seadec",4,1.41
"pc1","4cpu-i7",0.75,"seadec",1,1.41
"pc1","4cpu-i7",0.75,"seadec",2,1.46
"pc1","4cpu-i7",0.75,"seadec",3,1.45
"pc1","4cpu-i7",0.75,"seadec",1,1.44
"pc1","4cpu-i7",0.75,"seadec",3,1.45
"pc1","4cpu-i7",0.75,"seadec",2,1.46
"pc1","4cpu-i7",0.75,"seadec",4,1.46
"pc1","4cpu-i7",0.75,"seadec",2,1.45
"pc1","4cpu-i7",0.75,"seadec",1,1.45
"pc1","4cpu-i7",0.75,"seadec",4,1.45
"pc1","4cpu-i7",0.75,"seadec",3,1.46
"pc1","4cpu-i7",0.75,"seadec",1,1.46
"pc1","4cpu-i7",0.75,"seadec",4,1.45
"pc1","4cpu-i7",0.75,"seadec",3,1.46
"pc1","4cpu-i7",0.75,"seadec",2,1.48
"pc1","4cpu-i7",0.75,"seadec",3,1.46
"pc1","4cpu-i7",0.75,"seadec",1,1.46
"pc1","4cpu-i7",0.75,"seadec",2,1.48
"pc1","4cpu-i7",0.75,"seadec",4,1.48
"pc1","4cpu-i7",0.75,"seadec",3,1.45
"pc1","4cpu-i7",0.75,"seadec",2,1.45
"pc1","4cpu-i7",0.75,"seadec",4,1.46
"pc1","4cpu-i7",0.75,"seadec",1,1.48
"pc1","4cpu-i7",0.75,"seadec",2,1.42
"pc1","4cpu-i7",0.75,"seadec",1,1.44
"pc1","4cpu-i7",0.75,"seadec",3,1.45
"pc1","4cpu-i7",0.75,"seadec",4,1.45
"pc1","4cpu-i7",0.75,"seadec",2,1.43
"pc1","4cpu-i7",0.75,"seadec",1,1.43
"pc1","4cpu-i7",0.75,"seadec",3,1.45
"pc1","4cpu-i7",0.75,"seadec",4,1.48
"pc1","4cpu-i7",0.75,"seadec",2,1.41
"pc1","4cpu-i7",0.75,"seadec",1,1.45
"pc1","4cpu-i7",0.75,"seadec",4,1.49
"pc1","4cpu-i7",0.75,"seadec",3,1.49
"pc1","4cpu-i7",0.75,"seadec",1,1.44
"pc1","4cpu-i7",0.75,"seadec",2,1.44
"pc1","4cpu-i7",0.75,"seadec",4,1.45
"pc1","4cpu-i7",0.75,"seadec",3,1.45
"pc1","4cpu-i7",0.75,"seadec",2,1.6
"pc1","4cpu-i7",0.75,"seadec",3,1.6
"pc1","4cpu-i7",0.75,"seadec",4,1.6
"pc1","4cpu-i7",0.75,"seadec",1,1.67
"pc1","4cpu-i7",0.75,"seadec",1,1.42
"pc1","4cpu-i7",0.75,"seadec",4,1.43
"pc1","4cpu-i7",0.75,"seadec",2,1.49
"pc1","4cpu-i7",0.75,"seadec",3,1.5
"pc1","4cpu-i7",0.75,"seadec",2,1.45
"pc1","4cpu-i7",0.75,"seadec",3,1.48
"pc1","4cpu-i7",0.75,"seadec",1,1.48
"pc1","4cpu-i7",0.75,"seadec",4,1.49
"pc1","4cpu-i7",0.75,"seadec",2,1.44
"pc1","4cpu-i7",0.75,"seadec",4,1.46
"pc1","4cpu-i7",0.75,"seadec",1,1.5
"pc1","4cpu-i7",0.75,"seadec",3,1.49
"pc1","4cpu-i7",0.75,"seadec",2,1.46
"pc1","4cpu-i7",0.75,"seadec",4,1.46
"pc1","4cpu-i7",0.75,"seadec",1,1.49
"pc1","4cpu-i7",0.75,"seadec",3,1.5
"pc1","4cpu-i7",0.75,"seadec",3,1.43
"pc1","4cpu-i7",0.75,"seadec",1,1.46
"pc1","4cpu-i7",0.75,"seadec",4,1.44
"pc1","4cpu-i7",0.75,"seadec",2,1.5
"pc1","4cpu-i7",0.75,"seadec",3,1.47
"pc1","4cpu-i7",0.75,"seadec",1,1.51
"pc1","4cpu-i7",0.75,"seadec",4,1.51
"pc1","4cpu-i7",0.75,"seadec",2,1.51
"pc1","4cpu-i7",0.75,"seadec",4,1.43
"pc1","4cpu-i7",0.75,"seadec",3,1.44
"pc1","4cpu-i7",0.75,"seadec",1,1.48
"pc1","4cpu-i7",0.75,"seadec",2,1.48
"pc1","4cpu-i7",0.75,"seadec",3,1.49
"pc1","4cpu-i7",0.75,"seadec",1,1.51
"pc1","4cpu-i7",0.75,"seadec",4,1.52
"pc1","4cpu-i7",0.75,"seadec",2,1.52
"pc1","4cpu-i7",0.75,"seadec",2,1.42
"pc1","4cpu-i7",0.75,"seadec",3,1.46
"pc1","4cpu-i7",0.75,"seadec",1,1.46
"pc1","4cpu-i7",0.75,"seadec",4,1.48
"pc1","4cpu-i7",0.75,"seadec",1,1.43
"pc1","4cpu-i7",0.75,"seadec",3,1.43
"pc1","4cpu-i7",0.75,"seadec",2,1.51
"pc1","4cpu-i7",0.75,"seadec",4,1.51
"pc1","4cpu-i7",0.75,"seadec",2,1.43
"pc1","4cpu-i7",0.75,"seadec",4,1.43
"pc1","4cpu-i7",0.75,"seadec",1,1.5
"pc1","4cpu-i7",0.75,"seadec",3,1.49
"pc1","4cpu-i7",0.75,"seadec",4,1.46
"pc1","4cpu-i7",0.75,"seadec",2,1.48
"pc1","4cpu-i7",0.75,"seadec",1,1.52
"pc1","4cpu-i7",0.75,"seadec",3,1.51
"pc1","4cpu-i7",0.75,"seadec",4,1.43
"pc1","4cpu-i7",0.75,"seadec",3,1.43
"pc1","4cpu-i7",0.75,"seadec",2,1.51
"pc1","4cpu-i7",0.75,"seadec",1,1.53
"pc1","4cpu-i7",0.75,"seadec",1,1.43
"pc1","4cpu-i7",0.75,"seadec",3,1.42
"pc1","4cpu-i7",0.75,"seadec",4,1.47
"pc1","4cpu-i7",0.75,"seadec",2,1.49
"pc1","4cpu-i7",0.75,"seadec",1,1.42
"pc1","4cpu-i7",0.75,"seadec",2,1.43
"pc1","4cpu-i7",0.75,"seadec",3,1.5
"pc1","4cpu-i7",0.75,"seadec",4,1.51
"pc1","4cpu-i7",0.75,"seadec",2,1.46
"pc1","4cpu-i7",0.75,"seadec",4,1.47
"pc1","4cpu-i7",0.75,"seadec",3,1.49
"pc1","4cpu-i7",0.75,"seadec",1,1.52
"pc1","4cpu-i7",0.85,"seadec",3,1.66
"pc1","4cpu-i7",0.85,"seadec",1,1.66
"pc1","4cpu-i7",0.85,"seadec",4,1.64
"pc1","4cpu-i7",0.85,"seadec",2,1.64
"pc1","4cpu-i7",0.85,"seadec",4,1.45
"pc1","4cpu-i7",0.85,"seadec",1,1.48
"pc1","4cpu-i7",0.85,"seadec",2,1.49
"pc1","4cpu-i7",0.85,"seadec",3,1.49
"pc1","4cpu-i7",0.85,"seadec",2,1.29
"pc1","4cpu-i7",0.85,"seadec",3,1.28
"pc1","4cpu-i7",0.85,"seadec",1,1.32
"pc1","4cpu-i7",0.85,"seadec",4,1.32
"pc1","4cpu-i7",0.85,"seadec",2,1.32
"pc1","4cpu-i7",0.85,"seadec",3,1.32
"pc1","4cpu-i7",0.85,"seadec",4,1.32
"pc1","4cpu-i7",0.85,"seadec",1,1.32
"pc1","4cpu-i7",0.85,"seadec",2,1.3
"pc1","4cpu-i7",0.85,"seadec",3,1.31
"pc1","4cpu-i7",0.85,"seadec",4,1.31
"pc1","4cpu-i7",0.85,"seadec",1,1.31
"pc1","4cpu-i7",0.85,"seadec",4,1.28
"pc1","4cpu-i7",0.85,"seadec",3,1.31
"pc1","4cpu-i7",0.85,"seadec",1,1.33
"pc1","4cpu-i7",0.85,"seadec",2,1.33
"pc1","4cpu-i7",0.85,"seadec",2,1.29
"pc1","4cpu-i7",0.85,"seadec",1,1.29
"pc1","4cpu-i7",0.85,"seadec",3,1.3
"pc1","4cpu-i7",0.85,"seadec",4,1.3
"pc1","4cpu-i7",0.85,"seadec",2,1.28
"pc1","4cpu-i7",0.85,"seadec",3,1.28
"pc1","4cpu-i7",0.85,"seadec",1,1.31
"pc1","4cpu-i7",0.85,"seadec",4,1.29
"pc1","4cpu-i7",0.85,"seadec",3,1.3
"pc1","4cpu-i7",0.85,"seadec",2,1.3
"pc1","4cpu-i7",0.85,"seadec",1,1.3
"pc1","4cpu-i7",0.85,"seadec",4,1.3
"pc1","4cpu-i7",0.85,"seadec",1,1.58
"pc1","4cpu-i7",0.85,"seadec",4,1.58
"pc1","4cpu-i7",0.85,"seadec",3,1.58
"pc1","4cpu-i7",0.85,"seadec",2,1.58
"pc1","4cpu-i7",0.85,"seadec",1,1.28
"pc1","4cpu-i7",0.85,"seadec",3,1.28
"pc1","4cpu-i7",0.85,"seadec",2,1.32
"pc1","4cpu-i7",0.85,"seadec",4,1.32
"pc1","4cpu-i7",0.85,"seadec",1,2.17
"pc1","4cpu-i7",0.85,"seadec",4,2.17
"pc1","4cpu-i7",0.85,"seadec",2,2.2
"pc1","4cpu-i7",0.85,"seadec",3,2.21
"pc1","4cpu-i7",0.85,"seadec",1,1.33
"pc1","4cpu-i7",0.85,"seadec",2,1.33
"pc1","4cpu-i7",0.85,"seadec",4,1.33
"pc1","4cpu-i7",0.85,"seadec",3,1.36
"pc1","4cpu-i7",0.85,"seadec",4,1.31
"pc1","4cpu-i7",0.85,"seadec",1,1.33
"pc1","4cpu-i7",0.85,"seadec",2,1.33
"pc1","4cpu-i7",0.85,"seadec",3,1.32
"pc1","4cpu-i7",0.85,"seadec",3,1.33
"pc1","4cpu-i7",0.85,"seadec",1,1.33
"pc1","4cpu-i7",0.85,"seadec",4,1.35
"pc1","4cpu-i7",0.85,"seadec",2,1.35
"pc1","4cpu-i7",0.85,"seadec",1,1.32
"pc1","4cpu-i7",0.85,"seadec",3,1.32
"pc1","4cpu-i7",0.85,"seadec",4,1.35
"pc1","4cpu-i7",0.85,"seadec",2,1.35
"pc1","4cpu-i7",0.85,"seadec",3,1.33
"pc1","4cpu-i7",0.85,"seadec",1,1.33
"pc1","4cpu-i7",0.85,"seadec",2,1.32
"pc1","4cpu-i7",0.85,"seadec",4,1.32
"pc1","4cpu-i7",0.85,"seadec",1,1.33
"pc1","4cpu-i7",0.85,"seadec",2,1.3
"pc1","4cpu-i7",0.85,"seadec",3,1.33
"pc1","4cpu-i7",0.85,"seadec",4,1.32
"pc1","4cpu-i7",0.85,"seadec",1,1.28
"pc1","4cpu-i7",0.85,"seadec",2,1.29
"pc1","4cpu-i7",0.85,"seadec",4,1.31
"pc1","4cpu-i7",0.85,"seadec",3,1.31
"pc1","4cpu-i7",0.85,"seadec",1,1.28
"pc1","4cpu-i7",0.85,"seadec",3,1.3
"pc1","4cpu-i7",0.85,"seadec",4,1.31
"pc1","4cpu-i7",0.85,"seadec",2,1.33
"pc1","4cpu-i7",0.85,"seadec",3,1.3
"pc1","4cpu-i7",0.85,"seadec",4,1.3
"pc1","4cpu-i7",0.85,"seadec",1,1.33
"pc1","4cpu-i7",0.85,"seadec",2,1.33
"pc1","4cpu-i7",0.85,"seadec",3,1.34
"pc1","4cpu-i7",0.85,"seadec",1,1.34
"pc1","4cpu-i7",0.85,"seadec",4,1.33
"pc1","4cpu-i7",0.85,"seadec",2,1.33
"pc1","4cpu-i7",0.85,"seadec",4,1.29
"pc1","4cpu-i7",0.85,"seadec",1,1.33
"pc1","4cpu-i7",0.85,"seadec",2,1.34
"pc1","4cpu-i7",0.85,"seadec",3,1.34
"pc1","4cpu-i7",0.85,"seadec",2,1.31
"pc1","4cpu-i7",0.85,"seadec",3,1.32
"pc1","4cpu-i7",0.85,"seadec",4,1.32
"pc1","4cpu-i7",0.85,"seadec",1,1.32
"pc1","4cpu-i7",0.85,"seadec",3,1.33
"pc1","4cpu-i7",0.85,"seadec",1,1.33
"pc1","4cpu-i7",0.85,"seadec",2,1.36
"pc1","4cpu-i7",0.85,"seadec",4,1.36
"pc1","4cpu-i7",0.85,"seadec",3,1.34
"pc1","4cpu-i7",0.85,"seadec",1,1.36
"pc1","4cpu-i7",0.85,"seadec",2,1.36
"pc1","4cpu-i7",0.85,"seadec",4,1.36
"pc1","4cpu-i7",0.85,"seadec",3,1.31
"pc1","4cpu-i7",0.85,"seadec",2,1.32
"pc1","4cpu-i7",0.85,"seadec",1,1.34
"pc1","4cpu-i7",0.85,"seadec",4,1.33
"pc1","4cpu-i7",0.85,"seadec",3,1.3
"pc1","4cpu-i7",0.85,"seadec",1,1.32
"pc1","4cpu-i7",0.85,"seadec",4,1.32
"pc1","4cpu-i7",0.85,"seadec",2,1.32
"pc1","4cpu-i7",0.85,"seadec",3,1.31
"pc1","4cpu-i7",0.85,"seadec",1,1.31
"pc1","4cpu-i7",0.85,"seadec",2,1.3
"pc1","4cpu-i7",0.85,"seadec",4,1.3
"pc1","4cpu-i7",0.85,"seadec",1,1.31
"pc1","4cpu-i7",0.85,"seadec",4,1.3
"pc1","4cpu-i7",0.85,"seadec",2,1.33
"pc1","4cpu-i7",0.85,"seadec",3,1.32
"pc1","4cpu-i7",0.95,"seadec",1,1.22
"pc1","4cpu-i7",0.95,"seadec",3,1.23
"pc1","4cpu-i7",0.95,"seadec",4,1.26
"pc1","4cpu-i7",0.95,"seadec",2,1.35
"pc1","4cpu-i7",0.95,"seadec",1,1.24
"pc1","4cpu-i7",0.95,"seadec",3,1.25
"pc1","4cpu-i7",0.95,"seadec",2,1.3
"pc1","4cpu-i7",0.95,"seadec",4,1.28
"pc1","4cpu-i7",0.95,"seadec",3,1.12
"pc1","4cpu-i7",0.95,"seadec",2,1.12
"pc1","4cpu-i7",0.95,"seadec",1,1.16
"pc1","4cpu-i7",0.95,"seadec",4,1.14
"pc1","4cpu-i7",0.95,"seadec",4,1.14
"pc1","4cpu-i7",0.95,"seadec",1,1.15
"pc1","4cpu-i7",0.95,"seadec",2,1.18
"pc1","4cpu-i7",0.95,"seadec",3,1.18
"pc1","4cpu-i7",0.95,"seadec",1,1.17
"pc1","4cpu-i7",0.95,"seadec",3,1.13
"pc1","4cpu-i7",0.95,"seadec",2,1.15
"pc1","4cpu-i7",0.95,"seadec",4,1.13
"pc1","4cpu-i7",0.95,"seadec",2,1.09
"pc1","4cpu-i7",0.95,"seadec",3,1.11
"pc1","4cpu-i7",0.95,"seadec",1,1.15
"pc1","4cpu-i7",0.95,"seadec",4,1.14
"pc1","4cpu-i7",0.95,"seadec",4,1.13
"pc1","4cpu-i7",0.95,"seadec",3,1.13
"pc1","4cpu-i7",0.95,"seadec",1,1.13
"pc1","4cpu-i7",0.95,"seadec",2,1.13
"pc1","4cpu-i7",0.95,"seadec",2,1.11
"pc1","4cpu-i7",0.95,"seadec",1,1.12
"pc1","4cpu-i7",0.95,"seadec",3,1.14
"pc1","4cpu-i7",0.95,"seadec",4,1.14
"pc1","4cpu-i7",0.95,"seadec",3,1.1
"pc1","4cpu-i7",0.95,"seadec",4,1.11
"pc1","4cpu-i7",0.95,"seadec",2,1.14
"pc1","4cpu-i7",0.95,"seadec",1,1.15
"pc1","4cpu-i7",0.95,"seadec",1,1.14
"pc1","4cpu-i7",0.95,"seadec",3,1.14
"pc1","4cpu-i7",0.95,"seadec",2,1.17
"pc1","4cpu-i7",0.95,"seadec",4,1.16
"pc1","4cpu-i7",0.95,"seadec",2,1.11
"pc1","4cpu-i7",0.95,"seadec",4,1.1
"pc1","4cpu-i7",0.95,"seadec",3,1.14
"pc1","4cpu-i7",0.95,"seadec",1,1.14
"pc1","4cpu-i7",0.95,"seadec",1,1.11
"pc1","4cpu-i7",0.95,"seadec",4,1.11
"pc1","4cpu-i7",0.95,"seadec",2,1.13
"pc1","4cpu-i7",0.95,"seadec",3,1.15
"pc1","4cpu-i7",0.95,"seadec",1,1.12
"pc1","4cpu-i7",0.95,"seadec",2,1.13
"pc1","4cpu-i7",0.95,"seadec",3,1.16
"pc1","4cpu-i7",0.95,"seadec",4,1.16
"pc1","4cpu-i7",0.95,"seadec",4,1.13
"pc1","4cpu-i7",0.95,"seadec",2,1.17
"pc1","4cpu-i7",0.95,"seadec",1,1.17
"pc1","4cpu-i7",0.95,"seadec",3,1.17
"pc1","4cpu-i7",0.95,"seadec",4,1.15
"pc1","4cpu-i7",0.95,"seadec",1,1.15
"pc1","4cpu-i7",0.95,"seadec",2,1.15
"pc1","4cpu-i7",0.95,"seadec",3,1.15
"pc1","4cpu-i7",0.95,"seadec",4,1.17
"pc1","4cpu-i7",0.95,"seadec",1,1.18
"pc1","4cpu-i7",0.95,"seadec",3,1.18
"pc1","4cpu-i7",0.95,"seadec",2,1.18
"pc1","4cpu-i7",0.95,"seadec",1,1.11
"pc1","4cpu-i7",0.95,"seadec",2,1.14
"pc1","4cpu-i7",0.95,"seadec",4,1.13
"pc1","4cpu-i7",0.95,"seadec",3,1.16
"pc1","4cpu-i7",0.95,"seadec",3,1.16
"pc1","4cpu-i7",0.95,"seadec",1,1.16
"pc1","4cpu-i7",0.95,"seadec",4,1.18
"pc1","4cpu-i7",0.95,"seadec",2,1.2
"pc1","4cpu-i7",0.95,"seadec",1,1.13
"pc1","4cpu-i7",0.95,"seadec",2,1.14
"pc1","4cpu-i7",0.95,"seadec",4,1.15
"pc1","4cpu-i7",0.95,"seadec",3,1.15
"pc1","4cpu-i7",0.95,"seadec",1,1.14
"pc1","4cpu-i7",0.95,"seadec",3,1.13
"pc1","4cpu-i7",0.95,"seadec",2,1.15
"pc1","4cpu-i7",0.95,"seadec",4,1.15
"pc1","4cpu-i7",0.95,"seadec",2,1.14
"pc1","4cpu-i7",0.95,"seadec",4,1.14
"pc1","4cpu-i7",0.95,"seadec",3,1.16
"pc1","4cpu-i7",0.95,"seadec",1,1.18
"pc1","4cpu-i7",0.95,"seadec",2,1.12
"pc1","4cpu-i7",0.95,"seadec",3,1.13
"pc1","4cpu-i7",0.95,"seadec",1,1.16
"pc1","4cpu-i7",0.95,"seadec",4,1.14
"pc1","4cpu-i7",0.95,"seadec",1,1.14
"pc1","4cpu-i7",0.95,"seadec",4,1.13
"pc1","4cpu-i7",0.95,"seadec",3,1.15
"pc1","4cpu-i7",0.95,"seadec",2,1.16
"pc1","4cpu-i7",0.95,"seadec",1,1.14
"pc1","4cpu-i7",0.95,"seadec",3,1.13
"pc1","4cpu-i7",0.95,"seadec",2,1.16
"pc1","4cpu-i7",0.95,"seadec",4,1.16
"pc1","4cpu-i7",0.95,"seadec",1,1.16
"pc1","4cpu-i7",0.95,"seadec",3,1.14
"pc1","4cpu-i7",0.95,"seadec",4,1.18
"pc1","4cpu-i7",0.95,"seadec",2,1.18
"pc1","4cpu-i7",0.95,"seadec",2,1.16
"pc1","4cpu-i7",0.95,"seadec",3,1.19
"pc1","4cpu-i7",0.95,"seadec",1,1.19
"pc1","4cpu-i7",0.95,"seadec",4,1.19
"pc1","4cpu-i7",0.95,"seadec",2,1.12
"pc1","4cpu-i7",0.95,"seadec",4,1.12
"pc1","4cpu-i7",0.95,"seadec",3,1.16
"pc1","4cpu-i7",0.95,"seadec",1,1.18
"pc1","4cpu-i7",0.95,"seadec",3,1.15
"pc1","4cpu-i7",0.95,"seadec",1,1.16
"pc1","4cpu-i7",0.95,"seadec",4,1.19
"pc1","4cpu-i7",0.95,"seadec",2,1.19
"pc1","4cpu-i7",0.95,"seadec",2,1.13
"pc1","4cpu-i7",0.95,"seadec",1,1.13
"pc1","4cpu-i7",0.95,"seadec",3,1.18
"pc1","4cpu-i7",0.95,"seadec",4,1.18
"pc1","4cpu-i7",0.95,"seadec",4,1.12
"pc1","4cpu-i7",0.95,"seadec",2,1.15
"pc1","4cpu-i7",0.95,"seadec",3,1.15
"pc1","4cpu-i7",0.95,"seadec",1,1.17
"pc1","4cpu-i7",0.05,"SMA",1,45.62
"pc1","4cpu-i7",0.05,"SMA",2,45.72
"pc1","4cpu-i7",0.05,"SMA",3,45.8
"pc1","4cpu-i7",0.05,"SMA",4,46
"pc1","4cpu-i7",0.05,"SMA",4,45.75
"pc1","4cpu-i7",0.05,"SMA",3,46.06
"pc1","4cpu-i7",0.05,"SMA",2,46.27
"pc1","4cpu-i7",0.05,"SMA",1,46.39
"pc1","4cpu-i7",0.05,"SMA",3,40.35
"pc1","4cpu-i7",0.05,"SMA",1,40.96
"pc1","4cpu-i7",0.05,"SMA",4,41.04
"pc1","4cpu-i7",0.05,"SMA",2,41.25
"pc1","4cpu-i7",0.05,"SMA",3,41.13
"pc1","4cpu-i7",0.05,"SMA",2,41.24
"pc1","4cpu-i7",0.05,"SMA",1,41.24
"pc1","4cpu-i7",0.05,"SMA",4,42.83
"pc1","4cpu-i7",0.05,"SMA",1,40.66
"pc1","4cpu-i7",0.05,"SMA",3,41.95
"pc1","4cpu-i7",0.05,"SMA",2,42.16
"pc1","4cpu-i7",0.05,"SMA",4,43.24
"pc1","4cpu-i7",0.05,"SMA",2,39.55
"pc1","4cpu-i7",0.05,"SMA",3,0.94
"pc1","4cpu-i7",0.05,"SMA",4,40.14
"pc1","4cpu-i7",0.05,"SMA",2,40.88
"pc1","4cpu-i7",0.05,"SMA",1,40.99
"pc1","4cpu-i7",0.05,"SMA",3,42.28
"pc1","4cpu-i7",0.05,"SMA",4,42.47
"pc1","4cpu-i7",0.05,"SMA",1,40.59
"pc1","4cpu-i7",0.05,"SMA",2,41.08
"pc1","4cpu-i7",0.05,"SMA",3,41.47
"pc1","4cpu-i7",0.05,"SMA",4,41.66
"pc1","4cpu-i7",0.05,"SMA",1,41.57
"pc1","4cpu-i7",0.05,"SMA",2,42.45
"pc1","4cpu-i7",0.05,"SMA",3,42.94
"pc1","4cpu-i7",0.05,"SMA",4,43.74
"pc1","4cpu-i7",0.05,"SMA",1,39.97
"pc1","4cpu-i7",0.05,"SMA",3,40.95
"pc1","4cpu-i7",0.05,"SMA",2,41.06
"pc1","4cpu-i7",0.05,"SMA",4,41.54
"pc1","4cpu-i7",0.05,"SMA",1,42.26
"pc1","4cpu-i7",0.05,"SMA",4,42.43
"pc1","4cpu-i7",0.05,"SMA",2,42.95
"pc1","4cpu-i7",0.05,"SMA",3,43.04
"pc1","4cpu-i7",0.05,"SMA",2,41.07
"pc1","4cpu-i7",0.05,"SMA",3,41.57
"pc1","4cpu-i7",0.05,"SMA",1,41.78
"pc1","4cpu-i7",0.05,"SMA",4,42.45
"pc1","4cpu-i7",0.05,"SMA",1,39.58
"pc1","4cpu-i7",0.05,"SMA",3,40.17
"pc1","4cpu-i7",0.05,"SMA",4,40.66
"pc1","4cpu-i7",0.05,"SMA",2,41.48
"pc1","4cpu-i7",0.05,"SMA",3,40.54
"pc1","4cpu-i7",0.05,"SMA",4,40.62
"pc1","4cpu-i7",0.05,"SMA",2,40.94
"pc1","4cpu-i7",0.05,"SMA",1,41.66
"pc1","4cpu-i7",0.05,"SMA",3,40.44
"pc1","4cpu-i7",0.05,"SMA",4,40.53
"pc1","4cpu-i7",0.05,"SMA",1,40.76
"pc1","4cpu-i7",0.05,"SMA",2,41.05
"pc1","4cpu-i7",0.05,"SMA",3,37.72
"pc1","4cpu-i7",0.05,"SMA",4,38.54
"pc1","4cpu-i7",0.05,"SMA",2,38.54
"pc1","4cpu-i7",0.05,"SMA",1,39.37
"pc1","4cpu-i7",0.05,"SMA",4,42.53
"pc1","4cpu-i7",0.05,"SMA",1,43.96
"pc1","4cpu-i7",0.05,"SMA",2,44.15
"pc1","4cpu-i7",0.05,"SMA",3,44.54
"pc1","4cpu-i7",0.05,"SMA",3,42.64
"pc1","4cpu-i7",0.05,"SMA",4,42.94
"pc1","4cpu-i7",0.05,"SMA",2,43.45
"pc1","4cpu-i7",0.05,"SMA",1,43.76
"pc1","4cpu-i7",0.05,"SMA",4,39.84
"pc1","4cpu-i7",0.05,"SMA",1,40.56
"pc1","4cpu-i7",0.05,"SMA",3,40.84
"pc1","4cpu-i7",0.05,"SMA",2,41.15
"pc1","4cpu-i7",0.05,"SMA",3,39.24
"pc1","4cpu-i7",0.05,"SMA",1,39.66
"pc1","4cpu-i7",0.05,"SMA",2,40.84
"pc1","4cpu-i7",0.05,"SMA",4,40.93
"pc1","4cpu-i7",0.05,"SMA",2,43.46
"pc1","4cpu-i7",0.05,"SMA",4,43.65
"pc1","4cpu-i7",0.05,"SMA",3,44.16
"pc1","4cpu-i7",0.05,"SMA",1,44.68
"pc1","4cpu-i7",0.05,"SMA",3,43.26
"pc1","4cpu-i7",0.05,"SMA",1,43.38
"pc1","4cpu-i7",0.05,"SMA",2,43.67
"pc1","4cpu-i7",0.05,"SMA",4,44.26
"pc1","4cpu-i7",0.05,"SMA",3,40.55
"pc1","4cpu-i7",0.05,"SMA",1,40.97
"pc1","4cpu-i7",0.05,"SMA",4,41.25
"pc1","4cpu-i7",0.05,"SMA",2,41.67
"pc1","4cpu-i7",0.05,"SMA",3,42.04
"pc1","4cpu-i7",0.05,"SMA",4,42.14
"pc1","4cpu-i7",0.05,"SMA",2,42.14
"pc1","4cpu-i7",0.05,"SMA",1,42.14
"pc1","4cpu-i7",0.05,"SMA",1,43.14
"pc1","4cpu-i7",0.05,"SMA",4,43.22
"pc1","4cpu-i7",0.05,"SMA",3,44.23
"pc1","4cpu-i7",0.05,"SMA",2,44.43
"pc1","4cpu-i7",0.05,"SMA",4,40.73
"pc1","4cpu-i7",0.05,"SMA",1,42.16
"pc1","4cpu-i7",0.05,"SMA",2,42.45
"pc1","4cpu-i7",0.05,"SMA",3,42.54
"pc1","4cpu-i7",0.05,"SMA",1,40.98
"pc1","4cpu-i7",0.05,"SMA",4,41.05
"pc1","4cpu-i7",0.05,"SMA",2,41.87
"pc1","4cpu-i7",0.05,"SMA",3,42.26
"pc1","4cpu-i7",0.05,"SMA",3,39.54
"pc1","4cpu-i7",0.05,"SMA",1,39.67
"pc1","4cpu-i7",0.05,"SMA",4,39.93
"pc1","4cpu-i7",0.05,"SMA",2,39.96
"pc1","4cpu-i7",0.05,"SMA",1,41.26
"pc1","4cpu-i7",0.05,"SMA",4,41.24
"pc1","4cpu-i7",0.05,"SMA",3,41.54
"pc1","4cpu-i7",0.05,"SMA",2,41.75
"pc1","4cpu-i7",0.05,"SMA",4,39.44
"pc1","4cpu-i7",0.05,"SMA",1,40.26
"pc1","4cpu-i7",0.05,"SMA",2,40.65
"pc1","4cpu-i7",0.05,"SMA",3,40.74
"pc1","4cpu-i7",0.15,"SMA",3,10.2
"pc1","4cpu-i7",0.15,"SMA",1,10.32
"pc1","4cpu-i7",0.15,"SMA",4,10.39
"pc1","4cpu-i7",0.15,"SMA",2,10.5
"pc1","4cpu-i7",0.15,"SMA",2,10.09
"pc1","4cpu-i7",0.15,"SMA",3,10.17
"pc1","4cpu-i7",0.15,"SMA",4,10.26
"pc1","4cpu-i7",0.15,"SMA",1,10.3
"pc1","4cpu-i7",0.15,"SMA",4,9.63
"pc1","4cpu-i7",0.15,"SMA",2,9.66
"pc1","4cpu-i7",0.15,"SMA",3,9.74
"pc1","4cpu-i7",0.15,"SMA",1,9.76
"pc1","4cpu-i7",0.15,"SMA",1,9.17
"pc1","4cpu-i7",0.15,"SMA",4,9.15
"pc1","4cpu-i7",0.15,"SMA",3,9.28
"pc1","4cpu-i7",0.15,"SMA",2,9.28
"pc1","4cpu-i7",0.15,"SMA",4,9.45
"pc1","4cpu-i7",0.15,"SMA",3,9.55
"pc1","4cpu-i7",0.15,"SMA",2,9.66
"pc1","4cpu-i7",0.15,"SMA",1,9.87
"pc1","4cpu-i7",0.15,"SMA",1,8.86
"pc1","4cpu-i7",0.15,"SMA",4,8.93
"pc1","4cpu-i7",0.15,"SMA",3,8.94
"pc1","4cpu-i7",0.15,"SMA",2,9.04
"pc1","4cpu-i7",0.15,"SMA",3,8.75
"pc1","4cpu-i7",0.15,"SMA",1,9.06
"pc1","4cpu-i7",0.15,"SMA",4,9.06
"pc1","4cpu-i7",0.15,"SMA",2,9.06
"pc1","4cpu-i7",0.15,"SMA",4,9.3
"pc1","4cpu-i7",0.15,"SMA",1,9.52
"pc1","4cpu-i7",0.15,"SMA",3,9.52
"pc1","4cpu-i7",0.15,"SMA",2,9.62
"pc1","4cpu-i7",0.15,"SMA",3,10.08
"pc1","4cpu-i7",0.15,"SMA",4,10.17
"pc1","4cpu-i7",0.15,"SMA",1,10.2
"pc1","4cpu-i7",0.15,"SMA",2,10.2
"pc1","4cpu-i7",0.15,"SMA",2,9.44
"pc1","4cpu-i7",0.15,"SMA",3,9.44
"pc1","4cpu-i7",0.15,"SMA",4,9.53
"pc1","4cpu-i7",0.15,"SMA",1,9.56
"pc1","4cpu-i7",0.15,"SMA",3,10.05
"pc1","4cpu-i7",0.15,"SMA",1,10.08
"pc1","4cpu-i7",0.15,"SMA",2,10.16
"pc1","4cpu-i7",0.15,"SMA",4,10.35
"pc1","4cpu-i7",0.15,"SMA",3,9.45
"pc1","4cpu-i7",0.15,"SMA",1,9.47
"pc1","4cpu-i7",0.15,"SMA",2,9.55
"pc1","4cpu-i7",0.15,"SMA",4,9.54
"pc1","4cpu-i7",0.15,"SMA",1,9.27
"pc1","4cpu-i7",0.15,"SMA",3,9.27
"pc1","4cpu-i7",0.15,"SMA",2,9.57
"pc1","4cpu-i7",0.15,"SMA",4,9.75
"pc1","4cpu-i7",0.15,"SMA",3,9.98
"pc1","4cpu-i7",0.15,"SMA",4,9.98
"pc1","4cpu-i7",0.15,"SMA",1,9.98
"pc1","4cpu-i7",0.15,"SMA",2,10.06
"pc1","4cpu-i7",0.15,"SMA",1,9.95
"pc1","4cpu-i7",0.15,"SMA",3,9.95
"pc1","4cpu-i7",0.15,"SMA",2,9.97
"pc1","4cpu-i7",0.15,"SMA",4,10.14
"pc1","4cpu-i7",0.15,"SMA",3,9.65
"pc1","4cpu-i7",0.15,"SMA",1,9.77
"pc1","4cpu-i7",0.15,"SMA",2,9.87
"pc1","4cpu-i7",0.15,"SMA",4,9.94
"pc1","4cpu-i7",0.15,"SMA",1,10.27
"pc1","4cpu-i7",0.15,"SMA",3,10.55
"pc1","4cpu-i7",0.15,"SMA",2,10.75
"pc1","4cpu-i7",0.15,"SMA",4,10.75
"pc1","4cpu-i7",0.15,"SMA",1,9.67
"pc1","4cpu-i7",0.15,"SMA",4,9.66
"pc1","4cpu-i7",0.15,"SMA",2,9.77
"pc1","4cpu-i7",0.15,"SMA",3,9.77
"pc1","4cpu-i7",0.15,"SMA",1,9.36
"pc1","4cpu-i7",0.15,"SMA",2,9.45
"pc1","4cpu-i7",0.15,"SMA",4,9.44
"pc1","4cpu-i7",0.15,"SMA",3,9.65
"pc1","4cpu-i7",0.15,"SMA",1,9.36
"pc1","4cpu-i7",0.15,"SMA",2,9.54
"pc1","4cpu-i7",0.15,"SMA",4,9.53
"pc1","4cpu-i7",0.15,"SMA",3,9.74
"pc1","4cpu-i7",0.15,"SMA",4,9.43
"pc1","4cpu-i7",0.15,"SMA",1,9.47
"pc1","4cpu-i7",0.15,"SMA",2,9.65
"pc1","4cpu-i7",0.15,"SMA",3,9.84
"pc1","4cpu-i7",0.15,"SMA",4,9.82
"pc1","4cpu-i7",0.15,"SMA",3,9.85
"pc1","4cpu-i7",0.15,"SMA",2,9.94
"pc1","4cpu-i7",0.15,"SMA",1,10.07
"pc1","4cpu-i7",0.15,"SMA",4,9.45
"pc1","4cpu-i7",0.15,"SMA",3,9.55
"pc1","4cpu-i7",0.15,"SMA",2,9.67
"pc1","4cpu-i7",0.15,"SMA",1,9.67
"pc1","4cpu-i7",0.15,"SMA",4,9.54
"pc1","4cpu-i7",0.15,"SMA",3,9.64
"pc1","4cpu-i7",0.15,"SMA",1,9.75
"pc1","4cpu-i7",0.15,"SMA",2,9.75
"pc1","4cpu-i7",0.15,"SMA",4,9.05
"pc1","4cpu-i7",0.15,"SMA",3,9.15
"pc1","4cpu-i7",0.15,"SMA",2,9.48
"pc1","4cpu-i7",0.15,"SMA",1,9.48
"pc1","4cpu-i7",0.15,"SMA",3,9.92
"pc1","4cpu-i7",0.15,"SMA",2,9.94
"pc1","4cpu-i7",0.15,"SMA",4,10.02
"pc1","4cpu-i7",0.15,"SMA",1,10.05
"pc1","4cpu-i7",0.15,"SMA",3,10.37
"pc1","4cpu-i7",0.15,"SMA",2,10.57
"pc1","4cpu-i7",0.15,"SMA",4,10.57
"pc1","4cpu-i7",0.15,"SMA",1,10.78
"pc1","4cpu-i7",0.15,"SMA",2,9.97
"pc1","4cpu-i7",0.15,"SMA",3,10.05
"pc1","4cpu-i7",0.15,"SMA",4,10.05
"pc1","4cpu-i7",0.15,"SMA",1,10.38
"pc1","4cpu-i7",0.15,"SMA",4,9.14
"pc1","4cpu-i7",0.15,"SMA",2,9.16
"pc1","4cpu-i7",0.15,"SMA",3,9.35
"pc1","4cpu-i7",0.15,"SMA",1,9.46
"pc1","4cpu-i7",0.15,"SMA",4,9.86
"pc1","4cpu-i7",0.15,"SMA",3,9.99
"pc1","4cpu-i7",0.15,"SMA",2,9.99
"pc1","4cpu-i7",0.15,"SMA",1,10.1
"pc1","4cpu-i7",0.25,"SMA",2,5.62
"pc1","4cpu-i7",0.25,"SMA",1,5.72
"pc1","4cpu-i7",0.25,"SMA",4,5.69
"pc1","4cpu-i7",0.25,"SMA",3,5.71
"pc1","4cpu-i7",0.25,"SMA",2,5.55
"pc1","4cpu-i7",0.25,"SMA",3,5.55
"pc1","4cpu-i7",0.25,"SMA",4,5.59
"pc1","4cpu-i7",0.25,"SMA",1,5.59
"pc1","4cpu-i7",0.25,"SMA",3,5.3
"pc1","4cpu-i7",0.25,"SMA",4,5.3
"pc1","4cpu-i7",0.25,"SMA",2,5.34
"pc1","4cpu-i7",0.25,"SMA",1,5.35
"pc1","4cpu-i7",0.25,"SMA",3,5.07
"pc1","4cpu-i7",0.25,"SMA",1,5.18
"pc1","4cpu-i7",0.25,"SMA",4,5.18
"pc1","4cpu-i7",0.25,"SMA",2,5.18
"pc1","4cpu-i7",0.25,"SMA",4,4.99
"pc1","4cpu-i7",0.25,"SMA",1,5.02
"pc1","4cpu-i7",0.25,"SMA",3,5.02
"pc1","4cpu-i7",0.25,"SMA",2,5.02
"pc1","4cpu-i7",0.25,"SMA",1,5.04
"pc1","4cpu-i7",0.25,"SMA",4,5.04
"pc1","4cpu-i7",0.25,"SMA",3,5.04
"pc1","4cpu-i7",0.25,"SMA",2,5.04
"pc1","4cpu-i7",0.25,"SMA",4,4.98
"pc1","4cpu-i7",0.25,"SMA",2,5.04
"pc1","4cpu-i7",0.25,"SMA",1,5.14
"pc1","4cpu-i7",0.25,"SMA",3,5.11
"pc1","4cpu-i7",0.25,"SMA",4,4.96
"pc1","4cpu-i7",0.25,"SMA",2,5.07
"pc1","4cpu-i7",0.25,"SMA",1,5.2
"pc1","4cpu-i7",0.25,"SMA",3,5.25
"pc1","4cpu-i7",0.25,"SMA",4,5.17
"pc1","4cpu-i7",0.25,"SMA",1,5.29
"pc1","4cpu-i7",0.25,"SMA",3,5.28
"pc1","4cpu-i7",0.25,"SMA",2,5.38
"pc1","4cpu-i7",0.25,"SMA",1,5.16
"pc1","4cpu-i7",0.25,"SMA",4,5.18
"pc1","4cpu-i7",0.25,"SMA",2,5.19
"pc1","4cpu-i7",0.25,"SMA",3,5.19
"pc1","4cpu-i7",0.25,"SMA",3,5.14
"pc1","4cpu-i7",0.25,"SMA",4,5.14
"pc1","4cpu-i7",0.25,"SMA",2,5.23
"pc1","4cpu-i7",0.25,"SMA",1,5.25
"pc1","4cpu-i7",0.25,"SMA",4,5.18
"pc1","4cpu-i7",0.25,"SMA",2,5.2
"pc1","4cpu-i7",0.25,"SMA",3,5.2
"pc1","4cpu-i7",0.25,"SMA",1,5.2
"pc1","4cpu-i7",0.25,"SMA",3,5.25
"pc1","4cpu-i7",0.25,"SMA",1,5.27
"pc1","4cpu-i7",0.25,"SMA",2,5.27
"pc1","4cpu-i7",0.25,"SMA",4,5.34
"pc1","4cpu-i7",0.25,"SMA",3,5.09
"pc1","4cpu-i7",0.25,"SMA",2,5.09
"pc1","4cpu-i7",0.25,"SMA",1,5.09
"pc1","4cpu-i7",0.25,"SMA",4,5.17
"pc1","4cpu-i7",0.25,"SMA",2,5.26
"pc1","4cpu-i7",0.25,"SMA",3,5.35
"pc1","4cpu-i7",0.25,"SMA",4,5.35
"pc1","4cpu-i7",0.25,"SMA",1,5.37
"pc1","4cpu-i7",0.25,"SMA",2,5.18
"pc1","4cpu-i7",0.25,"SMA",1,5.28
"pc1","4cpu-i7",0.25,"SMA",3,5.45
"pc1","4cpu-i7",0.25,"SMA",4,5.45
"pc1","4cpu-i7",0.25,"SMA",2,5.07
"pc1","4cpu-i7",0.25,"SMA",1,5.07
"pc1","4cpu-i7",0.25,"SMA",3,5.15
"pc1","4cpu-i7",0.25,"SMA",4,5.15
"pc1","4cpu-i7",0.25,"SMA",1,5.19
"pc1","4cpu-i7",0.25,"SMA",2,5.18
"pc1","4cpu-i7",0.25,"SMA",4,5.37
"pc1","4cpu-i7",0.25,"SMA",3,5.37
"pc1","4cpu-i7",0.25,"SMA",1,5.07
"pc1","4cpu-i7",0.25,"SMA",2,5.16
"pc1","4cpu-i7",0.25,"SMA",4,5.15
"pc1","4cpu-i7",0.25,"SMA",3,5.35
"pc1","4cpu-i7",0.25,"SMA",4,5.26
"pc1","4cpu-i7",0.25,"SMA",2,5.26
"pc1","4cpu-i7",0.25,"SMA",1,5.36
"pc1","4cpu-i7",0.25,"SMA",3,5.35
"pc1","4cpu-i7",0.25,"SMA",4,5.15
"pc1","4cpu-i7",0.25,"SMA",2,5.26
"pc1","4cpu-i7",0.25,"SMA",1,5.28
"pc1","4cpu-i7",0.25,"SMA",3,5.36
"pc1","4cpu-i7",0.25,"SMA",4,5.15
"pc1","4cpu-i7",0.25,"SMA",2,5.28
"pc1","4cpu-i7",0.25,"SMA",3,5.38
"pc1","4cpu-i7",0.25,"SMA",1,5.38
"pc1","4cpu-i7",0.25,"SMA",4,5.06
"pc1","4cpu-i7",0.25,"SMA",3,5.29
"pc1","4cpu-i7",0.25,"SMA",1,5.29
"pc1","4cpu-i7",0.25,"SMA",2,5.29
"pc1","4cpu-i7",0.25,"SMA",4,5.03
"pc1","4cpu-i7",0.25,"SMA",3,5.27
"pc1","4cpu-i7",0.25,"SMA",2,5.27
"pc1","4cpu-i7",0.25,"SMA",1,5.38
"pc1","4cpu-i7",0.25,"SMA",4,5.13
"pc1","4cpu-i7",0.25,"SMA",3,5.16
"pc1","4cpu-i7",0.25,"SMA",2,5.25
"pc1","4cpu-i7",0.25,"SMA",1,5.36
"pc1","4cpu-i7",0.25,"SMA",3,4.97
"pc1","4cpu-i7",0.25,"SMA",4,5.04
"pc1","4cpu-i7",0.25,"SMA",2,5.08
"pc1","4cpu-i7",0.25,"SMA",1,5.17
"pc1","4cpu-i7",0.25,"SMA",4,5.07
"pc1","4cpu-i7",0.25,"SMA",3,5.17
"pc1","4cpu-i7",0.25,"SMA",2,5.19
"pc1","4cpu-i7",0.25,"SMA",1,5.38
"pc1","4cpu-i7",0.25,"SMA",4,5.18
"pc1","4cpu-i7",0.25,"SMA",2,5.17
"pc1","4cpu-i7",0.25,"SMA",3,5.17
"pc1","4cpu-i7",0.25,"SMA",1,5.38
"pc1","4cpu-i7",0.25,"SMA",2,5.04
"pc1","4cpu-i7",0.25,"SMA",4,5.22
"pc1","4cpu-i7",0.25,"SMA",3,5.22
"pc1","4cpu-i7",0.25,"SMA",1,5.26
"pc1","4cpu-i7",0.25,"SMA",2,4.94
"pc1","4cpu-i7",0.25,"SMA",3,4.93
"pc1","4cpu-i7",0.25,"SMA",1,5.02
"pc1","4cpu-i7",0.25,"SMA",4,5.02
"pc1","4cpu-i7",0.35,"SMA",3,3.75
"pc1","4cpu-i7",0.35,"SMA",4,3.75
"pc1","4cpu-i7",0.35,"SMA",2,3.85
"pc1","4cpu-i7",0.35,"SMA",1,3.88
"pc1","4cpu-i7",0.35,"SMA",2,3.75
"pc1","4cpu-i7",0.35,"SMA",3,3.83
"pc1","4cpu-i7",0.35,"SMA",4,3.83
"pc1","4cpu-i7",0.35,"SMA",1,3.95
"pc1","4cpu-i7",0.35,"SMA",2,3.47
"pc1","4cpu-i7",0.35,"SMA",3,3.47
"pc1","4cpu-i7",0.35,"SMA",1,3.47
"pc1","4cpu-i7",0.35,"SMA",4,3.47
"pc1","4cpu-i7",0.35,"SMA",3,3.24
"pc1","4cpu-i7",0.35,"SMA",2,3.34
"pc1","4cpu-i7",0.35,"SMA",1,3.35
"pc1","4cpu-i7",0.35,"SMA",4,3.41
"pc1","4cpu-i7",0.35,"SMA",4,3.36
"pc1","4cpu-i7",0.35,"SMA",3,3.47
"pc1","4cpu-i7",0.35,"SMA",2,3.47
"pc1","4cpu-i7",0.35,"SMA",1,3.47
"pc1","4cpu-i7",0.35,"SMA",3,3.46
"pc1","4cpu-i7",0.35,"SMA",2,3.46
"pc1","4cpu-i7",0.35,"SMA",4,3.46
"pc1","4cpu-i7",0.35,"SMA",1,3.49
"pc1","4cpu-i7",0.35,"SMA",4,3.34
"pc1","4cpu-i7",0.35,"SMA",3,3.42
"pc1","4cpu-i7",0.35,"SMA",1,3.45
"pc1","4cpu-i7",0.35,"SMA",2,3.44
"pc1","4cpu-i7",0.35,"SMA",3,3.27
"pc1","4cpu-i7",0.35,"SMA",4,3.27
"pc1","4cpu-i7",0.35,"SMA",1,3.39
"pc1","4cpu-i7",0.35,"SMA",2,3.46
"pc1","4cpu-i7",0.35,"SMA",2,3.39
"pc1","4cpu-i7",0.35,"SMA",4,3.4
"pc1","4cpu-i7",0.35,"SMA",1,3.42
"pc1","4cpu-i7",0.35,"SMA",3,3.42
"pc1","4cpu-i7",0.35,"SMA",2,3.45
"pc1","4cpu-i7",0.35,"SMA",4,3.51
"pc1","4cpu-i7",0.35,"SMA",3,3.52
"pc1","4cpu-i7",0.35,"SMA",1,3.54
"pc1","4cpu-i7",0.35,"SMA",4,3.36
"pc1","4cpu-i7",0.35,"SMA",3,3.39
"pc1","4cpu-i7",0.35,"SMA",2,3.4
"pc1","4cpu-i7",0.35,"SMA",1,3.4
"pc1","4cpu-i7",0.35,"SMA",3,3.45
"pc1","4cpu-i7",0.35,"SMA",4,3.45
"pc1","4cpu-i7",0.35,"SMA",1,3.55
"pc1","4cpu-i7",0.35,"SMA",2,3.55
"pc1","4cpu-i7",0.35,"SMA",3,3.36
"pc1","4cpu-i7",0.35,"SMA",4,3.4
"pc1","4cpu-i7",0.35,"SMA",2,3.4
"pc1","4cpu-i7",0.35,"SMA",1,3.47
"pc1","4cpu-i7",0.35,"SMA",2,3.41
"pc1","4cpu-i7",0.35,"SMA",4,3.48
"pc1","4cpu-i7",0.35,"SMA",1,3.51
"pc1","4cpu-i7",0.35,"SMA",3,3.58
"pc1","4cpu-i7",0.35,"SMA",2,3.38
"pc1","4cpu-i7",0.35,"SMA",4,3.38
"pc1","4cpu-i7",0.35,"SMA",1,3.49
"pc1","4cpu-i7",0.35,"SMA",3,3.48
"pc1","4cpu-i7",0.35,"SMA",2,3.27
"pc1","4cpu-i7",0.35,"SMA",4,3.38
"pc1","4cpu-i7",0.35,"SMA",1,3.38
"pc1","4cpu-i7",0.35,"SMA",3,3.46
"pc1","4cpu-i7",0.35,"SMA",1,3.38
"pc1","4cpu-i7",0.35,"SMA",4,3.38
"pc1","4cpu-i7",0.35,"SMA",2,3.58
"pc1","4cpu-i7",0.35,"SMA",3,3.58
"pc1","4cpu-i7",0.35,"SMA",1,3.35
"pc1","4cpu-i7",0.35,"SMA",2,3.44
"pc1","4cpu-i7",0.35,"SMA",4,3.43
"pc1","4cpu-i7",0.35,"SMA",3,3.45
"pc1","4cpu-i7",0.35,"SMA",1,3.36
"pc1","4cpu-i7",0.35,"SMA",2,3.44
"pc1","4cpu-i7",0.35,"SMA",3,3.45
"pc1","4cpu-i7",0.35,"SMA",4,3.45
"pc1","4cpu-i7",0.35,"SMA",2,3.47
"pc1","4cpu-i7",0.35,"SMA",1,3.47
"pc1","4cpu-i7",0.35,"SMA",3,3.56
"pc1","4cpu-i7",0.35,"SMA",4,3.56
"pc1","4cpu-i7",0.35,"SMA",2,3.48
"pc1","4cpu-i7",0.35,"SMA",1,3.57
"pc1","4cpu-i7",0.35,"SMA",3,3.58
"pc1","4cpu-i7",0.35,"SMA",4,3.58
"pc1","4cpu-i7",0.35,"SMA",2,3.45
"pc1","4cpu-i7",0.35,"SMA",1,3.46
"pc1","4cpu-i7",0.35,"SMA",4,3.46
"pc1","4cpu-i7",0.35,"SMA",3,3.53
"pc1","4cpu-i7",0.35,"SMA",4,3.3
"pc1","4cpu-i7",0.35,"SMA",2,3.4
"pc1","4cpu-i7",0.35,"SMA",1,3.41
"pc1","4cpu-i7",0.35,"SMA",3,3.49
"pc1","4cpu-i7",0.35,"SMA",4,3.36
"pc1","4cpu-i7",0.35,"SMA",2,3.47
"pc1","4cpu-i7",0.35,"SMA",1,3.51
"pc1","4cpu-i7",0.35,"SMA",3,3.51
"pc1","4cpu-i7",0.35,"SMA",4,3.44
"pc1","4cpu-i7",0.35,"SMA",2,3.53
"pc1","4cpu-i7",0.35,"SMA",3,3.54
"pc1","4cpu-i7",0.35,"SMA",1,3.54
"pc1","4cpu-i7",0.35,"SMA",4,3.5
"pc1","4cpu-i7",0.35,"SMA",1,3.5
"pc1","4cpu-i7",0.35,"SMA",2,3.56
"pc1","4cpu-i7",0.35,"SMA",3,3.55
"pc1","4cpu-i7",0.35,"SMA",4,3.46
"pc1","4cpu-i7",0.35,"SMA",3,3.57
"pc1","4cpu-i7",0.35,"SMA",1,3.57
"pc1","4cpu-i7",0.35,"SMA",2,3.59
"pc1","4cpu-i7",0.35,"SMA",3,3.35
"pc1","4cpu-i7",0.35,"SMA",4,3.42
"pc1","4cpu-i7",0.35,"SMA",1,3.45
"pc1","4cpu-i7",0.35,"SMA",2,3.45
"pc1","4cpu-i7",0.35,"SMA",3,3.35
"pc1","4cpu-i7",0.35,"SMA",4,3.36
"pc1","4cpu-i7",0.35,"SMA",2,3.49
"pc1","4cpu-i7",0.35,"SMA",1,3.49
"pc1","4cpu-i7",0.35,"SMA",3,3.38
"pc1","4cpu-i7",0.35,"SMA",4,3.47
"pc1","4cpu-i7",0.35,"SMA",2,3.49
"pc1","4cpu-i7",0.35,"SMA",1,3.49
"pc1","4cpu-i7",0.45,"SMA",3,2.74
"pc1","4cpu-i7",0.45,"SMA",1,2.82
"pc1","4cpu-i7",0.45,"SMA",4,2.82
"pc1","4cpu-i7",0.45,"SMA",2,2.91
"pc1","4cpu-i7",0.45,"SMA",4,2.87
"pc1","4cpu-i7",0.45,"SMA",1,2.89
"pc1","4cpu-i7",0.45,"SMA",3,2.9
"pc1","4cpu-i7",0.45,"SMA",2,2.91
"pc1","4cpu-i7",0.45,"SMA",3,2.64
"pc1","4cpu-i7",0.45,"SMA",4,2.64
"pc1","4cpu-i7",0.45,"SMA",1,2.66
"pc1","4cpu-i7",0.45,"SMA",2,2.67
"pc1","4cpu-i7",0.45,"SMA",4,2.51
"pc1","4cpu-i7",0.45,"SMA",3,2.59
"pc1","4cpu-i7",0.45,"SMA",2,2.64
"pc1","4cpu-i7",0.45,"SMA",1,2.64
"pc1","4cpu-i7",0.45,"SMA",2,2.58
"pc1","4cpu-i7",0.45,"SMA",1,2.64
"pc1","4cpu-i7",0.45,"SMA",3,2.63
"pc1","4cpu-i7",0.45,"SMA",4,2.63
"pc1","4cpu-i7",0.45,"SMA",3,2.6
"pc1","4cpu-i7",0.45,"SMA",4,2.67
"pc1","4cpu-i7",0.45,"SMA",1,2.7
"pc1","4cpu-i7",0.45,"SMA",2,2.7
"pc1","4cpu-i7",0.45,"SMA",2,2.58
"pc1","4cpu-i7",0.45,"SMA",1,2.6
"pc1","4cpu-i7",0.45,"SMA",3,2.47
"pc1","4cpu-i7",0.45,"SMA",4,2.53
"pc1","4cpu-i7",0.45,"SMA",2,2.56
"pc1","4cpu-i7",0.45,"SMA",1,2.57
"pc1","4cpu-i7",0.45,"SMA",2,2.54
"pc1","4cpu-i7",0.45,"SMA",4,2.54
"pc1","4cpu-i7",0.45,"SMA",3,2.59
"pc1","4cpu-i7",0.45,"SMA",1,2.59
"pc1","4cpu-i7",0.45,"SMA",2,2.44
"pc1","4cpu-i7",0.45,"SMA",1,2.52
"pc1","4cpu-i7",0.45,"SMA",4,2.57
"pc1","4cpu-i7",0.45,"SMA",3,2.6
"pc1","4cpu-i7",0.45,"SMA",1,2.55
"pc1","4cpu-i7",0.45,"SMA",2,2.55
"pc1","4cpu-i7",0.45,"SMA",4,2.61
"pc1","4cpu-i7",0.45,"SMA",3,2.62
"pc1","4cpu-i7",0.45,"SMA",1,2.6
"pc1","4cpu-i7",0.45,"SMA",3,2.59
"pc1","4cpu-i7",0.45,"SMA",2,2.59
"pc1","4cpu-i7",0.45,"SMA",4,2.59
"pc1","4cpu-i7",0.45,"SMA",2,2.44
"pc1","4cpu-i7",0.45,"SMA",1,2.53
"pc1","4cpu-i7",0.45,"SMA",3,2.52
"pc1","4cpu-i7",0.45,"SMA",4,2.56
"pc1","4cpu-i7",0.45,"SMA",1,2.61
"pc1","4cpu-i7",0.45,"SMA",2,2.67
"pc1","4cpu-i7",0.45,"SMA",4,2.68
"pc1","4cpu-i7",0.45,"SMA",3,2.68
"pc1","4cpu-i7",0.45,"SMA",1,2.56
"pc1","4cpu-i7",0.45,"SMA",2,2.59
"pc1","4cpu-i7",0.45,"SMA",3,2.65
"pc1","4cpu-i7",0.45,"SMA",4,2.65
"pc1","4cpu-i7",0.45,"SMA",2,2.56
"pc1","4cpu-i7",0.45,"SMA",1,2.58
"pc1","4cpu-i7",0.45,"SMA",4,2.66
"pc1","4cpu-i7",0.45,"SMA",3,2.67
"pc1","4cpu-i7",0.45,"SMA",1,2.5
"pc1","4cpu-i7",0.45,"SMA",2,2.5
"pc1","4cpu-i7",0.45,"SMA",4,2.65
"pc1","4cpu-i7",0.45,"SMA",3,2.68
"pc1","4cpu-i7",0.45,"SMA",2,2.57
"pc1","4cpu-i7",0.45,"SMA",1,2.58
"pc1","4cpu-i7",0.45,"SMA",4,2.66
"pc1","4cpu-i7",0.45,"SMA",3,2.66
"pc1","4cpu-i7",0.45,"SMA",1,2.58
"pc1","4cpu-i7",0.45,"SMA",2,2.67
"pc1","4cpu-i7",0.45,"SMA",4,2.67
"pc1","4cpu-i7",0.45,"SMA",3,2.75
"pc1","4cpu-i7",0.45,"SMA",2,2.51
"pc1","4cpu-i7",0.45,"SMA",4,2.5
"pc1","4cpu-i7",0.45,"SMA",1,2.53
"pc1","4cpu-i7",0.45,"SMA",3,2.6
"pc1","4cpu-i7",0.45,"SMA",2,2.57
"pc1","4cpu-i7",0.45,"SMA",3,2.65
"pc1","4cpu-i7",0.45,"SMA",1,2.68
"pc1","4cpu-i7",0.45,"SMA",4,2.67
"pc1","4cpu-i7",0.45,"SMA",2,2.55
"pc1","4cpu-i7",0.45,"SMA",4,2.56
"pc1","4cpu-i7",0.45,"SMA",1,2.66
"pc1","4cpu-i7",0.45,"SMA",3,2.66
"pc1","4cpu-i7",0.45,"SMA",2,2.68
"pc1","4cpu-i7",0.45,"SMA",3,2.7
"pc1","4cpu-i7",0.45,"SMA",1,2.7
"pc1","4cpu-i7",0.45,"SMA",4,2.71
"pc1","4cpu-i7",0.45,"SMA",3,2.49
"pc1","4cpu-i7",0.45,"SMA",4,2.5
"pc1","4cpu-i7",0.45,"SMA",1,2.6
"pc1","4cpu-i7",0.45,"SMA",2,2.59
"pc1","4cpu-i7",0.45,"SMA",4,2.59
"pc1","4cpu-i7",0.45,"SMA",3,2.59
"pc1","4cpu-i7",0.45,"SMA",1,2.66
"pc1","4cpu-i7",0.45,"SMA",2,2.67
"pc1","4cpu-i7",0.45,"SMA",4,2.48
"pc1","4cpu-i7",0.45,"SMA",1,2.59
"pc1","4cpu-i7",0.45,"SMA",2,2.59
"pc1","4cpu-i7",0.45,"SMA",3,2.6
"pc1","4cpu-i7",0.45,"SMA",4,2.56
"pc1","4cpu-i7",0.45,"SMA",1,2.65
"pc1","4cpu-i7",0.45,"SMA",3,2.65
"pc1","4cpu-i7",0.45,"SMA",2,2.67
"pc1","4cpu-i7",0.45,"SMA",1,2.56
"pc1","4cpu-i7",0.45,"SMA",4,2.56
"pc1","4cpu-i7",0.45,"SMA",3,2.63
"pc1","4cpu-i7",0.45,"SMA",2,2.66
"pc1","4cpu-i7",0.45,"SMA",4,2.55
"pc1","4cpu-i7",0.45,"SMA",3,2.59
"pc1","4cpu-i7",0.45,"SMA",1,2.58
"pc1","4cpu-i7",0.45,"SMA",2,2.59
"pc1","4cpu-i7",0.45,"SMA",2,2.64
"pc1","4cpu-i7",0.45,"SMA",1,2.65
"pc1","4cpu-i7",0.45,"SMA",4,2.63
"pc1","4cpu-i7",0.45,"SMA",3,2.7
"pc1","4cpu-i7",0.55,"SMA",2,2.29
"pc1","4cpu-i7",0.55,"SMA",1,2.29
"pc1","4cpu-i7",0.55,"SMA",4,2.29
"pc1","4cpu-i7",0.55,"SMA",3,2.31
"pc1","4cpu-i7",0.55,"SMA",1,2.27
"pc1","4cpu-i7",0.55,"SMA",4,2.27
"pc1","4cpu-i7",0.55,"SMA",3,2.37
"pc1","4cpu-i7",0.55,"SMA",2,2.37
"pc1","4cpu-i7",0.55,"SMA",3,2.05
"pc1","4cpu-i7",0.55,"SMA",2,2.05
"pc1","4cpu-i7",0.55,"SMA",1,2.08
"pc1","4cpu-i7",0.55,"SMA",4,2.12
"pc1","4cpu-i7",0.55,"SMA",3,1.99
"pc1","4cpu-i7",0.55,"SMA",4,1.99
"pc1","4cpu-i7",0.55,"SMA",1,2.08
"pc1","4cpu-i7",0.55,"SMA",2,2.09
"pc1","4cpu-i7",0.55,"SMA",3,2.06
"pc1","4cpu-i7",0.55,"SMA",2,2.06
"pc1","4cpu-i7",0.55,"SMA",1,2.17
"pc1","4cpu-i7",0.55,"SMA",4,2.15
"pc1","4cpu-i7",0.55,"SMA",2,2.07
"pc1","4cpu-i7",0.55,"SMA",1,2.07
"pc1","4cpu-i7",0.55,"SMA",3,2.17
"pc1","4cpu-i7",0.55,"SMA",4,2.16
"pc1","4cpu-i7",0.55,"SMA",1,2.06
"pc1","4cpu-i7",0.55,"SMA",4,2.07
"pc1","4cpu-i7",0.55,"SMA",3,2.07
"pc1","4cpu-i7",0.55,"SMA",2,2.09
"pc1","4cpu-i7",0.55,"SMA",4,2.06
"pc1","4cpu-i7",0.55,"SMA",3,2.06
"pc1","4cpu-i7",0.55,"SMA",1,2.12
"pc1","4cpu-i7",0.55,"SMA",2,2.12
"pc1","4cpu-i7",0.55,"SMA",2,2.01
"pc1","4cpu-i7",0.55,"SMA",3,2.07
"pc1","4cpu-i7",0.55,"SMA",1,2.09
"pc1","4cpu-i7",0.55,"SMA",4,2.07
"pc1","4cpu-i7",0.55,"SMA",4,1.99
"pc1","4cpu-i7",0.55,"SMA",2,2.01
"pc1","4cpu-i7",0.55,"SMA",1,2.07
"pc1","4cpu-i7",0.55,"SMA",3,2.07
"pc1","4cpu-i7",0.55,"SMA",1,2.06
"pc1","4cpu-i7",0.55,"SMA",4,2.06
"pc1","4cpu-i7",0.55,"SMA",2,2.1
"pc1","4cpu-i7",0.55,"SMA",3,2.14
"pc1","4cpu-i7",0.55,"SMA",2,2.01
"pc1","4cpu-i7",0.55,"SMA",4,1.99
"pc1","4cpu-i7",0.55,"SMA",1,2.1
"pc1","4cpu-i7",0.55,"SMA",3,2.1
"pc1","4cpu-i7",0.55,"SMA",2,2.05
"pc1","4cpu-i7",0.55,"SMA",4,2.05
"pc1","4cpu-i7",0.55,"SMA",1,2.07
"pc1","4cpu-i7",0.55,"SMA",3,2.07
"pc1","4cpu-i7",0.55,"SMA",1,2.01
"pc1","4cpu-i7",0.55,"SMA",2,2.01
"pc1","4cpu-i7",0.55,"SMA",3,2.06
"pc1","4cpu-i7",0.55,"SMA",4,2.07
"pc1","4cpu-i7",0.55,"SMA",4,2.07
"pc1","4cpu-i7",0.55,"SMA",1,2.09
"pc1","4cpu-i7",0.55,"SMA",3,2.09
"pc1","4cpu-i7",0.55,"SMA",2,2.15
"pc1","4cpu-i7",0.55,"SMA",3,2.06
"pc1","4cpu-i7",0.55,"SMA",1,2.1
"pc1","4cpu-i7",0.55,"SMA",2,2.08
"pc1","4cpu-i7",0.55,"SMA",4,2.08
"pc1","4cpu-i7",0.55,"SMA",2,2.06
"pc1","4cpu-i7",0.55,"SMA",1,2.07
"pc1","4cpu-i7",0.55,"SMA",4,2.07
"pc1","4cpu-i7",0.55,"SMA",3,2.14
"pc1","4cpu-i7",0.55,"SMA",1,1.99
"pc1","4cpu-i7",0.55,"SMA",3,2.05
"pc1","4cpu-i7",0.55,"SMA",4,2.07
"pc1","4cpu-i7",0.55,"SMA",2,2.09
"pc1","4cpu-i7",0.55,"SMA",1,1.96
"pc1","4cpu-i7",0.55,"SMA",3,2.04
"pc1","4cpu-i7",0.55,"SMA",2,2.05
"pc1","4cpu-i7",0.55,"SMA",4,2.05
"pc1","4cpu-i7",0.55,"SMA",1,2.05
"pc1","4cpu-i7",0.55,"SMA",3,2.07
"pc1","4cpu-i7",0.55,"SMA",2,2.14
"pc1","4cpu-i7",0.55,"SMA",4,2.13
"pc1","4cpu-i7",0.55,"SMA",1,1.97
"pc1","4cpu-i7",0.55,"SMA",4,2.05
"pc1","4cpu-i7",0.55,"SMA",2,2.08
"pc1","4cpu-i7",0.55,"SMA",3,2.08
"pc1","4cpu-i7",0.55,"SMA",4,2.05
"pc1","4cpu-i7",0.55,"SMA",3,2.09
"pc1","4cpu-i7",0.55,"SMA",1,2.09
"pc1","4cpu-i7",0.55,"SMA",2,2.09
"pc1","4cpu-i7",0.55,"SMA",1,2.14
"pc1","4cpu-i7",0.55,"SMA",2,2.12
"pc1","4cpu-i7",0.55,"SMA",3,2.17
"pc1","4cpu-i7",0.55,"SMA",4,2.17
"pc1","4cpu-i7",0.55,"SMA",4,2.13
"pc1","4cpu-i7",0.55,"SMA",3,2.13
"pc1","4cpu-i7",0.55,"SMA",2,2.16
"pc1","4cpu-i7",0.55,"SMA",1,2.16
"pc1","4cpu-i7",0.55,"SMA",4,1.99
"pc1","4cpu-i7",0.55,"SMA",3,2.01
"pc1","4cpu-i7",0.55,"SMA",1,2.14
"pc1","4cpu-i7",0.55,"SMA",2,2.13
"pc1","4cpu-i7",0.55,"SMA",4,1.98
"pc1","4cpu-i7",0.55,"SMA",2,2.07
"pc1","4cpu-i7",0.55,"SMA",1,2.08
"pc1","4cpu-i7",0.55,"SMA",3,2.08
"pc1","4cpu-i7",0.55,"SMA",1,2.08
"pc1","4cpu-i7",0.55,"SMA",2,2.08
"pc1","4cpu-i7",0.55,"SMA",3,2.14
"pc1","4cpu-i7",0.55,"SMA",4,2.15
"pc1","4cpu-i7",0.55,"SMA",3,2.02
"pc1","4cpu-i7",0.55,"SMA",4,2.08
"pc1","4cpu-i7",0.55,"SMA",1,2.14
"pc1","4cpu-i7",0.55,"SMA",2,2.13
"pc1","4cpu-i7",0.55,"SMA",2,2.05
"pc1","4cpu-i7",0.55,"SMA",1,2.07
"pc1","4cpu-i7",0.55,"SMA",3,2.13
"pc1","4cpu-i7",0.55,"SMA",4,2.14
"pc1","4cpu-i7",0.55,"SMA",3,2.06
"pc1","4cpu-i7",0.55,"SMA",4,2.07
"pc1","4cpu-i7",0.55,"SMA",2,2.1
"pc1","4cpu-i7",0.55,"SMA",1,2.15
"pc1","4cpu-i7",0.65,"SMA",4,1.88
"pc1","4cpu-i7",0.65,"SMA",3,1.96
"pc1","4cpu-i7",0.65,"SMA",1,1.96
"pc1","4cpu-i7",0.65,"SMA",2,1.96
"pc1","4cpu-i7",0.65,"SMA",1,1.93
"pc1","4cpu-i7",0.65,"SMA",2,1.97
"pc1","4cpu-i7",0.65,"SMA",3,1.97
"pc1","4cpu-i7",0.65,"SMA",4,1.97
"pc1","4cpu-i7",0.65,"SMA",1,1.69
"pc1","4cpu-i7",0.65,"SMA",4,1.71
"pc1","4cpu-i7",0.65,"SMA",2,1.7
"pc1","4cpu-i7",0.65,"SMA",3,1.7
"pc1","4cpu-i7",0.65,"SMA",3,1.68
"pc1","4cpu-i7",0.65,"SMA",1,1.73
"pc1","4cpu-i7",0.65,"SMA",2,1.75
"pc1","4cpu-i7",0.65,"SMA",4,1.75
"pc1","4cpu-i7",0.65,"SMA",4,1.77
"pc1","4cpu-i7",0.65,"SMA",3,1.78
"pc1","4cpu-i7",0.65,"SMA",1,1.78
"pc1","4cpu-i7",0.65,"SMA",2,1.78
"pc1","4cpu-i7",0.65,"SMA",2,1.68
"pc1","4cpu-i7",0.65,"SMA",4,1.68
"pc1","4cpu-i7",0.65,"SMA",1,1.74
"pc1","4cpu-i7",0.65,"SMA",3,1.74
"pc1","4cpu-i7",0.65,"SMA",3,1.72
"pc1","4cpu-i7",0.65,"SMA",1,1.72
"pc1","4cpu-i7",0.65,"SMA",4,1.75
"pc1","4cpu-i7",0.65,"SMA",2,1.77
"pc1","4cpu-i7",0.65,"SMA",3,1.68
"pc1","4cpu-i7",0.65,"SMA",4,1.68
"pc1","4cpu-i7",0.65,"SMA",1,1.68
"pc1","4cpu-i7",0.65,"SMA",2,1.71
"pc1","4cpu-i7",0.65,"SMA",2,1.69
"pc1","4cpu-i7",0.65,"SMA",4,1.73
"pc1","4cpu-i7",0.65,"SMA",1,1.75
"pc1","4cpu-i7",0.65,"SMA",3,1.75
"pc1","4cpu-i7",0.65,"SMA",3,1.68
"pc1","4cpu-i7",0.65,"SMA",4,1.68
"pc1","4cpu-i7",0.65,"SMA",1,1.71
"pc1","4cpu-i7",0.65,"SMA",2,1.7
"pc1","4cpu-i7",0.65,"SMA",4,1.65
"pc1","4cpu-i7",0.65,"SMA",2,1.71
"pc1","4cpu-i7",0.65,"SMA",1,1.74
"pc1","4cpu-i7",0.65,"SMA",3,1.74
"pc1","4cpu-i7",0.65,"SMA",1,1.73
"pc1","4cpu-i7",0.65,"SMA",2,1.73
"pc1","4cpu-i7",0.65,"SMA",4,1.75
"pc1","4cpu-i7",0.65,"SMA",3,1.75
"pc1","4cpu-i7",0.65,"SMA",4,1.75
"pc1","4cpu-i7",0.65,"SMA",3,1.75
"pc1","4cpu-i7",0.65,"SMA",2,1.75
"pc1","4cpu-i7",0.65,"SMA",1,1.77
"pc1","4cpu-i7",0.65,"SMA",2,1.72
"pc1","4cpu-i7",0.65,"SMA",3,1.72
"pc1","4cpu-i7",0.65,"SMA",1,1.76
"pc1","4cpu-i7",0.65,"SMA",4,1.73
"pc1","4cpu-i7",0.65,"SMA",2,1.74
"pc1","4cpu-i7",0.65,"SMA",1,1.75
"pc1","4cpu-i7",0.65,"SMA",4,1.74
"pc1","4cpu-i7",0.65,"SMA",3,1.77
"pc1","4cpu-i7",0.65,"SMA",1,1.71
"pc1","4cpu-i7",0.65,"SMA",4,1.74
"pc1","4cpu-i7",0.65,"SMA",2,1.76
"pc1","4cpu-i7",0.65,"SMA",3,1.76
"pc1","4cpu-i7",0.65,"SMA",1,1.69
"pc1","4cpu-i7",0.65,"SMA",2,1.72
"pc1","4cpu-i7",0.65,"SMA",4,1.74
"pc1","4cpu-i7",0.65,"SMA",3,1.77
"pc1","4cpu-i7",0.65,"SMA",1,1.7
"pc1","4cpu-i7",0.65,"SMA",2,1.7
"pc1","4cpu-i7",0.65,"SMA",3,1.77
"pc1","4cpu-i7",0.65,"SMA",4,1.77
"pc1","4cpu-i7",0.65,"SMA",3,1.74
"pc1","4cpu-i7",0.65,"SMA",1,1.77
"pc1","4cpu-i7",0.65,"SMA",2,1.77
"pc1","4cpu-i7",0.65,"SMA",4,1.77
"pc1","4cpu-i7",0.65,"SMA",1,1.78
"pc1","4cpu-i7",0.65,"SMA",2,1.78
"pc1","4cpu-i7",0.65,"SMA",3,1.78
"pc1","4cpu-i7",0.65,"SMA",4,1.78
"pc1","4cpu-i7",0.65,"SMA",1,1.75
"pc1","4cpu-i7",0.65,"SMA",3,1.73
"pc1","4cpu-i7",0.65,"SMA",2,1.76
"pc1","4cpu-i7",0.65,"SMA",4,1.76
"pc1","4cpu-i7",0.65,"SMA",2,1.74
"pc1","4cpu-i7",0.65,"SMA",3,1.75
"pc1","4cpu-i7",0.65,"SMA",4,1.75
"pc1","4cpu-i7",0.65,"SMA",1,1.78
"pc1","4cpu-i7",0.65,"SMA",3,1.77
"pc1","4cpu-i7",0.65,"SMA",1,1.77
"pc1","4cpu-i7",0.65,"SMA",4,1.77
"pc1","4cpu-i7",0.65,"SMA",2,1.77
"pc1","4cpu-i7",0.65,"SMA",1,1.72
"pc1","4cpu-i7",0.65,"SMA",2,1.72
"pc1","4cpu-i7",0.65,"SMA",4,1.76
"pc1","4cpu-i7",0.65,"SMA",3,1.79
"pc1","4cpu-i7",0.65,"SMA",1,1.77
"pc1","4cpu-i7",0.65,"SMA",4,1.76
"pc1","4cpu-i7",0.65,"SMA",2,1.76
"pc1","4cpu-i7",0.65,"SMA",3,1.77
"pc1","4cpu-i7",0.65,"SMA",1,1.76
"pc1","4cpu-i7",0.65,"SMA",4,1.77
"pc1","4cpu-i7",0.65,"SMA",2,1.77
"pc1","4cpu-i7",0.65,"SMA",3,1.78
"pc1","4cpu-i7",0.65,"SMA",4,1.74
"pc1","4cpu-i7",0.65,"SMA",3,1.78
"pc1","4cpu-i7",0.65,"SMA",1,1.77
"pc1","4cpu-i7",0.65,"SMA",2,1.78
"pc1","4cpu-i7",0.65,"SMA",3,1.7
"pc1","4cpu-i7",0.65,"SMA",1,1.72
"pc1","4cpu-i7",0.65,"SMA",4,1.72
"pc1","4cpu-i7",0.65,"SMA",2,1.8
"pc1","4cpu-i7",0.65,"SMA",2,1.77
"pc1","4cpu-i7",0.65,"SMA",1,1.77
"pc1","4cpu-i7",0.65,"SMA",3,1.76
"pc1","4cpu-i7",0.65,"SMA",4,1.75
"pc1","4cpu-i7",0.65,"SMA",2,1.74
"pc1","4cpu-i7",0.65,"SMA",1,1.76
"pc1","4cpu-i7",0.65,"SMA",3,1.77
"pc1","4cpu-i7",0.65,"SMA",4,1.75
"pc1","4cpu-i7",0.75,"SMA",4,1.61
"pc1","4cpu-i7",0.75,"SMA",2,5.04
"pc1","4cpu-i7",0.75,"SMA",3,1.68
"pc1","4cpu-i7",0.75,"SMA",1,1.68
"pc1","4cpu-i7",0.75,"SMA",1,1.66
"pc1","4cpu-i7",0.75,"SMA",2,1.65
"pc1","4cpu-i7",0.75,"SMA",3,1.69
"pc1","4cpu-i7",0.75,"SMA",4,1.69
"pc1","4cpu-i7",0.75,"SMA",1,1.44
"pc1","4cpu-i7",0.75,"SMA",2,1.46
"pc1","4cpu-i7",0.75,"SMA",4,1.49
"pc1","4cpu-i7",0.75,"SMA",3,1.5
"pc1","4cpu-i7",0.75,"SMA",2,1.45
"pc1","4cpu-i7",0.75,"SMA",3,1.45
"pc1","4cpu-i7",0.75,"SMA",1,1.53
"pc1","4cpu-i7",0.75,"SMA",4,1.52
"pc1","4cpu-i7",0.75,"SMA",2,1.42
"pc1","4cpu-i7",0.75,"SMA",4,1.42
"pc1","4cpu-i7",0.75,"SMA",1,1.51
"pc1","4cpu-i7",0.75,"SMA",3,1.44
"pc1","4cpu-i7",0.75,"SMA",1,1.46
"pc1","4cpu-i7",0.75,"SMA",4,1.44
"pc1","4cpu-i7",0.75,"SMA",2,1.47
"pc1","4cpu-i7",0.75,"SMA",3,1.48
"pc1","4cpu-i7",0.75,"SMA",3,1.45
"pc1","4cpu-i7",0.75,"SMA",2,1.47
"pc1","4cpu-i7",0.75,"SMA",4,1.5
"pc1","4cpu-i7",0.75,"SMA",1,1.53
"pc1","4cpu-i7",0.75,"SMA",3,1.51
"pc1","4cpu-i7",0.75,"SMA",4,1.51
"pc1","4cpu-i7",0.75,"SMA",1,1.51
"pc1","4cpu-i7",0.75,"SMA",2,1.51
"pc1","4cpu-i7",0.75,"SMA",4,1.42
"pc1","4cpu-i7",0.75,"SMA",3,1.46
"pc1","4cpu-i7",0.75,"SMA",1,1.5
"pc1","4cpu-i7",0.75,"SMA",2,1.49
"pc1","4cpu-i7",0.75,"SMA",3,1.45
"pc1","4cpu-i7",0.75,"SMA",4,1.46
"pc1","4cpu-i7",0.75,"SMA",1,1.49
"pc1","4cpu-i7",0.75,"SMA",2,1.49
"pc1","4cpu-i7",0.75,"SMA",2,1.47
"pc1","4cpu-i7",0.75,"SMA",3,1.48
"pc1","4cpu-i7",0.75,"SMA",1,1.5
"pc1","4cpu-i7",0.75,"SMA",4,1.49
"pc1","4cpu-i7",0.75,"SMA",2,1.45
"pc1","4cpu-i7",0.75,"SMA",1,1.48
"pc1","4cpu-i7",0.75,"SMA",4,1.48
"pc1","4cpu-i7",0.75,"SMA",3,1.5
"pc1","4cpu-i7",0.75,"SMA",1,1.43
"pc1","4cpu-i7",0.75,"SMA",2,1.43
"pc1","4cpu-i7",0.75,"SMA",3,1.48
"pc1","4cpu-i7",0.75,"SMA",4,1.5
"pc1","4cpu-i7",0.75,"SMA",1,1.47
"pc1","4cpu-i7",0.75,"SMA",3,1.47
"pc1","4cpu-i7",0.75,"SMA",2,1.49
"pc1","4cpu-i7",0.75,"SMA",4,1.53
"pc1","4cpu-i7",0.75,"SMA",1,1.46
"pc1","4cpu-i7",0.75,"SMA",2,1.49
"pc1","4cpu-i7",0.75,"SMA",4,1.52
"pc1","4cpu-i7",0.75,"SMA",3,1.56
"pc1","4cpu-i7",0.75,"SMA",2,1.47
"pc1","4cpu-i7",0.75,"SMA",1,1.51
"pc1","4cpu-i7",0.75,"SMA",4,1.51
"pc1","4cpu-i7",0.75,"SMA",3,1.5
"pc1","4cpu-i7",0.75,"SMA",2,1.46
"pc1","4cpu-i7",0.75,"SMA",4,1.47
"pc1","4cpu-i7",0.75,"SMA",1,1.49
"pc1","4cpu-i7",0.75,"SMA",3,1.53
"pc1","4cpu-i7",0.75,"SMA",1,1.48
"pc1","4cpu-i7",0.75,"SMA",2,1.46
"pc1","4cpu-i7",0.75,"SMA",3,1.46
"pc1","4cpu-i7",0.75,"SMA",4,1.51
"pc1","4cpu-i7",0.75,"SMA",1,1.44
"pc1","4cpu-i7",0.75,"SMA",2,1.49
"pc1","4cpu-i7",0.75,"SMA",4,1.5
"pc1","4cpu-i7",0.75,"SMA",3,1.52
"pc1","4cpu-i7",0.75,"SMA",3,1.45
"pc1","4cpu-i7",0.75,"SMA",4,1.46
"pc1","4cpu-i7",0.75,"SMA",1,1.53
"pc1","4cpu-i7",0.75,"SMA",2,1.53
"pc1","4cpu-i7",0.75,"SMA",1,1.47
"pc1","4cpu-i7",0.75,"SMA",3,1.49
"pc1","4cpu-i7",0.75,"SMA",4,1.49
"pc1","4cpu-i7",0.75,"SMA",2,1.52
"pc1","4cpu-i7",0.75,"SMA",4,1.46
"pc1","4cpu-i7",0.75,"SMA",3,1.46
"pc1","4cpu-i7",0.75,"SMA",2,1.54
"pc1","4cpu-i7",0.75,"SMA",1,1.54
"pc1","4cpu-i7",0.75,"SMA",3,1.48
"pc1","4cpu-i7",0.75,"SMA",2,1.52
"pc1","4cpu-i7",0.75,"SMA",4,1.51
"pc1","4cpu-i7",0.75,"SMA",1,1.55
"pc1","4cpu-i7",0.75,"SMA",1,1.48
"pc1","4cpu-i7",0.75,"SMA",2,1.5
"pc1","4cpu-i7",0.75,"SMA",3,1.51
"pc1","4cpu-i7",0.75,"SMA",4,1.51
"pc1","4cpu-i7",0.75,"SMA",3,1.5
"pc1","4cpu-i7",0.75,"SMA",1,1.5
"pc1","4cpu-i7",0.75,"SMA",4,1.5
"pc1","4cpu-i7",0.75,"SMA",2,1.53
"pc1","4cpu-i7",0.75,"SMA",4,1.47
"pc1","4cpu-i7",0.75,"SMA",2,1.51
"pc1","4cpu-i7",0.75,"SMA",3,1.54
"pc1","4cpu-i7",0.75,"SMA",1,1.56
"pc1","4cpu-i7",0.75,"SMA",3,1.47
"pc1","4cpu-i7",0.75,"SMA",4,1.47
"pc1","4cpu-i7",0.75,"SMA",1,1.51
"pc1","4cpu-i7",0.75,"SMA",2,1.51
"pc1","4cpu-i7",0.75,"SMA",3,1.48
"pc1","4cpu-i7",0.75,"SMA",2,1.49
"pc1","4cpu-i7",0.75,"SMA",1,1.55
"pc1","4cpu-i7",0.75,"SMA",4,1.54
"pc1","4cpu-i7",0.75,"SMA",2,1.47
"pc1","4cpu-i7",0.75,"SMA",3,1.48
"pc1","4cpu-i7",0.75,"SMA",4,1.52
"pc1","4cpu-i7",0.75,"SMA",1,1.52
"pc1","4cpu-i7",0.75,"SMA",4,1.48
"pc1","4cpu-i7",0.75,"SMA",1,1.48
"pc1","4cpu-i7",0.75,"SMA",3,1.5
"pc1","4cpu-i7",0.75,"SMA",2,1.53
"pc1","4cpu-i7",0.85,"SMA",3,1.44
"pc1","4cpu-i7",0.85,"SMA",4,1.44
"pc1","4cpu-i7",0.85,"SMA",2,1.51
"pc1","4cpu-i7",0.85,"SMA",1,1.54
"pc1","4cpu-i7",0.85,"SMA",4,1.47
"pc1","4cpu-i7",0.85,"SMA",3,1.5
"pc1","4cpu-i7",0.85,"SMA",2,1.54
"pc1","4cpu-i7",0.85,"SMA",1,1.55
"pc1","4cpu-i7",0.85,"SMA",1,1.3
"pc1","4cpu-i7",0.85,"SMA",2,1.3
"pc1","4cpu-i7",0.85,"SMA",3,1.34
"pc1","4cpu-i7",0.85,"SMA",4,1.35
"pc1","4cpu-i7",0.85,"SMA",2,1.31
"pc1","4cpu-i7",0.85,"SMA",1,1.31
"pc1","4cpu-i7",0.85,"SMA",3,1.31
"pc1","4cpu-i7",0.85,"SMA",4,1.31
"pc1","4cpu-i7",0.85,"SMA",2,1.32
"pc1","4cpu-i7",0.85,"SMA",1,1.32
"pc1","4cpu-i7",0.85,"SMA",4,3.47
"pc1","4cpu-i7",0.85,"SMA",3,3.47
"pc1","4cpu-i7",0.85,"SMA",2,1.28
"pc1","4cpu-i7",0.85,"SMA",4,1.29
"pc1","4cpu-i7",0.85,"SMA",3,1.32
"pc1","4cpu-i7",0.85,"SMA",1,1.32
"pc1","4cpu-i7",0.85,"SMA",1,1.31
"pc1","4cpu-i7",0.85,"SMA",3,1.31
"pc1","4cpu-i7",0.85,"SMA",2,1.35
"pc1","4cpu-i7",0.85,"SMA",4,1.34
"pc1","4cpu-i7",0.85,"SMA",1,1.3
"pc1","4cpu-i7",0.85,"SMA",3,1.31
"pc1","4cpu-i7",0.85,"SMA",2,1.32
"pc1","4cpu-i7",0.85,"SMA",4,1.33
"pc1","4cpu-i7",0.85,"SMA",2,1.32
"pc1","4cpu-i7",0.85,"SMA",4,1.31
"pc1","4cpu-i7",0.85,"SMA",1,1.31
"pc1","4cpu-i7",0.85,"SMA",3,1.33
"pc1","4cpu-i7",0.85,"SMA",2,1.27
"pc1","4cpu-i7",0.85,"SMA",3,1.27
"pc1","4cpu-i7",0.85,"SMA",1,1.31
"pc1","4cpu-i7",0.85,"SMA",4,1.31
"pc1","4cpu-i7",0.85,"SMA",2,1.31
"pc1","4cpu-i7",0.85,"SMA",1,1.33
"pc1","4cpu-i7",0.85,"SMA",4,1.33
"pc1","4cpu-i7",0.85,"SMA",3,1.36
"pc1","4cpu-i7",0.85,"SMA",4,1.29
"pc1","4cpu-i7",0.85,"SMA",3,1.3
"pc1","4cpu-i7",0.85,"SMA",2,1.33
"pc1","4cpu-i7",0.85,"SMA",1,1.36
"pc1","4cpu-i7",0.85,"SMA",4,1.3
"pc1","4cpu-i7",0.85,"SMA",3,1.33
"pc1","4cpu-i7",0.85,"SMA",1,1.35
"pc1","4cpu-i7",0.85,"SMA",2,1.35
"pc1","4cpu-i7",0.85,"SMA",2,1.3
"pc1","4cpu-i7",0.85,"SMA",3,1.33
"pc1","4cpu-i7",0.85,"SMA",4,1.36
"pc1","4cpu-i7",0.85,"SMA",1,1.36
"pc1","4cpu-i7",0.85,"SMA",1,1.29
"pc1","4cpu-i7",0.85,"SMA",2,1.3
"pc1","4cpu-i7",0.85,"SMA",3,1.37
"pc1","4cpu-i7",0.85,"SMA",4,1.37
"pc1","4cpu-i7",0.85,"SMA",2,1.31
"pc1","4cpu-i7",0.85,"SMA",1,1.34
"pc1","4cpu-i7",0.85,"SMA",3,1.34
"pc1","4cpu-i7",0.85,"SMA",4,1.33
"pc1","4cpu-i7",0.85,"SMA",2,1.27
"pc1","4cpu-i7",0.85,"SMA",4,1.31
"pc1","4cpu-i7",0.85,"SMA",1,1.34
"pc1","4cpu-i7",0.85,"SMA",3,1.35
"pc1","4cpu-i7",0.85,"SMA",1,1.34
"pc1","4cpu-i7",0.85,"SMA",4,1.33
"pc1","4cpu-i7",0.85,"SMA",3,1.33
"pc1","4cpu-i7",0.85,"SMA",2,1.33
"pc1","4cpu-i7",0.85,"SMA",2,1.32
"pc1","4cpu-i7",0.85,"SMA",1,1.34
"pc1","4cpu-i7",0.85,"SMA",4,1.33
"pc1","4cpu-i7",0.85,"SMA",3,1.36
"pc1","4cpu-i7",0.85,"SMA",2,1.33
"pc1","4cpu-i7",0.85,"SMA",3,1.35
"pc1","4cpu-i7",0.85,"SMA",4,1.35
"pc1","4cpu-i7",0.85,"SMA",1,1.34
"pc1","4cpu-i7",0.85,"SMA",1,1.34
"pc1","4cpu-i7",0.85,"SMA",3,1.33
"pc1","4cpu-i7",0.85,"SMA",2,1.38
"pc1","4cpu-i7",0.85,"SMA",4,1.36
"pc1","4cpu-i7",0.85,"SMA",2,1.34
"pc1","4cpu-i7",0.85,"SMA",4,1.34
"pc1","4cpu-i7",0.85,"SMA",1,1.38
"pc1","4cpu-i7",0.85,"SMA",3,1.38
"pc1","4cpu-i7",0.85,"SMA",3,1.35
"pc1","4cpu-i7",0.85,"SMA",1,1.35
"pc1","4cpu-i7",0.85,"SMA",2,1.35
"pc1","4cpu-i7",0.85,"SMA",4,1.35
"pc1","4cpu-i7",0.85,"SMA",3,1.31
"pc1","4cpu-i7",0.85,"SMA",4,1.31
"pc1","4cpu-i7",0.85,"SMA",1,1.36
"pc1","4cpu-i7",0.85,"SMA",2,1.36
"pc1","4cpu-i7",0.85,"SMA",4,1.32
"pc1","4cpu-i7",0.85,"SMA",2,1.34
"pc1","4cpu-i7",0.85,"SMA",1,1.38
"pc1","4cpu-i7",0.85,"SMA",3,1.37
"pc1","4cpu-i7",0.85,"SMA",4,1.31
"pc1","4cpu-i7",0.85,"SMA",3,1.32
"pc1","4cpu-i7",0.85,"SMA",1,1.38
"pc1","4cpu-i7",0.85,"SMA",2,1.38
"pc1","4cpu-i7",0.85,"SMA",4,1.3
"pc1","4cpu-i7",0.85,"SMA",3,1.33
"pc1","4cpu-i7",0.85,"SMA",2,1.35
"pc1","4cpu-i7",0.85,"SMA",1,1.36
"pc1","4cpu-i7",0.85,"SMA",2,1.32
"pc1","4cpu-i7",0.85,"SMA",4,1.33
"pc1","4cpu-i7",0.85,"SMA",3,1.35
"pc1","4cpu-i7",0.85,"SMA",1,1.37
"pc1","4cpu-i7",0.85,"SMA",2,1.3
"pc1","4cpu-i7",0.85,"SMA",3,1.3
"pc1","4cpu-i7",0.85,"SMA",4,1.34
"pc1","4cpu-i7",0.85,"SMA",1,1.38
"pc1","4cpu-i7",0.85,"SMA",3,1.34
"pc1","4cpu-i7",0.85,"SMA",4,1.34
"pc1","4cpu-i7",0.85,"SMA",2,1.37
"pc1","4cpu-i7",0.85,"SMA",1,1.38
"pc1","4cpu-i7",0.95,"SMA",1,1.31
"pc1","4cpu-i7",0.95,"SMA",2,1.31
"pc1","4cpu-i7",0.95,"SMA",3,1.31
"pc1","4cpu-i7",0.95,"SMA",4,1.32
"pc1","4cpu-i7",0.95,"SMA",4,1.26
"pc1","4cpu-i7",0.95,"SMA",1,1.29
"pc1","4cpu-i7",0.95,"SMA",2,1.34
"pc1","4cpu-i7",0.95,"SMA",3,1.33
"pc1","4cpu-i7",0.95,"SMA",2,1.14
"pc1","4cpu-i7",0.95,"SMA",3,1.14
"pc1","4cpu-i7",0.95,"SMA",1,1.18
"pc1","4cpu-i7",0.95,"SMA",4,1.17
"pc1","4cpu-i7",0.95,"SMA",3,1.12
"pc1","4cpu-i7",0.95,"SMA",1,1.14
"pc1","4cpu-i7",0.95,"SMA",2,1.17
"pc1","4cpu-i7",0.95,"SMA",4,1.16
"pc1","4cpu-i7",0.95,"SMA",1,1.15
"pc1","4cpu-i7",0.95,"SMA",3,1.15
"pc1","4cpu-i7",0.95,"SMA",2,1.16
"pc1","4cpu-i7",0.95,"SMA",4,1.17
"pc1","4cpu-i7",0.95,"SMA",1,1.13
"pc1","4cpu-i7",0.95,"SMA",2,1.13
"pc1","4cpu-i7",0.95,"SMA",4,1.16
"pc1","4cpu-i7",0.95,"SMA",3,1.16
"pc1","4cpu-i7",0.95,"SMA",1,1.13
"pc1","4cpu-i7",0.95,"SMA",2,1.14
"pc1","4cpu-i7",0.95,"SMA",4,1.16
"pc1","4cpu-i7",0.95,"SMA",3,1.16
"pc1","4cpu-i7",0.95,"SMA",3,1.15
"pc1","4cpu-i7",0.95,"SMA",2,1.15
"pc1","4cpu-i7",0.95,"SMA",1,1.18
"pc1","4cpu-i7",0.95,"SMA",4,1.18
"pc1","4cpu-i7",0.95,"SMA",1,1.17
"pc1","4cpu-i7",0.95,"SMA",3,1.15
"pc1","4cpu-i7",0.95,"SMA",4,1.15
"pc1","4cpu-i7",0.95,"SMA",2,1.15
"pc1","4cpu-i7",0.95,"SMA",2,1.14
"pc1","4cpu-i7",0.95,"SMA",3,1.15
"pc1","4cpu-i7",0.95,"SMA",1,1.2
"pc1","4cpu-i7",0.95,"SMA",4,1.16
"pc1","4cpu-i7",0.95,"SMA",1,1.14
"pc1","4cpu-i7",0.95,"SMA",4,1.14
"pc1","4cpu-i7",0.95,"SMA",2,1.16
"pc1","4cpu-i7",0.95,"SMA",3,1.16
"pc1","4cpu-i7",0.95,"SMA",1,1.13
"pc1","4cpu-i7",0.95,"SMA",3,1.13
"pc1","4cpu-i7",0.95,"SMA",4,1.13
"pc1","4cpu-i7",0.95,"SMA",2,1.16
"pc1","4cpu-i7",0.95,"SMA",2,1.15
"pc1","4cpu-i7",0.95,"SMA",3,1.15
"pc1","4cpu-i7",0.95,"SMA",1,1.2
"pc1","4cpu-i7",0.95,"SMA",4,1.19
"pc1","4cpu-i7",0.95,"SMA",3,1.14
"pc1","4cpu-i7",0.95,"SMA",4,1.15
"pc1","4cpu-i7",0.95,"SMA",2,1.18
"pc1","4cpu-i7",0.95,"SMA",1,1.19
"pc1","4cpu-i7",0.95,"SMA",2,1.14
"pc1","4cpu-i7",0.95,"SMA",4,1.15
"pc1","4cpu-i7",0.95,"SMA",1,1.19
"pc1","4cpu-i7",0.95,"SMA",3,1.2
"pc1","4cpu-i7",0.95,"SMA",2,1.14
"pc1","4cpu-i7",0.95,"SMA",3,1.15
"pc1","4cpu-i7",0.95,"SMA",1,1.18
"pc1","4cpu-i7",0.95,"SMA",4,1.19
"pc1","4cpu-i7",0.95,"SMA",3,1.14
"pc1","4cpu-i7",0.95,"SMA",1,1.17
"pc1","4cpu-i7",0.95,"SMA",2,1.17
"pc1","4cpu-i7",0.95,"SMA",4,1.15
"pc1","4cpu-i7",0.95,"SMA",1,1.13
"pc1","4cpu-i7",0.95,"SMA",2,1.15
"pc1","4cpu-i7",0.95,"SMA",3,1.17
"pc1","4cpu-i7",0.95,"SMA",4,1.18
"pc1","4cpu-i7",0.95,"SMA",4,1.15
"pc1","4cpu-i7",0.95,"SMA",1,1.18
"pc1","4cpu-i7",0.95,"SMA",3,1.18
"pc1","4cpu-i7",0.95,"SMA",2,1.19
"pc1","4cpu-i7",0.95,"SMA",2,1.16
"pc1","4cpu-i7",0.95,"SMA",3,1.16
"pc1","4cpu-i7",0.95,"SMA",1,1.19
"pc1","4cpu-i7",0.95,"SMA",4,1.19
"pc1","4cpu-i7",0.95,"SMA",4,1.17
"pc1","4cpu-i7",0.95,"SMA",1,1.19
"pc1","4cpu-i7",0.95,"SMA",3,1.19
"pc1","4cpu-i7",0.95,"SMA",2,1.19
"pc1","4cpu-i7",0.95,"SMA",2,1.15
"pc1","4cpu-i7",0.95,"SMA",3,1.15
"pc1","4cpu-i7",0.95,"SMA",1,1.2
"pc1","4cpu-i7",0.95,"SMA",4,1.18
"pc1","4cpu-i7",0.95,"SMA",1,1.16
"pc1","4cpu-i7",0.95,"SMA",3,1.16
"pc1","4cpu-i7",0.95,"SMA",2,1.17
"pc1","4cpu-i7",0.95,"SMA",4,1.17
"pc1","4cpu-i7",0.95,"SMA",2,1.17
"pc1","4cpu-i7",0.95,"SMA",3,1.17
"pc1","4cpu-i7",0.95,"SMA",4,1.19
"pc1","4cpu-i7",0.95,"SMA",1,1.19
"pc1","4cpu-i7",0.95,"SMA",1,1.17
"pc1","4cpu-i7",0.95,"SMA",2,1.18
"pc1","4cpu-i7",0.95,"SMA",3,1.18
"pc1","4cpu-i7",0.95,"SMA",4,1.18
"pc1","4cpu-i7",0.95,"SMA",4,1.16
"pc1","4cpu-i7",0.95,"SMA",3,1.16
"pc1","4cpu-i7",0.95,"SMA",1,1.22
"pc1","4cpu-i7",0.95,"SMA",2,1.22
"pc1","4cpu-i7",0.95,"SMA",1,1.15
"pc1","4cpu-i7",0.95,"SMA",3,1.15
"pc1","4cpu-i7",0.95,"SMA",4,1.17
"pc1","4cpu-i7",0.95,"SMA",2,1.19
"pc1","4cpu-i7",0.95,"SMA",1,1.18
"pc1","4cpu-i7",0.95,"SMA",3,1.17
"pc1","4cpu-i7",0.95,"SMA",4,1.18
"pc1","4cpu-i7",0.95,"SMA",2,1.18
"pc1","4cpu-i7",0.95,"SMA",3,1.18
"pc1","4cpu-i7",0.95,"SMA",4,1.18
"pc1","4cpu-i7",0.95,"SMA",1,1.19
"pc1","4cpu-i7",0.95,"SMA",2,1.2
"pc1","4cpu-i7",0.95,"SMA",3,1.02
"pc1","4cpu-i7",0.95,"SMA",4,1.16
"pc1","4cpu-i7",0.95,"SMA",1,1.16
"pc1","4cpu-i7",0.95,"SMA",2,1.28
"pc2","4cpu-amd",0.05,"stine",1,50.16
"pc2","4cpu-amd",0.05,"stine",4,50.97
"pc2","4cpu-amd",0.05,"stine",3,51.39
"pc2","4cpu-amd",0.05,"stine",2,53.74
"pc2","4cpu-amd",0.05,"stine",4,50.56
"pc2","4cpu-amd",0.05,"stine",3,51.96
"pc2","4cpu-amd",0.05,"stine",2,52.17
"pc2","4cpu-amd",0.05,"stine",1,52.28
"pc2","4cpu-amd",0.05,"stine",4,49.15
"pc2","4cpu-amd",0.05,"stine",1,49.36
"pc2","4cpu-amd",0.05,"stine",2,50.36
"pc2","4cpu-amd",0.05,"stine",3,52.35
"pc2","4cpu-amd",0.05,"stine",2,47.63
"pc2","4cpu-amd",0.05,"stine",3,47.63
"pc2","4cpu-amd",0.05,"stine",4,49.02
"pc2","4cpu-amd",0.05,"stine",1,49.85
"pc2","4cpu-amd",0.05,"stine",2,47.84
"pc2","4cpu-amd",0.05,"stine",4,48.01
"pc2","4cpu-amd",0.05,"stine",3,48.42
"pc2","4cpu-amd",0.05,"stine",1,50.26
"pc2","4cpu-amd",0.05,"stine",1,48.67
"pc2","4cpu-amd",0.05,"stine",3,49.04
"pc2","4cpu-amd",0.05,"stine",2,49.36
"pc2","4cpu-amd",0.05,"stine",4,49.83
"pc2","4cpu-amd",0.05,"stine",4,48.34
"pc2","4cpu-amd",0.05,"stine",1,48.87
"pc2","4cpu-amd",0.05,"stine",3,49.06
"pc2","4cpu-amd",0.05,"stine",2,50.36
"pc2","4cpu-amd",0.05,"stine",4,46.7
"pc2","4cpu-amd",0.05,"stine",1,48.36
"pc2","4cpu-amd",0.05,"stine",3,49.12
"pc2","4cpu-amd",0.05,"stine",2,50.05
"pc2","4cpu-amd",0.05,"stine",1,47.37
"pc2","4cpu-amd",0.05,"stine",2,48.15
"pc2","4cpu-amd",0.05,"stine",4,48.34
"pc2","4cpu-amd",0.05,"stine",3,49.24
"pc2","4cpu-amd",0.05,"stine",3,48.35
"pc2","4cpu-amd",0.05,"stine",2,48.55
"pc2","4cpu-amd",0.05,"stine",1,48.57
"pc2","4cpu-amd",0.05,"stine",4,49.53
"pc2","4cpu-amd",0.05,"stine",3,47.16
"pc2","4cpu-amd",0.05,"stine",2,48.28
"pc2","4cpu-amd",0.05,"stine",4,48.46
"pc2","4cpu-amd",0.05,"stine",1,49.29
"pc2","4cpu-amd",0.05,"stine",4,46.36
"pc2","4cpu-amd",0.05,"stine",2,47.67
"pc2","4cpu-amd",0.05,"stine",3,49.56
"pc2","4cpu-amd",0.05,"stine",1,49.68
"pc2","4cpu-amd",0.05,"stine",3,46.07
"pc2","4cpu-amd",0.05,"stine",1,46.98
"pc2","4cpu-amd",0.05,"stine",2,48.07
"pc2","4cpu-amd",0.05,"stine",4,50.95
"pc2","4cpu-amd",0.05,"stine",2,47.98
"pc2","4cpu-amd",0.05,"stine",1,48.59
"pc2","4cpu-amd",0.05,"stine",3,49.07
"pc2","4cpu-amd",0.05,"stine",4,49.07
"pc2","4cpu-amd",0.05,"stine",3,47.84
"pc2","4cpu-amd",0.05,"stine",2,48.35
"pc2","4cpu-amd",0.05,"stine",4,48.53
"pc2","4cpu-amd",0.05,"stine",1,50.45
"pc2","4cpu-amd",0.05,"stine",2,48.75
"pc2","4cpu-amd",0.05,"stine",1,49.27
"pc2","4cpu-amd",0.05,"stine",3,49.74
"pc2","4cpu-amd",0.05,"stine",4,49.74
"pc2","4cpu-amd",0.05,"stine",1,48.08
"pc2","4cpu-amd",0.05,"stine",2,48.17
"pc2","4cpu-amd",0.05,"stine",3,48.77
"pc2","4cpu-amd",0.05,"stine",4,49.06
"pc2","4cpu-amd",0.05,"stine",4,46.12
"pc2","4cpu-amd",0.05,"stine",3,49.62
"pc2","4cpu-amd",0.05,"stine",1,49.75
"pc2","4cpu-amd",0.05,"stine",2,50.84
"pc2","4cpu-amd",0.05,"stine",3,47.04
"pc2","4cpu-amd",0.05,"stine",4,48.54
"pc2","4cpu-amd",0.05,"stine",2,49.15
"pc2","4cpu-amd",0.05,"stine",1,49.26
"pc2","4cpu-amd",0.05,"stine",1,47.68
"pc2","4cpu-amd",0.05,"stine",4,48.05
"pc2","4cpu-amd",0.05,"stine",3,49.56
"pc2","4cpu-amd",0.05,"stine",2,49.96
"pc2","4cpu-amd",0.05,"stine",4,46.25
"pc2","4cpu-amd",0.05,"stine",3,47.57
"pc2","4cpu-amd",0.05,"stine",1,48.09
"pc2","4cpu-amd",0.05,"stine",2,49.47
"pc2","4cpu-amd",0.05,"stine",1,47.06
"pc2","4cpu-amd",0.05,"stine",3,47.44
"pc2","4cpu-amd",0.05,"stine",4,47.91
"pc2","4cpu-amd",0.05,"stine",2,48.34
"pc2","4cpu-amd",0.05,"stine",1,48.79
"pc2","4cpu-amd",0.05,"stine",2,49.48
"pc2","4cpu-amd",0.05,"stine",3,50.07
"pc2","4cpu-amd",0.05,"stine",4,50.57
"pc2","4cpu-amd",0.05,"stine",3,46.44
"pc2","4cpu-amd",0.05,"stine",2,47.44
"pc2","4cpu-amd",0.05,"stine",4,47.44
"pc2","4cpu-amd",0.05,"stine",1,47.87
"pc2","4cpu-amd",0.05,"stine",4,47.43
"pc2","4cpu-amd",0.05,"stine",1,48.17
"pc2","4cpu-amd",0.05,"stine",3,48.74
"pc2","4cpu-amd",0.05,"stine",2,49.25
"pc2","4cpu-amd",0.05,"stine",2,47.06
"pc2","4cpu-amd",0.05,"stine",3,48.86
"pc2","4cpu-amd",0.05,"stine",1,49.28
"pc2","4cpu-amd",0.05,"stine",4,50.35
"pc2","4cpu-amd",0.05,"stine",4,47.94
"pc2","4cpu-amd",0.05,"stine",1,48.07
"pc2","4cpu-amd",0.05,"stine",2,48.15
"pc2","4cpu-amd",0.05,"stine",3,48.75
"pc2","4cpu-amd",0.05,"stine",2,48.04
"pc2","4cpu-amd",0.05,"stine",4,48.73
"pc2","4cpu-amd",0.05,"stine",3,49.14
"pc2","4cpu-amd",0.05,"stine",1,49.35
"pc2","4cpu-amd",0.05,"stine",3,46.84
"pc2","4cpu-amd",0.05,"stine",4,48.94
"pc2","4cpu-amd",0.05,"stine",2,49.46
"pc2","4cpu-amd",0.05,"stine",1,50.97
"pc2","4cpu-amd",0.05,"stine",3,48.34
"pc2","4cpu-amd",0.05,"stine",2,48.95
"pc2","4cpu-amd",0.05,"stine",4,49.24
"pc2","4cpu-amd",0.05,"stine",1,50.06
"pc2","4cpu-amd",0.15,"stine",3,11.48
"pc2","4cpu-amd",0.15,"stine",4,11.67
"pc2","4cpu-amd",0.15,"stine",2,11.99
"pc2","4cpu-amd",0.15,"stine",1,12.1
"pc2","4cpu-amd",0.15,"stine",2,11.57
"pc2","4cpu-amd",0.15,"stine",3,11.75
"pc2","4cpu-amd",0.15,"stine",4,11.94
"pc2","4cpu-amd",0.15,"stine",1,12.56
"pc2","4cpu-amd",0.15,"stine",1,10.16
"pc2","4cpu-amd",0.15,"stine",4,10.48
"pc2","4cpu-amd",0.15,"stine",2,10.62
"pc2","4cpu-amd",0.15,"stine",3,10.6
"pc2","4cpu-amd",0.15,"stine",1,9.89
"pc2","4cpu-amd",0.15,"stine",4,10.17
"pc2","4cpu-amd",0.15,"stine",2,10.58
"pc2","4cpu-amd",0.15,"stine",3,10.76
"pc2","4cpu-amd",0.15,"stine",3,10.02
"pc2","4cpu-amd",0.15,"stine",1,10.36
"pc2","4cpu-amd",0.15,"stine",4,11.02
"pc2","4cpu-amd",0.15,"stine",2,11.24
"pc2","4cpu-amd",0.15,"stine",2,9.65
"pc2","4cpu-amd",0.15,"stine",4,10.04
"pc2","4cpu-amd",0.15,"stine",3,10.04
"pc2","4cpu-amd",0.15,"stine",1,10.37
"pc2","4cpu-amd",0.15,"stine",4,9.64
"pc2","4cpu-amd",0.15,"stine",1,9.96
"pc2","4cpu-amd",0.15,"stine",3,10.33
"pc2","4cpu-amd",0.15,"stine",2,11.04
"pc2","4cpu-amd",0.15,"stine",3,9.95
"pc2","4cpu-amd",0.15,"stine",2,10.05
"pc2","4cpu-amd",0.15,"stine",1,10.06
"pc2","4cpu-amd",0.15,"stine",4,10.53
"pc2","4cpu-amd",0.15,"stine",4,10.08
"pc2","4cpu-amd",0.15,"stine",3,10.28
"pc2","4cpu-amd",0.15,"stine",2,10.37
"pc2","4cpu-amd",0.15,"stine",1,10.68
"pc2","4cpu-amd",0.15,"stine",2,10.8
"pc2","4cpu-amd",0.15,"stine",1,10.8
"pc2","4cpu-amd",0.15,"stine",3,11.08
"pc2","4cpu-amd",0.15,"stine",4,11.08
"pc2","4cpu-amd",0.15,"stine",2,10.25
"pc2","4cpu-amd",0.15,"stine",4,10.43
"pc2","4cpu-amd",0.15,"stine",3,10.65
"pc2","4cpu-amd",0.15,"stine",1,10.96
"pc2","4cpu-amd",0.15,"stine",3,10.14
"pc2","4cpu-amd",0.15,"stine",4,10.14
"pc2","4cpu-amd",0.15,"stine",1,10.56
"pc2","4cpu-amd",0.15,"stine",2,10.86
"pc2","4cpu-amd",0.15,"stine",4,9.44
"pc2","4cpu-amd",0.15,"stine",3,10.06
"pc2","4cpu-amd",0.15,"stine",2,10.15
"pc2","4cpu-amd",0.15,"stine",1,10.95
"pc2","4cpu-amd",0.15,"stine",1,10.47
"pc2","4cpu-amd",0.15,"stine",3,10.66
"pc2","4cpu-amd",0.15,"stine",2,10.75
"pc2","4cpu-amd",0.15,"stine",4,11.64
"pc2","4cpu-amd",0.15,"stine",4,9.93
"pc2","4cpu-amd",0.15,"stine",1,10.47
"pc2","4cpu-amd",0.15,"stine",2,10.76
"pc2","4cpu-amd",0.15,"stine",3,11.53
"pc2","4cpu-amd",0.15,"stine",1,9.98
"pc2","4cpu-amd",0.15,"stine",2,10.27
"pc2","4cpu-amd",0.15,"stine",4,10.77
"pc2","4cpu-amd",0.15,"stine",3,11.37
"pc2","4cpu-amd",0.15,"stine",4,9.71
"pc2","4cpu-amd",0.15,"stine",2,10.05
"pc2","4cpu-amd",0.15,"stine",3,10.66
"pc2","4cpu-amd",0.15,"stine",1,10.66
"pc2","4cpu-amd",0.15,"stine",1,9.98
"pc2","4cpu-amd",0.15,"stine",3,10.37
"pc2","4cpu-amd",0.15,"stine",2,11.28
"pc2","4cpu-amd",0.15,"stine",4,11.56
"pc2","4cpu-amd",0.15,"stine",2,9.96
"pc2","4cpu-amd",0.15,"stine",3,10.45
"pc2","4cpu-amd",0.15,"stine",1,10.67
"pc2","4cpu-amd",0.15,"stine",4,11.34
"pc2","4cpu-amd",0.15,"stine",4,9.83
"pc2","4cpu-amd",0.15,"stine",1,9.86
"pc2","4cpu-amd",0.15,"stine",2,10.56
"pc2","4cpu-amd",0.15,"stine",3,11.04
"pc2","4cpu-amd",0.15,"stine",3,9.86
"pc2","4cpu-amd",0.15,"stine",4,10.55
"pc2","4cpu-amd",0.15,"stine",2,11.06
"pc2","4cpu-amd",0.15,"stine",1,11.28
"pc2","4cpu-amd",0.15,"stine",2,9.56
"pc2","4cpu-amd",0.15,"stine",1,9.77
"pc2","4cpu-amd",0.15,"stine",4,10.33
"pc2","4cpu-amd",0.15,"stine",3,10.54
"pc2","4cpu-amd",0.15,"stine",3,10.25
"pc2","4cpu-amd",0.15,"stine",4,10.53
"pc2","4cpu-amd",0.15,"stine",1,10.76
"pc2","4cpu-amd",0.15,"stine",2,11.24
"pc2","4cpu-amd",0.15,"stine",3,10.13
"pc2","4cpu-amd",0.15,"stine",1,10.58
"pc2","4cpu-amd",0.15,"stine",4,10.8
"pc2","4cpu-amd",0.15,"stine",2,11.14
"pc2","4cpu-amd",0.15,"stine",3,10.17
"pc2","4cpu-amd",0.15,"stine",1,6.75
"pc2","4cpu-amd",0.15,"stine",4,10.45
"pc2","4cpu-amd",0.15,"stine",2,11.28
"pc2","4cpu-amd",0.15,"stine",4,10.25
"pc2","4cpu-amd",0.15,"stine",3,10.76
"pc2","4cpu-amd",0.15,"stine",2,10.97
"pc2","4cpu-amd",0.15,"stine",1,11.18
"pc2","4cpu-amd",0.15,"stine",2,10.46
"pc2","4cpu-amd",0.15,"stine",4,10.45
"pc2","4cpu-amd",0.15,"stine",1,10.77
"pc2","4cpu-amd",0.15,"stine",3,10.96
"pc2","4cpu-amd",0.15,"stine",3,9.85
"pc2","4cpu-amd",0.15,"stine",4,9.95
"pc2","4cpu-amd",0.15,"stine",2,10.44
"pc2","4cpu-amd",0.15,"stine",1,10.47
"pc2","4cpu-amd",0.15,"stine",2,10.24
"pc2","4cpu-amd",0.15,"stine",4,10.32
"pc2","4cpu-amd",0.15,"stine",1,10.44
"pc2","4cpu-amd",0.15,"stine",3,10.52
"pc2","4cpu-amd",0.15,"stine",1,10.5
"pc2","4cpu-amd",0.15,"stine",4,10.68
"pc2","4cpu-amd",0.15,"stine",3,10.78
"pc2","4cpu-amd",0.15,"stine",2,11.79
"pc2","4cpu-amd",0.25,"stine",1,0.02
"pc2","4cpu-amd",0.25,"stine",2,5.07
"pc2","4cpu-amd",0.25,"stine",3,5.15
"pc2","4cpu-amd",0.25,"stine",4,5.23
"pc2","4cpu-amd",0.25,"stine",4,5.09
"pc2","4cpu-amd",0.25,"stine",2,5.2
"pc2","4cpu-amd",0.25,"stine",3,5.29
"pc2","4cpu-amd",0.25,"stine",1,5.48
"pc2","4cpu-amd",0.25,"stine",4,4.35
"pc2","4cpu-amd",0.25,"stine",2,4.57
"pc2","4cpu-amd",0.25,"stine",3,4.74
"pc2","4cpu-amd",0.25,"stine",1,5.48
"pc2","4cpu-amd",0.25,"stine",4,4.34
"pc2","4cpu-amd",0.25,"stine",2,4.44
"pc2","4cpu-amd",0.25,"stine",3,4.65
"pc2","4cpu-amd",0.25,"stine",1,5.14
"pc2","4cpu-amd",0.25,"stine",3,4.39
"pc2","4cpu-amd",0.25,"stine",2,4.67
"pc2","4cpu-amd",0.25,"stine",4,4.77
"pc2","4cpu-amd",0.25,"stine",1,5.1
"pc2","4cpu-amd",0.25,"stine",3,4.34
"pc2","4cpu-amd",0.25,"stine",1,4.55
"pc2","4cpu-amd",0.25,"stine",4,4.54
"pc2","4cpu-amd",0.25,"stine",2,4.75
"pc2","4cpu-amd",0.25,"stine",1,4.38
"pc2","4cpu-amd",0.25,"stine",2,4.46
"pc2","4cpu-amd",0.25,"stine",3,4.46
"pc2","4cpu-amd",0.25,"stine",4,4.55
"pc2","4cpu-amd",0.25,"stine",2,4.46
"pc2","4cpu-amd",0.25,"stine",3,4.46
"pc2","4cpu-amd",0.25,"stine",4,4.74
"pc2","4cpu-amd",0.25,"stine",1,4.88
"pc2","4cpu-amd",0.25,"stine",4,4.37
"pc2","4cpu-amd",0.25,"stine",3,4.56
"pc2","4cpu-amd",0.25,"stine",1,4.59
"pc2","4cpu-amd",0.25,"stine",2,4.78
"pc2","4cpu-amd",0.25,"stine",4,4.56
"pc2","4cpu-amd",0.25,"stine",3,4.68
"pc2","4cpu-amd",0.25,"stine",1,4.68
"pc2","4cpu-amd",0.25,"stine",2,4.86
"pc2","4cpu-amd",0.25,"stine",4,4.34
"pc2","4cpu-amd",0.25,"stine",1,4.46
"pc2","4cpu-amd",0.25,"stine",3,4.54
"pc2","4cpu-amd",0.25,"stine",2,4.76
"pc2","4cpu-amd",0.25,"stine",1,4.36
"pc2","4cpu-amd",0.25,"stine",4,4.52
"pc2","4cpu-amd",0.25,"stine",2,4.56
"pc2","4cpu-amd",0.25,"stine",3,4.75
"pc2","4cpu-amd",0.25,"stine",4,4.31
"pc2","4cpu-amd",0.25,"stine",3,4.33
"pc2","4cpu-amd",0.25,"stine",2,4.65
"pc2","4cpu-amd",0.25,"stine",1,4.84
"pc2","4cpu-amd",0.25,"stine",4,4.65
"pc2","4cpu-amd",0.25,"stine",2,4.75
"pc2","4cpu-amd",0.25,"stine",1,4.79
"pc2","4cpu-amd",0.25,"stine",3,4.87
"pc2","4cpu-amd",0.25,"stine",2,4.44
"pc2","4cpu-amd",0.25,"stine",3,4.63
"pc2","4cpu-amd",0.25,"stine",4,4.63
"pc2","4cpu-amd",0.25,"stine",1,4.73
"pc2","4cpu-amd",0.25,"stine",3,4.66
"pc2","4cpu-amd",0.25,"stine",2,4.49
"pc2","4cpu-amd",0.25,"stine",1,4.49
"pc2","4cpu-amd",0.25,"stine",4,4.77
"pc2","4cpu-amd",0.25,"stine",3,4.47
"pc2","4cpu-amd",0.25,"stine",1,4.67
"pc2","4cpu-amd",0.25,"stine",2,4.68
"pc2","4cpu-amd",0.25,"stine",4,5.17
"pc2","4cpu-amd",0.25,"stine",3,4.54
"pc2","4cpu-amd",0.25,"stine",1,4.65
"pc2","4cpu-amd",0.25,"stine",4,4.74
"pc2","4cpu-amd",0.25,"stine",2,4.74
"pc2","4cpu-amd",0.25,"stine",1,4.79
"pc2","4cpu-amd",0.25,"stine",2,4.79
"pc2","4cpu-amd",0.25,"stine",3,4.85
"pc2","4cpu-amd",0.25,"stine",4,4.97
"pc2","4cpu-amd",0.25,"stine",3,4.34
"pc2","4cpu-amd",0.25,"stine",1,4.37
"pc2","4cpu-amd",0.25,"stine",4,4.62
"pc2","4cpu-amd",0.25,"stine",2,4.74
"pc2","4cpu-amd",0.25,"stine",4,4.57
"pc2","4cpu-amd",0.25,"stine",1,4.88
"pc2","4cpu-amd",0.25,"stine",2,4.89
"pc2","4cpu-amd",0.25,"stine",3,4.98
"pc2","4cpu-amd",0.25,"stine",4,4.56
"pc2","4cpu-amd",0.25,"stine",1,4.69
"pc2","4cpu-amd",0.25,"stine",3,4.96
"pc2","4cpu-amd",0.25,"stine",2,4.99
"pc2","4cpu-amd",0.25,"stine",3,4.44
"pc2","4cpu-amd",0.25,"stine",2,4.46
"pc2","4cpu-amd",0.25,"stine",4,4.52
"pc2","4cpu-amd",0.25,"stine",1,4.65
"pc2","4cpu-amd",0.25,"stine",1,4.58
"pc2","4cpu-amd",0.25,"stine",4,4.76
"pc2","4cpu-amd",0.25,"stine",2,4.76
"pc2","4cpu-amd",0.25,"stine",3,4.75
"pc2","4cpu-amd",0.25,"stine",1,4.55
"pc2","4cpu-amd",0.25,"stine",2,4.64
"pc2","4cpu-amd",0.25,"stine",3,4.72
"pc2","4cpu-amd",0.25,"stine",4,4.73
"pc2","4cpu-amd",0.25,"stine",2,4.27
"pc2","4cpu-amd",0.25,"stine",4,4.56
"pc2","4cpu-amd",0.25,"stine",3,4.84
"pc2","4cpu-amd",0.25,"stine",1,4.96
"pc2","4cpu-amd",0.25,"stine",3,4.56
"pc2","4cpu-amd",0.25,"stine",1,4.68
"pc2","4cpu-amd",0.25,"stine",4,4.73
"pc2","4cpu-amd",0.25,"stine",2,4.87
"pc2","4cpu-amd",0.25,"stine",3,4.55
"pc2","4cpu-amd",0.25,"stine",2,4.72
"pc2","4cpu-amd",0.25,"stine",4,4.72
"pc2","4cpu-amd",0.25,"stine",1,4.77
"pc2","4cpu-amd",0.25,"stine",4,4.44
"pc2","4cpu-amd",0.25,"stine",2,4.64
"pc2","4cpu-amd",0.25,"stine",3,4.64
"pc2","4cpu-amd",0.25,"stine",1,4.67
"pc2","4cpu-amd",0.25,"stine",3,4.45
"pc2","4cpu-amd",0.25,"stine",4,4.53
"pc2","4cpu-amd",0.25,"stine",2,4.56
"pc2","4cpu-amd",0.25,"stine",1,4.68
"pc2","4cpu-amd",0.35,"stine",1,3.28
"pc2","4cpu-amd",0.35,"stine",2,3.29
"pc2","4cpu-amd",0.35,"stine",4,3.29
"pc2","4cpu-amd",0.35,"stine",3,3.29
"pc2","4cpu-amd",0.35,"stine",2,3.41
"pc2","4cpu-amd",0.35,"stine",1,3.41
"pc2","4cpu-amd",0.35,"stine",4,3.41
"pc2","4cpu-amd",0.35,"stine",3,3.48
"pc2","4cpu-amd",0.35,"stine",4,2.78
"pc2","4cpu-amd",0.35,"stine",1,2.89
"pc2","4cpu-amd",0.35,"stine",3,2.98
"pc2","4cpu-amd",0.35,"stine",2,2.98
"pc2","4cpu-amd",0.35,"stine",4,2.86
"pc2","4cpu-amd",0.35,"stine",3,2.86
"pc2","4cpu-amd",0.35,"stine",1,2.97
"pc2","4cpu-amd",0.35,"stine",2,3.14
"pc2","4cpu-amd",0.35,"stine",2,2.84
"pc2","4cpu-amd",0.35,"stine",3,2.85
"pc2","4cpu-amd",0.35,"stine",4,3.47
"pc2","4cpu-amd",0.35,"stine",1,2.98
"pc2","4cpu-amd",0.35,"stine",4,2.79
"pc2","4cpu-amd",0.35,"stine",2,2.87
"pc2","4cpu-amd",0.35,"stine",3,2.87
"pc2","4cpu-amd",0.35,"stine",1,2.89
"pc2","4cpu-amd",0.35,"stine",4,2.75
"pc2","4cpu-amd",0.35,"stine",3,2.86
"pc2","4cpu-amd",0.35,"stine",1,3.07
"pc2","4cpu-amd",0.35,"stine",2,3.07
"pc2","4cpu-amd",0.35,"stine",4,2.75
"pc2","4cpu-amd",0.35,"stine",1,2.86
"pc2","4cpu-amd",0.35,"stine",3,2.86
"pc2","4cpu-amd",0.35,"stine",2,2.95
"pc2","4cpu-amd",0.35,"stine",1,2.89
"pc2","4cpu-amd",0.35,"stine",3,2.88
"pc2","4cpu-amd",0.35,"stine",4,2.88
"pc2","4cpu-amd",0.35,"stine",2,3
"pc2","4cpu-amd",0.35,"stine",1,2.78
"pc2","4cpu-amd",0.35,"stine",4,2.83
"pc2","4cpu-amd",0.35,"stine",3,2.86
"pc2","4cpu-amd",0.35,"stine",2,2.86
"pc2","4cpu-amd",0.35,"stine",4,2.78
"pc2","4cpu-amd",0.35,"stine",1,2.96
"pc2","4cpu-amd",0.35,"stine",2,2.97
"pc2","4cpu-amd",0.35,"stine",3,3.18
"pc2","4cpu-amd",0.35,"stine",1,2.85
"pc2","4cpu-amd",0.35,"stine",3,2.93
"pc2","4cpu-amd",0.35,"stine",4,2.92
"pc2","4cpu-amd",0.35,"stine",2,3.03
"pc2","4cpu-amd",0.35,"stine",4,2.85
"pc2","4cpu-amd",0.35,"stine",1,2.9
"pc2","4cpu-amd",0.35,"stine",3,2.88
"pc2","4cpu-amd",0.35,"stine",2,2.99
"pc2","4cpu-amd",0.35,"stine",3,2.76
"pc2","4cpu-amd",0.35,"stine",1,2.84
"pc2","4cpu-amd",0.35,"stine",2,2.84
"pc2","4cpu-amd",0.35,"stine",4,2.85
"pc2","4cpu-amd",0.35,"stine",1,2.96
"pc2","4cpu-amd",0.35,"stine",3,2.97
"pc2","4cpu-amd",0.35,"stine",2,3.05
"pc2","4cpu-amd",0.35,"stine",4,3.04
"pc2","4cpu-amd",0.35,"stine",2,2.75
"pc2","4cpu-amd",0.35,"stine",3,2.87
"pc2","4cpu-amd",0.35,"stine",1,2.87
"pc2","4cpu-amd",0.35,"stine",4,3.06
"pc2","4cpu-amd",0.35,"stine",3,2.79
"pc2","4cpu-amd",0.35,"stine",1,2.86
"pc2","4cpu-amd",0.35,"stine",2,2.91
"pc2","4cpu-amd",0.35,"stine",4,2.86
"pc2","4cpu-amd",0.35,"stine",2,2.77
"pc2","4cpu-amd",0.35,"stine",1,2.87
"pc2","4cpu-amd",0.35,"stine",3,2.97
"pc2","4cpu-amd",0.35,"stine",4,3.13
"pc2","4cpu-amd",0.35,"stine",1,2.79
"pc2","4cpu-amd",0.35,"stine",2,2.79
"pc2","4cpu-amd",0.35,"stine",4,2.87
"pc2","4cpu-amd",0.35,"stine",3,2.96
"pc2","4cpu-amd",0.35,"stine",1,2.88
"pc2","4cpu-amd",0.35,"stine",2,2.88
"pc2","4cpu-amd",0.35,"stine",4,2.97
"pc2","4cpu-amd",0.35,"stine",3,3.16
"pc2","4cpu-amd",0.35,"stine",4,2.85
"pc2","4cpu-amd",0.35,"stine",1,2.85
"pc2","4cpu-amd",0.35,"stine",3,2.85
"pc2","4cpu-amd",0.35,"stine",2,2.95
"pc2","4cpu-amd",0.35,"stine",1,2.95
"pc2","4cpu-amd",0.35,"stine",4,2.92
"pc2","4cpu-amd",0.35,"stine",3,2.93
"pc2","4cpu-amd",0.35,"stine",2,3.01
"pc2","4cpu-amd",0.35,"stine",4,2.85
"pc2","4cpu-amd",0.35,"stine",3,2.88
"pc2","4cpu-amd",0.35,"stine",2,3.09
"pc2","4cpu-amd",0.35,"stine",1,3.09
"pc2","4cpu-amd",0.35,"stine",2,2.95
"pc2","4cpu-amd",0.35,"stine",1,2.97
"pc2","4cpu-amd",0.35,"stine",3,3.05
"pc2","4cpu-amd",0.35,"stine",4,3.05
"pc2","4cpu-amd",0.35,"stine",2,2.88
"pc2","4cpu-amd",0.35,"stine",4,2.97
"pc2","4cpu-amd",0.35,"stine",1,2.96
"pc2","4cpu-amd",0.35,"stine",3,2.96
"pc2","4cpu-amd",0.35,"stine",3,2.86
"pc2","4cpu-amd",0.35,"stine",2,2.87
"pc2","4cpu-amd",0.35,"stine",4,2.93
"pc2","4cpu-amd",0.35,"stine",1,3.07
"pc2","4cpu-amd",0.35,"stine",2,2.89
"pc2","4cpu-amd",0.35,"stine",1,2.89
"pc2","4cpu-amd",0.35,"stine",4,2.94
"pc2","4cpu-amd",0.35,"stine",3,2.96
"pc2","4cpu-amd",0.35,"stine",1,2.97
"pc2","4cpu-amd",0.35,"stine",2,2.98
"pc2","4cpu-amd",0.35,"stine",3,2.99
"pc2","4cpu-amd",0.35,"stine",4,3.05
"pc2","4cpu-amd",0.35,"stine",4,2.85
"pc2","4cpu-amd",0.35,"stine",1,2.89
"pc2","4cpu-amd",0.35,"stine",3,3.07
"pc2","4cpu-amd",0.35,"stine",2,3.07
"pc2","4cpu-amd",0.35,"stine",4,2.83
"pc2","4cpu-amd",0.35,"stine",1,2.93
"pc2","4cpu-amd",0.35,"stine",3,2.93
"pc2","4cpu-amd",0.35,"stine",2,2.95
"pc2","4cpu-amd",0.45,"stine",3,2.38
"pc2","4cpu-amd",0.45,"stine",1,2.47
"pc2","4cpu-amd",0.45,"stine",2,2.86
"pc2","4cpu-amd",0.45,"stine",4,2.47
"pc2","4cpu-amd",0.45,"stine",3,2.45
"pc2","4cpu-amd",0.45,"stine",4,2.51
"pc2","4cpu-amd",0.45,"stine",1,2.55
"pc2","4cpu-amd",0.45,"stine",2,2.55
"pc2","4cpu-amd",0.45,"stine",3,2.06
"pc2","4cpu-amd",0.45,"stine",4,2.12
"pc2","4cpu-amd",0.45,"stine",2,2.25
"pc2","4cpu-amd",0.45,"stine",1,2.37
"pc2","4cpu-amd",0.45,"stine",4,2.06
"pc2","4cpu-amd",0.45,"stine",2,2.06
"pc2","4cpu-amd",0.45,"stine",1,2.08
"pc2","4cpu-amd",0.45,"stine",3,2.08
"pc2","4cpu-amd",0.45,"stine",3,2.08
"pc2","4cpu-amd",0.45,"stine",2,2.12
"pc2","4cpu-amd",0.45,"stine",4,2.1
"pc2","4cpu-amd",0.45,"stine",1,2.1
"pc2","4cpu-amd",0.45,"stine",1,2.13
"pc2","4cpu-amd",0.45,"stine",4,2.14
"pc2","4cpu-amd",0.45,"stine",2,2.16
"pc2","4cpu-amd",0.45,"stine",3,2.15
"pc2","4cpu-amd",0.45,"stine",1,2.14
"pc2","4cpu-amd",0.45,"stine",4,2.13
"pc2","4cpu-amd",0.45,"stine",3,2.23
"pc2","4cpu-amd",0.45,"stine",2,2.24
"pc2","4cpu-amd",0.45,"stine",3,2.08
"pc2","4cpu-amd",0.45,"stine",2,2.09
"pc2","4cpu-amd",0.45,"stine",1,2.19
"pc2","4cpu-amd",0.45,"stine",4,2.19
"pc2","4cpu-amd",0.45,"stine",2,2.16
"pc2","4cpu-amd",0.45,"stine",1,2.16
"pc2","4cpu-amd",0.45,"stine",3,2.16
"pc2","4cpu-amd",0.45,"stine",4,2.17
"pc2","4cpu-amd",0.45,"stine",3,2.05
"pc2","4cpu-amd",0.45,"stine",1,2.13
"pc2","4cpu-amd",0.45,"stine",2,2.14
"pc2","4cpu-amd",0.45,"stine",4,2.13
"pc2","4cpu-amd",0.45,"stine",1,2.08
"pc2","4cpu-amd",0.45,"stine",3,1.64
"pc2","4cpu-amd",0.45,"stine",2,1.67
"pc2","4cpu-amd",0.45,"stine",4,2.16
"pc2","4cpu-amd",0.45,"stine",2,2.16
"pc2","4cpu-amd",0.45,"stine",1,2.16
"pc2","4cpu-amd",0.45,"stine",4,2.16
"pc2","4cpu-amd",0.45,"stine",3,2.16
"pc2","4cpu-amd",0.45,"stine",4,2.03
"pc2","4cpu-amd",0.45,"stine",2,2.17
"pc2","4cpu-amd",0.45,"stine",3,2.21
"pc2","4cpu-amd",0.45,"stine",1,2.24
"pc2","4cpu-amd",0.45,"stine",4,2.08
"pc2","4cpu-amd",0.45,"stine",2,2.08
"pc2","4cpu-amd",0.45,"stine",3,2.08
"pc2","4cpu-amd",0.45,"stine",1,2.2
"pc2","4cpu-amd",0.45,"stine",2,2.15
"pc2","4cpu-amd",0.45,"stine",4,2.16
"pc2","4cpu-amd",0.45,"stine",3,2.18
"pc2","4cpu-amd",0.45,"stine",1,2.18
"pc2","4cpu-amd",0.45,"stine",2,2.13
"pc2","4cpu-amd",0.45,"stine",3,2.17
"pc2","4cpu-amd",0.45,"stine",1,2.17
"pc2","4cpu-amd",0.45,"stine",4,2.18
"pc2","4cpu-amd",0.45,"stine",3,2.09
"pc2","4cpu-amd",0.45,"stine",1,2.09
"pc2","4cpu-amd",0.45,"stine",2,2.1
"pc2","4cpu-amd",0.45,"stine",4,2.17
"pc2","4cpu-amd",0.45,"stine",4,2.13
"pc2","4cpu-amd",0.45,"stine",2,2.16
"pc2","4cpu-amd",0.45,"stine",1,2.16
"pc2","4cpu-amd",0.45,"stine",3,2.22
"pc2","4cpu-amd",0.45,"stine",4,2.14
"pc2","4cpu-amd",0.45,"stine",3,2.14
"pc2","4cpu-amd",0.45,"stine",1,2.14
"pc2","4cpu-amd",0.45,"stine",2,2.13
"pc2","4cpu-amd",0.45,"stine",3,2.19
"pc2","4cpu-amd",0.45,"stine",2,2.19
"pc2","4cpu-amd",0.45,"stine",4,2.19
"pc2","4cpu-amd",0.45,"stine",1,2.19
"pc2","4cpu-amd",0.45,"stine",1,2.08
"pc2","4cpu-amd",0.45,"stine",4,2.14
"pc2","4cpu-amd",0.45,"stine",3,2.17
"pc2","4cpu-amd",0.45,"stine",2,2.17
"pc2","4cpu-amd",0.45,"stine",1,2.07
"pc2","4cpu-amd",0.45,"stine",4,2.13
"pc2","4cpu-amd",0.45,"stine",2,2.22
"pc2","4cpu-amd",0.45,"stine",3,2.22
"pc2","4cpu-amd",0.45,"stine",1,2.1
"pc2","4cpu-amd",0.45,"stine",3,2.18
"pc2","4cpu-amd",0.45,"stine",2,2.19
"pc2","4cpu-amd",0.45,"stine",4,2.18
"pc2","4cpu-amd",0.45,"stine",4,2.16
"pc2","4cpu-amd",0.45,"stine",2,2.16
"pc2","4cpu-amd",0.45,"stine",1,2.17
"pc2","4cpu-amd",0.45,"stine",3,2.24
"pc2","4cpu-amd",0.45,"stine",4,2.1
"pc2","4cpu-amd",0.45,"stine",3,2.12
"pc2","4cpu-amd",0.45,"stine",1,2.16
"pc2","4cpu-amd",0.45,"stine",2,1.67
"pc2","4cpu-amd",0.45,"stine",3,2.15
"pc2","4cpu-amd",0.45,"stine",2,2.15
"pc2","4cpu-amd",0.45,"stine",1,2.15
"pc2","4cpu-amd",0.45,"stine",4,2.18
"pc2","4cpu-amd",0.45,"stine",3,2.11
"pc2","4cpu-amd",0.45,"stine",1,2.11
"pc2","4cpu-amd",0.45,"stine",2,2.15
"pc2","4cpu-amd",0.45,"stine",4,2.15
"pc2","4cpu-amd",0.45,"stine",4,2.11
"pc2","4cpu-amd",0.45,"stine",3,2.21
"pc2","4cpu-amd",0.45,"stine",2,2.21
"pc2","4cpu-amd",0.45,"stine",1,2.24
"pc2","4cpu-amd",0.45,"stine",3,2.08
"pc2","4cpu-amd",0.45,"stine",1,2.15
"pc2","4cpu-amd",0.45,"stine",4,2.17
"pc2","4cpu-amd",0.45,"stine",2,2.17
"pc2","4cpu-amd",0.45,"stine",3,2.13
"pc2","4cpu-amd",0.45,"stine",1,2.16
"pc2","4cpu-amd",0.45,"stine",4,2.18
"pc2","4cpu-amd",0.45,"stine",2,2.18
"pc2","4cpu-amd",0.55,"stine",4,1.91
"pc2","4cpu-amd",0.55,"stine",3,1.96
"pc2","4cpu-amd",0.55,"stine",1,1.96
"pc2","4cpu-amd",0.55,"stine",2,1.99
"pc2","4cpu-amd",0.55,"stine",1,1.91
"pc2","4cpu-amd",0.55,"stine",4,1.91
"pc2","4cpu-amd",0.55,"stine",3,1.97
"pc2","4cpu-amd",0.55,"stine",2,2
"pc2","4cpu-amd",0.55,"stine",3,1.6
"pc2","4cpu-amd",0.55,"stine",1,1.68
"pc2","4cpu-amd",0.55,"stine",4,1.68
"pc2","4cpu-amd",0.55,"stine",2,1.78
"pc2","4cpu-amd",0.55,"stine",2,1.67
"pc2","4cpu-amd",0.55,"stine",4,1.67
"pc2","4cpu-amd",0.55,"stine",3,1.67
"pc2","4cpu-amd",0.55,"stine",1,1.71
"pc2","4cpu-amd",0.55,"stine",4,1.61
"pc2","4cpu-amd",0.55,"stine",2,1.7
"pc2","4cpu-amd",0.55,"stine",3,1.7
"pc2","4cpu-amd",0.55,"stine",1,1.83
"pc2","4cpu-amd",0.55,"stine",4,1.67
"pc2","4cpu-amd",0.55,"stine",1,1.75
"pc2","4cpu-amd",0.55,"stine",2,1.75
"pc2","4cpu-amd",0.55,"stine",3,1.74
"pc2","4cpu-amd",0.55,"stine",1,1.69
"pc2","4cpu-amd",0.55,"stine",2,1.69
"pc2","4cpu-amd",0.55,"stine",3,1.68
"pc2","4cpu-amd",0.55,"stine",4,1.7
"pc2","4cpu-amd",0.55,"stine",2,1.65
"pc2","4cpu-amd",0.55,"stine",4,1.67
"pc2","4cpu-amd",0.55,"stine",1,1.72
"pc2","4cpu-amd",0.55,"stine",3,1.72
"pc2","4cpu-amd",0.55,"stine",3,1.68
"pc2","4cpu-amd",0.55,"stine",2,1.68
"pc2","4cpu-amd",0.55,"stine",1,1.68
"pc2","4cpu-amd",0.55,"stine",4,1.68
"pc2","4cpu-amd",0.55,"stine",4,1.62
"pc2","4cpu-amd",0.55,"stine",1,1.65
"pc2","4cpu-amd",0.55,"stine",2,1.65
"pc2","4cpu-amd",0.55,"stine",3,1.65
"pc2","4cpu-amd",0.55,"stine",1,1.65
"pc2","4cpu-amd",0.55,"stine",2,1.65
"pc2","4cpu-amd",0.55,"stine",4,1.65
"pc2","4cpu-amd",0.55,"stine",3,1.72
"pc2","4cpu-amd",0.55,"stine",1,1.68
"pc2","4cpu-amd",0.55,"stine",2,1.69
"pc2","4cpu-amd",0.55,"stine",3,1.69
"pc2","4cpu-amd",0.55,"stine",4,1.69
"pc2","4cpu-amd",0.55,"stine",1,1.7
"pc2","4cpu-amd",0.55,"stine",2,1.67
"pc2","4cpu-amd",0.55,"stine",3,1.7
"pc2","4cpu-amd",0.55,"stine",4,1.68
"pc2","4cpu-amd",0.55,"stine",3,1.65
"pc2","4cpu-amd",0.55,"stine",4,1.72
"pc2","4cpu-amd",0.55,"stine",2,1.72
"pc2","4cpu-amd",0.55,"stine",1,1.74
"pc2","4cpu-amd",0.55,"stine",2,1.66
"pc2","4cpu-amd",0.55,"stine",1,1.68
"pc2","4cpu-amd",0.55,"stine",3,1.68
"pc2","4cpu-amd",0.55,"stine",4,1.68
"pc2","4cpu-amd",0.55,"stine",3,1.64
"pc2","4cpu-amd",0.55,"stine",4,1.64
"pc2","4cpu-amd",0.55,"stine",2,1.67
"pc2","4cpu-amd",0.55,"stine",1,1.74
"pc2","4cpu-amd",0.55,"stine",3,1.64
"pc2","4cpu-amd",0.55,"stine",1,1.71
"pc2","4cpu-amd",0.55,"stine",2,1.74
"pc2","4cpu-amd",0.55,"stine",4,1.73
"pc2","4cpu-amd",0.55,"stine",3,1.65
"pc2","4cpu-amd",0.55,"stine",1,1.68
"pc2","4cpu-amd",0.55,"stine",2,1.68
"pc2","4cpu-amd",0.55,"stine",4,1.73
"pc2","4cpu-amd",0.55,"stine",2,1.67
"pc2","4cpu-amd",0.55,"stine",1,1.67
"pc2","4cpu-amd",0.55,"stine",3,1.69
"pc2","4cpu-amd",0.55,"stine",4,1.69
"pc2","4cpu-amd",0.55,"stine",3,1.71
"pc2","4cpu-amd",0.55,"stine",1,1.73
"pc2","4cpu-amd",0.55,"stine",2,1.73
"pc2","4cpu-amd",0.55,"stine",4,1.73
"pc2","4cpu-amd",0.55,"stine",1,1.66
"pc2","4cpu-amd",0.55,"stine",3,1.72
"pc2","4cpu-amd",0.55,"stine",4,1.72
"pc2","4cpu-amd",0.55,"stine",2,1.76
"pc2","4cpu-amd",0.55,"stine",1,1.68
"pc2","4cpu-amd",0.55,"stine",4,1.72
"pc2","4cpu-amd",0.55,"stine",3,1.76
"pc2","4cpu-amd",0.55,"stine",2,1.76
"pc2","4cpu-amd",0.55,"stine",1,1.7
"pc2","4cpu-amd",0.55,"stine",4,1.73
"pc2","4cpu-amd",0.55,"stine",2,1.76
"pc2","4cpu-amd",0.55,"stine",3,1.76
"pc2","4cpu-amd",0.55,"stine",1,1.7
"pc2","4cpu-amd",0.55,"stine",4,1.75
"pc2","4cpu-amd",0.55,"stine",2,1.77
"pc2","4cpu-amd",0.55,"stine",3,1.77
"pc2","4cpu-amd",0.55,"stine",2,1.66
"pc2","4cpu-amd",0.55,"stine",3,1.68
"pc2","4cpu-amd",0.55,"stine",1,1.75
"pc2","4cpu-amd",0.55,"stine",4,1.75
"pc2","4cpu-amd",0.55,"stine",3,1.69
"pc2","4cpu-amd",0.55,"stine",2,1.75
"pc2","4cpu-amd",0.55,"stine",1,1.76
"pc2","4cpu-amd",0.55,"stine",4,1.75
"pc2","4cpu-amd",0.55,"stine",3,1.69
"pc2","4cpu-amd",0.55,"stine",4,1.69
"pc2","4cpu-amd",0.55,"stine",2,1.76
"pc2","4cpu-amd",0.55,"stine",1,1.78
"pc2","4cpu-amd",0.55,"stine",3,1.68
"pc2","4cpu-amd",0.55,"stine",2,1.68
"pc2","4cpu-amd",0.55,"stine",4,1.75
"pc2","4cpu-amd",0.55,"stine",1,1.78
"pc2","4cpu-amd",0.55,"stine",2,1.68
"pc2","4cpu-amd",0.55,"stine",4,1.69
"pc2","4cpu-amd",0.55,"stine",3,1.75
"pc2","4cpu-amd",0.55,"stine",1,1.78
"pc2","4cpu-amd",0.55,"stine",3,1.71
"pc2","4cpu-amd",0.55,"stine",1,1.71
"pc2","4cpu-amd",0.55,"stine",4,1.71
"pc2","4cpu-amd",0.55,"stine",2,1.71
"pc2","4cpu-amd",0.65,"stine",2,1.59
"pc2","4cpu-amd",0.65,"stine",4,1.6
"pc2","4cpu-amd",0.65,"stine",3,1.6
"pc2","4cpu-amd",0.65,"stine",1,1.64
"pc2","4cpu-amd",0.65,"stine",2,1.63
"pc2","4cpu-amd",0.65,"stine",3,1.67
"pc2","4cpu-amd",0.65,"stine",4,1.65
"pc2","4cpu-amd",0.65,"stine",3,1.39
"pc2","4cpu-amd",0.65,"stine",2,1.39
"pc2","4cpu-amd",0.65,"stine",4,1.39
"pc2","4cpu-amd",0.65,"stine",1,1.59
"pc2","4cpu-amd",0.65,"stine",4,1.35
"pc2","4cpu-amd",0.65,"stine",3,1.35
"pc2","4cpu-amd",0.65,"stine",2,1.39
"pc2","4cpu-amd",0.65,"stine",1,1.55
"pc2","4cpu-amd",0.65,"stine",2,1.38
"pc2","4cpu-amd",0.65,"stine",1,1.4
"pc2","4cpu-amd",0.65,"stine",4,1.42
"pc2","4cpu-amd",0.65,"stine",1,1.37
"pc2","4cpu-amd",0.65,"stine",2,1.38
"pc2","4cpu-amd",0.65,"stine",3,1.38
"pc2","4cpu-amd",0.65,"stine",4,1.39
"pc2","4cpu-amd",0.65,"stine",3,1.37
"pc2","4cpu-amd",0.65,"stine",4,1.37
"pc2","4cpu-amd",0.65,"stine",2,1.41
"pc2","4cpu-amd",0.65,"stine",1,1.45
"pc2","4cpu-amd",0.65,"stine",1,1.32
"pc2","4cpu-amd",0.65,"stine",3,1.32
"pc2","4cpu-amd",0.65,"stine",2,1.37
"pc2","4cpu-amd",0.65,"stine",4,1.4
"pc2","4cpu-amd",0.65,"stine",3,1.37
"pc2","4cpu-amd",0.65,"stine",4,1.38
"pc2","4cpu-amd",0.65,"stine",1,1.38
"pc2","4cpu-amd",0.65,"stine",2,1.42
"pc2","4cpu-amd",0.65,"stine",2,1.38
"pc2","4cpu-amd",0.65,"stine",4,1.37
"pc2","4cpu-amd",0.65,"stine",3,1.41
"pc2","4cpu-amd",0.65,"stine",1,1.41
"pc2","4cpu-amd",0.65,"stine",4,1.39
"pc2","4cpu-amd",0.65,"stine",3,1.41
"pc2","4cpu-amd",0.65,"stine",1,1.41
"pc2","4cpu-amd",0.65,"stine",2,1.41
"pc2","4cpu-amd",0.65,"stine",4,1.39
"pc2","4cpu-amd",0.65,"stine",1,1.39
"pc2","4cpu-amd",0.65,"stine",3,1.42
"pc2","4cpu-amd",0.65,"stine",2,1.45
"pc2","4cpu-amd",0.65,"stine",1,1.38
"pc2","4cpu-amd",0.65,"stine",3,1.39
"pc2","4cpu-amd",0.65,"stine",4,1.39
"pc2","4cpu-amd",0.65,"stine",2,1.39
"pc2","4cpu-amd",0.65,"stine",4,1.36
"pc2","4cpu-amd",0.65,"stine",3,1.36
"pc2","4cpu-amd",0.65,"stine",2,1.41
"pc2","4cpu-amd",0.65,"stine",1,1.43
"pc2","4cpu-amd",0.65,"stine",2,1.37
"pc2","4cpu-amd",0.65,"stine",1,1.39
"pc2","4cpu-amd",0.65,"stine",4,1.37
"pc2","4cpu-amd",0.65,"stine",3,1.39
"pc2","4cpu-amd",0.65,"stine",1,1.38
"pc2","4cpu-amd",0.65,"stine",2,1.38
"pc2","4cpu-amd",0.65,"stine",3,1.39
"pc2","4cpu-amd",0.65,"stine",4,1.4
"pc2","4cpu-amd",0.65,"stine",1,1.39
"pc2","4cpu-amd",0.65,"stine",3,1.39
"pc2","4cpu-amd",0.65,"stine",2,1.39
"pc2","4cpu-amd",0.65,"stine",4,1.41
"pc2","4cpu-amd",0.65,"stine",1,1.39
"pc2","4cpu-amd",0.65,"stine",2,1.38
"pc2","4cpu-amd",0.65,"stine",4,1.38
"pc2","4cpu-amd",0.65,"stine",3,1.39
"pc2","4cpu-amd",0.65,"stine",3,1.39
"pc2","4cpu-amd",0.65,"stine",1,1.39
"pc2","4cpu-amd",0.65,"stine",2,1.39
"pc2","4cpu-amd",0.65,"stine",4,1.46
"pc2","4cpu-amd",0.65,"stine",1,1.39
"pc2","4cpu-amd",0.65,"stine",2,1.39
"pc2","4cpu-amd",0.65,"stine",3,1.38
"pc2","4cpu-amd",0.65,"stine",4,1.38
"pc2","4cpu-amd",0.65,"stine",2,1.38
"pc2","4cpu-amd",0.65,"stine",3,1.38
"pc2","4cpu-amd",0.65,"stine",1,1.43
"pc2","4cpu-amd",0.65,"stine",4,1.44
"pc2","4cpu-amd",0.65,"stine",4,1.37
"pc2","4cpu-amd",0.65,"stine",3,1.41
"pc2","4cpu-amd",0.65,"stine",1,1.41
"pc2","4cpu-amd",0.65,"stine",2,1.41
"pc2","4cpu-amd",0.65,"stine",1,1.41
"pc2","4cpu-amd",0.65,"stine",3,1.4
"pc2","4cpu-amd",0.65,"stine",4,1.4
"pc2","4cpu-amd",0.65,"stine",2,1.4
"pc2","4cpu-amd",0.65,"stine",1,1.4
"pc2","4cpu-amd",0.65,"stine",2,1.4
"pc2","4cpu-amd",0.65,"stine",3,1.43
"pc2","4cpu-amd",0.65,"stine",4,1.43
"pc2","4cpu-amd",0.65,"stine",3,1.42
"pc2","4cpu-amd",0.65,"stine",2,1.47
"pc2","4cpu-amd",0.65,"stine",1,1.47
"pc2","4cpu-amd",0.65,"stine",4,1.47
"pc2","4cpu-amd",0.65,"stine",3,1.4
"pc2","4cpu-amd",0.65,"stine",4,1.44
"pc2","4cpu-amd",0.65,"stine",1,1.46
"pc2","4cpu-amd",0.65,"stine",2,1.47
"pc2","4cpu-amd",0.65,"stine",1,1.4
"pc2","4cpu-amd",0.65,"stine",2,1.45
"pc2","4cpu-amd",0.65,"stine",3,1.45
"pc2","4cpu-amd",0.65,"stine",4,1.45
"pc2","4cpu-amd",0.65,"stine",2,1.4
"pc2","4cpu-amd",0.65,"stine",1,1.42
"pc2","4cpu-amd",0.65,"stine",3,1.44
"pc2","4cpu-amd",0.65,"stine",4,1.47
"pc2","4cpu-amd",0.65,"stine",2,1.4
"pc2","4cpu-amd",0.65,"stine",3,1.4
"pc2","4cpu-amd",0.65,"stine",1,1.47
"pc2","4cpu-amd",0.65,"stine",4,1.47
"pc2","4cpu-amd",0.65,"stine",4,1.46
"pc2","4cpu-amd",0.65,"stine",1,1.46
"pc2","4cpu-amd",0.65,"stine",2,1.46
"pc2","4cpu-amd",0.65,"stine",3,1.46
"pc2","4cpu-amd",0.75,"stine",4,1.33
"pc2","4cpu-amd",0.75,"stine",2,1.36
"pc2","4cpu-amd",0.75,"stine",3,1.36
"pc2","4cpu-amd",0.75,"stine",1,1.39
"pc2","4cpu-amd",0.75,"stine",4,1.36
"pc2","4cpu-amd",0.75,"stine",3,1.37
"pc2","4cpu-amd",0.75,"stine",2,1.38
"pc2","4cpu-amd",0.75,"stine",1,1.46
"pc2","4cpu-amd",0.75,"stine",1,1.17
"pc2","4cpu-amd",0.75,"stine",4,1.14
"pc2","4cpu-amd",0.75,"stine",3,1.16
"pc2","4cpu-amd",0.75,"stine",2,1.18
"pc2","4cpu-amd",0.75,"stine",3,1.17
"pc2","4cpu-amd",0.75,"stine",1,1.17
"pc2","4cpu-amd",0.75,"stine",2,1.16
"pc2","4cpu-amd",0.75,"stine",4,1.16
"pc2","4cpu-amd",0.75,"stine",3,1.15
"pc2","4cpu-amd",0.75,"stine",2,1.17
"pc2","4cpu-amd",0.75,"stine",4,1.17
"pc2","4cpu-amd",0.75,"stine",1,1.24
"pc2","4cpu-amd",0.75,"stine",3,1.12
"pc2","4cpu-amd",0.75,"stine",1,1.18
"pc2","4cpu-amd",0.75,"stine",2,1.19
"pc2","4cpu-amd",0.75,"stine",4,1.19
"pc2","4cpu-amd",0.75,"stine",1,1.18
"pc2","4cpu-amd",0.75,"stine",2,1.18
"pc2","4cpu-amd",0.75,"stine",3,1.18
"pc2","4cpu-amd",0.75,"stine",4,1.18
"pc2","4cpu-amd",0.75,"stine",1,1.17
"pc2","4cpu-amd",0.75,"stine",4,1.16
"pc2","4cpu-amd",0.75,"stine",3,1.16
"pc2","4cpu-amd",0.75,"stine",2,1.19
"pc2","4cpu-amd",0.75,"stine",1,1.21
"pc2","4cpu-amd",0.75,"stine",3,1.19
"pc2","4cpu-amd",0.75,"stine",2,1.18
"pc2","4cpu-amd",0.75,"stine",4,1.18
"pc2","4cpu-amd",0.75,"stine",1,1.17
"pc2","4cpu-amd",0.75,"stine",4,1.18
"pc2","4cpu-amd",0.75,"stine",3,1.18
"pc2","4cpu-amd",0.75,"stine",2,1.18
"pc2","4cpu-amd",0.75,"stine",1,1.14
"pc2","4cpu-amd",0.75,"stine",4,1.14
"pc2","4cpu-amd",0.75,"stine",3,1.16
"pc2","4cpu-amd",0.75,"stine",2,1.16
"pc2","4cpu-amd",0.75,"stine",2,1.16
"pc2","4cpu-amd",0.75,"stine",1,1.2
"pc2","4cpu-amd",0.75,"stine",4,1.17
"pc2","4cpu-amd",0.75,"stine",3,1.2
"pc2","4cpu-amd",0.75,"stine",1,1.19
"pc2","4cpu-amd",0.75,"stine",2,1.18
"pc2","4cpu-amd",0.75,"stine",4,1.19
"pc2","4cpu-amd",0.75,"stine",3,1.19
"pc2","4cpu-amd",0.75,"stine",1,1.16
"pc2","4cpu-amd",0.75,"stine",3,1.15
"pc2","4cpu-amd",0.75,"stine",2,1.19
"pc2","4cpu-amd",0.75,"stine",4,1.18
"pc2","4cpu-amd",0.75,"stine",2,1.17
"pc2","4cpu-amd",0.75,"stine",3,1.19
"pc2","4cpu-amd",0.75,"stine",1,1.19
"pc2","4cpu-amd",0.75,"stine",4,1.19
"pc2","4cpu-amd",0.75,"stine",3,1.16
"pc2","4cpu-amd",0.75,"stine",1,1.19
"pc2","4cpu-amd",0.75,"stine",2,1.19
"pc2","4cpu-amd",0.75,"stine",4,1.19
"pc2","4cpu-amd",0.75,"stine",1,1.14
"pc2","4cpu-amd",0.75,"stine",2,1.14
"pc2","4cpu-amd",0.75,"stine",3,1.18
"pc2","4cpu-amd",0.75,"stine",4,1.19
"pc2","4cpu-amd",0.75,"stine",1,1.19
"pc2","4cpu-amd",0.75,"stine",2,1.19
"pc2","4cpu-amd",0.75,"stine",3,1.19
"pc2","4cpu-amd",0.75,"stine",4,1.2
"pc2","4cpu-amd",0.75,"stine",1,1.18
"pc2","4cpu-amd",0.75,"stine",2,1.19
"pc2","4cpu-amd",0.75,"stine",3,1.2
"pc2","4cpu-amd",0.75,"stine",4,1.2
"pc2","4cpu-amd",0.75,"stine",1,1.18
"pc2","4cpu-amd",0.75,"stine",3,1.19
"pc2","4cpu-amd",0.75,"stine",2,1.19
"pc2","4cpu-amd",0.75,"stine",4,1.23
"pc2","4cpu-amd",0.75,"stine",1,1.18
"pc2","4cpu-amd",0.75,"stine",2,1.19
"pc2","4cpu-amd",0.75,"stine",4,1.17
"pc2","4cpu-amd",0.75,"stine",3,1.19
"pc2","4cpu-amd",0.75,"stine",1,1.17
"pc2","4cpu-amd",0.75,"stine",2,1.19
"pc2","4cpu-amd",0.75,"stine",4,1.19
"pc2","4cpu-amd",0.75,"stine",3,1.2
"pc2","4cpu-amd",0.75,"stine",1,1.2
"pc2","4cpu-amd",0.75,"stine",2,1.2
"pc2","4cpu-amd",0.75,"stine",3,1.23
"pc2","4cpu-amd",0.75,"stine",4,1.23
"pc2","4cpu-amd",0.75,"stine",1,1.21
"pc2","4cpu-amd",0.75,"stine",2,1.21
"pc2","4cpu-amd",0.75,"stine",4,1.21
"pc2","4cpu-amd",0.75,"stine",3,1.21
"pc2","4cpu-amd",0.75,"stine",4,1.21
"pc2","4cpu-amd",0.75,"stine",1,1.21
"pc2","4cpu-amd",0.75,"stine",2,1.21
"pc2","4cpu-amd",0.75,"stine",3,1.21
"pc2","4cpu-amd",0.75,"stine",4,1.17
"pc2","4cpu-amd",0.75,"stine",1,1.2
"pc2","4cpu-amd",0.75,"stine",2,1.2
"pc2","4cpu-amd",0.75,"stine",3,1.22
"pc2","4cpu-amd",0.75,"stine",3,1.21
"pc2","4cpu-amd",0.75,"stine",1,1.23
"pc2","4cpu-amd",0.75,"stine",2,1.23
"pc2","4cpu-amd",0.75,"stine",4,1.23
"pc2","4cpu-amd",0.75,"stine",3,1.2
"pc2","4cpu-amd",0.75,"stine",2,1.21
"pc2","4cpu-amd",0.75,"stine",1,1.21
"pc2","4cpu-amd",0.75,"stine",4,1.21
"pc2","4cpu-amd",0.75,"stine",3,1.18
"pc2","4cpu-amd",0.75,"stine",1,1.23
"pc2","4cpu-amd",0.75,"stine",2,1.23
"pc2","4cpu-amd",0.75,"stine",3,1.18
"pc2","4cpu-amd",0.75,"stine",1,1.18
"pc2","4cpu-amd",0.75,"stine",2,1.2
"pc2","4cpu-amd",0.75,"stine",4,1.2
"pc2","4cpu-amd",0.85,"stine",1,1.18
"pc2","4cpu-amd",0.85,"stine",2,1.17
"pc2","4cpu-amd",0.85,"stine",3,1.17
"pc2","4cpu-amd",0.85,"stine",4,2.29
"pc2","4cpu-amd",0.85,"stine",3,1.02
"pc2","4cpu-amd",0.85,"stine",1,1.19
"pc2","4cpu-amd",0.85,"stine",2,1.19
"pc2","4cpu-amd",0.85,"stine",4,2.11
"pc2","4cpu-amd",0.85,"stine",2,1.03
"pc2","4cpu-amd",0.85,"stine",1,1.05
"pc2","4cpu-amd",0.85,"stine",3,1.05
"pc2","4cpu-amd",0.85,"stine",4,2.04
"pc2","4cpu-amd",0.85,"stine",3,1.02
"pc2","4cpu-amd",0.85,"stine",4,1.02
"pc2","4cpu-amd",0.85,"stine",2,1.05
"pc2","4cpu-amd",0.85,"stine",1,0.01
"pc2","4cpu-amd",0.85,"stine",2,1.04
"pc2","4cpu-amd",0.85,"stine",4,1.04
"pc2","4cpu-amd",0.85,"stine",3,1.04
"pc2","4cpu-amd",0.85,"stine",3,0.98
"pc2","4cpu-amd",0.85,"stine",2,1.01
"pc2","4cpu-amd",0.85,"stine",4,1.02
"pc2","4cpu-amd",0.85,"stine",1,0.01
"pc2","4cpu-amd",0.85,"stine",4,1.01
"pc2","4cpu-amd",0.85,"stine",2,1.01
"pc2","4cpu-amd",0.85,"stine",3,1.01
"pc2","4cpu-amd",0.85,"stine",1,0.01
"pc2","4cpu-amd",0.85,"stine",3,0.98
"pc2","4cpu-amd",0.85,"stine",4,1.03
"pc2","4cpu-amd",0.85,"stine",2,1.03
"pc2","4cpu-amd",0.85,"stine",4,1.01
"pc2","4cpu-amd",0.85,"stine",2,1.01
"pc2","4cpu-amd",0.85,"stine",3,1.01
"pc2","4cpu-amd",0.85,"stine",3,0.99
"pc2","4cpu-amd",0.85,"stine",4,1.02
"pc2","4cpu-amd",0.85,"stine",2,1.02
"pc2","4cpu-amd",0.85,"stine",1,0.01
"pc2","4cpu-amd",0.85,"stine",4,1.02
"pc2","4cpu-amd",0.85,"stine",2,1.03
"pc2","4cpu-amd",0.85,"stine",3,1.03
"pc2","4cpu-amd",0.85,"stine",1,0.01
"pc2","4cpu-amd",0.85,"stine",2,1.01
"pc2","4cpu-amd",0.85,"stine",4,1
"pc2","4cpu-amd",0.85,"stine",3,1.04
"pc2","4cpu-amd",0.85,"stine",1,0.01
"pc2","4cpu-amd",0.85,"stine",3,1
"pc2","4cpu-amd",0.85,"stine",4,1
"pc2","4cpu-amd",0.85,"stine",2,1.02
"pc2","4cpu-amd",0.85,"stine",1,0.01
"pc2","4cpu-amd",0.85,"stine",4,1
"pc2","4cpu-amd",0.85,"stine",3,1.04
"pc2","4cpu-amd",0.85,"stine",2,1.04
"pc2","4cpu-amd",0.85,"stine",1,0.05
"pc2","4cpu-amd",0.85,"stine",2,1.02
"pc2","4cpu-amd",0.85,"stine",3,1
"pc2","4cpu-amd",0.85,"stine",4,1
"pc2","4cpu-amd",0.85,"stine",2,1.03
"pc2","4cpu-amd",0.85,"stine",3,1.06
"pc2","4cpu-amd",0.85,"stine",4,1.03
"pc2","4cpu-amd",0.85,"stine",3,0.98
"pc2","4cpu-amd",0.85,"stine",4,1.03
"pc2","4cpu-amd",0.85,"stine",2,1.03
"pc2","4cpu-amd",0.85,"stine",2,0.99
"pc2","4cpu-amd",0.85,"stine",3,0.99
"pc2","4cpu-amd",0.85,"stine",4,1.01
"pc2","4cpu-amd",0.85,"stine",1,0
"pc2","4cpu-amd",0.85,"stine",3,1.03
"pc2","4cpu-amd",0.85,"stine",2,1.03
"pc2","4cpu-amd",0.85,"stine",4,1.03
"pc2","4cpu-amd",0.85,"stine",3,1.01
"pc2","4cpu-amd",0.85,"stine",4,1.05
"pc2","4cpu-amd",0.85,"stine",2,1.05
"pc2","4cpu-amd",0.85,"stine",2,1.07
"pc2","4cpu-amd",0.85,"stine",3,1.08
"pc2","4cpu-amd",0.85,"stine",4,1.08
"pc2","4cpu-amd",0.85,"stine",1,1.2
"pc2","4cpu-amd",0.85,"stine",2,1.06
"pc2","4cpu-amd",0.85,"stine",3,1.06
"pc2","4cpu-amd",0.85,"stine",4,1.06
"pc2","4cpu-amd",0.85,"stine",1,1.2
"pc2","4cpu-amd",0.85,"stine",2,1.05
"pc2","4cpu-amd",0.85,"stine",3,1.06
"pc2","4cpu-amd",0.85,"stine",4,1.06
"pc2","4cpu-amd",0.85,"stine",1,1.14
"pc2","4cpu-amd",0.85,"stine",1,1.03
"pc2","4cpu-amd",0.85,"stine",3,1.08
"pc2","4cpu-amd",0.85,"stine",2,1.08
"pc2","4cpu-amd",0.85,"stine",4,1.06
"pc2","4cpu-amd",0.85,"stine",1,1.03
"pc2","4cpu-amd",0.85,"stine",3,1.05
"pc2","4cpu-amd",0.85,"stine",2,1.06
"pc2","4cpu-amd",0.85,"stine",4,1.07
"pc2","4cpu-amd",0.85,"stine",1,1.06
"pc2","4cpu-amd",0.85,"stine",3,1.06
"pc2","4cpu-amd",0.85,"stine",4,1.06
"pc2","4cpu-amd",0.85,"stine",2,1.06
"pc2","4cpu-amd",0.85,"stine",1,1.06
"pc2","4cpu-amd",0.85,"stine",2,1.07
"pc2","4cpu-amd",0.85,"stine",3,1.04
"pc2","4cpu-amd",0.85,"stine",4,1.04
"pc2","4cpu-amd",0.85,"stine",2,1.08
"pc2","4cpu-amd",0.85,"stine",1,1.08
"pc2","4cpu-amd",0.85,"stine",3,1.07
"pc2","4cpu-amd",0.85,"stine",4,1.09
"pc2","4cpu-amd",0.85,"stine",1,1.04
"pc2","4cpu-amd",0.85,"stine",2,1.06
"pc2","4cpu-amd",0.85,"stine",4,1.06
"pc2","4cpu-amd",0.85,"stine",3,1.08
"pc2","4cpu-amd",0.85,"stine",1,1.05
"pc2","4cpu-amd",0.85,"stine",3,1.05
"pc2","4cpu-amd",0.85,"stine",4,1.05
"pc2","4cpu-amd",0.85,"stine",2,1.08
"pc2","4cpu-amd",0.95,"stine",1,1.07
"pc2","4cpu-amd",0.95,"stine",2,1.06
"pc2","4cpu-amd",0.95,"stine",3,1.06
"pc2","4cpu-amd",0.95,"stine",4,1.05
"pc2","4cpu-amd",0.95,"stine",1,1.06
"pc2","4cpu-amd",0.95,"stine",4,1.08
"pc2","4cpu-amd",0.95,"stine",3,1.08
"pc2","4cpu-amd",0.95,"stine",2,1.09
"pc2","4cpu-amd",0.95,"stine",4,0.92
"pc2","4cpu-amd",0.95,"stine",2,0.92
"pc2","4cpu-amd",0.95,"stine",3,0.92
"pc2","4cpu-amd",0.95,"stine",1,0.99
"pc2","4cpu-amd",0.95,"stine",1,0.93
"pc2","4cpu-amd",0.95,"stine",4,0.88
"pc2","4cpu-amd",0.95,"stine",2,0.94
"pc2","4cpu-amd",0.95,"stine",3,0.93
"pc2","4cpu-amd",0.95,"stine",2,0.9
"pc2","4cpu-amd",0.95,"stine",3,0.91
"pc2","4cpu-amd",0.95,"stine",4,0.91
"pc2","4cpu-amd",0.95,"stine",1,0.94
"pc2","4cpu-amd",0.95,"stine",1,0.91
"pc2","4cpu-amd",0.95,"stine",2,0.91
"pc2","4cpu-amd",0.95,"stine",4,0.89
"pc2","4cpu-amd",0.95,"stine",3,0.91
"pc2","4cpu-amd",0.95,"stine",3,0.91
"pc2","4cpu-amd",0.95,"stine",1,0.91
"pc2","4cpu-amd",0.95,"stine",4,0.91
"pc2","4cpu-amd",0.95,"stine",2,0.91
"pc2","4cpu-amd",0.95,"stine",3,0.9
"pc2","4cpu-amd",0.95,"stine",1,0.92
"pc2","4cpu-amd",0.95,"stine",2,0.94
"pc2","4cpu-amd",0.95,"stine",4,0.94
"pc2","4cpu-amd",0.95,"stine",4,0.9
"pc2","4cpu-amd",0.95,"stine",3,0.9
"pc2","4cpu-amd",0.95,"stine",1,0.9
"pc2","4cpu-amd",0.95,"stine",2,0.91
"pc2","4cpu-amd",0.95,"stine",1,0.92
"pc2","4cpu-amd",0.95,"stine",2,0.92
"pc2","4cpu-amd",0.95,"stine",3,0.91
"pc2","4cpu-amd",0.95,"stine",4,0.91
"pc2","4cpu-amd",0.95,"stine",1,0.9
"pc2","4cpu-amd",0.95,"stine",3,0.9
"pc2","4cpu-amd",0.95,"stine",4,0.9
"pc2","4cpu-amd",0.95,"stine",2,0.9
"pc2","4cpu-amd",0.95,"stine",4,0.88
"pc2","4cpu-amd",0.95,"stine",3,0.89
"pc2","4cpu-amd",0.95,"stine",1,0.91
"pc2","4cpu-amd",0.95,"stine",2,0.91
"pc2","4cpu-amd",0.95,"stine",2,0.91
"pc2","4cpu-amd",0.95,"stine",1,0.91
"pc2","4cpu-amd",0.95,"stine",4,0.91
"pc2","4cpu-amd",0.95,"stine",3,0.91
"pc2","4cpu-amd",0.95,"stine",1,0.9
"pc2","4cpu-amd",0.95,"stine",4,0.9
"pc2","4cpu-amd",0.95,"stine",2,0.91
"pc2","4cpu-amd",0.95,"stine",3,0.91
"pc2","4cpu-amd",0.95,"stine",2,0.9
"pc2","4cpu-amd",0.95,"stine",1,0.9
"pc2","4cpu-amd",0.95,"stine",4,0.9
"pc2","4cpu-amd",0.95,"stine",3,0.9
"pc2","4cpu-amd",0.95,"stine",1,0.93
"pc2","4cpu-amd",0.95,"stine",2,0.93
"pc2","4cpu-amd",0.95,"stine",3,0.93
"pc2","4cpu-amd",0.95,"stine",4,0.92
"pc2","4cpu-amd",0.95,"stine",1,0.91
"pc2","4cpu-amd",0.95,"stine",3,0.91
"pc2","4cpu-amd",0.95,"stine",2,0.89
"pc2","4cpu-amd",0.95,"stine",4,0.92
"pc2","4cpu-amd",0.95,"stine",1,0.93
"pc2","4cpu-amd",0.95,"stine",2,0.93
"pc2","4cpu-amd",0.95,"stine",3,0.9
"pc2","4cpu-amd",0.95,"stine",4,0.91
"pc2","4cpu-amd",0.95,"stine",1,0.9
"pc2","4cpu-amd",0.95,"stine",2,0.92
"pc2","4cpu-amd",0.95,"stine",3,0.92
"pc2","4cpu-amd",0.95,"stine",4,0.92
"pc2","4cpu-amd",0.95,"stine",1,0.92
"pc2","4cpu-amd",0.95,"stine",3,0.92
"pc2","4cpu-amd",0.95,"stine",4,0.92
"pc2","4cpu-amd",0.95,"stine",2,0.95
"pc2","4cpu-amd",0.95,"stine",1,0.9
"pc2","4cpu-amd",0.95,"stine",2,0.9
"pc2","4cpu-amd",0.95,"stine",3,0.92
"pc2","4cpu-amd",0.95,"stine",4,0.92
"pc2","4cpu-amd",0.95,"stine",1,0.91
"pc2","4cpu-amd",0.95,"stine",2,0.91
"pc2","4cpu-amd",0.95,"stine",3,0.92
"pc2","4cpu-amd",0.95,"stine",4,0.93
"pc2","4cpu-amd",0.95,"stine",2,0.91
"pc2","4cpu-amd",0.95,"stine",1,0.9
"pc2","4cpu-amd",0.95,"stine",3,0.92
"pc2","4cpu-amd",0.95,"stine",4,0.92
"pc2","4cpu-amd",0.95,"stine",1,0.92
"pc2","4cpu-amd",0.95,"stine",2,0.92
"pc2","4cpu-amd",0.95,"stine",3,0.93
"pc2","4cpu-amd",0.95,"stine",4,0.93
"pc2","4cpu-amd",0.95,"stine",1,0.94
"pc2","4cpu-amd",0.95,"stine",4,0.93
"pc2","4cpu-amd",0.95,"stine",2,0.93
"pc2","4cpu-amd",0.95,"stine",3,0.93
"pc2","4cpu-amd",0.95,"stine",1,0.94
"pc2","4cpu-amd",0.95,"stine",3,0.92
"pc2","4cpu-amd",0.95,"stine",4,0.92
"pc2","4cpu-amd",0.95,"stine",2,0.92
"pc2","4cpu-amd",0.95,"stine",2,0.92
"pc2","4cpu-amd",0.95,"stine",1,0.92
"pc2","4cpu-amd",0.95,"stine",3,0.92
"pc2","4cpu-amd",0.95,"stine",4,0.92
"pc2","4cpu-amd",0.95,"stine",2,0.92
"pc2","4cpu-amd",0.95,"stine",1,0.96
"pc2","4cpu-amd",0.95,"stine",4,0.96
"pc2","4cpu-amd",0.95,"stine",3,0.95
"pc2","4cpu-amd",0.95,"stine",1,0.92
"pc2","4cpu-amd",0.95,"stine",2,0.92
"pc2","4cpu-amd",0.95,"stine",3,0.93
"pc2","4cpu-amd",0.95,"stine",4,0.93
"pc2","4cpu-amd",0.95,"stine",2,0.93
"pc2","4cpu-amd",0.95,"stine",4,0.9
"pc2","4cpu-amd",0.95,"stine",3,0.93
"pc2","4cpu-amd",0.95,"stine",1,0.99
"pc2","4cpu-amd",0.05,"locf",1,51.35
"pc2","4cpu-amd",0.05,"locf",2,52.34
"pc2","4cpu-amd",0.05,"locf",4,52.73
"pc2","4cpu-amd",0.05,"locf",3,54.24
"pc2","4cpu-amd",0.05,"locf",4,51.24
"pc2","4cpu-amd",0.05,"locf",1,52.66
"pc2","4cpu-amd",0.05,"locf",3,53.14
"pc2","4cpu-amd",0.05,"locf",2,53.65
"pc2","4cpu-amd",0.05,"locf",1,46.37
"pc2","4cpu-amd",0.05,"locf",3,48.13
"pc2","4cpu-amd",0.05,"locf",4,48.41
"pc2","4cpu-amd",0.05,"locf",2,49.45
"pc2","4cpu-amd",0.05,"locf",1,47.65
"pc2","4cpu-amd",0.05,"locf",3,47.79
"pc2","4cpu-amd",0.05,"locf",2,47.79
"pc2","4cpu-amd",0.05,"locf",4,49.95
"pc2","4cpu-amd",0.05,"locf",4,45.74
"pc2","4cpu-amd",0.05,"locf",3,48.45
"pc2","4cpu-amd",0.05,"locf",1,48.67
"pc2","4cpu-amd",0.05,"locf",2,49.75
"pc2","4cpu-amd",0.05,"locf",3,47.86
"pc2","4cpu-amd",0.05,"locf",1,48.08
"pc2","4cpu-amd",0.05,"locf",2,48.26
"pc2","4cpu-amd",0.05,"locf",4,49.95
"pc2","4cpu-amd",0.05,"locf",4,47.5
"pc2","4cpu-amd",0.05,"locf",2,47.76
"pc2","4cpu-amd",0.05,"locf",3,49.03
"pc2","4cpu-amd",0.05,"locf",1,49.17
"pc2","4cpu-amd",0.05,"locf",4,47.06
"pc2","4cpu-amd",0.05,"locf",2,47.47
"pc2","4cpu-amd",0.05,"locf",3,47.97
"pc2","4cpu-amd",0.05,"locf",1,49.38
"pc2","4cpu-amd",0.05,"locf",3,46.62
"pc2","4cpu-amd",0.05,"locf",1,47.77
"pc2","4cpu-amd",0.05,"locf",2,49.14
"pc2","4cpu-amd",0.05,"locf",4,49.61
"pc2","4cpu-amd",0.05,"locf",3,46.54
"pc2","4cpu-amd",0.05,"locf",2,47.55
"pc2","4cpu-amd",0.05,"locf",1,47.76
"pc2","4cpu-amd",0.05,"locf",4,48.23
"pc2","4cpu-amd",0.05,"locf",3,47.46
"pc2","4cpu-amd",0.05,"locf",4,48.65
"pc2","4cpu-amd",0.05,"locf",2,48.77
"pc2","4cpu-amd",0.05,"locf",1,49.18
"pc2","4cpu-amd",0.05,"locf",1,47.26
"pc2","4cpu-amd",0.05,"locf",4,47.54
"pc2","4cpu-amd",0.05,"locf",2,48.45
"pc2","4cpu-amd",0.05,"locf",3,48.54
"pc2","4cpu-amd",0.05,"locf",1,47.48
"pc2","4cpu-amd",0.05,"locf",2,47.87
"pc2","4cpu-amd",0.05,"locf",4,49.46
"pc2","4cpu-amd",0.05,"locf",3,50.07
"pc2","4cpu-amd",0.05,"locf",4,46.44
"pc2","4cpu-amd",0.05,"locf",2,48.75
"pc2","4cpu-amd",0.05,"locf",1,49.16
"pc2","4cpu-amd",0.05,"locf",3,49.74
"pc2","4cpu-amd",0.05,"locf",2,46.75
"pc2","4cpu-amd",0.05,"locf",4,47.34
"pc2","4cpu-amd",0.05,"locf",1,48.26
"pc2","4cpu-amd",0.05,"locf",3,48.34
"pc2","4cpu-amd",0.05,"locf",2,48.06
"pc2","4cpu-amd",0.05,"locf",4,49.06
"pc2","4cpu-amd",0.05,"locf",1,49.37
"pc2","4cpu-amd",0.05,"locf",3,50.36
"pc2","4cpu-amd",0.05,"locf",1,48.47
"pc2","4cpu-amd",0.05,"locf",2,48.77
"pc2","4cpu-amd",0.05,"locf",3,48.86
"pc2","4cpu-amd",0.05,"locf",4,49.25
"pc2","4cpu-amd",0.05,"locf",3,46.92
"pc2","4cpu-amd",0.05,"locf",2,47.46
"pc2","4cpu-amd",0.05,"locf",4,49.02
"pc2","4cpu-amd",0.05,"locf",1,49.67
"pc2","4cpu-amd",0.05,"locf",3,47.85
"pc2","4cpu-amd",0.05,"locf",4,47.85
"pc2","4cpu-amd",0.05,"locf",2,49.38
"pc2","4cpu-amd",0.05,"locf",1,49.89
"pc2","4cpu-amd",0.05,"locf",2,47.85
"pc2","4cpu-amd",0.05,"locf",3,49.14
"pc2","4cpu-amd",0.05,"locf",4,49.83
"pc2","4cpu-amd",0.05,"locf",1,50.06
"pc2","4cpu-amd",0.05,"locf",4,48.64
"pc2","4cpu-amd",0.05,"locf",2,48.76
"pc2","4cpu-amd",0.05,"locf",1,49.18
"pc2","4cpu-amd",0.05,"locf",3,49.66
"pc2","4cpu-amd",0.05,"locf",4,47.65
"pc2","4cpu-amd",0.05,"locf",2,48.06
"pc2","4cpu-amd",0.05,"locf",1,49.27
"pc2","4cpu-amd",0.05,"locf",3,49.45
"pc2","4cpu-amd",0.05,"locf",2,48.08
"pc2","4cpu-amd",0.05,"locf",1,48.79
"pc2","4cpu-amd",0.05,"locf",4,49.46
"pc2","4cpu-amd",0.05,"locf",3,49.77
"pc2","4cpu-amd",0.05,"locf",3,47.94
"pc2","4cpu-amd",0.05,"locf",2,48.66
"pc2","4cpu-amd",0.05,"locf",4,48.93
"pc2","4cpu-amd",0.05,"locf",1,50.36
"pc2","4cpu-amd",0.05,"locf",3,47.32
"pc2","4cpu-amd",0.05,"locf",2,47.83
"pc2","4cpu-amd",0.05,"locf",1,47.96
"pc2","4cpu-amd",0.05,"locf",4,48.7
"pc2","4cpu-amd",0.05,"locf",4,48.03
"pc2","4cpu-amd",0.05,"locf",2,48.64
"pc2","4cpu-amd",0.05,"locf",3,48.73
"pc2","4cpu-amd",0.05,"locf",1,50.45
"pc2","4cpu-amd",0.05,"locf",2,48.85
"pc2","4cpu-amd",0.05,"locf",3,48.98
"pc2","4cpu-amd",0.05,"locf",1,49.27
"pc2","4cpu-amd",0.05,"locf",4,49.29
"pc2","4cpu-amd",0.05,"locf",3,46.11
"pc2","4cpu-amd",0.05,"locf",1,46.76
"pc2","4cpu-amd",0.05,"locf",4,47.91
"pc2","4cpu-amd",0.05,"locf",2,48.13
"pc2","4cpu-amd",0.05,"locf",1,47.97
"pc2","4cpu-amd",0.05,"locf",2,49.66
"pc2","4cpu-amd",0.05,"locf",3,50.15
"pc2","4cpu-amd",0.05,"locf",4,50.24
"pc2","4cpu-amd",0.05,"locf",1,48.29
"pc2","4cpu-amd",0.05,"locf",3,49.27
"pc2","4cpu-amd",0.05,"locf",4,49.27
"pc2","4cpu-amd",0.05,"locf",2,49.88
"pc2","4cpu-amd",0.15,"locf",1,11.08
"pc2","4cpu-amd",0.15,"locf",3,11.17
"pc2","4cpu-amd",0.15,"locf",4,11.77
"pc2","4cpu-amd",0.15,"locf",2,13.18
"pc2","4cpu-amd",0.15,"locf",2,10.65
"pc2","4cpu-amd",0.15,"locf",3,10.92
"pc2","4cpu-amd",0.15,"locf",4,12.3
"pc2","4cpu-amd",0.15,"locf",2,9.67
"pc2","4cpu-amd",0.15,"locf",1,10.67
"pc2","4cpu-amd",0.15,"locf",4,10.67
"pc2","4cpu-amd",0.15,"locf",3,11.56
"pc2","4cpu-amd",0.15,"locf",1,9.86
"pc2","4cpu-amd",0.15,"locf",4,10.44
"pc2","4cpu-amd",0.15,"locf",2,10.55
"pc2","4cpu-amd",0.15,"locf",3,10.95
"pc2","4cpu-amd",0.15,"locf",4,9.74
"pc2","4cpu-amd",0.15,"locf",3,9.74
"pc2","4cpu-amd",0.15,"locf",1,10.24
"pc2","4cpu-amd",0.15,"locf",2,10.73
"pc2","4cpu-amd",0.15,"locf",3,10.06
"pc2","4cpu-amd",0.15,"locf",1,10.47
"pc2","4cpu-amd",0.15,"locf",4,10.55
"pc2","4cpu-amd",0.15,"locf",2,11.06
"pc2","4cpu-amd",0.15,"locf",2,9.55
"pc2","4cpu-amd",0.15,"locf",4,9.96
"pc2","4cpu-amd",0.15,"locf",1,10.46
"pc2","4cpu-amd",0.15,"locf",3,10.74
"pc2","4cpu-amd",0.15,"locf",2,9.95
"pc2","4cpu-amd",0.15,"locf",1,10.06
"pc2","4cpu-amd",0.15,"locf",3,10.25
"pc2","4cpu-amd",0.15,"locf",4,10.34
"pc2","4cpu-amd",0.15,"locf",2,9.88
"pc2","4cpu-amd",0.15,"locf",1,10.27
"pc2","4cpu-amd",0.15,"locf",3,10.57
"pc2","4cpu-amd",0.15,"locf",4,10.95
"pc2","4cpu-amd",0.15,"locf",4,10.16
"pc2","4cpu-amd",0.15,"locf",3,10.27
"pc2","4cpu-amd",0.15,"locf",2,10.37
"pc2","4cpu-amd",0.15,"locf",1,10.79
"pc2","4cpu-amd",0.15,"locf",4,9.05
"pc2","4cpu-amd",0.15,"locf",1,9.87
"pc2","4cpu-amd",0.15,"locf",2,10.06
"pc2","4cpu-amd",0.15,"locf",3,10.35
"pc2","4cpu-amd",0.15,"locf",2,9.96
"pc2","4cpu-amd",0.15,"locf",3,10.05
"pc2","4cpu-amd",0.15,"locf",4,10.24
"pc2","4cpu-amd",0.15,"locf",1,10.28
"pc2","4cpu-amd",0.15,"locf",3,9.84
"pc2","4cpu-amd",0.15,"locf",2,10.55
"pc2","4cpu-amd",0.15,"locf",4,10.55
"pc2","4cpu-amd",0.15,"locf",1,10.86
"pc2","4cpu-amd",0.15,"locf",1,9.57
"pc2","4cpu-amd",0.15,"locf",2,9.86
"pc2","4cpu-amd",0.15,"locf",4,10.03
"pc2","4cpu-amd",0.15,"locf",3,10.14
"pc2","4cpu-amd",0.15,"locf",1,9.78
"pc2","4cpu-amd",0.15,"locf",4,10.26
"pc2","4cpu-amd",0.15,"locf",3,10.36
"pc2","4cpu-amd",0.15,"locf",2,10.48
"pc2","4cpu-amd",0.15,"locf",4,9.92
"pc2","4cpu-amd",0.15,"locf",2,10.04
"pc2","4cpu-amd",0.15,"locf",1,10.36
"pc2","4cpu-amd",0.15,"locf",3,10.74
"pc2","4cpu-amd",0.15,"locf",2,10.77
"pc2","4cpu-amd",0.15,"locf",1,11.07
"pc2","4cpu-amd",0.15,"locf",3,11.08
"pc2","4cpu-amd",0.15,"locf",4,11.55
"pc2","4cpu-amd",0.15,"locf",1,9.9
"pc2","4cpu-amd",0.15,"locf",4,9.97
"pc2","4cpu-amd",0.15,"locf",2,10.29
"pc2","4cpu-amd",0.15,"locf",3,10.87
"pc2","4cpu-amd",0.15,"locf",3,9.95
"pc2","4cpu-amd",0.15,"locf",1,10.18
"pc2","4cpu-amd",0.15,"locf",4,10.44
"pc2","4cpu-amd",0.15,"locf",2,10.56
"pc2","4cpu-amd",0.15,"locf",3,9.57
"pc2","4cpu-amd",0.15,"locf",4,9.97
"pc2","4cpu-amd",0.15,"locf",1,10.99
"pc2","4cpu-amd",0.15,"locf",2,11.07
"pc2","4cpu-amd",0.15,"locf",1,10.69
"pc2","4cpu-amd",0.15,"locf",4,10.86
"pc2","4cpu-amd",0.15,"locf",3,11.36
"pc2","4cpu-amd",0.15,"locf",2,11.88
"pc2","4cpu-amd",0.15,"locf",2,9.96
"pc2","4cpu-amd",0.15,"locf",1,10.47
"pc2","4cpu-amd",0.15,"locf",3,10.85
"pc2","4cpu-amd",0.15,"locf",4,10.94
"pc2","4cpu-amd",0.15,"locf",3,9.87
"pc2","4cpu-amd",0.15,"locf",2,10.47
"pc2","4cpu-amd",0.15,"locf",1,10.68
"pc2","4cpu-amd",0.15,"locf",4,11.36
"pc2","4cpu-amd",0.15,"locf",4,10.27
"pc2","4cpu-amd",0.15,"locf",1,10.69
"pc2","4cpu-amd",0.15,"locf",3,10.87
"pc2","4cpu-amd",0.15,"locf",2,11.68
"pc2","4cpu-amd",0.15,"locf",1,10.17
"pc2","4cpu-amd",0.15,"locf",3,10.96
"pc2","4cpu-amd",0.15,"locf",2,11.46
"pc2","4cpu-amd",0.15,"locf",4,11.45
"pc2","4cpu-amd",0.15,"locf",4,10.25
"pc2","4cpu-amd",0.15,"locf",2,10.45
"pc2","4cpu-amd",0.15,"locf",3,10.74
"pc2","4cpu-amd",0.15,"locf",1,10.85
"pc2","4cpu-amd",0.15,"locf",4,10.27
"pc2","4cpu-amd",0.15,"locf",3,10.88
"pc2","4cpu-amd",0.15,"locf",2,10.98
"pc2","4cpu-amd",0.15,"locf",1,11.69
"pc2","4cpu-amd",0.15,"locf",2,9.86
"pc2","4cpu-amd",0.15,"locf",1,10.14
"pc2","4cpu-amd",0.15,"locf",3,10.14
"pc2","4cpu-amd",0.15,"locf",4,10.34
"pc2","4cpu-amd",0.15,"locf",1,10.58
"pc2","4cpu-amd",0.15,"locf",2,10.96
"pc2","4cpu-amd",0.15,"locf",3,11.55
"pc2","4cpu-amd",0.15,"locf",4,12.04
"pc2","4cpu-amd",0.15,"locf",4,11.04
"pc2","4cpu-amd",0.15,"locf",1,11.17
"pc2","4cpu-amd",0.15,"locf",3,11.34
"pc2","4cpu-amd",0.15,"locf",2,11.46
"pc2","4cpu-amd",0.25,"locf",4,4.97
"pc2","4cpu-amd",0.25,"locf",2,5.09
"pc2","4cpu-amd",0.25,"locf",1,5.33
"pc2","4cpu-amd",0.25,"locf",3,5.28
"pc2","4cpu-amd",0.25,"locf",2,4.98
"pc2","4cpu-amd",0.25,"locf",4,5.15
"pc2","4cpu-amd",0.25,"locf",1,5.38
"pc2","4cpu-amd",0.25,"locf",3,5.45
"pc2","4cpu-amd",0.25,"locf",4,4.38
"pc2","4cpu-amd",0.25,"locf",2,4.49
"pc2","4cpu-amd",0.25,"locf",1,4.6
"pc2","4cpu-amd",0.25,"locf",3,4.76
"pc2","4cpu-amd",0.25,"locf",1,4.48
"pc2","4cpu-amd",0.25,"locf",3,4.56
"pc2","4cpu-amd",0.25,"locf",2,4.56
"pc2","4cpu-amd",0.25,"locf",4,4.56
"pc2","4cpu-amd",0.25,"locf",1,4.59
"pc2","4cpu-amd",0.25,"locf",3,4.58
"pc2","4cpu-amd",0.25,"locf",4,4.75
"pc2","4cpu-amd",0.25,"locf",2,4.86
"pc2","4cpu-amd",0.25,"locf",4,4.37
"pc2","4cpu-amd",0.25,"locf",1,4.41
"pc2","4cpu-amd",0.25,"locf",3,4.47
"pc2","4cpu-amd",0.25,"locf",2,4.68
"pc2","4cpu-amd",0.25,"locf",4,4.47
"pc2","4cpu-amd",0.25,"locf",3,4.57
"pc2","4cpu-amd",0.25,"locf",2,4.7
"pc2","4cpu-amd",0.25,"locf",1,4.7
"pc2","4cpu-amd",0.25,"locf",2,4.49
"pc2","4cpu-amd",0.25,"locf",1,4.49
"pc2","4cpu-amd",0.25,"locf",3,4.58
"pc2","4cpu-amd",0.25,"locf",4,4.66
"pc2","4cpu-amd",0.25,"locf",1,4.5
"pc2","4cpu-amd",0.25,"locf",3,4.59
"pc2","4cpu-amd",0.25,"locf",2,4.68
"pc2","4cpu-amd",0.25,"locf",4,4.68
"pc2","4cpu-amd",0.25,"locf",3,4.34
"pc2","4cpu-amd",0.25,"locf",2,4.55
"pc2","4cpu-amd",0.25,"locf",1,4.64
"pc2","4cpu-amd",0.25,"locf",4,4.64
"pc2","4cpu-amd",0.25,"locf",1,4.47
"pc2","4cpu-amd",0.25,"locf",3,4.46
"pc2","4cpu-amd",0.25,"locf",2,4.67
"pc2","4cpu-amd",0.25,"locf",4,4.74
"pc2","4cpu-amd",0.25,"locf",4,4.64
"pc2","4cpu-amd",0.25,"locf",3,4.64
"pc2","4cpu-amd",0.25,"locf",2,4.66
"pc2","4cpu-amd",0.25,"locf",1,4.76
"pc2","4cpu-amd",0.25,"locf",3,4.36
"pc2","4cpu-amd",0.25,"locf",1,4.5
"pc2","4cpu-amd",0.25,"locf",2,4.5
"pc2","4cpu-amd",0.25,"locf",4,4.58
"pc2","4cpu-amd",0.25,"locf",2,4.57
"pc2","4cpu-amd",0.25,"locf",4,4.65
"pc2","4cpu-amd",0.25,"locf",1,4.76
"pc2","4cpu-amd",0.25,"locf",3,4.77
"pc2","4cpu-amd",0.25,"locf",4,4.55
"pc2","4cpu-amd",0.25,"locf",2,4.68
"pc2","4cpu-amd",0.25,"locf",1,4.78
"pc2","4cpu-amd",0.25,"locf",3,5.05
"pc2","4cpu-amd",0.25,"locf",3,4.45
"pc2","4cpu-amd",0.25,"locf",2,4.64
"pc2","4cpu-amd",0.25,"locf",1,4.64
"pc2","4cpu-amd",0.25,"locf",4,4.63
"pc2","4cpu-amd",0.25,"locf",3,4.69
"pc2","4cpu-amd",0.25,"locf",1,4.69
"pc2","4cpu-amd",0.25,"locf",4,4.74
"pc2","4cpu-amd",0.25,"locf",2,4.88
"pc2","4cpu-amd",0.25,"locf",2,4.47
"pc2","4cpu-amd",0.25,"locf",1,4.58
"pc2","4cpu-amd",0.25,"locf",3,4.65
"pc2","4cpu-amd",0.25,"locf",4,4.65
"pc2","4cpu-amd",0.25,"locf",1,4.48
"pc2","4cpu-amd",0.25,"locf",2,4.56
"pc2","4cpu-amd",0.25,"locf",4,4.66
"pc2","4cpu-amd",0.25,"locf",3,4.66
"pc2","4cpu-amd",0.25,"locf",1,4.48
"pc2","4cpu-amd",0.25,"locf",4,4.65
"pc2","4cpu-amd",0.25,"locf",2,4.78
"pc2","4cpu-amd",0.25,"locf",3,4.96
"pc2","4cpu-amd",0.25,"locf",4,4.36
"pc2","4cpu-amd",0.25,"locf",2,4.47
"pc2","4cpu-amd",0.25,"locf",1,4.59
"pc2","4cpu-amd",0.25,"locf",3,4.77
"pc2","4cpu-amd",0.25,"locf",4,4.44
"pc2","4cpu-amd",0.25,"locf",1,4.54
"pc2","4cpu-amd",0.25,"locf",2,4.54
"pc2","4cpu-amd",0.25,"locf",1,4.26
"pc2","4cpu-amd",0.25,"locf",4,4.54
"pc2","4cpu-amd",0.25,"locf",2,4.64
"pc2","4cpu-amd",0.25,"locf",3,4.64
"pc2","4cpu-amd",0.25,"locf",1,4.58
"pc2","4cpu-amd",0.25,"locf",2,4.67
"pc2","4cpu-amd",0.25,"locf",4,4.75
"pc2","4cpu-amd",0.25,"locf",3,4.86
"pc2","4cpu-amd",0.25,"locf",3,4.44
"pc2","4cpu-amd",0.25,"locf",4,4.55
"pc2","4cpu-amd",0.25,"locf",2,4.55
"pc2","4cpu-amd",0.25,"locf",1,4.75
"pc2","4cpu-amd",0.25,"locf",2,4.54
"pc2","4cpu-amd",0.25,"locf",4,4.54
"pc2","4cpu-amd",0.25,"locf",3,4.54
"pc2","4cpu-amd",0.25,"locf",1,4.84
"pc2","4cpu-amd",0.25,"locf",4,4.67
"pc2","4cpu-amd",0.25,"locf",1,4.67
"pc2","4cpu-amd",0.25,"locf",2,4.74
"pc2","4cpu-amd",0.25,"locf",3,4.83
"pc2","4cpu-amd",0.25,"locf",1,4.5
"pc2","4cpu-amd",0.25,"locf",4,4.66
"pc2","4cpu-amd",0.25,"locf",3,4.77
"pc2","4cpu-amd",0.25,"locf",2,4.87
"pc2","4cpu-amd",0.25,"locf",1,4.51
"pc2","4cpu-amd",0.25,"locf",4,4.67
"pc2","4cpu-amd",0.25,"locf",2,4.77
"pc2","4cpu-amd",0.25,"locf",3,4.87
"pc2","4cpu-amd",0.25,"locf",2,4.67
"pc2","4cpu-amd",0.25,"locf",4,4.66
"pc2","4cpu-amd",0.25,"locf",1,4.79
"pc2","4cpu-amd",0.25,"locf",3,4.95
"pc2","4cpu-amd",0.35,"locf",4,3.39
"pc2","4cpu-amd",0.35,"locf",2,3.43
"pc2","4cpu-amd",0.35,"locf",3,3.49
"pc2","4cpu-amd",0.35,"locf",1,3.53
"pc2","4cpu-amd",0.35,"locf",2,3.35
"pc2","4cpu-amd",0.35,"locf",4,3.37
"pc2","4cpu-amd",0.35,"locf",3,3.37
"pc2","4cpu-amd",0.35,"locf",1,3.47
"pc2","4cpu-amd",0.35,"locf",2,2.77
"pc2","4cpu-amd",0.35,"locf",4,2.85
"pc2","4cpu-amd",0.35,"locf",1,2.88
"pc2","4cpu-amd",0.35,"locf",3,2.95
"pc2","4cpu-amd",0.35,"locf",2,2.67
"pc2","4cpu-amd",0.35,"locf",3,2.86
"pc2","4cpu-amd",0.35,"locf",1,2.86
"pc2","4cpu-amd",0.35,"locf",4,2.86
"pc2","4cpu-amd",0.35,"locf",2,2.87
"pc2","4cpu-amd",0.35,"locf",4,2.87
"pc2","4cpu-amd",0.35,"locf",3,1.62
"pc2","4cpu-amd",0.35,"locf",1,3.02
"pc2","4cpu-amd",0.35,"locf",3,2.91
"pc2","4cpu-amd",0.35,"locf",4,2.97
"pc2","4cpu-amd",0.35,"locf",2,3.06
"pc2","4cpu-amd",0.35,"locf",1,3.06
"pc2","4cpu-amd",0.35,"locf",4,2.85
"pc2","4cpu-amd",0.35,"locf",3,2.85
"pc2","4cpu-amd",0.35,"locf",2,2.86
"pc2","4cpu-amd",0.35,"locf",1,2.96
"pc2","4cpu-amd",0.35,"locf",3,2.86
"pc2","4cpu-amd",0.35,"locf",2,2.89
"pc2","4cpu-amd",0.35,"locf",4,2.98
"pc2","4cpu-amd",0.35,"locf",1,2.98
"pc2","4cpu-amd",0.35,"locf",4,2.89
"pc2","4cpu-amd",0.35,"locf",1,2.89
"pc2","4cpu-amd",0.35,"locf",2,2.98
"pc2","4cpu-amd",0.35,"locf",3,2.98
"pc2","4cpu-amd",0.35,"locf",4,2.86
"pc2","4cpu-amd",0.35,"locf",1,2.97
"pc2","4cpu-amd",0.35,"locf",2,2.97
"pc2","4cpu-amd",0.35,"locf",3,3.03
"pc2","4cpu-amd",0.35,"locf",4,2.87
"pc2","4cpu-amd",0.35,"locf",2,2.92
"pc2","4cpu-amd",0.35,"locf",1,2.92
"pc2","4cpu-amd",0.35,"locf",3,3.07
"pc2","4cpu-amd",0.35,"locf",3,2.77
"pc2","4cpu-amd",0.35,"locf",1,2.89
"pc2","4cpu-amd",0.35,"locf",4,2.84
"pc2","4cpu-amd",0.35,"locf",2,2.96
"pc2","4cpu-amd",0.35,"locf",1,2.87
"pc2","4cpu-amd",0.35,"locf",2,2.92
"pc2","4cpu-amd",0.35,"locf",3,2.95
"pc2","4cpu-amd",0.35,"locf",4,3.13
"pc2","4cpu-amd",0.35,"locf",4,2.77
"pc2","4cpu-amd",0.35,"locf",2,2.77
"pc2","4cpu-amd",0.35,"locf",1,2.9
"pc2","4cpu-amd",0.35,"locf",3,3.05
"pc2","4cpu-amd",0.35,"locf",3,2.86
"pc2","4cpu-amd",0.35,"locf",1,2.88
"pc2","4cpu-amd",0.35,"locf",2,2.88
"pc2","4cpu-amd",0.35,"locf",4,2.95
"pc2","4cpu-amd",0.35,"locf",3,2.88
"pc2","4cpu-amd",0.35,"locf",4,2.97
"pc2","4cpu-amd",0.35,"locf",1,3
"pc2","4cpu-amd",0.35,"locf",2,3.08
"pc2","4cpu-amd",0.35,"locf",1,2.76
"pc2","4cpu-amd",0.35,"locf",3,2.76
"pc2","4cpu-amd",0.35,"locf",4,2.87
"pc2","4cpu-amd",0.35,"locf",2,3
"pc2","4cpu-amd",0.35,"locf",4,2.74
"pc2","4cpu-amd",0.35,"locf",2,2.92
"pc2","4cpu-amd",0.35,"locf",3,3.03
"pc2","4cpu-amd",0.35,"locf",1,3.07
"pc2","4cpu-amd",0.35,"locf",1,2.77
"pc2","4cpu-amd",0.35,"locf",2,2.95
"pc2","4cpu-amd",0.35,"locf",4,2.94
"pc2","4cpu-amd",0.35,"locf",3,2.94
"pc2","4cpu-amd",0.35,"locf",1,2.87
"pc2","4cpu-amd",0.35,"locf",2,2.96
"pc2","4cpu-amd",0.35,"locf",4,2.95
"pc2","4cpu-amd",0.35,"locf",3,3.05
"pc2","4cpu-amd",0.35,"locf",1,2.87
"pc2","4cpu-amd",0.35,"locf",2,2.93
"pc2","4cpu-amd",0.35,"locf",3,2.92
"pc2","4cpu-amd",0.35,"locf",4,2.92
"pc2","4cpu-amd",0.35,"locf",1,2.96
"pc2","4cpu-amd",0.35,"locf",4,2.96
"pc2","4cpu-amd",0.35,"locf",3,2.96
"pc2","4cpu-amd",0.35,"locf",2,3.07
"pc2","4cpu-amd",0.35,"locf",1,2.86
"pc2","4cpu-amd",0.35,"locf",2,2.89
"pc2","4cpu-amd",0.35,"locf",3,2.97
"pc2","4cpu-amd",0.35,"locf",4,3.05
"pc2","4cpu-amd",0.35,"locf",4,2.76
"pc2","4cpu-amd",0.35,"locf",3,2.86
"pc2","4cpu-amd",0.35,"locf",1,2.98
"pc2","4cpu-amd",0.35,"locf",2,2.98
"pc2","4cpu-amd",0.35,"locf",3,2.95
"pc2","4cpu-amd",0.35,"locf",2,2.96
"pc2","4cpu-amd",0.35,"locf",4,3.02
"pc2","4cpu-amd",0.35,"locf",1,3.15
"pc2","4cpu-amd",0.35,"locf",3,2.86
"pc2","4cpu-amd",0.35,"locf",4,2.87
"pc2","4cpu-amd",0.35,"locf",1,3
"pc2","4cpu-amd",0.35,"locf",2,3.09
"pc2","4cpu-amd",0.35,"locf",4,2.82
"pc2","4cpu-amd",0.35,"locf",1,2.96
"pc2","4cpu-amd",0.35,"locf",3,3.01
"pc2","4cpu-amd",0.35,"locf",2,3.05
"pc2","4cpu-amd",0.35,"locf",3,2.83
"pc2","4cpu-amd",0.35,"locf",4,2.94
"pc2","4cpu-amd",0.35,"locf",2,2.65
"pc2","4cpu-amd",0.35,"locf",1,3.06
"pc2","4cpu-amd",0.35,"locf",4,2.77
"pc2","4cpu-amd",0.35,"locf",2,2.97
"pc2","4cpu-amd",0.35,"locf",3,2.97
"pc2","4cpu-amd",0.35,"locf",1,3.06
"pc2","4cpu-amd",0.35,"locf",2,2.87
"pc2","4cpu-amd",0.35,"locf",4,2.96
"pc2","4cpu-amd",0.35,"locf",3,2.96
"pc2","4cpu-amd",0.35,"locf",1,3.07
"pc2","4cpu-amd",0.45,"locf",3,2.43
"pc2","4cpu-amd",0.45,"locf",4,2.47
"pc2","4cpu-amd",0.45,"locf",2,2.55
"pc2","4cpu-amd",0.45,"locf",1,2.59
"pc2","4cpu-amd",0.45,"locf",4,2.44
"pc2","4cpu-amd",0.45,"locf",3,2.44
"pc2","4cpu-amd",0.45,"locf",1,2.53
"pc2","4cpu-amd",0.45,"locf",2,2.71
"pc2","4cpu-amd",0.45,"locf",3,2.08
"pc2","4cpu-amd",0.45,"locf",4,2.08
"pc2","4cpu-amd",0.45,"locf",2,2.1
"pc2","4cpu-amd",0.45,"locf",1,2.2
"pc2","4cpu-amd",0.45,"locf",4,2.05
"pc2","4cpu-amd",0.45,"locf",3,2.07
"pc2","4cpu-amd",0.45,"locf",1,2.19
"pc2","4cpu-amd",0.45,"locf",2,2.16
"pc2","4cpu-amd",0.45,"locf",2,2.09
"pc2","4cpu-amd",0.45,"locf",4,2.13
"pc2","4cpu-amd",0.45,"locf",3,2.13
"pc2","4cpu-amd",0.45,"locf",1,2.16
"pc2","4cpu-amd",0.45,"locf",4,2.1
"pc2","4cpu-amd",0.45,"locf",3,2.1
"pc2","4cpu-amd",0.45,"locf",2,2.17
"pc2","4cpu-amd",0.45,"locf",1,2.18
"pc2","4cpu-amd",0.45,"locf",3,2.06
"pc2","4cpu-amd",0.45,"locf",4,2.06
"pc2","4cpu-amd",0.45,"locf",2,2.17
"pc2","4cpu-amd",0.45,"locf",1,2.2
"pc2","4cpu-amd",0.45,"locf",3,2.14
"pc2","4cpu-amd",0.45,"locf",1,2.14
"pc2","4cpu-amd",0.45,"locf",4,2.14
"pc2","4cpu-amd",0.45,"locf",2,2.17
"pc2","4cpu-amd",0.45,"locf",3,2.06
"pc2","4cpu-amd",0.45,"locf",4,2.12
"pc2","4cpu-amd",0.45,"locf",2,2.15
"pc2","4cpu-amd",0.45,"locf",1,2.18
"pc2","4cpu-amd",0.45,"locf",2,2.13
"pc2","4cpu-amd",0.45,"locf",3,2.15
"pc2","4cpu-amd",0.45,"locf",4,2.17
"pc2","4cpu-amd",0.45,"locf",1,2.17
"pc2","4cpu-amd",0.45,"locf",4,2.05
"pc2","4cpu-amd",0.45,"locf",3,2.15
"pc2","4cpu-amd",0.45,"locf",1,2.18
"pc2","4cpu-amd",0.45,"locf",2,2.18
"pc2","4cpu-amd",0.45,"locf",4,2.06
"pc2","4cpu-amd",0.45,"locf",1,2.16
"pc2","4cpu-amd",0.45,"locf",2,2.16
"pc2","4cpu-amd",0.45,"locf",3,2.16
"pc2","4cpu-amd",0.45,"locf",4,2.05
"pc2","4cpu-amd",0.45,"locf",2,2.19
"pc2","4cpu-amd",0.45,"locf",1,2.19
"pc2","4cpu-amd",0.45,"locf",3,2.19
"pc2","4cpu-amd",0.45,"locf",3,2.05
"pc2","4cpu-amd",0.45,"locf",1,2.14
"pc2","4cpu-amd",0.45,"locf",2,2.14
"pc2","4cpu-amd",0.45,"locf",4,2.15
"pc2","4cpu-amd",0.45,"locf",3,2.07
"pc2","4cpu-amd",0.45,"locf",1,2.15
"pc2","4cpu-amd",0.45,"locf",4,2.13
"pc2","4cpu-amd",0.45,"locf",2,2.16
"pc2","4cpu-amd",0.45,"locf",3,2.1
"pc2","4cpu-amd",0.45,"locf",1,2.1
"pc2","4cpu-amd",0.45,"locf",4,2.18
"pc2","4cpu-amd",0.45,"locf",2,2.18
"pc2","4cpu-amd",0.45,"locf",1,2.07
"pc2","4cpu-amd",0.45,"locf",2,2.14
"pc2","4cpu-amd",0.45,"locf",4,2.13
"pc2","4cpu-amd",0.45,"locf",3,2.15
"pc2","4cpu-amd",0.45,"locf",1,2.08
"pc2","4cpu-amd",0.45,"locf",2,2.16
"pc2","4cpu-amd",0.45,"locf",3,2.16
"pc2","4cpu-amd",0.45,"locf",4,2.16
"pc2","4cpu-amd",0.45,"locf",4,2.1
"pc2","4cpu-amd",0.45,"locf",1,2.1
"pc2","4cpu-amd",0.45,"locf",2,2.19
"pc2","4cpu-amd",0.45,"locf",3,2.26
"pc2","4cpu-amd",0.45,"locf",1,2.1
"pc2","4cpu-amd",0.45,"locf",4,2.11
"pc2","4cpu-amd",0.45,"locf",2,2.11
"pc2","4cpu-amd",0.45,"locf",3,2.17
"pc2","4cpu-amd",0.45,"locf",1,2.1
"pc2","4cpu-amd",0.45,"locf",2,2.1
"pc2","4cpu-amd",0.45,"locf",4,2.08
"pc2","4cpu-amd",0.45,"locf",3,2.2
"pc2","4cpu-amd",0.45,"locf",1,2.08
"pc2","4cpu-amd",0.45,"locf",2,2.08
"pc2","4cpu-amd",0.45,"locf",3,2.17
"pc2","4cpu-amd",0.45,"locf",4,2.17
"pc2","4cpu-amd",0.45,"locf",1,2.08
"pc2","4cpu-amd",0.45,"locf",2,2.13
"pc2","4cpu-amd",0.45,"locf",4,2.21
"pc2","4cpu-amd",0.45,"locf",3,2.22
"pc2","4cpu-amd",0.45,"locf",1,2.12
"pc2","4cpu-amd",0.45,"locf",2,2.1
"pc2","4cpu-amd",0.45,"locf",4,2.13
"pc2","4cpu-amd",0.45,"locf",3,2.22
"pc2","4cpu-amd",0.45,"locf",2,2.1
"pc2","4cpu-amd",0.45,"locf",4,2.1
"pc2","4cpu-amd",0.45,"locf",1,2.19
"pc2","4cpu-amd",0.45,"locf",3,2.18
"pc2","4cpu-amd",0.45,"locf",2,2.08
"pc2","4cpu-amd",0.45,"locf",4,2.14
"pc2","4cpu-amd",0.45,"locf",3,2.16
"pc2","4cpu-amd",0.45,"locf",1,2.27
"pc2","4cpu-amd",0.45,"locf",2,2.15
"pc2","4cpu-amd",0.45,"locf",3,2.19
"pc2","4cpu-amd",0.45,"locf",1,2.19
"pc2","4cpu-amd",0.45,"locf",4,2.19
"pc2","4cpu-amd",0.45,"locf",2,2.09
"pc2","4cpu-amd",0.45,"locf",4,2.19
"pc2","4cpu-amd",0.45,"locf",3,2.19
"pc2","4cpu-amd",0.45,"locf",1,2.31
"pc2","4cpu-amd",0.45,"locf",3,2.09
"pc2","4cpu-amd",0.45,"locf",2,2.09
"pc2","4cpu-amd",0.45,"locf",4,2.11
"pc2","4cpu-amd",0.45,"locf",1,2.27
"pc2","4cpu-amd",0.45,"locf",4,2.07
"pc2","4cpu-amd",0.45,"locf",3,2.14
"pc2","4cpu-amd",0.45,"locf",2,2.18
"pc2","4cpu-amd",0.45,"locf",1,2.18
"pc2","4cpu-amd",0.55,"locf",4,1.95
"pc2","4cpu-amd",0.55,"locf",1,1.95
"pc2","4cpu-amd",0.55,"locf",3,1.95
"pc2","4cpu-amd",0.55,"locf",2,2.03
"pc2","4cpu-amd",0.55,"locf",1,1.93
"pc2","4cpu-amd",0.55,"locf",3,1.96
"pc2","4cpu-amd",0.55,"locf",4,1.95
"pc2","4cpu-amd",0.55,"locf",2,1.99
"pc2","4cpu-amd",0.55,"locf",1,1.61
"pc2","4cpu-amd",0.55,"locf",3,1.66
"pc2","4cpu-amd",0.55,"locf",4,1.67
"pc2","4cpu-amd",0.55,"locf",2,1.79
"pc2","4cpu-amd",0.55,"locf",3,1.7
"pc2","4cpu-amd",0.55,"locf",1,1.69
"pc2","4cpu-amd",0.55,"locf",2,1.7
"pc2","4cpu-amd",0.55,"locf",4,1.75
"pc2","4cpu-amd",0.55,"locf",2,1.61
"pc2","4cpu-amd",0.55,"locf",1,1.69
"pc2","4cpu-amd",0.55,"locf",4,1.68
"pc2","4cpu-amd",0.55,"locf",3,1.68
"pc2","4cpu-amd",0.55,"locf",2,1.68
"pc2","4cpu-amd",0.55,"locf",3,1.68
"pc2","4cpu-amd",0.55,"locf",4,1.68
"pc2","4cpu-amd",0.55,"locf",1,1.68
"pc2","4cpu-amd",0.55,"locf",4,1.64
"pc2","4cpu-amd",0.55,"locf",2,1.64
"pc2","4cpu-amd",0.55,"locf",3,1.7
"pc2","4cpu-amd",0.55,"locf",1,1.73
"pc2","4cpu-amd",0.55,"locf",1,1.66
"pc2","4cpu-amd",0.55,"locf",4,1.68
"pc2","4cpu-amd",0.55,"locf",2,1.67
"pc2","4cpu-amd",0.55,"locf",3,1.67
"pc2","4cpu-amd",0.55,"locf",2,1.58
"pc2","4cpu-amd",0.55,"locf",3,1.67
"pc2","4cpu-amd",0.55,"locf",4,1.67
"pc2","4cpu-amd",0.55,"locf",1,1.73
"pc2","4cpu-amd",0.55,"locf",1,1.64
"pc2","4cpu-amd",0.55,"locf",2,1.62
"pc2","4cpu-amd",0.55,"locf",4,1.62
"pc2","4cpu-amd",0.55,"locf",3,1.68
"pc2","4cpu-amd",0.55,"locf",2,1.62
"pc2","4cpu-amd",0.55,"locf",1,1.63
"pc2","4cpu-amd",0.55,"locf",3,1.66
"pc2","4cpu-amd",0.55,"locf",4,1.66
"pc2","4cpu-amd",0.55,"locf",4,1.59
"pc2","4cpu-amd",0.55,"locf",2,1.62
"pc2","4cpu-amd",0.55,"locf",1,1.71
"pc2","4cpu-amd",0.55,"locf",3,1.71
"pc2","4cpu-amd",0.55,"locf",3,1.65
"pc2","4cpu-amd",0.55,"locf",2,1.67
"pc2","4cpu-amd",0.55,"locf",4,1.74
"pc2","4cpu-amd",0.55,"locf",1,1.74
"pc2","4cpu-amd",0.55,"locf",3,1.66
"pc2","4cpu-amd",0.55,"locf",4,1.68
"pc2","4cpu-amd",0.55,"locf",2,1.68
"pc2","4cpu-amd",0.55,"locf",1,1.72
"pc2","4cpu-amd",0.55,"locf",2,1.65
"pc2","4cpu-amd",0.55,"locf",3,1.65
"pc2","4cpu-amd",0.55,"locf",4,1.65
"pc2","4cpu-amd",0.55,"locf",1,1.67
"pc2","4cpu-amd",0.55,"locf",3,1.67
"pc2","4cpu-amd",0.55,"locf",1,1.74
"pc2","4cpu-amd",0.55,"locf",2,1.73
"pc2","4cpu-amd",0.55,"locf",4,1.73
"pc2","4cpu-amd",0.55,"locf",4,1.68
"pc2","4cpu-amd",0.55,"locf",3,1.68
"pc2","4cpu-amd",0.55,"locf",1,1.7
"pc2","4cpu-amd",0.55,"locf",2,1.7
"pc2","4cpu-amd",0.55,"locf",1,1.65
"pc2","4cpu-amd",0.55,"locf",4,1.66
"pc2","4cpu-amd",0.55,"locf",3,1.66
"pc2","4cpu-amd",0.55,"locf",2,1.66
"pc2","4cpu-amd",0.55,"locf",3,1.63
"pc2","4cpu-amd",0.55,"locf",2,1.66
"pc2","4cpu-amd",0.55,"locf",4,1.71
"pc2","4cpu-amd",0.55,"locf",1,1.76
"pc2","4cpu-amd",0.55,"locf",3,1.69
"pc2","4cpu-amd",0.55,"locf",2,1.69
"pc2","4cpu-amd",0.55,"locf",4,1.68
"pc2","4cpu-amd",0.55,"locf",1,1.77
"pc2","4cpu-amd",0.55,"locf",1,1.7
"pc2","4cpu-amd",0.55,"locf",2,1.74
"pc2","4cpu-amd",0.55,"locf",3,1.72
"pc2","4cpu-amd",0.55,"locf",4,1.1
"pc2","4cpu-amd",0.55,"locf",1,1.68
"pc2","4cpu-amd",0.55,"locf",4,1.71
"pc2","4cpu-amd",0.55,"locf",3,1.74
"pc2","4cpu-amd",0.55,"locf",2,1.74
"pc2","4cpu-amd",0.55,"locf",1,1.67
"pc2","4cpu-amd",0.55,"locf",2,1.1
"pc2","4cpu-amd",0.55,"locf",4,1.74
"pc2","4cpu-amd",0.55,"locf",3,1.75
"pc2","4cpu-amd",0.55,"locf",1,1.68
"pc2","4cpu-amd",0.55,"locf",4,1.67
"pc2","4cpu-amd",0.55,"locf",3,1.69
"pc2","4cpu-amd",0.55,"locf",2,1.75
"pc2","4cpu-amd",0.55,"locf",4,1.61
"pc2","4cpu-amd",0.55,"locf",3,1.13
"pc2","4cpu-amd",0.55,"locf",1,1.7
"pc2","4cpu-amd",0.55,"locf",2,1.7
"pc2","4cpu-amd",0.55,"locf",3,1.66
"pc2","4cpu-amd",0.55,"locf",4,1.67
"pc2","4cpu-amd",0.55,"locf",2,1.75
"pc2","4cpu-amd",0.55,"locf",1,1.77
"pc2","4cpu-amd",0.55,"locf",1,1.7
"pc2","4cpu-amd",0.55,"locf",2,1.7
"pc2","4cpu-amd",0.55,"locf",4,1.73
"pc2","4cpu-amd",0.55,"locf",3,1.75
"pc2","4cpu-amd",0.55,"locf",3,1.69
"pc2","4cpu-amd",0.55,"locf",1,1.69
"pc2","4cpu-amd",0.55,"locf",4,1.76
"pc2","4cpu-amd",0.55,"locf",2,1.76
"pc2","4cpu-amd",0.55,"locf",1,1.7
"pc2","4cpu-amd",0.55,"locf",3,1.68
"pc2","4cpu-amd",0.55,"locf",4,1.68
"pc2","4cpu-amd",0.55,"locf",2,1.75
"pc2","4cpu-amd",0.55,"locf",3,1.6
"pc2","4cpu-amd",0.55,"locf",4,1.71
"pc2","4cpu-amd",0.55,"locf",2,1.71
"pc2","4cpu-amd",0.55,"locf",1,1.71
"pc2","4cpu-amd",0.65,"locf",1,0.02
"pc2","4cpu-amd",0.65,"locf",4,1.52
"pc2","4cpu-amd",0.65,"locf",3,1.52
"pc2","4cpu-amd",0.65,"locf",2,1.52
"pc2","4cpu-amd",0.65,"locf",1,1.59
"pc2","4cpu-amd",0.65,"locf",2,1.59
"pc2","4cpu-amd",0.65,"locf",4,1.59
"pc2","4cpu-amd",0.65,"locf",3,1.67
"pc2","4cpu-amd",0.65,"locf",3,1.37
"pc2","4cpu-amd",0.65,"locf",4,1.39
"pc2","4cpu-amd",0.65,"locf",2,1.39
"pc2","4cpu-amd",0.65,"locf",1,1.6
"pc2","4cpu-amd",0.65,"locf",3,1.36
"pc2","4cpu-amd",0.65,"locf",2,1.38
"pc2","4cpu-amd",0.65,"locf",4,1.38
"pc2","4cpu-amd",0.65,"locf",1,1.57
"pc2","4cpu-amd",0.65,"locf",4,1.35
"pc2","4cpu-amd",0.65,"locf",2,1.39
"pc2","4cpu-amd",0.65,"locf",3,1.39
"pc2","4cpu-amd",0.65,"locf",1,1.43
"pc2","4cpu-amd",0.65,"locf",3,1.32
"pc2","4cpu-amd",0.65,"locf",4,1.38
"pc2","4cpu-amd",0.65,"locf",1,1.41
"pc2","4cpu-amd",0.65,"locf",2,1.41
"pc2","4cpu-amd",0.65,"locf",3,1.38
"pc2","4cpu-amd",0.65,"locf",4,1.44
"pc2","4cpu-amd",0.65,"locf",2,1.44
"pc2","4cpu-amd",0.65,"locf",1,1.48
"pc2","4cpu-amd",0.65,"locf",2,1.36
"pc2","4cpu-amd",0.65,"locf",1,1.4
"pc2","4cpu-amd",0.65,"locf",4,1.44
"pc2","4cpu-amd",0.65,"locf",3,1.44
"pc2","4cpu-amd",0.65,"locf",3,1.37
"pc2","4cpu-amd",0.65,"locf",1,1.37
"pc2","4cpu-amd",0.65,"locf",4,1.4
"pc2","4cpu-amd",0.65,"locf",2,1.4
"pc2","4cpu-amd",0.65,"locf",1,1.38
"pc2","4cpu-amd",0.65,"locf",2,1.39
"pc2","4cpu-amd",0.65,"locf",3,1.42
"pc2","4cpu-amd",0.65,"locf",4,1.43
"pc2","4cpu-amd",0.65,"locf",1,1.34
"pc2","4cpu-amd",0.65,"locf",3,1.39
"pc2","4cpu-amd",0.65,"locf",4,1.4
"pc2","4cpu-amd",0.65,"locf",2,1.4
"pc2","4cpu-amd",0.65,"locf",1,1.39
"pc2","4cpu-amd",0.65,"locf",3,1.4
"pc2","4cpu-amd",0.65,"locf",4,1.4
"pc2","4cpu-amd",0.65,"locf",2,1.4
"pc2","4cpu-amd",0.65,"locf",4,1.35
"pc2","4cpu-amd",0.65,"locf",3,1.41
"pc2","4cpu-amd",0.65,"locf",1,1.43
"pc2","4cpu-amd",0.65,"locf",2,1.42
"pc2","4cpu-amd",0.65,"locf",4,1.35
"pc2","4cpu-amd",0.65,"locf",3,1.37
"pc2","4cpu-amd",0.65,"locf",1,1.39
"pc2","4cpu-amd",0.65,"locf",2,1.39
"pc2","4cpu-amd",0.65,"locf",4,1.36
"pc2","4cpu-amd",0.65,"locf",1,1.37
"pc2","4cpu-amd",0.65,"locf",3,1.37
"pc2","4cpu-amd",0.65,"locf",2,1.43
"pc2","4cpu-amd",0.65,"locf",2,1.33
"pc2","4cpu-amd",0.65,"locf",4,1.33
"pc2","4cpu-amd",0.65,"locf",3,1.38
"pc2","4cpu-amd",0.65,"locf",1,1.4
"pc2","4cpu-amd",0.65,"locf",1,1.32
"pc2","4cpu-amd",0.65,"locf",3,1.39
"pc2","4cpu-amd",0.65,"locf",2,1.39
"pc2","4cpu-amd",0.65,"locf",4,1.38
"pc2","4cpu-amd",0.65,"locf",2,1.37
"pc2","4cpu-amd",0.65,"locf",1,1.4
"pc2","4cpu-amd",0.65,"locf",3,1.38
"pc2","4cpu-amd",0.65,"locf",4,1.43
"pc2","4cpu-amd",0.65,"locf",2,1.32
"pc2","4cpu-amd",0.65,"locf",3,1.39
"pc2","4cpu-amd",0.65,"locf",1,1.41
"pc2","4cpu-amd",0.65,"locf",4,1.39
"pc2","4cpu-amd",0.65,"locf",1,1.37
"pc2","4cpu-amd",0.65,"locf",2,1.38
"pc2","4cpu-amd",0.65,"locf",4,1.45
"pc2","4cpu-amd",0.65,"locf",3,1.46
"pc2","4cpu-amd",0.65,"locf",1,1.39
"pc2","4cpu-amd",0.65,"locf",2,1.4
"pc2","4cpu-amd",0.65,"locf",3,1.44
"pc2","4cpu-amd",0.65,"locf",4,1.44
"pc2","4cpu-amd",0.65,"locf",1,1.39
"pc2","4cpu-amd",0.65,"locf",2,1.39
"pc2","4cpu-amd",0.65,"locf",3,1.41
"pc2","4cpu-amd",0.65,"locf",4,1.41
"pc2","4cpu-amd",0.65,"locf",1,1.39
"pc2","4cpu-amd",0.65,"locf",4,1.38
"pc2","4cpu-amd",0.65,"locf",2,1.43
"pc2","4cpu-amd",0.65,"locf",3,1.43
"pc2","4cpu-amd",0.65,"locf",1,1.39
"pc2","4cpu-amd",0.65,"locf",2,1.39
"pc2","4cpu-amd",0.65,"locf",4,1.41
"pc2","4cpu-amd",0.65,"locf",3,1.41
"pc2","4cpu-amd",0.65,"locf",1,1.38
"pc2","4cpu-amd",0.65,"locf",2,1.42
"pc2","4cpu-amd",0.65,"locf",3,1.42
"pc2","4cpu-amd",0.65,"locf",4,1.42
"pc2","4cpu-amd",0.65,"locf",4,1.39
"pc2","4cpu-amd",0.65,"locf",3,1.39
"pc2","4cpu-amd",0.65,"locf",2,1.42
"pc2","4cpu-amd",0.65,"locf",1,1.42
"pc2","4cpu-amd",0.65,"locf",2,1.42
"pc2","4cpu-amd",0.65,"locf",3,1.43
"pc2","4cpu-amd",0.65,"locf",1,1.45
"pc2","4cpu-amd",0.65,"locf",4,1.44
"pc2","4cpu-amd",0.65,"locf",1,1.39
"pc2","4cpu-amd",0.65,"locf",3,1.43
"pc2","4cpu-amd",0.65,"locf",2,1.46
"pc2","4cpu-amd",0.65,"locf",4,1.45
"pc2","4cpu-amd",0.65,"locf",3,1.39
"pc2","4cpu-amd",0.65,"locf",2,1.39
"pc2","4cpu-amd",0.65,"locf",1,1.41
"pc2","4cpu-amd",0.65,"locf",4,1.45
"pc2","4cpu-amd",0.65,"locf",3,1.43
"pc2","4cpu-amd",0.65,"locf",4,1.46
"pc2","4cpu-amd",0.65,"locf",1,1.46
"pc2","4cpu-amd",0.65,"locf",2,1.46
"pc2","4cpu-amd",0.75,"locf",3,1.36
"pc2","4cpu-amd",0.75,"locf",1,1.39
"pc2","4cpu-amd",0.75,"locf",4,1.38
"pc2","4cpu-amd",0.75,"locf",2,1.41
"pc2","4cpu-amd",0.75,"locf",4,1.4
"pc2","4cpu-amd",0.75,"locf",3,1.41
"pc2","4cpu-amd",0.75,"locf",1,1.48
"pc2","4cpu-amd",0.75,"locf",2,1.49
"pc2","4cpu-amd",0.75,"locf",1,1.18
"pc2","4cpu-amd",0.75,"locf",2,1.18
"pc2","4cpu-amd",0.75,"locf",4,1.18
"pc2","4cpu-amd",0.75,"locf",3,1.19
"pc2","4cpu-amd",0.75,"locf",4,1.13
"pc2","4cpu-amd",0.75,"locf",3,1.15
"pc2","4cpu-amd",0.75,"locf",2,1.17
"pc2","4cpu-amd",0.75,"locf",1,1.21
"pc2","4cpu-amd",0.75,"locf",1,1.13
"pc2","4cpu-amd",0.75,"locf",3,1.13
"pc2","4cpu-amd",0.75,"locf",4,1.16
"pc2","4cpu-amd",0.75,"locf",2,1.2
"pc2","4cpu-amd",0.75,"locf",2,1.18
"pc2","4cpu-amd",0.75,"locf",1,1.19
"pc2","4cpu-amd",0.75,"locf",3,1.19
"pc2","4cpu-amd",0.75,"locf",4,1.19
"pc2","4cpu-amd",0.75,"locf",3,1.16
"pc2","4cpu-amd",0.75,"locf",4,1.16
"pc2","4cpu-amd",0.75,"locf",2,1.2
"pc2","4cpu-amd",0.75,"locf",1,1.22
"pc2","4cpu-amd",0.75,"locf",1,1.18
"pc2","4cpu-amd",0.75,"locf",2,1.15
"pc2","4cpu-amd",0.75,"locf",4,1.15
"pc2","4cpu-amd",0.75,"locf",3,1.15
"pc2","4cpu-amd",0.75,"locf",3,1.16
"pc2","4cpu-amd",0.75,"locf",4,1.16
"pc2","4cpu-amd",0.75,"locf",2,1.18
"pc2","4cpu-amd",0.75,"locf",1,1.22
"pc2","4cpu-amd",0.75,"locf",4,1.15
"pc2","4cpu-amd",0.75,"locf",3,1.21
"pc2","4cpu-amd",0.75,"locf",2,1.21
"pc2","4cpu-amd",0.75,"locf",1,1.21
"pc2","4cpu-amd",0.75,"locf",1,1.17
"pc2","4cpu-amd",0.75,"locf",2,1.16
"pc2","4cpu-amd",0.75,"locf",4,1.17
"pc2","4cpu-amd",0.75,"locf",3,1.2
"pc2","4cpu-amd",0.75,"locf",2,1.18
"pc2","4cpu-amd",0.75,"locf",1,1.2
"pc2","4cpu-amd",0.75,"locf",3,1.19
"pc2","4cpu-amd",0.75,"locf",4,1.25
"pc2","4cpu-amd",0.75,"locf",3,1.15
"pc2","4cpu-amd",0.75,"locf",1,1.19
"pc2","4cpu-amd",0.75,"locf",4,1.18
"pc2","4cpu-amd",0.75,"locf",2,1.18
"pc2","4cpu-amd",0.75,"locf",2,1.18
"pc2","4cpu-amd",0.75,"locf",3,1.19
"pc2","4cpu-amd",0.75,"locf",4,1.19
"pc2","4cpu-amd",0.75,"locf",1,1.23
"pc2","4cpu-amd",0.75,"locf",2,1.16
"pc2","4cpu-amd",0.75,"locf",4,1.18
"pc2","4cpu-amd",0.75,"locf",1,1.18
"pc2","4cpu-amd",0.75,"locf",3,1.18
"pc2","4cpu-amd",0.75,"locf",3,1.14
"pc2","4cpu-amd",0.75,"locf",1,1.21
"pc2","4cpu-amd",0.75,"locf",2,1.21
"pc2","4cpu-amd",0.75,"locf",4,1.19
"pc2","4cpu-amd",0.75,"locf",4,1.18
"pc2","4cpu-amd",0.75,"locf",1,1.18
"pc2","4cpu-amd",0.75,"locf",3,1.18
"pc2","4cpu-amd",0.75,"locf",2,1.18
"pc2","4cpu-amd",0.75,"locf",2,1.18
"pc2","4cpu-amd",0.75,"locf",1,1.19
"pc2","4cpu-amd",0.75,"locf",3,1.19
"pc2","4cpu-amd",0.75,"locf",4,1.21
"pc2","4cpu-amd",0.75,"locf",1,1.2
"pc2","4cpu-amd",0.75,"locf",2,1.2
"pc2","4cpu-amd",0.75,"locf",4,1.19
"pc2","4cpu-amd",0.75,"locf",3,1.22
"pc2","4cpu-amd",0.75,"locf",2,1.16
"pc2","4cpu-amd",0.75,"locf",4,1.16
"pc2","4cpu-amd",0.75,"locf",3,1.21
"pc2","4cpu-amd",0.75,"locf",1,1.23
"pc2","4cpu-amd",0.75,"locf",1,1.17
"pc2","4cpu-amd",0.75,"locf",2,1.18
"pc2","4cpu-amd",0.75,"locf",4,1.18
"pc2","4cpu-amd",0.75,"locf",3,1.21
"pc2","4cpu-amd",0.75,"locf",1,1.18
"pc2","4cpu-amd",0.75,"locf",2,1.2
"pc2","4cpu-amd",0.75,"locf",3,1.2
"pc2","4cpu-amd",0.75,"locf",4,1.18
"pc2","4cpu-amd",0.75,"locf",1,1.19
"pc2","4cpu-amd",0.75,"locf",4,1.19
"pc2","4cpu-amd",0.75,"locf",3,1.19
"pc2","4cpu-amd",0.75,"locf",2,1.24
"pc2","4cpu-amd",0.75,"locf",1,1.21
"pc2","4cpu-amd",0.75,"locf",2,1.23
"pc2","4cpu-amd",0.75,"locf",4,1.19
"pc2","4cpu-amd",0.75,"locf",3,1.2
"pc2","4cpu-amd",0.75,"locf",2,1.18
"pc2","4cpu-amd",0.75,"locf",3,1.18
"pc2","4cpu-amd",0.75,"locf",1,1.21
"pc2","4cpu-amd",0.75,"locf",4,1.18
"pc2","4cpu-amd",0.75,"locf",2,1.19
"pc2","4cpu-amd",0.75,"locf",4,1.19
"pc2","4cpu-amd",0.75,"locf",3,1.22
"pc2","4cpu-amd",0.75,"locf",1,1.24
"pc2","4cpu-amd",0.75,"locf",4,1.17
"pc2","4cpu-amd",0.75,"locf",1,1.21
"pc2","4cpu-amd",0.75,"locf",2,1.24
"pc2","4cpu-amd",0.75,"locf",3,1.23
"pc2","4cpu-amd",0.75,"locf",2,1.14
"pc2","4cpu-amd",0.75,"locf",3,1.18
"pc2","4cpu-amd",0.75,"locf",1,1.21
"pc2","4cpu-amd",0.75,"locf",4,1.22
"pc2","4cpu-amd",0.75,"locf",4,1.14
"pc2","4cpu-amd",0.75,"locf",3,1.18
"pc2","4cpu-amd",0.75,"locf",1,1.22
"pc2","4cpu-amd",0.75,"locf",2,1.22
"pc2","4cpu-amd",0.75,"locf",3,1.17
"pc2","4cpu-amd",0.75,"locf",2,1.22
"pc2","4cpu-amd",0.75,"locf",1,1.22
"pc2","4cpu-amd",0.75,"locf",4,1.22
"pc2","4cpu-amd",0.85,"locf",4,1.17
"pc2","4cpu-amd",0.85,"locf",1,1.21
"pc2","4cpu-amd",0.85,"locf",3,1.2
"pc2","4cpu-amd",0.85,"locf",2,1.23
"pc2","4cpu-amd",0.85,"locf",1,1.21
"pc2","4cpu-amd",0.85,"locf",2,1.21
"pc2","4cpu-amd",0.85,"locf",3,1.21
"pc2","4cpu-amd",0.85,"locf",4,1.21
"pc2","4cpu-amd",0.85,"locf",3,1.05
"pc2","4cpu-amd",0.85,"locf",4,1.05
"pc2","4cpu-amd",0.85,"locf",2,1.05
"pc2","4cpu-amd",0.85,"locf",1,1.12
"pc2","4cpu-amd",0.85,"locf",1,1.04
"pc2","4cpu-amd",0.85,"locf",4,1.04
"pc2","4cpu-amd",0.85,"locf",2,1.07
"pc2","4cpu-amd",0.85,"locf",3,1.07
"pc2","4cpu-amd",0.85,"locf",4,1.02
"pc2","4cpu-amd",0.85,"locf",2,1.03
"pc2","4cpu-amd",0.85,"locf",3,1.03
"pc2","4cpu-amd",0.85,"locf",1,1.05
"pc2","4cpu-amd",0.85,"locf",1,1.01
"pc2","4cpu-amd",0.85,"locf",4,1.01
"pc2","4cpu-amd",0.85,"locf",2,1.01
"pc2","4cpu-amd",0.85,"locf",3,1.03
"pc2","4cpu-amd",0.85,"locf",4,1.02
"pc2","4cpu-amd",0.85,"locf",1,1.05
"pc2","4cpu-amd",0.85,"locf",2,1.06
"pc2","4cpu-amd",0.85,"locf",3,1.06
"pc2","4cpu-amd",0.85,"locf",1,1.03
"pc2","4cpu-amd",0.85,"locf",4,1.04
"pc2","4cpu-amd",0.85,"locf",2,1.04
"pc2","4cpu-amd",0.85,"locf",3,1.04
"pc2","4cpu-amd",0.85,"locf",2,1.02
"pc2","4cpu-amd",0.85,"locf",1,1.03
"pc2","4cpu-amd",0.85,"locf",4,1.05
"pc2","4cpu-amd",0.85,"locf",3,1.05
"pc2","4cpu-amd",0.85,"locf",1,1.01
"pc2","4cpu-amd",0.85,"locf",2,1.03
"pc2","4cpu-amd",0.85,"locf",3,1.03
"pc2","4cpu-amd",0.85,"locf",4,1.03
"pc2","4cpu-amd",0.85,"locf",2,1.04
"pc2","4cpu-amd",0.85,"locf",1,1.04
"pc2","4cpu-amd",0.85,"locf",3,1.02
"pc2","4cpu-amd",0.85,"locf",4,1.02
"pc2","4cpu-amd",0.85,"locf",4,1.02
"pc2","4cpu-amd",0.85,"locf",1,1.05
"pc2","4cpu-amd",0.85,"locf",2,1.06
"pc2","4cpu-amd",0.85,"locf",3,1.06
"pc2","4cpu-amd",0.85,"locf",2,1.07
"pc2","4cpu-amd",0.85,"locf",1,1.07
"pc2","4cpu-amd",0.85,"locf",3,1.06
"pc2","4cpu-amd",0.85,"locf",4,1.05
"pc2","4cpu-amd",0.85,"locf",2,1.02
"pc2","4cpu-amd",0.85,"locf",1,1.08
"pc2","4cpu-amd",0.85,"locf",4,1.03
"pc2","4cpu-amd",0.85,"locf",3,1.08
"pc2","4cpu-amd",0.85,"locf",1,1.04
"pc2","4cpu-amd",0.85,"locf",2,1.04
"pc2","4cpu-amd",0.85,"locf",3,1.04
"pc2","4cpu-amd",0.85,"locf",4,1.04
"pc2","4cpu-amd",0.85,"locf",3,1.06
"pc2","4cpu-amd",0.85,"locf",1,1.06
"pc2","4cpu-amd",0.85,"locf",2,1.06
"pc2","4cpu-amd",0.85,"locf",4,1.04
"pc2","4cpu-amd",0.85,"locf",1,1.05
"pc2","4cpu-amd",0.85,"locf",2,1.05
"pc2","4cpu-amd",0.85,"locf",3,1.05
"pc2","4cpu-amd",0.85,"locf",4,1.05
"pc2","4cpu-amd",0.85,"locf",3,1.02
"pc2","4cpu-amd",0.85,"locf",1,1.07
"pc2","4cpu-amd",0.85,"locf",2,1.02
"pc2","4cpu-amd",0.85,"locf",4,1.07
"pc2","4cpu-amd",0.85,"locf",2,1.07
"pc2","4cpu-amd",0.85,"locf",1,1.07
"pc2","4cpu-amd",0.85,"locf",4,1.03
"pc2","4cpu-amd",0.85,"locf",3,1.05
"pc2","4cpu-amd",0.85,"locf",4,1.04
"pc2","4cpu-amd",0.85,"locf",3,1.04
"pc2","4cpu-amd",0.85,"locf",2,1.04
"pc2","4cpu-amd",0.85,"locf",1,1.07
"pc2","4cpu-amd",0.85,"locf",2,1.02
"pc2","4cpu-amd",0.85,"locf",1,1.06
"pc2","4cpu-amd",0.85,"locf",3,1.05
"pc2","4cpu-amd",0.85,"locf",4,1.05
"pc2","4cpu-amd",0.85,"locf",1,1.06
"pc2","4cpu-amd",0.85,"locf",2,1.06
"pc2","4cpu-amd",0.85,"locf",3,1.06
"pc2","4cpu-amd",0.85,"locf",4,1.06
"pc2","4cpu-amd",0.85,"locf",1,1.02
"pc2","4cpu-amd",0.85,"locf",3,1.03
"pc2","4cpu-amd",0.85,"locf",4,1.03
"pc2","4cpu-amd",0.85,"locf",2,1.03
"pc2","4cpu-amd",0.85,"locf",4,1.04
"pc2","4cpu-amd",0.85,"locf",1,1.07
"pc2","4cpu-amd",0.85,"locf",2,1.07
"pc2","4cpu-amd",0.85,"locf",3,1.07
"pc2","4cpu-amd",0.85,"locf",1,1.07
"pc2","4cpu-amd",0.85,"locf",3,1.07
"pc2","4cpu-amd",0.85,"locf",2,1.07
"pc2","4cpu-amd",0.85,"locf",4,1.07
"pc2","4cpu-amd",0.85,"locf",3,1.02
"pc2","4cpu-amd",0.85,"locf",4,1.02
"pc2","4cpu-amd",0.85,"locf",1,1.07
"pc2","4cpu-amd",0.85,"locf",2,1.08
"pc2","4cpu-amd",0.85,"locf",1,1.03
"pc2","4cpu-amd",0.85,"locf",4,1.05
"pc2","4cpu-amd",0.85,"locf",3,1.05
"pc2","4cpu-amd",0.85,"locf",2,1.07
"pc2","4cpu-amd",0.85,"locf",3,1.05
"pc2","4cpu-amd",0.85,"locf",1,1.05
"pc2","4cpu-amd",0.85,"locf",4,1.05
"pc2","4cpu-amd",0.85,"locf",2,1.07
"pc2","4cpu-amd",0.85,"locf",1,1.07
"pc2","4cpu-amd",0.85,"locf",2,1.09
"pc2","4cpu-amd",0.85,"locf",4,1.09
"pc2","4cpu-amd",0.85,"locf",3,1.09
"pc2","4cpu-amd",0.85,"locf",4,1.03
"pc2","4cpu-amd",0.85,"locf",1,1.08
"pc2","4cpu-amd",0.85,"locf",3,1.06
"pc2","4cpu-amd",0.85,"locf",2,1.06
"pc2","4cpu-amd",0.95,"locf",1,1.07
"pc2","4cpu-amd",0.95,"locf",3,1.07
"pc2","4cpu-amd",0.95,"locf",2,1.07
"pc2","4cpu-amd",0.95,"locf",4,1.07
"pc2","4cpu-amd",0.95,"locf",1,1.07
"pc2","4cpu-amd",0.95,"locf",2,1.09
"pc2","4cpu-amd",0.95,"locf",4,1.09
"pc2","4cpu-amd",0.95,"locf",3,1.09
"pc2","4cpu-amd",0.95,"locf",3,0.91
"pc2","4cpu-amd",0.95,"locf",4,0.91
"pc2","4cpu-amd",0.95,"locf",2,0.91
"pc2","4cpu-amd",0.95,"locf",1,0.99
"pc2","4cpu-amd",0.95,"locf",1,0.91
"pc2","4cpu-amd",0.95,"locf",2,0.9
"pc2","4cpu-amd",0.95,"locf",4,0.92
"pc2","4cpu-amd",0.95,"locf",3,0.92
"pc2","4cpu-amd",0.95,"locf",1,0.9
"pc2","4cpu-amd",0.95,"locf",2,0.9
"pc2","4cpu-amd",0.95,"locf",4,0.9
"pc2","4cpu-amd",0.95,"locf",3,0.94
"pc2","4cpu-amd",0.95,"locf",3,0.92
"pc2","4cpu-amd",0.95,"locf",2,0.9
"pc2","4cpu-amd",0.95,"locf",1,0.9
"pc2","4cpu-amd",0.95,"locf",4,0.9
"pc2","4cpu-amd",0.95,"locf",1,0.89
"pc2","4cpu-amd",0.95,"locf",3,0.9
"pc2","4cpu-amd",0.95,"locf",4,0.92
"pc2","4cpu-amd",0.95,"locf",2,0.92
"pc2","4cpu-amd",0.95,"locf",1,0.89
"pc2","4cpu-amd",0.95,"locf",3,0.91
"pc2","4cpu-amd",0.95,"locf",2,0.91
"pc2","4cpu-amd",0.95,"locf",4,0.91
"pc2","4cpu-amd",0.95,"locf",2,0.93
"pc2","4cpu-amd",0.95,"locf",1,0.93
"pc2","4cpu-amd",0.95,"locf",3,0.91
"pc2","4cpu-amd",0.95,"locf",4,0.9
"pc2","4cpu-amd",0.95,"locf",2,0.91
"pc2","4cpu-amd",0.95,"locf",1,0.9
"pc2","4cpu-amd",0.95,"locf",3,0.9
"pc2","4cpu-amd",0.95,"locf",4,0.9
"pc2","4cpu-amd",0.95,"locf",1,0.93
"pc2","4cpu-amd",0.95,"locf",3,0.91
"pc2","4cpu-amd",0.95,"locf",2,0.91
"pc2","4cpu-amd",0.95,"locf",4,0.91
"pc2","4cpu-amd",0.95,"locf",1,0.91
"pc2","4cpu-amd",0.95,"locf",3,0.88
"pc2","4cpu-amd",0.95,"locf",4,0.9
"pc2","4cpu-amd",0.95,"locf",2,0.9
"pc2","4cpu-amd",0.95,"locf",2,0.9
"pc2","4cpu-amd",0.95,"locf",1,0.91
"pc2","4cpu-amd",0.95,"locf",4,0.91
"pc2","4cpu-amd",0.95,"locf",3,0.91
"pc2","4cpu-amd",0.95,"locf",1,0.9
"pc2","4cpu-amd",0.95,"locf",3,0.92
"pc2","4cpu-amd",0.95,"locf",2,0.92
"pc2","4cpu-amd",0.95,"locf",4,0.92
"pc2","4cpu-amd",0.95,"locf",2,0.93
"pc2","4cpu-amd",0.95,"locf",1,0.94
"pc2","4cpu-amd",0.95,"locf",3,0.91
"pc2","4cpu-amd",0.95,"locf",4,0.91
"pc2","4cpu-amd",0.95,"locf",1,0.91
"pc2","4cpu-amd",0.95,"locf",2,0.9
"pc2","4cpu-amd",0.95,"locf",3,0.91
"pc2","4cpu-amd",0.95,"locf",4,0.9
"pc2","4cpu-amd",0.95,"locf",1,0.91
"pc2","4cpu-amd",0.95,"locf",3,0.9
"pc2","4cpu-amd",0.95,"locf",2,0.94
"pc2","4cpu-amd",0.95,"locf",4,0.91
"pc2","4cpu-amd",0.95,"locf",3,0.9
"pc2","4cpu-amd",0.95,"locf",1,0.9
"pc2","4cpu-amd",0.95,"locf",2,0.9
"pc2","4cpu-amd",0.95,"locf",4,0.91
"pc2","4cpu-amd",0.95,"locf",1,0.92
"pc2","4cpu-amd",0.95,"locf",3,0.92
"pc2","4cpu-amd",0.95,"locf",2,0.92
"pc2","4cpu-amd",0.95,"locf",4,0.9
"pc2","4cpu-amd",0.95,"locf",1,0.91
"pc2","4cpu-amd",0.95,"locf",2,0.91
"pc2","4cpu-amd",0.95,"locf",3,0.92
"pc2","4cpu-amd",0.95,"locf",4,0.92
"pc2","4cpu-amd",0.95,"locf",1,0.91
"pc2","4cpu-amd",0.95,"locf",2,0.92
"pc2","4cpu-amd",0.95,"locf",4,0.92
"pc2","4cpu-amd",0.95,"locf",3,0.94
"pc2","4cpu-amd",0.95,"locf",1,0.92
"pc2","4cpu-amd",0.95,"locf",2,0.93
"pc2","4cpu-amd",0.95,"locf",4,0.92
"pc2","4cpu-amd",0.95,"locf",3,0.92
"pc2","4cpu-amd",0.95,"locf",2,0.96
"pc2","4cpu-amd",0.95,"locf",1,0.96
"pc2","4cpu-amd",0.95,"locf",3,0.96
"pc2","4cpu-amd",0.95,"locf",4,0.94
"pc2","4cpu-amd",0.95,"locf",1,0.9
"pc2","4cpu-amd",0.95,"locf",3,0.92
"pc2","4cpu-amd",0.95,"locf",2,0.92
"pc2","4cpu-amd",0.95,"locf",4,0.92
"pc2","4cpu-amd",0.95,"locf",2,0.91
"pc2","4cpu-amd",0.95,"locf",4,0.9
"pc2","4cpu-amd",0.95,"locf",1,0.93
"pc2","4cpu-amd",0.95,"locf",3,0.93
"pc2","4cpu-amd",0.95,"locf",2,0.9
"pc2","4cpu-amd",0.95,"locf",1,0.92
"pc2","4cpu-amd",0.95,"locf",3,0.92
"pc2","4cpu-amd",0.95,"locf",4,0.92
"pc2","4cpu-amd",0.95,"locf",1,0.94
"pc2","4cpu-amd",0.95,"locf",3,0.92
"pc2","4cpu-amd",0.95,"locf",2,0.92
"pc2","4cpu-amd",0.95,"locf",4,0.92
"pc2","4cpu-amd",0.95,"locf",4,0.92
"pc2","4cpu-amd",0.95,"locf",1,0.92
"pc2","4cpu-amd",0.95,"locf",2,0.92
"pc2","4cpu-amd",0.95,"locf",3,0.92
"pc2","4cpu-amd",0.95,"locf",1,0.92
"pc2","4cpu-amd",0.95,"locf",2,0.93
"pc2","4cpu-amd",0.95,"locf",3,0.91
"pc2","4cpu-amd",0.95,"locf",4,0.92
"pc2","4cpu-amd",0.95,"locf",1,0.92
"pc2","4cpu-amd",0.95,"locf",2,0.92
"pc2","4cpu-amd",0.95,"locf",3,0.93
"pc2","4cpu-amd",0.95,"locf",4,0.93
"pc2","4cpu-amd",0.05,"ssa",4,91.95
"pc2","4cpu-amd",0.05,"ssa",2,92.07
"pc2","4cpu-amd",0.05,"ssa",3,92.38
"pc2","4cpu-amd",0.05,"ssa",1,92.38
"pc2","4cpu-amd",0.05,"ssa",3,89.26
"pc2","4cpu-amd",0.05,"ssa",4,95.95
"pc2","4cpu-amd",0.05,"ssa",2,96.47
"pc2","4cpu-amd",0.05,"ssa",1,96.88
"pc2","4cpu-amd",0.05,"ssa",4,87.75
"pc2","4cpu-amd",0.05,"ssa",3,90.96
"pc2","4cpu-amd",0.05,"ssa",1,91.18
"pc2","4cpu-amd",0.05,"ssa",2,91.27
"pc2","4cpu-amd",0.05,"ssa",4,87.65
"pc2","4cpu-amd",0.05,"ssa",3,90.36
"pc2","4cpu-amd",0.05,"ssa",1,90.78
"pc2","4cpu-amd",0.05,"ssa",2,90.97
"pc2","4cpu-amd",0.05,"ssa",4,85.64
"pc2","4cpu-amd",0.05,"ssa",3,87.05
"pc2","4cpu-amd",0.05,"ssa",1,90.87
"pc2","4cpu-amd",0.05,"ssa",2,91.06
"pc2","4cpu-amd",0.05,"ssa",3,91.15
"pc2","4cpu-amd",0.05,"ssa",4,91.15
"pc2","4cpu-amd",0.05,"ssa",1,91.26
"pc2","4cpu-amd",0.05,"ssa",2,91.55
"pc2","4cpu-amd",0.05,"ssa",3,88.23
"pc2","4cpu-amd",0.05,"ssa",4,90.52
"pc2","4cpu-amd",0.05,"ssa",1,90.85
"pc2","4cpu-amd",0.05,"ssa",2,91.23
"pc2","4cpu-amd",0.05,"ssa",1,90.89
"pc2","4cpu-amd",0.05,"ssa",2,90.89
"pc2","4cpu-amd",0.05,"ssa",4,90.96
"pc2","4cpu-amd",0.05,"ssa",3,91.38
"pc2","4cpu-amd",0.05,"ssa",3,88.14
"pc2","4cpu-amd",0.05,"ssa",4,90.73
"pc2","4cpu-amd",0.05,"ssa",1,90.96
"pc2","4cpu-amd",0.05,"ssa",2,91.15
"pc2","4cpu-amd",0.05,"ssa",3,90.55
"pc2","4cpu-amd",0.05,"ssa",1,91.16
"pc2","4cpu-amd",0.05,"ssa",4,91.46
"pc2","4cpu-amd",0.05,"ssa",2,91.46
"pc2","4cpu-amd",0.05,"ssa",3,90.76
"pc2","4cpu-amd",0.05,"ssa",4,90.95
"pc2","4cpu-amd",0.05,"ssa",1,91.28
"pc2","4cpu-amd",0.05,"ssa",2,91.57
"pc2","4cpu-amd",0.05,"ssa",4,90.74
"pc2","4cpu-amd",0.05,"ssa",2,90.97
"pc2","4cpu-amd",0.05,"ssa",1,91.28
"pc2","4cpu-amd",0.05,"ssa",3,91.35
"pc2","4cpu-amd",0.05,"ssa",3,89.86
"pc2","4cpu-amd",0.05,"ssa",4,90.75
"pc2","4cpu-amd",0.05,"ssa",2,91.16
"pc2","4cpu-amd",0.05,"ssa",1,91.17
"pc2","4cpu-amd",0.05,"ssa",2,85.47
"pc2","4cpu-amd",0.05,"ssa",4,88.44
"pc2","4cpu-amd",0.05,"ssa",3,90.96
"pc2","4cpu-amd",0.05,"ssa",1,91.27
"pc2","4cpu-amd",0.05,"ssa",4,87.96
"pc2","4cpu-amd",0.05,"ssa",2,90.77
"pc2","4cpu-amd",0.05,"ssa",1,91.07
"pc2","4cpu-amd",0.05,"ssa",3,91.96
"pc2","4cpu-amd",0.05,"ssa",3,86.45
"pc2","4cpu-amd",0.05,"ssa",2,90.85
"pc2","4cpu-amd",0.05,"ssa",1,90.96
"pc2","4cpu-amd",0.05,"ssa",4,91.54
"pc2","4cpu-amd",0.05,"ssa",2,91.04
"pc2","4cpu-amd",0.05,"ssa",4,91.37
"pc2","4cpu-amd",0.05,"ssa",3,91.37
"pc2","4cpu-amd",0.05,"ssa",1,91.37
"pc2","4cpu-amd",0.05,"ssa",3,90.73
"pc2","4cpu-amd",0.05,"ssa",2,91.03
"pc2","4cpu-amd",0.05,"ssa",1,91.03
"pc2","4cpu-amd",0.05,"ssa",4,91.03
"pc2","4cpu-amd",0.05,"ssa",4,88.45
"pc2","4cpu-amd",0.05,"ssa",2,91.06
"pc2","4cpu-amd",0.05,"ssa",3,91.06
"pc2","4cpu-amd",0.05,"ssa",1,91.48
"pc2","4cpu-amd",0.05,"ssa",3,84.01
"pc2","4cpu-amd",0.05,"ssa",4,90.8
"pc2","4cpu-amd",0.05,"ssa",1,91.05
"pc2","4cpu-amd",0.05,"ssa",2,91.44
"pc2","4cpu-amd",0.05,"ssa",4,84.82
"pc2","4cpu-amd",0.05,"ssa",3,87.62
"pc2","4cpu-amd",0.05,"ssa",2,90.73
"pc2","4cpu-amd",0.05,"ssa",1,91.33
"pc2","4cpu-amd",0.05,"ssa",4,84.97
"pc2","4cpu-amd",0.05,"ssa",3,89.97
"pc2","4cpu-amd",0.05,"ssa",1,91.18
"pc2","4cpu-amd",0.05,"ssa",2,91.28
"pc2","4cpu-amd",0.05,"ssa",1,90.96
"pc2","4cpu-amd",0.05,"ssa",2,90.96
"pc2","4cpu-amd",0.05,"ssa",4,91.04
"pc2","4cpu-amd",0.05,"ssa",3,91.14
"pc2","4cpu-amd",0.05,"ssa",3,87.44
"pc2","4cpu-amd",0.05,"ssa",2,90.56
"pc2","4cpu-amd",0.05,"ssa",4,90.94
"pc2","4cpu-amd",0.05,"ssa",1,91.47
"pc2","4cpu-amd",0.05,"ssa",4,85.84
"pc2","4cpu-amd",0.05,"ssa",3,86.04
"pc2","4cpu-amd",0.05,"ssa",1,90.97
"pc2","4cpu-amd",0.05,"ssa",2,91.05
"pc2","4cpu-amd",0.05,"ssa",4,86.66
"pc2","4cpu-amd",0.05,"ssa",3,90.97
"pc2","4cpu-amd",0.05,"ssa",1,91.19
"pc2","4cpu-amd",0.05,"ssa",2,91.57
"pc2","4cpu-amd",0.05,"ssa",3,90.78
"pc2","4cpu-amd",0.05,"ssa",2,91.09
"pc2","4cpu-amd",0.05,"ssa",1,91.09
"pc2","4cpu-amd",0.05,"ssa",4,91.66
"pc2","4cpu-amd",0.05,"ssa",3,81.55
"pc2","4cpu-amd",0.05,"ssa",2,90.94
"pc2","4cpu-amd",0.05,"ssa",4,90.94
"pc2","4cpu-amd",0.05,"ssa",1,91.47
"pc2","4cpu-amd",0.05,"ssa",4,85.64
"pc2","4cpu-amd",0.05,"ssa",1,87.97
"pc2","4cpu-amd",0.05,"ssa",3,88.24
"pc2","4cpu-amd",0.05,"ssa",2,90.65
"pc2","4cpu-amd",0.05,"ssa",4,82.42
"pc2","4cpu-amd",0.05,"ssa",3,87.13
"pc2","4cpu-amd",0.05,"ssa",1,90.86
"pc2","4cpu-amd",0.05,"ssa",2,91.14
"pc2","4cpu-amd",0.15,"ssa",4,15.3
"pc2","4cpu-amd",0.15,"ssa",3,16.72
"pc2","4cpu-amd",0.15,"ssa",1,16.82
"pc2","4cpu-amd",0.15,"ssa",2,18.51
"pc2","4cpu-amd",0.15,"ssa",1,16.79
"pc2","4cpu-amd",0.15,"ssa",4,17.06
"pc2","4cpu-amd",0.15,"ssa",2,17.19
"pc2","4cpu-amd",0.15,"ssa",3,17.28
"pc2","4cpu-amd",0.15,"ssa",2,14.36
"pc2","4cpu-amd",0.15,"ssa",1,14.65
"pc2","4cpu-amd",0.15,"ssa",3,14.74
"pc2","4cpu-amd",0.15,"ssa",4,16.94
"pc2","4cpu-amd",0.15,"ssa",1,13.26
"pc2","4cpu-amd",0.15,"ssa",3,13.73
"pc2","4cpu-amd",0.15,"ssa",2,14.24
"pc2","4cpu-amd",0.15,"ssa",4,16.24
"pc2","4cpu-amd",0.15,"ssa",3,14.56
"pc2","4cpu-amd",0.15,"ssa",4,15.25
"pc2","4cpu-amd",0.15,"ssa",2,15.96
"pc2","4cpu-amd",0.15,"ssa",1,16.57
"pc2","4cpu-amd",0.15,"ssa",1,13.19
"pc2","4cpu-amd",0.15,"ssa",2,13.67
"pc2","4cpu-amd",0.15,"ssa",3,14.95
"pc2","4cpu-amd",0.15,"ssa",4,16.65
"pc2","4cpu-amd",0.15,"ssa",4,13.71
"pc2","4cpu-amd",0.15,"ssa",2,14.14
"pc2","4cpu-amd",0.15,"ssa",3,14.71
"pc2","4cpu-amd",0.15,"ssa",1,16.66
"pc2","4cpu-amd",0.15,"ssa",2,13.96
"pc2","4cpu-amd",0.15,"ssa",4,13.95
"pc2","4cpu-amd",0.15,"ssa",1,15.48
"pc2","4cpu-amd",0.15,"ssa",3,17.16
"pc2","4cpu-amd",0.15,"ssa",3,13.21
"pc2","4cpu-amd",0.15,"ssa",4,14.99
"pc2","4cpu-amd",0.15,"ssa",2,16.74
"pc2","4cpu-amd",0.15,"ssa",1,17.95
"pc2","4cpu-amd",0.15,"ssa",3,15.15
"pc2","4cpu-amd",0.15,"ssa",2,15.56
"pc2","4cpu-amd",0.15,"ssa",1,15.66
"pc2","4cpu-amd",0.15,"ssa",4,15.63
"pc2","4cpu-amd",0.15,"ssa",4,14.55
"pc2","4cpu-amd",0.15,"ssa",2,15.57
"pc2","4cpu-amd",0.15,"ssa",3,15.57
"pc2","4cpu-amd",0.15,"ssa",1,16.29
"pc2","4cpu-amd",0.15,"ssa",1,14.36
"pc2","4cpu-amd",0.15,"ssa",4,14.99
"pc2","4cpu-amd",0.15,"ssa",2,15.14
"pc2","4cpu-amd",0.15,"ssa",3,17.31
"pc2","4cpu-amd",0.15,"ssa",3,14.57
"pc2","4cpu-amd",0.15,"ssa",2,15.88
"pc2","4cpu-amd",0.15,"ssa",4,15.96
"pc2","4cpu-amd",0.15,"ssa",1,18.89
"pc2","4cpu-amd",0.15,"ssa",1,14.17
"pc2","4cpu-amd",0.15,"ssa",4,15.14
"pc2","4cpu-amd",0.15,"ssa",2,15.66
"pc2","4cpu-amd",0.15,"ssa",3,15.75
"pc2","4cpu-amd",0.15,"ssa",2,13.48
"pc2","4cpu-amd",0.15,"ssa",4,13.66
"pc2","4cpu-amd",0.15,"ssa",3,14.76
"pc2","4cpu-amd",0.15,"ssa",1,16.58
"pc2","4cpu-amd",0.15,"ssa",3,14.56
"pc2","4cpu-amd",0.15,"ssa",2,15.76
"pc2","4cpu-amd",0.15,"ssa",1,16.28
"pc2","4cpu-amd",0.15,"ssa",4,17.05
"pc2","4cpu-amd",0.15,"ssa",3,13.74
"pc2","4cpu-amd",0.15,"ssa",2,14.55
"pc2","4cpu-amd",0.15,"ssa",4,15.84
"pc2","4cpu-amd",0.15,"ssa",1,17.36
"pc2","4cpu-amd",0.15,"ssa",3,13.54
"pc2","4cpu-amd",0.15,"ssa",4,15.23
"pc2","4cpu-amd",0.15,"ssa",1,15.45
"pc2","4cpu-amd",0.15,"ssa",2,18.05
"pc2","4cpu-amd",0.15,"ssa",1,14.57
"pc2","4cpu-amd",0.15,"ssa",2,15.34
"pc2","4cpu-amd",0.15,"ssa",3,16.75
"pc2","4cpu-amd",0.15,"ssa",4,17.02
"pc2","4cpu-amd",0.15,"ssa",1,14.07
"pc2","4cpu-amd",0.15,"ssa",3,14.26
"pc2","4cpu-amd",0.15,"ssa",2,15.95
"pc2","4cpu-amd",0.15,"ssa",4,16.25
"pc2","4cpu-amd",0.15,"ssa",4,14.75
"pc2","4cpu-amd",0.15,"ssa",1,15.68
"pc2","4cpu-amd",0.15,"ssa",3,15.85
"pc2","4cpu-amd",0.15,"ssa",2,17.28
"pc2","4cpu-amd",0.15,"ssa",4,14.03
"pc2","4cpu-amd",0.15,"ssa",3,14.34
"pc2","4cpu-amd",0.15,"ssa",1,14.85
"pc2","4cpu-amd",0.15,"ssa",2,15.25
"pc2","4cpu-amd",0.15,"ssa",1,14.45
"pc2","4cpu-amd",0.15,"ssa",2,14.45
"pc2","4cpu-amd",0.15,"ssa",4,14.53
"pc2","4cpu-amd",0.15,"ssa",3,15.34
"pc2","4cpu-amd",0.15,"ssa",4,14.25
"pc2","4cpu-amd",0.15,"ssa",1,14.88
"pc2","4cpu-amd",0.15,"ssa",2,15.08
"pc2","4cpu-amd",0.15,"ssa",3,17.47
"pc2","4cpu-amd",0.15,"ssa",3,15.04
"pc2","4cpu-amd",0.15,"ssa",2,15.75
"pc2","4cpu-amd",0.15,"ssa",1,16.17
"pc2","4cpu-amd",0.15,"ssa",4,17.73
"pc2","4cpu-amd",0.15,"ssa",4,13.56
"pc2","4cpu-amd",0.15,"ssa",1,14.89
"pc2","4cpu-amd",0.15,"ssa",3,15.68
"pc2","4cpu-amd",0.15,"ssa",2,16.27
"pc2","4cpu-amd",0.15,"ssa",1,13.77
"pc2","4cpu-amd",0.15,"ssa",3,14.15
"pc2","4cpu-amd",0.15,"ssa",4,14.93
"pc2","4cpu-amd",0.15,"ssa",2,16.35
"pc2","4cpu-amd",0.15,"ssa",4,13.76
"pc2","4cpu-amd",0.15,"ssa",1,15.09
"pc2","4cpu-amd",0.15,"ssa",2,15.38
"pc2","4cpu-amd",0.15,"ssa",3,17.86
"pc2","4cpu-amd",0.15,"ssa",2,14.46
"pc2","4cpu-amd",0.15,"ssa",1,15.47
"pc2","4cpu-amd",0.15,"ssa",4,15.93
"pc2","4cpu-amd",0.15,"ssa",3,16.35
"pc2","4cpu-amd",0.15,"ssa",1,15.45
"pc2","4cpu-amd",0.15,"ssa",3,15.91
"pc2","4cpu-amd",0.15,"ssa",4,17.01
"pc2","4cpu-amd",0.15,"ssa",2,17.64
"pc2","4cpu-amd",0.25,"ssa",2,7.09
"pc2","4cpu-amd",0.25,"ssa",4,7.46
"pc2","4cpu-amd",0.25,"ssa",1,7.88
"pc2","4cpu-amd",0.25,"ssa",3,9.46
"pc2","4cpu-amd",0.25,"ssa",3,7.1
"pc2","4cpu-amd",0.25,"ssa",4,7.45
"pc2","4cpu-amd",0.25,"ssa",1,7.5
"pc2","4cpu-amd",0.25,"ssa",2,8.49
"pc2","4cpu-amd",0.25,"ssa",2,6.36
"pc2","4cpu-amd",0.25,"ssa",4,6.83
"pc2","4cpu-amd",0.25,"ssa",3,7.35
"pc2","4cpu-amd",0.25,"ssa",1,7.57
"pc2","4cpu-amd",0.25,"ssa",3,6.71
"pc2","4cpu-amd",0.25,"ssa",4,6.98
"pc2","4cpu-amd",0.25,"ssa",1,7.14
"pc2","4cpu-amd",0.25,"ssa",2,7.6
"pc2","4cpu-amd",0.25,"ssa",2,6.5
"pc2","4cpu-amd",0.25,"ssa",3,6.79
"pc2","4cpu-amd",0.25,"ssa",4,7.21
"pc2","4cpu-amd",0.25,"ssa",1,7.21
"pc2","4cpu-amd",0.25,"ssa",3,6.91
"pc2","4cpu-amd",0.25,"ssa",2,7.03
"pc2","4cpu-amd",0.25,"ssa",1,7.15
"pc2","4cpu-amd",0.25,"ssa",4,7.49
"pc2","4cpu-amd",0.25,"ssa",3,6.84
"pc2","4cpu-amd",0.25,"ssa",4,7.04
"pc2","4cpu-amd",0.25,"ssa",2,7.76
"pc2","4cpu-amd",0.25,"ssa",1,7.96
"pc2","4cpu-amd",0.25,"ssa",2,6.64
"pc2","4cpu-amd",0.25,"ssa",4,6.84
"pc2","4cpu-amd",0.25,"ssa",3,7.43
"pc2","4cpu-amd",0.25,"ssa",1,7.66
"pc2","4cpu-amd",0.25,"ssa",2,6.26
"pc2","4cpu-amd",0.25,"ssa",3,6.75
"pc2","4cpu-amd",0.25,"ssa",1,7.38
"pc2","4cpu-amd",0.25,"ssa",4,7.72
"pc2","4cpu-amd",0.25,"ssa",4,6.65
"pc2","4cpu-amd",0.25,"ssa",2,7.17
"pc2","4cpu-amd",0.25,"ssa",1,7.38
"pc2","4cpu-amd",0.25,"ssa",3,7.54
"pc2","4cpu-amd",0.25,"ssa",2,6.46
"pc2","4cpu-amd",0.25,"ssa",3,6.55
"pc2","4cpu-amd",0.25,"ssa",4,6.65
"pc2","4cpu-amd",0.25,"ssa",1,7.58
"pc2","4cpu-amd",0.25,"ssa",2,6.46
"pc2","4cpu-amd",0.25,"ssa",4,6.77
"pc2","4cpu-amd",0.25,"ssa",3,7.36
"pc2","4cpu-amd",0.25,"ssa",1,7.59
"pc2","4cpu-amd",0.25,"ssa",3,6.85
"pc2","4cpu-amd",0.25,"ssa",1,6.96
"pc2","4cpu-amd",0.25,"ssa",4,7.04
"pc2","4cpu-amd",0.25,"ssa",2,7.45
"pc2","4cpu-amd",0.25,"ssa",1,6.29
"pc2","4cpu-amd",0.25,"ssa",4,6.75
"pc2","4cpu-amd",0.25,"ssa",3,8.05
"pc2","4cpu-amd",0.25,"ssa",2,8.07
"pc2","4cpu-amd",0.25,"ssa",2,6.36
"pc2","4cpu-amd",0.25,"ssa",1,6.86
"pc2","4cpu-amd",0.25,"ssa",3,6.86
"pc2","4cpu-amd",0.25,"ssa",4,6.94
"pc2","4cpu-amd",0.25,"ssa",3,6.77
"pc2","4cpu-amd",0.25,"ssa",2,6.98
"pc2","4cpu-amd",0.25,"ssa",1,7.08
"pc2","4cpu-amd",0.25,"ssa",4,7.07
"pc2","4cpu-amd",0.25,"ssa",3,6.57
"pc2","4cpu-amd",0.25,"ssa",4,7.16
"pc2","4cpu-amd",0.25,"ssa",1,7.58
"pc2","4cpu-amd",0.25,"ssa",2,7.68
"pc2","4cpu-amd",0.25,"ssa",4,6.27
"pc2","4cpu-amd",0.25,"ssa",2,6.85
"pc2","4cpu-amd",0.25,"ssa",3,6.85
"pc2","4cpu-amd",0.25,"ssa",1,7.78
"pc2","4cpu-amd",0.25,"ssa",2,6.15
"pc2","4cpu-amd",0.25,"ssa",4,7
"pc2","4cpu-amd",0.25,"ssa",1,7.67
"pc2","4cpu-amd",0.25,"ssa",3,8.22
"pc2","4cpu-amd",0.25,"ssa",3,6.88
"pc2","4cpu-amd",0.25,"ssa",2,6.97
"pc2","4cpu-amd",0.25,"ssa",1,7.17
"pc2","4cpu-amd",0.25,"ssa",4,7.25
"pc2","4cpu-amd",0.25,"ssa",3,6.26
"pc2","4cpu-amd",0.25,"ssa",2,6.65
"pc2","4cpu-amd",0.25,"ssa",1,3.7
"pc2","4cpu-amd",0.25,"ssa",4,7.33
"pc2","4cpu-amd",0.25,"ssa",1,6.57
"pc2","4cpu-amd",0.25,"ssa",3,6.72
"pc2","4cpu-amd",0.25,"ssa",2,7.02
"pc2","4cpu-amd",0.25,"ssa",4,7.43
"pc2","4cpu-amd",0.25,"ssa",2,6.73
"pc2","4cpu-amd",0.25,"ssa",4,6.88
"pc2","4cpu-amd",0.25,"ssa",3,6.91
"pc2","4cpu-amd",0.25,"ssa",1,7.56
"pc2","4cpu-amd",0.25,"ssa",1,6.37
"pc2","4cpu-amd",0.25,"ssa",2,3.57
"pc2","4cpu-amd",0.25,"ssa",3,6.85
"pc2","4cpu-amd",0.25,"ssa",4,7.23
"pc2","4cpu-amd",0.25,"ssa",2,6.95
"pc2","4cpu-amd",0.25,"ssa",1,7.07
"pc2","4cpu-amd",0.25,"ssa",4,7.62
"pc2","4cpu-amd",0.25,"ssa",3,7.64
"pc2","4cpu-amd",0.25,"ssa",1,6.58
"pc2","4cpu-amd",0.25,"ssa",4,6.75
"pc2","4cpu-amd",0.25,"ssa",3,7.17
"pc2","4cpu-amd",0.25,"ssa",2,8.27
"pc2","4cpu-amd",0.25,"ssa",1,6.68
"pc2","4cpu-amd",0.25,"ssa",3,7.08
"pc2","4cpu-amd",0.25,"ssa",2,7.08
"pc2","4cpu-amd",0.25,"ssa",4,7.27
"pc2","4cpu-amd",0.25,"ssa",3,6.43
"pc2","4cpu-amd",0.25,"ssa",1,6.73
"pc2","4cpu-amd",0.25,"ssa",4,7.01
"pc2","4cpu-amd",0.25,"ssa",2,8.12
"pc2","4cpu-amd",0.25,"ssa",4,6.64
"pc2","4cpu-amd",0.25,"ssa",1,6.89
"pc2","4cpu-amd",0.25,"ssa",3,7.04
"pc2","4cpu-amd",0.25,"ssa",2,7.46
"pc2","4cpu-amd",0.25,"ssa",2,6.98
"pc2","4cpu-amd",0.25,"ssa",4,7.25
"pc2","4cpu-amd",0.25,"ssa",3,7.66
"pc2","4cpu-amd",0.25,"ssa",1,8.47
"pc2","4cpu-amd",0.35,"ssa",1,4.35
"pc2","4cpu-amd",0.35,"ssa",3,4.71
"pc2","4cpu-amd",0.35,"ssa",2,4.73
"pc2","4cpu-amd",0.35,"ssa",4,5.61
"pc2","4cpu-amd",0.35,"ssa",1,4.3
"pc2","4cpu-amd",0.35,"ssa",2,4.89
"pc2","4cpu-amd",0.35,"ssa",3,5.37
"pc2","4cpu-amd",0.35,"ssa",4,5.77
"pc2","4cpu-amd",0.35,"ssa",1,3.97
"pc2","4cpu-amd",0.35,"ssa",3,4.15
"pc2","4cpu-amd",0.35,"ssa",2,5.35
"pc2","4cpu-amd",0.35,"ssa",4,5.74
"pc2","4cpu-amd",0.35,"ssa",1,3.98
"pc2","4cpu-amd",0.35,"ssa",3,4.43
"pc2","4cpu-amd",0.35,"ssa",2,4.45
"pc2","4cpu-amd",0.35,"ssa",4,5.63
"pc2","4cpu-amd",0.35,"ssa",1,4.16
"pc2","4cpu-amd",0.35,"ssa",3,4.16
"pc2","4cpu-amd",0.35,"ssa",2,4.65
"pc2","4cpu-amd",0.35,"ssa",4,4.64
"pc2","4cpu-amd",0.35,"ssa",1,4.05
"pc2","4cpu-amd",0.35,"ssa",3,4.24
"pc2","4cpu-amd",0.35,"ssa",4,4.65
"pc2","4cpu-amd",0.35,"ssa",2,4.94
"pc2","4cpu-amd",0.35,"ssa",1,3.7
"pc2","4cpu-amd",0.35,"ssa",3,4.16
"pc2","4cpu-amd",0.35,"ssa",4,4.54
"pc2","4cpu-amd",0.35,"ssa",2,4.87
"pc2","4cpu-amd",0.35,"ssa",1,4.36
"pc2","4cpu-amd",0.35,"ssa",4,4.45
"pc2","4cpu-amd",0.35,"ssa",3,4.56
"pc2","4cpu-amd",0.35,"ssa",2,4.75
"pc2","4cpu-amd",0.35,"ssa",1,4.09
"pc2","4cpu-amd",0.35,"ssa",3,4.23
"pc2","4cpu-amd",0.35,"ssa",4,4.81
"pc2","4cpu-amd",0.35,"ssa",2,5.24
"pc2","4cpu-amd",0.35,"ssa",3,4.19
"pc2","4cpu-amd",0.35,"ssa",1,4.19
"pc2","4cpu-amd",0.35,"ssa",4,4.74
"pc2","4cpu-amd",0.35,"ssa",2,4.84
"pc2","4cpu-amd",0.35,"ssa",3,4.08
"pc2","4cpu-amd",0.35,"ssa",1,4.18
"pc2","4cpu-amd",0.35,"ssa",4,4.38
"pc2","4cpu-amd",0.35,"ssa",2,5.11
"pc2","4cpu-amd",0.35,"ssa",1,3.97
"pc2","4cpu-amd",0.35,"ssa",4,4.56
"pc2","4cpu-amd",0.35,"ssa",3,4.58
"pc2","4cpu-amd",0.35,"ssa",2,4.68
"pc2","4cpu-amd",0.35,"ssa",1,4.09
"pc2","4cpu-amd",0.35,"ssa",2,4.36
"pc2","4cpu-amd",0.35,"ssa",3,4.55
"pc2","4cpu-amd",0.35,"ssa",4,5.14
"pc2","4cpu-amd",0.35,"ssa",1,4.1
"pc2","4cpu-amd",0.35,"ssa",3,4.28
"pc2","4cpu-amd",0.35,"ssa",2,5.2
"pc2","4cpu-amd",0.35,"ssa",4,5.2
"pc2","4cpu-amd",0.35,"ssa",3,4.11
"pc2","4cpu-amd",0.35,"ssa",1,4.47
"pc2","4cpu-amd",0.35,"ssa",2,4.66
"pc2","4cpu-amd",0.35,"ssa",4,4.71
"pc2","4cpu-amd",0.35,"ssa",1,4.02
"pc2","4cpu-amd",0.35,"ssa",3,4.47
"pc2","4cpu-amd",0.35,"ssa",4,4.78
"pc2","4cpu-amd",0.35,"ssa",2,4.98
"pc2","4cpu-amd",0.35,"ssa",3,4.15
"pc2","4cpu-amd",0.35,"ssa",1,4.2
"pc2","4cpu-amd",0.35,"ssa",4,5.06
"pc2","4cpu-amd",0.35,"ssa",2,5.26
"pc2","4cpu-amd",0.35,"ssa",1,4.21
"pc2","4cpu-amd",0.35,"ssa",3,4.22
"pc2","4cpu-amd",0.35,"ssa",4,4.98
"pc2","4cpu-amd",0.35,"ssa",2,5.18
"pc2","4cpu-amd",0.35,"ssa",3,3.88
"pc2","4cpu-amd",0.35,"ssa",1,4.21
"pc2","4cpu-amd",0.35,"ssa",4,4.58
"pc2","4cpu-amd",0.35,"ssa",2,5.11
"pc2","4cpu-amd",0.35,"ssa",3,4.23
"pc2","4cpu-amd",0.35,"ssa",1,4.26
"pc2","4cpu-amd",0.35,"ssa",2,4.35
"pc2","4cpu-amd",0.35,"ssa",4,4.61
"pc2","4cpu-amd",0.35,"ssa",1,3.98
"pc2","4cpu-amd",0.35,"ssa",3,4.19
"pc2","4cpu-amd",0.35,"ssa",2,4.69
"pc2","4cpu-amd",0.35,"ssa",4,4.95
"pc2","4cpu-amd",0.35,"ssa",1,4.07
"pc2","4cpu-amd",0.35,"ssa",3,4.25
"pc2","4cpu-amd",0.35,"ssa",4,4.65
"pc2","4cpu-amd",0.35,"ssa",2,4.84
"pc2","4cpu-amd",0.35,"ssa",1,4.07
"pc2","4cpu-amd",0.35,"ssa",3,4.06
"pc2","4cpu-amd",0.35,"ssa",2,4.37
"pc2","4cpu-amd",0.35,"ssa",4,4.97
"pc2","4cpu-amd",0.35,"ssa",3,3.85
"pc2","4cpu-amd",0.35,"ssa",1,4.15
"pc2","4cpu-amd",0.35,"ssa",2,4.86
"pc2","4cpu-amd",0.35,"ssa",4,5.32
"pc2","4cpu-amd",0.35,"ssa",3,4.13
"pc2","4cpu-amd",0.35,"ssa",1,4.26
"pc2","4cpu-amd",0.35,"ssa",4,4.83
"pc2","4cpu-amd",0.35,"ssa",2,5.25
"pc2","4cpu-amd",0.35,"ssa",1,4.25
"pc2","4cpu-amd",0.35,"ssa",3,4.24
"pc2","4cpu-amd",0.35,"ssa",4,4.23
"pc2","4cpu-amd",0.35,"ssa",2,6.03
"pc2","4cpu-amd",0.35,"ssa",1,4.07
"pc2","4cpu-amd",0.35,"ssa",3,4.16
"pc2","4cpu-amd",0.35,"ssa",4,4.65
"pc2","4cpu-amd",0.35,"ssa",2,4.78
"pc2","4cpu-amd",0.35,"ssa",3,4.43
"pc2","4cpu-amd",0.35,"ssa",1,4.55
"pc2","4cpu-amd",0.35,"ssa",4,4.72
"pc2","4cpu-amd",0.35,"ssa",2,5.75
"pc2","4cpu-amd",0.35,"ssa",1,3.85
"pc2","4cpu-amd",0.35,"ssa",3,4.45
"pc2","4cpu-amd",0.35,"ssa",2,4.55
"pc2","4cpu-amd",0.35,"ssa",4,5.35
"pc2","4cpu-amd",0.35,"ssa",1,4.16
"pc2","4cpu-amd",0.35,"ssa",3,4.34
"pc2","4cpu-amd",0.35,"ssa",4,4.45
"pc2","4cpu-amd",0.35,"ssa",2,4.94
"pc2","4cpu-amd",0.45,"ssa",4,3.5
"pc2","4cpu-amd",0.45,"ssa",2,3.58
"pc2","4cpu-amd",0.45,"ssa",1,3.62
"pc2","4cpu-amd",0.45,"ssa",3,3.92
"pc2","4cpu-amd",0.45,"ssa",2,3.26
"pc2","4cpu-amd",0.45,"ssa",3,3.55
"pc2","4cpu-amd",0.45,"ssa",4,3.84
"pc2","4cpu-amd",0.45,"ssa",1,4.03
"pc2","4cpu-amd",0.45,"ssa",1,3.37
"pc2","4cpu-amd",0.45,"ssa",4,3.56
"pc2","4cpu-amd",0.45,"ssa",2,3.79
"pc2","4cpu-amd",0.45,"ssa",4,3.03
"pc2","4cpu-amd",0.45,"ssa",3,3.03
"pc2","4cpu-amd",0.45,"ssa",1,3.14
"pc2","4cpu-amd",0.45,"ssa",2,3.42
"pc2","4cpu-amd",0.45,"ssa",1,3.18
"pc2","4cpu-amd",0.45,"ssa",3,3.2
"pc2","4cpu-amd",0.45,"ssa",2,3.42
"pc2","4cpu-amd",0.45,"ssa",4,3.63
"pc2","4cpu-amd",0.45,"ssa",1,2.96
"pc2","4cpu-amd",0.45,"ssa",4,3.11
"pc2","4cpu-amd",0.45,"ssa",3,3.13
"pc2","4cpu-amd",0.45,"ssa",2,3.22
"pc2","4cpu-amd",0.45,"ssa",3,3.08
"pc2","4cpu-amd",0.45,"ssa",2,3.17
"pc2","4cpu-amd",0.45,"ssa",1,3.3
"pc2","4cpu-amd",0.45,"ssa",4,3.78
"pc2","4cpu-amd",0.45,"ssa",3,2.99
"pc2","4cpu-amd",0.45,"ssa",1,3.21
"pc2","4cpu-amd",0.45,"ssa",4,3.25
"pc2","4cpu-amd",0.45,"ssa",2,3.48
"pc2","4cpu-amd",0.45,"ssa",1,3.14
"pc2","4cpu-amd",0.45,"ssa",3,3.25
"pc2","4cpu-amd",0.45,"ssa",2,3.33
"pc2","4cpu-amd",0.45,"ssa",4,3.51
"pc2","4cpu-amd",0.45,"ssa",3,3.16
"pc2","4cpu-amd",0.45,"ssa",1,3.29
"pc2","4cpu-amd",0.45,"ssa",2,3.31
"pc2","4cpu-amd",0.45,"ssa",4,3.3
"pc2","4cpu-amd",0.45,"ssa",1,2.95
"pc2","4cpu-amd",0.45,"ssa",2,3.25
"pc2","4cpu-amd",0.45,"ssa",3,3.33
"pc2","4cpu-amd",0.45,"ssa",4,3.75
"pc2","4cpu-amd",0.45,"ssa",3,3.13
"pc2","4cpu-amd",0.45,"ssa",1,3.16
"pc2","4cpu-amd",0.45,"ssa",4,3.23
"pc2","4cpu-amd",0.45,"ssa",2,3.75
"pc2","4cpu-amd",0.45,"ssa",1,3.06
"pc2","4cpu-amd",0.45,"ssa",2,3.24
"pc2","4cpu-amd",0.45,"ssa",3,3.24
"pc2","4cpu-amd",0.45,"ssa",4,3.63
"pc2","4cpu-amd",0.45,"ssa",1,3.1
"pc2","4cpu-amd",0.45,"ssa",4,3.27
"pc2","4cpu-amd",0.45,"ssa",3,3.38
"pc2","4cpu-amd",0.45,"ssa",2,3.39
"pc2","4cpu-amd",0.45,"ssa",3,2.88
"pc2","4cpu-amd",0.45,"ssa",1,3
"pc2","4cpu-amd",0.45,"ssa",2,3.07
"pc2","4cpu-amd",0.45,"ssa",4,4.25
"pc2","4cpu-amd",0.45,"ssa",4,3.07
"pc2","4cpu-amd",0.45,"ssa",3,3.17
"pc2","4cpu-amd",0.45,"ssa",2,3.17
"pc2","4cpu-amd",0.45,"ssa",1,3.17
"pc2","4cpu-amd",0.45,"ssa",1,3.07
"pc2","4cpu-amd",0.45,"ssa",3,3.32
"pc2","4cpu-amd",0.45,"ssa",4,3.45
"pc2","4cpu-amd",0.45,"ssa",2,3.82
"pc2","4cpu-amd",0.45,"ssa",3,2.85
"pc2","4cpu-amd",0.45,"ssa",1,3.18
"pc2","4cpu-amd",0.45,"ssa",2,3.45
"pc2","4cpu-amd",0.45,"ssa",4,3.55
"pc2","4cpu-amd",0.45,"ssa",2,2.98
"pc2","4cpu-amd",0.45,"ssa",4,2.97
"pc2","4cpu-amd",0.45,"ssa",3,2.42
"pc2","4cpu-amd",0.45,"ssa",1,3.57
"pc2","4cpu-amd",0.45,"ssa",3,2.99
"pc2","4cpu-amd",0.45,"ssa",1,3.09
"pc2","4cpu-amd",0.45,"ssa",2,3.43
"pc2","4cpu-amd",0.45,"ssa",4,3.46
"pc2","4cpu-amd",0.45,"ssa",1,3.03
"pc2","4cpu-amd",0.45,"ssa",4,3.13
"pc2","4cpu-amd",0.45,"ssa",2,3.27
"pc2","4cpu-amd",0.45,"ssa",3,3.54
"pc2","4cpu-amd",0.45,"ssa",2,3.01
"pc2","4cpu-amd",0.45,"ssa",3,3.1
"pc2","4cpu-amd",0.45,"ssa",4,3.1
"pc2","4cpu-amd",0.45,"ssa",1,3.32
"pc2","4cpu-amd",0.45,"ssa",2,2.93
"pc2","4cpu-amd",0.45,"ssa",1,3.15
"pc2","4cpu-amd",0.45,"ssa",3,3.22
"pc2","4cpu-amd",0.45,"ssa",4,3.99
"pc2","4cpu-amd",0.45,"ssa",1,3.13
"pc2","4cpu-amd",0.45,"ssa",3,3.23
"pc2","4cpu-amd",0.45,"ssa",2,3.25
"pc2","4cpu-amd",0.45,"ssa",4,3.71
"pc2","4cpu-amd",0.45,"ssa",3,3.07
"pc2","4cpu-amd",0.45,"ssa",1,3.17
"pc2","4cpu-amd",0.45,"ssa",4,3.38
"pc2","4cpu-amd",0.45,"ssa",2,3.67
"pc2","4cpu-amd",0.45,"ssa",3,3
"pc2","4cpu-amd",0.45,"ssa",4,3.11
"pc2","4cpu-amd",0.45,"ssa",1,3.37
"pc2","4cpu-amd",0.45,"ssa",2,3.82
"pc2","4cpu-amd",0.45,"ssa",1,3.19
"pc2","4cpu-amd",0.45,"ssa",3,3.28
"pc2","4cpu-amd",0.45,"ssa",4,3.28
"pc2","4cpu-amd",0.45,"ssa",2,3.36
"pc2","4cpu-amd",0.45,"ssa",3,3.08
"pc2","4cpu-amd",0.45,"ssa",1,3.11
"pc2","4cpu-amd",0.45,"ssa",4,3.46
"pc2","4cpu-amd",0.45,"ssa",2,3.86
"pc2","4cpu-amd",0.45,"ssa",3,3.12
"pc2","4cpu-amd",0.45,"ssa",1,3.29
"pc2","4cpu-amd",0.45,"ssa",2,3.31
"pc2","4cpu-amd",0.45,"ssa",4,3.55
"pc2","4cpu-amd",0.45,"ssa",1,3.12
"pc2","4cpu-amd",0.45,"ssa",3,3.12
"pc2","4cpu-amd",0.45,"ssa",4,3.18
"pc2","4cpu-amd",0.45,"ssa",2,3.21
"pc2","4cpu-amd",0.55,"ssa",3,2.64
"pc2","4cpu-amd",0.55,"ssa",4,2.77
"pc2","4cpu-amd",0.55,"ssa",1,2.91
"pc2","4cpu-amd",0.55,"ssa",2,2.99
"pc2","4cpu-amd",0.55,"ssa",1,2.75
"pc2","4cpu-amd",0.55,"ssa",2,2.76
"pc2","4cpu-amd",0.55,"ssa",3,2.87
"pc2","4cpu-amd",0.55,"ssa",4,3.07
"pc2","4cpu-amd",0.55,"ssa",1,2.51
"pc2","4cpu-amd",0.55,"ssa",2,2.55
"pc2","4cpu-amd",0.55,"ssa",3,2.64
"pc2","4cpu-amd",0.55,"ssa",4,2.79
"pc2","4cpu-amd",0.55,"ssa",3,2.31
"pc2","4cpu-amd",0.55,"ssa",1,2.39
"pc2","4cpu-amd",0.55,"ssa",2,2.4
"pc2","4cpu-amd",0.55,"ssa",4,2.49
"pc2","4cpu-amd",0.55,"ssa",1,2.48
"pc2","4cpu-amd",0.55,"ssa",3,2.56
"pc2","4cpu-amd",0.55,"ssa",4,2.67
"pc2","4cpu-amd",0.55,"ssa",2,2.67
"pc2","4cpu-amd",0.55,"ssa",2,2.5
"pc2","4cpu-amd",0.55,"ssa",1,2.6
"pc2","4cpu-amd",0.55,"ssa",4,2.88
"pc2","4cpu-amd",0.55,"ssa",3,3.1
"pc2","4cpu-amd",0.55,"ssa",2,2.46
"pc2","4cpu-amd",0.55,"ssa",4,2.46
"pc2","4cpu-amd",0.55,"ssa",3,2.5
"pc2","4cpu-amd",0.55,"ssa",1,2.55
"pc2","4cpu-amd",0.55,"ssa",1,2.56
"pc2","4cpu-amd",0.55,"ssa",3,2.58
"pc2","4cpu-amd",0.55,"ssa",2,2.8
"pc2","4cpu-amd",0.55,"ssa",4,2.98
"pc2","4cpu-amd",0.55,"ssa",3,2.61
"pc2","4cpu-amd",0.55,"ssa",4,2.66
"pc2","4cpu-amd",0.55,"ssa",2,2.74
"pc2","4cpu-amd",0.55,"ssa",1,2.83
"pc2","4cpu-amd",0.55,"ssa",3,2.41
"pc2","4cpu-amd",0.55,"ssa",2,2.5
"pc2","4cpu-amd",0.55,"ssa",1,2.52
"pc2","4cpu-amd",0.55,"ssa",4,2.58
"pc2","4cpu-amd",0.55,"ssa",3,2.46
"pc2","4cpu-amd",0.55,"ssa",2,2.56
"pc2","4cpu-amd",0.55,"ssa",1,2.58
"pc2","4cpu-amd",0.55,"ssa",4,2.65
"pc2","4cpu-amd",0.55,"ssa",3,2.48
"pc2","4cpu-amd",0.55,"ssa",1,2.55
"pc2","4cpu-amd",0.55,"ssa",2,2.68
"pc2","4cpu-amd",0.55,"ssa",4,2.76
"pc2","4cpu-amd",0.55,"ssa",1,2.39
"pc2","4cpu-amd",0.55,"ssa",2,2.51
"pc2","4cpu-amd",0.55,"ssa",3,2.56
"pc2","4cpu-amd",0.55,"ssa",4,2.98
"pc2","4cpu-amd",0.55,"ssa",2,2.44
"pc2","4cpu-amd",0.55,"ssa",3,2.46
"pc2","4cpu-amd",0.55,"ssa",4,2.52
"pc2","4cpu-amd",0.55,"ssa",1,2.67
"pc2","4cpu-amd",0.55,"ssa",3,2.39
"pc2","4cpu-amd",0.55,"ssa",1,2.56
"pc2","4cpu-amd",0.55,"ssa",2,2.58
"pc2","4cpu-amd",0.55,"ssa",4,2.71
"pc2","4cpu-amd",0.55,"ssa",4,2.47
"pc2","4cpu-amd",0.55,"ssa",1,2.52
"pc2","4cpu-amd",0.55,"ssa",2,2.52
"pc2","4cpu-amd",0.55,"ssa",3,2.59
"pc2","4cpu-amd",0.55,"ssa",2,2.39
"pc2","4cpu-amd",0.55,"ssa",1,2.45
"pc2","4cpu-amd",0.55,"ssa",3,2.52
"pc2","4cpu-amd",0.55,"ssa",4,3.46
"pc2","4cpu-amd",0.55,"ssa",1,2.49
"pc2","4cpu-amd",0.55,"ssa",3,2.55
"pc2","4cpu-amd",0.55,"ssa",4,2.56
"pc2","4cpu-amd",0.55,"ssa",2,2.87
"pc2","4cpu-amd",0.55,"ssa",3,2.36
"pc2","4cpu-amd",0.55,"ssa",4,2.44
"pc2","4cpu-amd",0.55,"ssa",1,2.57
"pc2","4cpu-amd",0.55,"ssa",2,2.64
"pc2","4cpu-amd",0.55,"ssa",2,2.49
"pc2","4cpu-amd",0.55,"ssa",1,2.57
"pc2","4cpu-amd",0.55,"ssa",3,2.56
"pc2","4cpu-amd",0.55,"ssa",4,2.87
"pc2","4cpu-amd",0.55,"ssa",1,2.43
"pc2","4cpu-amd",0.55,"ssa",3,2.54
"pc2","4cpu-amd",0.55,"ssa",2,2.63
"pc2","4cpu-amd",0.55,"ssa",4,3.03
"pc2","4cpu-amd",0.55,"ssa",3,2.46
"pc2","4cpu-amd",0.55,"ssa",2,2.49
"pc2","4cpu-amd",0.55,"ssa",4,2.56
"pc2","4cpu-amd",0.55,"ssa",1,2.76
"pc2","4cpu-amd",0.55,"ssa",1,2.42
"pc2","4cpu-amd",0.55,"ssa",2,2.47
"pc2","4cpu-amd",0.55,"ssa",3,2.68
"pc2","4cpu-amd",0.55,"ssa",4,3.48
"pc2","4cpu-amd",0.55,"ssa",2,2.44
"pc2","4cpu-amd",0.55,"ssa",3,2.52
"pc2","4cpu-amd",0.55,"ssa",1,2.54
"pc2","4cpu-amd",0.55,"ssa",4,2.62
"pc2","4cpu-amd",0.55,"ssa",2,2.37
"pc2","4cpu-amd",0.55,"ssa",3,2.44
"pc2","4cpu-amd",0.55,"ssa",4,2.59
"pc2","4cpu-amd",0.55,"ssa",1,2.59
"pc2","4cpu-amd",0.55,"ssa",2,2.3
"pc2","4cpu-amd",0.55,"ssa",3,2.56
"pc2","4cpu-amd",0.55,"ssa",1,2.64
"pc2","4cpu-amd",0.55,"ssa",4,3.45
"pc2","4cpu-amd",0.55,"ssa",2,2.5
"pc2","4cpu-amd",0.55,"ssa",3,2.5
"pc2","4cpu-amd",0.55,"ssa",1,2.74
"pc2","4cpu-amd",0.55,"ssa",4,2.78
"pc2","4cpu-amd",0.55,"ssa",2,2.48
"pc2","4cpu-amd",0.55,"ssa",3,2.5
"pc2","4cpu-amd",0.55,"ssa",4,2.54
"pc2","4cpu-amd",0.55,"ssa",1,2.67
"pc2","4cpu-amd",0.55,"ssa",2,2.38
"pc2","4cpu-amd",0.55,"ssa",1,2.51
"pc2","4cpu-amd",0.55,"ssa",3,2.57
"pc2","4cpu-amd",0.55,"ssa",4,2.68
"pc2","4cpu-amd",0.55,"ssa",1,2.52
"pc2","4cpu-amd",0.55,"ssa",3,2.57
"pc2","4cpu-amd",0.55,"ssa",2,2.59
"pc2","4cpu-amd",0.55,"ssa",4,2.78
"pc2","4cpu-amd",0.65,"ssa",3,2.29
"pc2","4cpu-amd",0.65,"ssa",1,2.39
"pc2","4cpu-amd",0.65,"ssa",4,2.35
"pc2","4cpu-amd",0.65,"ssa",2,2.48
"pc2","4cpu-amd",0.65,"ssa",3,2.32
"pc2","4cpu-amd",0.65,"ssa",4,2.33
"pc2","4cpu-amd",0.65,"ssa",2,2.37
"pc2","4cpu-amd",0.65,"ssa",1,2.68
"pc2","4cpu-amd",0.65,"ssa",3,2.13
"pc2","4cpu-amd",0.65,"ssa",2,2.21
"pc2","4cpu-amd",0.65,"ssa",1,2.37
"pc2","4cpu-amd",0.65,"ssa",4,2.45
"pc2","4cpu-amd",0.65,"ssa",3,2.04
"pc2","4cpu-amd",0.65,"ssa",1,2.17
"pc2","4cpu-amd",0.65,"ssa",2,2.18
"pc2","4cpu-amd",0.65,"ssa",4,2.25
"pc2","4cpu-amd",0.65,"ssa",3,2.07
"pc2","4cpu-amd",0.65,"ssa",1,2.21
"pc2","4cpu-amd",0.65,"ssa",2,2.28
"pc2","4cpu-amd",0.65,"ssa",4,2.78
"pc2","4cpu-amd",0.65,"ssa",4,2.09
"pc2","4cpu-amd",0.65,"ssa",1,2.13
"pc2","4cpu-amd",0.65,"ssa",2,2.35
"pc2","4cpu-amd",0.65,"ssa",3,2.35
"pc2","4cpu-amd",0.65,"ssa",4,2.01
"pc2","4cpu-amd",0.65,"ssa",3,2.04
"pc2","4cpu-amd",0.65,"ssa",2,2.13
"pc2","4cpu-amd",0.65,"ssa",1,2.48
"pc2","4cpu-amd",0.65,"ssa",1,2.04
"pc2","4cpu-amd",0.65,"ssa",2,2.03
"pc2","4cpu-amd",0.65,"ssa",3,2.09
"pc2","4cpu-amd",0.65,"ssa",4,3.4
"pc2","4cpu-amd",0.65,"ssa",3,2.15
"pc2","4cpu-amd",0.65,"ssa",2,2.18
"pc2","4cpu-amd",0.65,"ssa",1,2.21
"pc2","4cpu-amd",0.65,"ssa",4,2.35
"pc2","4cpu-amd",0.65,"ssa",3,2.08
"pc2","4cpu-amd",0.65,"ssa",4,2.15
"pc2","4cpu-amd",0.65,"ssa",2,2.25
"pc2","4cpu-amd",0.65,"ssa",1,2.36
"pc2","4cpu-amd",0.65,"ssa",2,2.16
"pc2","4cpu-amd",0.65,"ssa",3,2.16
"pc2","4cpu-amd",0.65,"ssa",1,2.19
"pc2","4cpu-amd",0.65,"ssa",4,2.44
"pc2","4cpu-amd",0.65,"ssa",3,2.13
"pc2","4cpu-amd",0.65,"ssa",2,2.24
"pc2","4cpu-amd",0.65,"ssa",4,2.23
"pc2","4cpu-amd",0.65,"ssa",1,2.37
"pc2","4cpu-amd",0.65,"ssa",1,2.11
"pc2","4cpu-amd",0.65,"ssa",3,2.1
"pc2","4cpu-amd",0.65,"ssa",2,2.12
"pc2","4cpu-amd",0.65,"ssa",4,2.35
"pc2","4cpu-amd",0.65,"ssa",3,2.17
"pc2","4cpu-amd",0.65,"ssa",2,2.2
"pc2","4cpu-amd",0.65,"ssa",1,2.22
"pc2","4cpu-amd",0.65,"ssa",4,2.28
"pc2","4cpu-amd",0.65,"ssa",3,2.17
"pc2","4cpu-amd",0.65,"ssa",2,2.17
"pc2","4cpu-amd",0.65,"ssa",4,2.17
"pc2","4cpu-amd",0.65,"ssa",1,2.25
"pc2","4cpu-amd",0.65,"ssa",3,2.07
"pc2","4cpu-amd",0.65,"ssa",4,2.1
"pc2","4cpu-amd",0.65,"ssa",1,2.19
"pc2","4cpu-amd",0.65,"ssa",2,2.29
"pc2","4cpu-amd",0.65,"ssa",2,2.05
"pc2","4cpu-amd",0.65,"ssa",4,2.15
"pc2","4cpu-amd",0.65,"ssa",1,2.2
"pc2","4cpu-amd",0.65,"ssa",3,2.19
"pc2","4cpu-amd",0.65,"ssa",4,2.07
"pc2","4cpu-amd",0.65,"ssa",3,2.12
"pc2","4cpu-amd",0.65,"ssa",2,2.26
"pc2","4cpu-amd",0.65,"ssa",1,2.37
"pc2","4cpu-amd",0.65,"ssa",1,2.14
"pc2","4cpu-amd",0.65,"ssa",2,2.14
"pc2","4cpu-amd",0.65,"ssa",3,2.15
"pc2","4cpu-amd",0.65,"ssa",4,2.25
"pc2","4cpu-amd",0.65,"ssa",3,2.18
"pc2","4cpu-amd",0.65,"ssa",1,2.28
"pc2","4cpu-amd",0.65,"ssa",2,2.28
"pc2","4cpu-amd",0.65,"ssa",4,2.44
"pc2","4cpu-amd",0.65,"ssa",3,2.06
"pc2","4cpu-amd",0.65,"ssa",1,2.21
"pc2","4cpu-amd",0.65,"ssa",2,2.25
"pc2","4cpu-amd",0.65,"ssa",4,2.29
"pc2","4cpu-amd",0.65,"ssa",2,2.09
"pc2","4cpu-amd",0.65,"ssa",3,2.15
"pc2","4cpu-amd",0.65,"ssa",1,2.27
"pc2","4cpu-amd",0.65,"ssa",4,3.08
"pc2","4cpu-amd",0.65,"ssa",1,2.11
"pc2","4cpu-amd",0.65,"ssa",4,2.15
"pc2","4cpu-amd",0.65,"ssa",3,2.22
"pc2","4cpu-amd",0.65,"ssa",2,2.34
"pc2","4cpu-amd",0.65,"ssa",2,2.14
"pc2","4cpu-amd",0.65,"ssa",3,2.19
"pc2","4cpu-amd",0.65,"ssa",1,2.36
"pc2","4cpu-amd",0.65,"ssa",4,2.75
"pc2","4cpu-amd",0.65,"ssa",3,2.1
"pc2","4cpu-amd",0.65,"ssa",1,2.14
"pc2","4cpu-amd",0.65,"ssa",2,2.18
"pc2","4cpu-amd",0.65,"ssa",4,2.34
"pc2","4cpu-amd",0.65,"ssa",2,1.97
"pc2","4cpu-amd",0.65,"ssa",1,2.19
"pc2","4cpu-amd",0.65,"ssa",3,2.27
"pc2","4cpu-amd",0.65,"ssa",4,2.34
"pc2","4cpu-amd",0.65,"ssa",3,2
"pc2","4cpu-amd",0.65,"ssa",2,2.21
"pc2","4cpu-amd",0.65,"ssa",1,2.28
"pc2","4cpu-amd",0.65,"ssa",4,2.38
"pc2","4cpu-amd",0.65,"ssa",2,2.06
"pc2","4cpu-amd",0.65,"ssa",3,2.06
"pc2","4cpu-amd",0.65,"ssa",4,2.22
"pc2","4cpu-amd",0.65,"ssa",1,2.46
"pc2","4cpu-amd",0.65,"ssa",3,1.99
"pc2","4cpu-amd",0.65,"ssa",4,2.1
"pc2","4cpu-amd",0.65,"ssa",1,2.19
"pc2","4cpu-amd",0.65,"ssa",2,2.47
"pc2","4cpu-amd",0.65,"ssa",3,2.05
"pc2","4cpu-amd",0.65,"ssa",4,2.14
"pc2","4cpu-amd",0.65,"ssa",2,2.22
"pc2","4cpu-amd",0.65,"ssa",1,2.33
"pc2","4cpu-amd",0.75,"ssa",4,1.89
"pc2","4cpu-amd",0.75,"ssa",3,2.07
"pc2","4cpu-amd",0.75,"ssa",2,2.07
"pc2","4cpu-amd",0.75,"ssa",1,2.24
"pc2","4cpu-amd",0.75,"ssa",1,2.02
"pc2","4cpu-amd",0.75,"ssa",4,2.02
"pc2","4cpu-amd",0.75,"ssa",3,2.07
"pc2","4cpu-amd",0.75,"ssa",2,2.16
"pc2","4cpu-amd",0.75,"ssa",1,1.78
"pc2","4cpu-amd",0.75,"ssa",4,1.77
"pc2","4cpu-amd",0.75,"ssa",3,1.78
"pc2","4cpu-amd",0.75,"ssa",2,1.88
"pc2","4cpu-amd",0.75,"ssa",4,1.67
"pc2","4cpu-amd",0.75,"ssa",1,1.77
"pc2","4cpu-amd",0.75,"ssa",3,1.89
"pc2","4cpu-amd",0.75,"ssa",2,2.04
"pc2","4cpu-amd",0.75,"ssa",4,1.8
"pc2","4cpu-amd",0.75,"ssa",2,1.82
"pc2","4cpu-amd",0.75,"ssa",3,1.82
"pc2","4cpu-amd",0.75,"ssa",1,1.87
"pc2","4cpu-amd",0.75,"ssa",4,1.65
"pc2","4cpu-amd",0.75,"ssa",1,1.75
"pc2","4cpu-amd",0.75,"ssa",3,1.93
"pc2","4cpu-amd",0.75,"ssa",2,2.16
"pc2","4cpu-amd",0.75,"ssa",3,1.71
"pc2","4cpu-amd",0.75,"ssa",1,1.9
"pc2","4cpu-amd",0.75,"ssa",4,1.97
"pc2","4cpu-amd",0.75,"ssa",2,2.07
"pc2","4cpu-amd",0.75,"ssa",4,1.75
"pc2","4cpu-amd",0.75,"ssa",2,1.81
"pc2","4cpu-amd",0.75,"ssa",3,1.88
"pc2","4cpu-amd",0.75,"ssa",1,2.08
"pc2","4cpu-amd",0.75,"ssa",4,1.66
"pc2","4cpu-amd",0.75,"ssa",2,1.84
"pc2","4cpu-amd",0.75,"ssa",1,1.97
"pc2","4cpu-amd",0.75,"ssa",3,2.42
"pc2","4cpu-amd",0.75,"ssa",4,1.77
"pc2","4cpu-amd",0.75,"ssa",3,1.77
"pc2","4cpu-amd",0.75,"ssa",1,1.85
"pc2","4cpu-amd",0.75,"ssa",2,1.96
"pc2","4cpu-amd",0.75,"ssa",4,1.78
"pc2","4cpu-amd",0.75,"ssa",3,1.86
"pc2","4cpu-amd",0.75,"ssa",2,1.88
"pc2","4cpu-amd",0.75,"ssa",1,1.97
"pc2","4cpu-amd",0.75,"ssa",4,1.73
"pc2","4cpu-amd",0.75,"ssa",1,1.8
"pc2","4cpu-amd",0.75,"ssa",2,1.85
"pc2","4cpu-amd",0.75,"ssa",3,1.86
"pc2","4cpu-amd",0.75,"ssa",4,1.8
"pc2","4cpu-amd",0.75,"ssa",1,1.88
"pc2","4cpu-amd",0.75,"ssa",3,1.89
"pc2","4cpu-amd",0.75,"ssa",2,1.94
"pc2","4cpu-amd",0.75,"ssa",3,1.72
"pc2","4cpu-amd",0.75,"ssa",4,1.86
"pc2","4cpu-amd",0.75,"ssa",1,1.93
"pc2","4cpu-amd",0.75,"ssa",2,1.99
"pc2","4cpu-amd",0.75,"ssa",4,1.76
"pc2","4cpu-amd",0.75,"ssa",3,1.86
"pc2","4cpu-amd",0.75,"ssa",1,1.96
"pc2","4cpu-amd",0.75,"ssa",2,2.06
"pc2","4cpu-amd",0.75,"ssa",4,1.76
"pc2","4cpu-amd",0.75,"ssa",2,1.81
"pc2","4cpu-amd",0.75,"ssa",3,1.88
"pc2","4cpu-amd",0.75,"ssa",1,2.07
"pc2","4cpu-amd",0.75,"ssa",4,1.75
"pc2","4cpu-amd",0.75,"ssa",1,1.83
"pc2","4cpu-amd",0.75,"ssa",3,1.83
"pc2","4cpu-amd",0.75,"ssa",2,2
"pc2","4cpu-amd",0.75,"ssa",3,1.78
"pc2","4cpu-amd",0.75,"ssa",4,1.83
"pc2","4cpu-amd",0.75,"ssa",1,1.88
"pc2","4cpu-amd",0.75,"ssa",2,2.45
"pc2","4cpu-amd",0.75,"ssa",3,1.8
"pc2","4cpu-amd",0.75,"ssa",4,1.8
"pc2","4cpu-amd",0.75,"ssa",2,1.85
"pc2","4cpu-amd",0.75,"ssa",1,1.89
"pc2","4cpu-amd",0.75,"ssa",4,1.73
"pc2","4cpu-amd",0.75,"ssa",3,1.89
"pc2","4cpu-amd",0.75,"ssa",2,1.95
"pc2","4cpu-amd",0.75,"ssa",1,2.03
"pc2","4cpu-amd",0.75,"ssa",4,1.8
"pc2","4cpu-amd",0.75,"ssa",2,1.82
"pc2","4cpu-amd",0.75,"ssa",3,1.9
"pc2","4cpu-amd",0.75,"ssa",1,1.99
"pc2","4cpu-amd",0.75,"ssa",4,1.73
"pc2","4cpu-amd",0.75,"ssa",3,1.83
"pc2","4cpu-amd",0.75,"ssa",2,1.9
"pc2","4cpu-amd",0.75,"ssa",1,1.98
"pc2","4cpu-amd",0.75,"ssa",3,1.81
"pc2","4cpu-amd",0.75,"ssa",4,1.82
"pc2","4cpu-amd",0.75,"ssa",2,1.9
"pc2","4cpu-amd",0.75,"ssa",1,2
"pc2","4cpu-amd",0.75,"ssa",3,1.79
"pc2","4cpu-amd",0.75,"ssa",4,1.81
"pc2","4cpu-amd",0.75,"ssa",1,1.85
"pc2","4cpu-amd",0.75,"ssa",2,1.85
"pc2","4cpu-amd",0.75,"ssa",4,1.83
"pc2","4cpu-amd",0.75,"ssa",2,1.89
"pc2","4cpu-amd",0.75,"ssa",1,1.89
"pc2","4cpu-amd",0.75,"ssa",3,1.9
"pc2","4cpu-amd",0.75,"ssa",4,1.71
"pc2","4cpu-amd",0.75,"ssa",3,1.8
"pc2","4cpu-amd",0.75,"ssa",2,1.86
"pc2","4cpu-amd",0.75,"ssa",1,2.01
"pc2","4cpu-amd",0.75,"ssa",4,1.75
"pc2","4cpu-amd",0.75,"ssa",1,1.94
"pc2","4cpu-amd",0.75,"ssa",3,1.92
"pc2","4cpu-amd",0.75,"ssa",2,2.12
"pc2","4cpu-amd",0.75,"ssa",4,1.8
"pc2","4cpu-amd",0.75,"ssa",2,1.87
"pc2","4cpu-amd",0.75,"ssa",1,1.89
"pc2","4cpu-amd",0.75,"ssa",3,2.03
"pc2","4cpu-amd",0.75,"ssa",4,1.81
"pc2","4cpu-amd",0.75,"ssa",2,1.85
"pc2","4cpu-amd",0.75,"ssa",3,1.85
"pc2","4cpu-amd",0.75,"ssa",1,2.31
"pc2","4cpu-amd",0.75,"ssa",2,1.87
"pc2","4cpu-amd",0.75,"ssa",1,1.91
"pc2","4cpu-amd",0.75,"ssa",4,1.88
"pc2","4cpu-amd",0.75,"ssa",3,2.02
"pc2","4cpu-amd",0.85,"ssa",4,1.76
"pc2","4cpu-amd",0.85,"ssa",1,1.8
"pc2","4cpu-amd",0.85,"ssa",3,1.81
"pc2","4cpu-amd",0.85,"ssa",2,2
"pc2","4cpu-amd",0.85,"ssa",4,1.78
"pc2","4cpu-amd",0.85,"ssa",1,1.84
"pc2","4cpu-amd",0.85,"ssa",2,1.83
"pc2","4cpu-amd",0.85,"ssa",3,1.96
"pc2","4cpu-amd",0.85,"ssa",2,1.64
"pc2","4cpu-amd",0.85,"ssa",3,1.64
"pc2","4cpu-amd",0.85,"ssa",4,1.83
"pc2","4cpu-amd",0.85,"ssa",1,1.83
"pc2","4cpu-amd",0.85,"ssa",2,1.57
"pc2","4cpu-amd",0.85,"ssa",1,1.71
"pc2","4cpu-amd",0.85,"ssa",3,1.72
"pc2","4cpu-amd",0.85,"ssa",4,2.01
"pc2","4cpu-amd",0.85,"ssa",4,1.6
"pc2","4cpu-amd",0.85,"ssa",2,1.65
"pc2","4cpu-amd",0.85,"ssa",1,1.7
"pc2","4cpu-amd",0.85,"ssa",3,1.7
"pc2","4cpu-amd",0.85,"ssa",3,1.51
"pc2","4cpu-amd",0.85,"ssa",4,1.54
"pc2","4cpu-amd",0.85,"ssa",2,1.67
"pc2","4cpu-amd",0.85,"ssa",1,1.85
"pc2","4cpu-amd",0.85,"ssa",2,1.68
"pc2","4cpu-amd",0.85,"ssa",4,1.69
"pc2","4cpu-amd",0.85,"ssa",1,1.69
"pc2","4cpu-amd",0.85,"ssa",3,1.85
"pc2","4cpu-amd",0.85,"ssa",2,1.62
"pc2","4cpu-amd",0.85,"ssa",1,1.66
"pc2","4cpu-amd",0.85,"ssa",4,1.77
"pc2","4cpu-amd",0.85,"ssa",3,1.92
"pc2","4cpu-amd",0.85,"ssa",1,1.6
"pc2","4cpu-amd",0.85,"ssa",2,1.63
"pc2","4cpu-amd",0.85,"ssa",3,1.66
"pc2","4cpu-amd",0.85,"ssa",4,1.66
"pc2","4cpu-amd",0.85,"ssa",2,1.54
"pc2","4cpu-amd",0.85,"ssa",3,1.57
"pc2","4cpu-amd",0.85,"ssa",1,1.71
"pc2","4cpu-amd",0.85,"ssa",4,1.73
"pc2","4cpu-amd",0.85,"ssa",2,1.68
"pc2","4cpu-amd",0.85,"ssa",1,1.73
"pc2","4cpu-amd",0.85,"ssa",4,1.92
"pc2","4cpu-amd",0.85,"ssa",3,1.99
"pc2","4cpu-amd",0.85,"ssa",1,1.58
"pc2","4cpu-amd",0.85,"ssa",2,1.66
"pc2","4cpu-amd",0.85,"ssa",3,1.88
"pc2","4cpu-amd",0.85,"ssa",4,2.04
"pc2","4cpu-amd",0.85,"ssa",2,1.58
"pc2","4cpu-amd",0.85,"ssa",3,1.63
"pc2","4cpu-amd",0.85,"ssa",1,1.65
"pc2","4cpu-amd",0.85,"ssa",4,1.71
"pc2","4cpu-amd",0.85,"ssa",3,1.6
"pc2","4cpu-amd",0.85,"ssa",1,1.66
"pc2","4cpu-amd",0.85,"ssa",4,1.65
"pc2","4cpu-amd",0.85,"ssa",2,1.81
"pc2","4cpu-amd",0.85,"ssa",3,1.7
"pc2","4cpu-amd",0.85,"ssa",1,1.7
"pc2","4cpu-amd",0.85,"ssa",2,1.72
"pc2","4cpu-amd",0.85,"ssa",4,2.69
"pc2","4cpu-amd",0.85,"ssa",2,1.7
"pc2","4cpu-amd",0.85,"ssa",4,1.68
"pc2","4cpu-amd",0.85,"ssa",1,1.76
"pc2","4cpu-amd",0.85,"ssa",3,1.84
"pc2","4cpu-amd",0.85,"ssa",4,1.57
"pc2","4cpu-amd",0.85,"ssa",1,1.65
"pc2","4cpu-amd",0.85,"ssa",2,1.72
"pc2","4cpu-amd",0.85,"ssa",3,1.84
"pc2","4cpu-amd",0.85,"ssa",1,1.58
"pc2","4cpu-amd",0.85,"ssa",3,1.59
"pc2","4cpu-amd",0.85,"ssa",4,1.72
"pc2","4cpu-amd",0.85,"ssa",2,1.76
"pc2","4cpu-amd",0.85,"ssa",1,1.64
"pc2","4cpu-amd",0.85,"ssa",2,1.68
"pc2","4cpu-amd",0.85,"ssa",3,1.78
"pc2","4cpu-amd",0.85,"ssa",4,1.83
"pc2","4cpu-amd",0.85,"ssa",1,1.58
"pc2","4cpu-amd",0.85,"ssa",3,1.6
"pc2","4cpu-amd",0.85,"ssa",2,1.61
"pc2","4cpu-amd",0.85,"ssa",4,1.79
"pc2","4cpu-amd",0.85,"ssa",4,1.59
"pc2","4cpu-amd",0.85,"ssa",3,1.62
"pc2","4cpu-amd",0.85,"ssa",2,1.68
"pc2","4cpu-amd",0.85,"ssa",1,1.77
"pc2","4cpu-amd",0.85,"ssa",4,1.65
"pc2","4cpu-amd",0.85,"ssa",3,1.65
"pc2","4cpu-amd",0.85,"ssa",1,1.72
"pc2","4cpu-amd",0.85,"ssa",2,1.78
"pc2","4cpu-amd",0.85,"ssa",3,1.62
"pc2","4cpu-amd",0.85,"ssa",1,1.67
"pc2","4cpu-amd",0.85,"ssa",4,1.68
"pc2","4cpu-amd",0.85,"ssa",2,1.76
"pc2","4cpu-amd",0.85,"ssa",2,1.59
"pc2","4cpu-amd",0.85,"ssa",1,1.59
"pc2","4cpu-amd",0.85,"ssa",4,1.69
"pc2","4cpu-amd",0.85,"ssa",3,1.87
"pc2","4cpu-amd",0.85,"ssa",2,1.61
"pc2","4cpu-amd",0.85,"ssa",4,1.63
"pc2","4cpu-amd",0.85,"ssa",3,1.73
"pc2","4cpu-amd",0.85,"ssa",1,1.76
"pc2","4cpu-amd",0.85,"ssa",2,1.59
"pc2","4cpu-amd",0.85,"ssa",4,1.67
"pc2","4cpu-amd",0.85,"ssa",1,1.74
"pc2","4cpu-amd",0.85,"ssa",3,2.16
"pc2","4cpu-amd",0.85,"ssa",3,1.59
"pc2","4cpu-amd",0.85,"ssa",2,1.59
"pc2","4cpu-amd",0.85,"ssa",4,1.58
"pc2","4cpu-amd",0.85,"ssa",1,1.8
"pc2","4cpu-amd",0.85,"ssa",2,1.59
"pc2","4cpu-amd",0.85,"ssa",4,1.59
"pc2","4cpu-amd",0.85,"ssa",1,1.74
"pc2","4cpu-amd",0.85,"ssa",3,1.85
"pc2","4cpu-amd",0.85,"ssa",2,1.58
"pc2","4cpu-amd",0.85,"ssa",3,1.6
"pc2","4cpu-amd",0.85,"ssa",1,1.66
"pc2","4cpu-amd",0.85,"ssa",4,1.7
"pc2","4cpu-amd",0.85,"ssa",2,1.65
"pc2","4cpu-amd",0.85,"ssa",1,1.67
"pc2","4cpu-amd",0.85,"ssa",3,1.69
"pc2","4cpu-amd",0.85,"ssa",4,1.73
"pc2","4cpu-amd",0.95,"ssa",2,0.03
"pc2","4cpu-amd",0.95,"ssa",4,1.51
"pc2","4cpu-amd",0.95,"ssa",1,1.57
"pc2","4cpu-amd",0.95,"ssa",3,1.57
"pc2","4cpu-amd",0.95,"ssa",1,1.44
"pc2","4cpu-amd",0.95,"ssa",3,1.6
"pc2","4cpu-amd",0.95,"ssa",4,1.64
"pc2","4cpu-amd",0.95,"ssa",3,1.36
"pc2","4cpu-amd",0.95,"ssa",2,1.54
"pc2","4cpu-amd",0.95,"ssa",1,1.54
"pc2","4cpu-amd",0.95,"ssa",4,1.59
"pc2","4cpu-amd",0.95,"ssa",3,1.38
"pc2","4cpu-amd",0.95,"ssa",1,1.42
"pc2","4cpu-amd",0.95,"ssa",2,1.56
"pc2","4cpu-amd",0.95,"ssa",4,1.79
"pc2","4cpu-amd",0.95,"ssa",2,1.47
"pc2","4cpu-amd",0.95,"ssa",3,1.49
"pc2","4cpu-amd",0.95,"ssa",4,1.53
"pc2","4cpu-amd",0.95,"ssa",1,1.64
"pc2","4cpu-amd",0.95,"ssa",3,1.37
"pc2","4cpu-amd",0.95,"ssa",4,1.38
"pc2","4cpu-amd",0.95,"ssa",2,1.51
"pc2","4cpu-amd",0.95,"ssa",1,1.55
"pc2","4cpu-amd",0.95,"ssa",3,1.28
"pc2","4cpu-amd",0.95,"ssa",2,1.31
"pc2","4cpu-amd",0.95,"ssa",4,1.4
"pc2","4cpu-amd",0.95,"ssa",1,1.61
"pc2","4cpu-amd",0.95,"ssa",3,1.49
"pc2","4cpu-amd",0.95,"ssa",4,1.5
"pc2","4cpu-amd",0.95,"ssa",1,1.56
"pc2","4cpu-amd",0.95,"ssa",2,1.64
"pc2","4cpu-amd",0.95,"ssa",3,1.38
"pc2","4cpu-amd",0.95,"ssa",1,1.38
"pc2","4cpu-amd",0.95,"ssa",2,1.43
"pc2","4cpu-amd",0.95,"ssa",4,1.51
"pc2","4cpu-amd",0.95,"ssa",3,1.4
"pc2","4cpu-amd",0.95,"ssa",2,1.42
"pc2","4cpu-amd",0.95,"ssa",1,1.48
"pc2","4cpu-amd",0.95,"ssa",4,1.51
"pc2","4cpu-amd",0.95,"ssa",1,1.37
"pc2","4cpu-amd",0.95,"ssa",3,1.4
"pc2","4cpu-amd",0.95,"ssa",2,1.43
"pc2","4cpu-amd",0.95,"ssa",4,1.47
"pc2","4cpu-amd",0.95,"ssa",3,1.42
"pc2","4cpu-amd",0.95,"ssa",2,1.44
"pc2","4cpu-amd",0.95,"ssa",4,1.49
"pc2","4cpu-amd",0.95,"ssa",1,1.54
"pc2","4cpu-amd",0.95,"ssa",1,1.41
"pc2","4cpu-amd",0.95,"ssa",2,1.41
"pc2","4cpu-amd",0.95,"ssa",3,1.49
"pc2","4cpu-amd",0.95,"ssa",4,1.5
"pc2","4cpu-amd",0.95,"ssa",3,1.46
"pc2","4cpu-amd",0.95,"ssa",4,1.46
"pc2","4cpu-amd",0.95,"ssa",1,1.46
"pc2","4cpu-amd",0.95,"ssa",2,1.47
"pc2","4cpu-amd",0.95,"ssa",2,1.36
"pc2","4cpu-amd",0.95,"ssa",3,1.38
"pc2","4cpu-amd",0.95,"ssa",4,1.43
"pc2","4cpu-amd",0.95,"ssa",1,1.48
"pc2","4cpu-amd",0.95,"ssa",2,1.42
"pc2","4cpu-amd",0.95,"ssa",3,1.49
"pc2","4cpu-amd",0.95,"ssa",1,1.78
"pc2","4cpu-amd",0.95,"ssa",4,2.31
"pc2","4cpu-amd",0.95,"ssa",1,1.45
"pc2","4cpu-amd",0.95,"ssa",2,1.45
"pc2","4cpu-amd",0.95,"ssa",4,1.5
"pc2","4cpu-amd",0.95,"ssa",3,1.57
"pc2","4cpu-amd",0.95,"ssa",3,1.37
"pc2","4cpu-amd",0.95,"ssa",1,1.41
"pc2","4cpu-amd",0.95,"ssa",2,1.42
"pc2","4cpu-amd",0.95,"ssa",4,1.71
"pc2","4cpu-amd",0.95,"ssa",2,1.35
"pc2","4cpu-amd",0.95,"ssa",4,1.35
"pc2","4cpu-amd",0.95,"ssa",3,1.37
"pc2","4cpu-amd",0.95,"ssa",1,1.4
"pc2","4cpu-amd",0.95,"ssa",3,1.36
"pc2","4cpu-amd",0.95,"ssa",4,1.52
"pc2","4cpu-amd",0.95,"ssa",1,1.57
"pc2","4cpu-amd",0.95,"ssa",2,1.72
"pc2","4cpu-amd",0.95,"ssa",3,1.41
"pc2","4cpu-amd",0.95,"ssa",2,1.41
"pc2","4cpu-amd",0.95,"ssa",1,1.54
"pc2","4cpu-amd",0.95,"ssa",4,1.53
"pc2","4cpu-amd",0.95,"ssa",3,1.39
"pc2","4cpu-amd",0.95,"ssa",1,1.44
"pc2","4cpu-amd",0.95,"ssa",2,1.44
"pc2","4cpu-amd",0.95,"ssa",4,1.59
"pc2","4cpu-amd",0.95,"ssa",3,1.41
"pc2","4cpu-amd",0.95,"ssa",1,1.47
"pc2","4cpu-amd",0.95,"ssa",2,1.57
"pc2","4cpu-amd",0.95,"ssa",4,1.57
"pc2","4cpu-amd",0.95,"ssa",2,1.43
"pc2","4cpu-amd",0.95,"ssa",1,1.49
"pc2","4cpu-amd",0.95,"ssa",4,1.48
"pc2","4cpu-amd",0.95,"ssa",3,1.61
"pc2","4cpu-amd",0.95,"ssa",1,1.43
"pc2","4cpu-amd",0.95,"ssa",3,1.42
"pc2","4cpu-amd",0.95,"ssa",2,1.44
"pc2","4cpu-amd",0.95,"ssa",4,1.56
"pc2","4cpu-amd",0.95,"ssa",3,1.41
"pc2","4cpu-amd",0.95,"ssa",1,1.41
"pc2","4cpu-amd",0.95,"ssa",4,1.46
"pc2","4cpu-amd",0.95,"ssa",2,1.57
"pc2","4cpu-amd",0.95,"ssa",3,1.45
"pc2","4cpu-amd",0.95,"ssa",2,1.46
"pc2","4cpu-amd",0.95,"ssa",4,1.46
"pc2","4cpu-amd",0.95,"ssa",1,1.56
"pc2","4cpu-amd",0.95,"ssa",4,1.35
"pc2","4cpu-amd",0.95,"ssa",3,1.41
"pc2","4cpu-amd",0.95,"ssa",2,1.41
"pc2","4cpu-amd",0.95,"ssa",1,1.7
"pc2","4cpu-amd",0.95,"ssa",2,1.38
"pc2","4cpu-amd",0.95,"ssa",3,1.44
"pc2","4cpu-amd",0.95,"ssa",1,1.49
"pc2","4cpu-amd",0.95,"ssa",4,1.63
"pc2","4cpu-amd",0.95,"ssa",3,1.38
"pc2","4cpu-amd",0.95,"ssa",4,1.38
"pc2","4cpu-amd",0.95,"ssa",1,1.48
"pc2","4cpu-amd",0.05,"seadec",4,52.94
"pc2","4cpu-amd",0.05,"seadec",2,54.37
"pc2","4cpu-amd",0.05,"seadec",1,54.5
"pc2","4cpu-amd",0.05,"seadec",3,54.55
"pc2","4cpu-amd",0.05,"seadec",4,52.86
"pc2","4cpu-amd",0.05,"seadec",1,52.99
"pc2","4cpu-amd",0.05,"seadec",3,53.77
"pc2","4cpu-amd",0.05,"seadec",2,54.98
"pc2","4cpu-amd",0.05,"seadec",2,48.05
"pc2","4cpu-amd",0.05,"seadec",4,48.23
"pc2","4cpu-amd",0.05,"seadec",1,49.26
"pc2","4cpu-amd",0.05,"seadec",3,50.34
"pc2","4cpu-amd",0.05,"seadec",1,49.18
"pc2","4cpu-amd",0.05,"seadec",3,50.26
"pc2","4cpu-amd",0.05,"seadec",4,50.48
"pc2","4cpu-amd",0.05,"seadec",2,50.48
"pc2","4cpu-amd",0.05,"seadec",4,49.64
"pc2","4cpu-amd",0.05,"seadec",1,50.67
"pc2","4cpu-amd",0.05,"seadec",2,51.45
"pc2","4cpu-amd",0.05,"seadec",3,51.55
"pc2","4cpu-amd",0.05,"seadec",2,49.87
"pc2","4cpu-amd",0.05,"seadec",1,49.99
"pc2","4cpu-amd",0.05,"seadec",4,50.36
"pc2","4cpu-amd",0.05,"seadec",3,50.76
"pc2","4cpu-amd",0.05,"seadec",2,49.58
"pc2","4cpu-amd",0.05,"seadec",3,49.58
"pc2","4cpu-amd",0.05,"seadec",1,50.19
"pc2","4cpu-amd",0.05,"seadec",4,50.26
"pc2","4cpu-amd",0.05,"seadec",3,49.47
"pc2","4cpu-amd",0.05,"seadec",1,50.89
"pc2","4cpu-amd",0.05,"seadec",4,51.16
"pc2","4cpu-amd",0.05,"seadec",2,51.87
"pc2","4cpu-amd",0.05,"seadec",1,49.17
"pc2","4cpu-amd",0.05,"seadec",4,49.94
"pc2","4cpu-amd",0.05,"seadec",2,50.15
"pc2","4cpu-amd",0.05,"seadec",3,50.75
"pc2","4cpu-amd",0.05,"seadec",2,46.95
"pc2","4cpu-amd",0.05,"seadec",4,48.96
"pc2","4cpu-amd",0.05,"seadec",1,48.96
"pc2","4cpu-amd",0.05,"seadec",3,49.24
"pc2","4cpu-amd",0.05,"seadec",3,50.25
"pc2","4cpu-amd",0.05,"seadec",1,50.77
"pc2","4cpu-amd",0.05,"seadec",4,50.85
"pc2","4cpu-amd",0.05,"seadec",2,50.85
"pc2","4cpu-amd",0.05,"seadec",3,48.17
"pc2","4cpu-amd",0.05,"seadec",1,48.48
"pc2","4cpu-amd",0.05,"seadec",2,49.38
"pc2","4cpu-amd",0.05,"seadec",4,50.06
"pc2","4cpu-amd",0.05,"seadec",3,49.54
"pc2","4cpu-amd",0.05,"seadec",1,50.66
"pc2","4cpu-amd",0.05,"seadec",2,51.65
"pc2","4cpu-amd",0.05,"seadec",4,51.94
"pc2","4cpu-amd",0.05,"seadec",2,48.95
"pc2","4cpu-amd",0.05,"seadec",3,49.35
"pc2","4cpu-amd",0.05,"seadec",1,50.26
"pc2","4cpu-amd",0.05,"seadec",4,51.34
"pc2","4cpu-amd",0.05,"seadec",2,47.95
"pc2","4cpu-amd",0.05,"seadec",4,48.53
"pc2","4cpu-amd",0.05,"seadec",1,49.17
"pc2","4cpu-amd",0.05,"seadec",3,49.24
"pc2","4cpu-amd",0.05,"seadec",4,48.06
"pc2","4cpu-amd",0.05,"seadec",1,51.69
"pc2","4cpu-amd",0.05,"seadec",3,51.77
"pc2","4cpu-amd",0.05,"seadec",2,51.77
"pc2","4cpu-amd",0.05,"seadec",4,49.21
"pc2","4cpu-amd",0.05,"seadec",1,50.15
"pc2","4cpu-amd",0.05,"seadec",3,50.42
"pc2","4cpu-amd",0.05,"seadec",2,51.24
"pc2","4cpu-amd",0.05,"seadec",4,48.33
"pc2","4cpu-amd",0.05,"seadec",2,49.74
"pc2","4cpu-amd",0.05,"seadec",3,49.94
"pc2","4cpu-amd",0.05,"seadec",1,51.17
"pc2","4cpu-amd",0.05,"seadec",3,48.81
"pc2","4cpu-amd",0.05,"seadec",1,49.55
"pc2","4cpu-amd",0.05,"seadec",4,49.81
"pc2","4cpu-amd",0.05,"seadec",2,50.21
"pc2","4cpu-amd",0.05,"seadec",1,49.16
"pc2","4cpu-amd",0.05,"seadec",3,49.64
"pc2","4cpu-amd",0.05,"seadec",4,50.23
"pc2","4cpu-amd",0.05,"seadec",2,50.94
"pc2","4cpu-amd",0.05,"seadec",2,49.88
"pc2","4cpu-amd",0.05,"seadec",3,50.07
"pc2","4cpu-amd",0.05,"seadec",1,50.07
"pc2","4cpu-amd",0.05,"seadec",4,51.46
"pc2","4cpu-amd",0.05,"seadec",3,49.33
"pc2","4cpu-amd",0.05,"seadec",1,50.94
"pc2","4cpu-amd",0.05,"seadec",2,51.13
"pc2","4cpu-amd",0.05,"seadec",4,51.82
"pc2","4cpu-amd",0.05,"seadec",1,48.98
"pc2","4cpu-amd",0.05,"seadec",2,50.17
"pc2","4cpu-amd",0.05,"seadec",4,50.36
"pc2","4cpu-amd",0.05,"seadec",3,50.56
"pc2","4cpu-amd",0.05,"seadec",1,50.09
"pc2","4cpu-amd",0.05,"seadec",4,50.26
"pc2","4cpu-amd",0.05,"seadec",3,50.47
"pc2","4cpu-amd",0.05,"seadec",2,51.08
"pc2","4cpu-amd",0.05,"seadec",2,49.75
"pc2","4cpu-amd",0.05,"seadec",4,49.94
"pc2","4cpu-amd",0.05,"seadec",3,50.15
"pc2","4cpu-amd",0.05,"seadec",1,50.67
"pc2","4cpu-amd",0.05,"seadec",3,49.43
"pc2","4cpu-amd",0.05,"seadec",2,50.04
"pc2","4cpu-amd",0.05,"seadec",4,50.62
"pc2","4cpu-amd",0.05,"seadec",1,51.06
"pc2","4cpu-amd",0.05,"seadec",1,49.37
"pc2","4cpu-amd",0.05,"seadec",3,49.41
"pc2","4cpu-amd",0.05,"seadec",2,50.24
"pc2","4cpu-amd",0.05,"seadec",4,51.5
"pc2","4cpu-amd",0.05,"seadec",2,46.58
"pc2","4cpu-amd",0.05,"seadec",1,49.59
"pc2","4cpu-amd",0.05,"seadec",3,49.95
"pc2","4cpu-amd",0.05,"seadec",4,51.23
"pc2","4cpu-amd",0.05,"seadec",4,49.62
"pc2","4cpu-amd",0.05,"seadec",3,50.62
"pc2","4cpu-amd",0.05,"seadec",1,51.43
"pc2","4cpu-amd",0.05,"seadec",2,52.43
"pc2","4cpu-amd",0.05,"seadec",1,48.46
"pc2","4cpu-amd",0.05,"seadec",3,50.14
"pc2","4cpu-amd",0.05,"seadec",2,50.14
"pc2","4cpu-amd",0.05,"seadec",4,50.73
"pc2","4cpu-amd",0.15,"seadec",2,11.42
"pc2","4cpu-amd",0.15,"seadec",1,11.46
"pc2","4cpu-amd",0.15,"seadec",4,11.61
"pc2","4cpu-amd",0.15,"seadec",3,11.82
"pc2","4cpu-amd",0.15,"seadec",3,10.64
"pc2","4cpu-amd",0.15,"seadec",2,11.33
"pc2","4cpu-amd",0.15,"seadec",4,11.62
"pc2","4cpu-amd",0.15,"seadec",1,12.24
"pc2","4cpu-amd",0.15,"seadec",1,10.06
"pc2","4cpu-amd",0.15,"seadec",4,10.35
"pc2","4cpu-amd",0.15,"seadec",3,10.75
"pc2","4cpu-amd",0.15,"seadec",2,11.27
"pc2","4cpu-amd",0.15,"seadec",1,10.48
"pc2","4cpu-amd",0.15,"seadec",4,10.95
"pc2","4cpu-amd",0.15,"seadec",2,11.16
"pc2","4cpu-amd",0.15,"seadec",3,12.45
"pc2","4cpu-amd",0.15,"seadec",2,10.55
"pc2","4cpu-amd",0.15,"seadec",3,10.73
"pc2","4cpu-amd",0.15,"seadec",1,10.97
"pc2","4cpu-amd",0.15,"seadec",4,11.44
"pc2","4cpu-amd",0.15,"seadec",1,10.24
"pc2","4cpu-amd",0.15,"seadec",3,10.6
"pc2","4cpu-amd",0.15,"seadec",4,11.49
"pc2","4cpu-amd",0.15,"seadec",2,12.12
"pc2","4cpu-amd",0.15,"seadec",3,10.24
"pc2","4cpu-amd",0.15,"seadec",2,10.75
"pc2","4cpu-amd",0.15,"seadec",4,10.84
"pc2","4cpu-amd",0.15,"seadec",1,11.67
"pc2","4cpu-amd",0.15,"seadec",1,9.66
"pc2","4cpu-amd",0.15,"seadec",4,10.03
"pc2","4cpu-amd",0.15,"seadec",3,10.23
"pc2","4cpu-amd",0.15,"seadec",2,11.15
"pc2","4cpu-amd",0.15,"seadec",4,9.94
"pc2","4cpu-amd",0.15,"seadec",1,10.46
"pc2","4cpu-amd",0.15,"seadec",2,11.06
"pc2","4cpu-amd",0.15,"seadec",3,11.63
"pc2","4cpu-amd",0.15,"seadec",4,10.78
"pc2","4cpu-amd",0.15,"seadec",1,11
"pc2","4cpu-amd",0.15,"seadec",2,11.08
"pc2","4cpu-amd",0.15,"seadec",3,11.38
"pc2","4cpu-amd",0.15,"seadec",2,10.88
"pc2","4cpu-amd",0.15,"seadec",4,11.07
"pc2","4cpu-amd",0.15,"seadec",3,11.36
"pc2","4cpu-amd",0.15,"seadec",1,11.68
"pc2","4cpu-amd",0.15,"seadec",2,10.26
"pc2","4cpu-amd",0.15,"seadec",1,10.56
"pc2","4cpu-amd",0.15,"seadec",3,10.74
"pc2","4cpu-amd",0.15,"seadec",4,10.84
"pc2","4cpu-amd",0.15,"seadec",4,10.55
"pc2","4cpu-amd",0.15,"seadec",1,10.88
"pc2","4cpu-amd",0.15,"seadec",3,11.15
"pc2","4cpu-amd",0.15,"seadec",2,11.47
"pc2","4cpu-amd",0.15,"seadec",3,10.16
"pc2","4cpu-amd",0.15,"seadec",1,10.16
"pc2","4cpu-amd",0.15,"seadec",4,10.52
"pc2","4cpu-amd",0.15,"seadec",2,11.05
"pc2","4cpu-amd",0.15,"seadec",1,10.08
"pc2","4cpu-amd",0.15,"seadec",3,10.26
"pc2","4cpu-amd",0.15,"seadec",2,10.47
"pc2","4cpu-amd",0.15,"seadec",4,10.76
"pc2","4cpu-amd",0.15,"seadec",4,10.02
"pc2","4cpu-amd",0.15,"seadec",3,10.74
"pc2","4cpu-amd",0.15,"seadec",1,10.86
"pc2","4cpu-amd",0.15,"seadec",3,10.96
"pc2","4cpu-amd",0.15,"seadec",2,11.28
"pc2","4cpu-amd",0.15,"seadec",1,11.58
"pc2","4cpu-amd",0.15,"seadec",4,12.16
"pc2","4cpu-amd",0.15,"seadec",4,10.83
"pc2","4cpu-amd",0.15,"seadec",3,10.93
"pc2","4cpu-amd",0.15,"seadec",2,10.94
"pc2","4cpu-amd",0.15,"seadec",1,11.14
"pc2","4cpu-amd",0.15,"seadec",3,9.97
"pc2","4cpu-amd",0.15,"seadec",4,10.86
"pc2","4cpu-amd",0.15,"seadec",2,10.98
"pc2","4cpu-amd",0.15,"seadec",1,11.29
"pc2","4cpu-amd",0.15,"seadec",1,10.29
"pc2","4cpu-amd",0.15,"seadec",4,10.55
"pc2","4cpu-amd",0.15,"seadec",3,10.85
"pc2","4cpu-amd",0.15,"seadec",2,11.36
"pc2","4cpu-amd",0.15,"seadec",4,9.83
"pc2","4cpu-amd",0.15,"seadec",1,10.26
"pc2","4cpu-amd",0.15,"seadec",3,10.85
"pc2","4cpu-amd",0.15,"seadec",2,11.05
"pc2","4cpu-amd",0.15,"seadec",2,10.35
"pc2","4cpu-amd",0.15,"seadec",3,10.66
"pc2","4cpu-amd",0.15,"seadec",1,10.66
"pc2","4cpu-amd",0.15,"seadec",4,10.93
"pc2","4cpu-amd",0.15,"seadec",1,10.96
"pc2","4cpu-amd",0.15,"seadec",4,11.04
"pc2","4cpu-amd",0.15,"seadec",3,11.34
"pc2","4cpu-amd",0.15,"seadec",2,11.56
"pc2","4cpu-amd",0.15,"seadec",1,10.78
"pc2","4cpu-amd",0.15,"seadec",4,10.96
"pc2","4cpu-amd",0.15,"seadec",2,10.98
"pc2","4cpu-amd",0.15,"seadec",3,11.07
"pc2","4cpu-amd",0.15,"seadec",3,10.79
"pc2","4cpu-amd",0.15,"seadec",2,10.89
"pc2","4cpu-amd",0.15,"seadec",4,10.97
"pc2","4cpu-amd",0.15,"seadec",1,11.69
"pc2","4cpu-amd",0.15,"seadec",3,9.57
"pc2","4cpu-amd",0.15,"seadec",2,10.76
"pc2","4cpu-amd",0.15,"seadec",1,10.77
"pc2","4cpu-amd",0.15,"seadec",4,11.56
"pc2","4cpu-amd",0.15,"seadec",1,10.27
"pc2","4cpu-amd",0.15,"seadec",2,11.06
"pc2","4cpu-amd",0.15,"seadec",3,11.23
"pc2","4cpu-amd",0.15,"seadec",4,11.53
"pc2","4cpu-amd",0.15,"seadec",3,10.35
"pc2","4cpu-amd",0.15,"seadec",2,10.76
"pc2","4cpu-amd",0.15,"seadec",1,11.17
"pc2","4cpu-amd",0.15,"seadec",4,11.44
"pc2","4cpu-amd",0.15,"seadec",1,10.29
"pc2","4cpu-amd",0.15,"seadec",2,10.78
"pc2","4cpu-amd",0.15,"seadec",3,10.78
"pc2","4cpu-amd",0.15,"seadec",4,10.86
"pc2","4cpu-amd",0.15,"seadec",1,10.4
"pc2","4cpu-amd",0.15,"seadec",2,10.79
"pc2","4cpu-amd",0.15,"seadec",4,11.07
"pc2","4cpu-amd",0.15,"seadec",3,11.28
"pc2","4cpu-amd",0.25,"seadec",1,0.02
"pc2","4cpu-amd",0.25,"seadec",3,5.24
"pc2","4cpu-amd",0.25,"seadec",2,5.46
"pc2","4cpu-amd",0.25,"seadec",4,5.71
"pc2","4cpu-amd",0.25,"seadec",3,5.05
"pc2","4cpu-amd",0.25,"seadec",2,5.35
"pc2","4cpu-amd",0.25,"seadec",4,5.53
"pc2","4cpu-amd",0.25,"seadec",3,4.55
"pc2","4cpu-amd",0.25,"seadec",4,4.63
"pc2","4cpu-amd",0.25,"seadec",2,4.96
"pc2","4cpu-amd",0.25,"seadec",1,5.26
"pc2","4cpu-amd",0.25,"seadec",3,4.69
"pc2","4cpu-amd",0.25,"seadec",2,4.69
"pc2","4cpu-amd",0.25,"seadec",4,4.86
"pc2","4cpu-amd",0.25,"seadec",1,5.48
"pc2","4cpu-amd",0.25,"seadec",2,4.6
"pc2","4cpu-amd",0.25,"seadec",4,4.87
"pc2","4cpu-amd",0.25,"seadec",3,4.89
"pc2","4cpu-amd",0.25,"seadec",1,5.08
"pc2","4cpu-amd",0.25,"seadec",3,4.46
"pc2","4cpu-amd",0.25,"seadec",4,4.55
"pc2","4cpu-amd",0.25,"seadec",2,4.58
"pc2","4cpu-amd",0.25,"seadec",1,4.77
"pc2","4cpu-amd",0.25,"seadec",4,4.47
"pc2","4cpu-amd",0.25,"seadec",1,5.01
"pc2","4cpu-amd",0.25,"seadec",3,5.01
"pc2","4cpu-amd",0.25,"seadec",2,5.01
"pc2","4cpu-amd",0.25,"seadec",2,4.56
"pc2","4cpu-amd",0.25,"seadec",4,4.65
"pc2","4cpu-amd",0.25,"seadec",1,4.76
"pc2","4cpu-amd",0.25,"seadec",3,4.76
"pc2","4cpu-amd",0.25,"seadec",1,4.68
"pc2","4cpu-amd",0.25,"seadec",2,4.76
"pc2","4cpu-amd",0.25,"seadec",4,4.95
"pc2","4cpu-amd",0.25,"seadec",3,5.17
"pc2","4cpu-amd",0.25,"seadec",3,4.64
"pc2","4cpu-amd",0.25,"seadec",4,4.65
"pc2","4cpu-amd",0.25,"seadec",2,4.86
"pc2","4cpu-amd",0.25,"seadec",1,4.87
"pc2","4cpu-amd",0.25,"seadec",4,4.65
"pc2","4cpu-amd",0.25,"seadec",3,4.86
"pc2","4cpu-amd",0.25,"seadec",2,4.97
"pc2","4cpu-amd",0.25,"seadec",1,5.07
"pc2","4cpu-amd",0.25,"seadec",4,4.57
"pc2","4cpu-amd",0.25,"seadec",3,4.77
"pc2","4cpu-amd",0.25,"seadec",2,4.78
"pc2","4cpu-amd",0.25,"seadec",1,4.98
"pc2","4cpu-amd",0.25,"seadec",3,4.48
"pc2","4cpu-amd",0.25,"seadec",4,4.57
"pc2","4cpu-amd",0.25,"seadec",1,4.8
"pc2","4cpu-amd",0.25,"seadec",2,5.09
"pc2","4cpu-amd",0.25,"seadec",3,4.47
"pc2","4cpu-amd",0.25,"seadec",1,4.68
"pc2","4cpu-amd",0.25,"seadec",4,4.74
"pc2","4cpu-amd",0.25,"seadec",2,4.77
"pc2","4cpu-amd",0.25,"seadec",1,4.45
"pc2","4cpu-amd",0.25,"seadec",4,4.64
"pc2","4cpu-amd",0.25,"seadec",2,4.74
"pc2","4cpu-amd",0.25,"seadec",3,4.93
"pc2","4cpu-amd",0.25,"seadec",3,4.66
"pc2","4cpu-amd",0.25,"seadec",4,4.75
"pc2","4cpu-amd",0.25,"seadec",2,4.97
"pc2","4cpu-amd",0.25,"seadec",1,5.06
"pc2","4cpu-amd",0.25,"seadec",3,4.78
"pc2","4cpu-amd",0.25,"seadec",4,4.99
"pc2","4cpu-amd",0.25,"seadec",2,4.99
"pc2","4cpu-amd",0.25,"seadec",1,5.1
"pc2","4cpu-amd",0.25,"seadec",3,4.68
"pc2","4cpu-amd",0.25,"seadec",1,4.7
"pc2","4cpu-amd",0.25,"seadec",4,4.76
"pc2","4cpu-amd",0.25,"seadec",2,4.78
"pc2","4cpu-amd",0.25,"seadec",1,4.58
"pc2","4cpu-amd",0.25,"seadec",3,4.75
"pc2","4cpu-amd",0.25,"seadec",4,4.75
"pc2","4cpu-amd",0.25,"seadec",2,5.16
"pc2","4cpu-amd",0.25,"seadec",4,4.45
"pc2","4cpu-amd",0.25,"seadec",2,4.66
"pc2","4cpu-amd",0.25,"seadec",1,4.99
"pc2","4cpu-amd",0.25,"seadec",3,5.15
"pc2","4cpu-amd",0.25,"seadec",2,4.65
"pc2","4cpu-amd",0.25,"seadec",3,4.65
"pc2","4cpu-amd",0.25,"seadec",1,4.73
"pc2","4cpu-amd",0.25,"seadec",4,4.75
"pc2","4cpu-amd",0.25,"seadec",2,4.77
"pc2","4cpu-amd",0.25,"seadec",4,4.85
"pc2","4cpu-amd",0.25,"seadec",3,4.95
"pc2","4cpu-amd",0.25,"seadec",1,4.97
"pc2","4cpu-amd",0.25,"seadec",4,4.75
"pc2","4cpu-amd",0.25,"seadec",2,4.86
"pc2","4cpu-amd",0.25,"seadec",3,4.86
"pc2","4cpu-amd",0.25,"seadec",1,4.96
"pc2","4cpu-amd",0.25,"seadec",4,4.65
"pc2","4cpu-amd",0.25,"seadec",2,4.73
"pc2","4cpu-amd",0.25,"seadec",3,4.84
"pc2","4cpu-amd",0.25,"seadec",1,5.2
"pc2","4cpu-amd",0.25,"seadec",3,4.65
"pc2","4cpu-amd",0.25,"seadec",1,4.69
"pc2","4cpu-amd",0.25,"seadec",2,5.16
"pc2","4cpu-amd",0.25,"seadec",3,4.66
"pc2","4cpu-amd",0.25,"seadec",2,4.85
"pc2","4cpu-amd",0.25,"seadec",1,4.96
"pc2","4cpu-amd",0.25,"seadec",4,4.95
"pc2","4cpu-amd",0.25,"seadec",3,4.65
"pc2","4cpu-amd",0.25,"seadec",1,4.78
"pc2","4cpu-amd",0.25,"seadec",4,4.85
"pc2","4cpu-amd",0.25,"seadec",2,5.16
"pc2","4cpu-amd",0.25,"seadec",3,4.47
"pc2","4cpu-amd",0.25,"seadec",4,4.89
"pc2","4cpu-amd",0.25,"seadec",1,4.89
"pc2","4cpu-amd",0.25,"seadec",2,5.17
"pc2","4cpu-amd",0.25,"seadec",2,4.61
"pc2","4cpu-amd",0.25,"seadec",1,4.7
"pc2","4cpu-amd",0.25,"seadec",3,5.08
"pc2","4cpu-amd",0.25,"seadec",4,5.09
"pc2","4cpu-amd",0.25,"seadec",1,4.75
"pc2","4cpu-amd",0.25,"seadec",3,4.75
"pc2","4cpu-amd",0.25,"seadec",2,4.75
"pc2","4cpu-amd",0.25,"seadec",4,4.84
"pc2","4cpu-amd",0.35,"seadec",1,0.02
"pc2","4cpu-amd",0.35,"seadec",4,3.3
"pc2","4cpu-amd",0.35,"seadec",3,3.31
"pc2","4cpu-amd",0.35,"seadec",2,3.43
"pc2","4cpu-amd",0.35,"seadec",1,0.01
"pc2","4cpu-amd",0.35,"seadec",2,3.26
"pc2","4cpu-amd",0.35,"seadec",4,3.42
"pc2","4cpu-amd",0.35,"seadec",3,3.53
"pc2","4cpu-amd",0.35,"seadec",4,2.75
"pc2","4cpu-amd",0.35,"seadec",2,2.79
"pc2","4cpu-amd",0.35,"seadec",3,2.98
"pc2","4cpu-amd",0.35,"seadec",2,2.84
"pc2","4cpu-amd",0.35,"seadec",1,2.94
"pc2","4cpu-amd",0.35,"seadec",3,2.93
"pc2","4cpu-amd",0.35,"seadec",4,5.82
"pc2","4cpu-amd",0.35,"seadec",1,2.97
"pc2","4cpu-amd",0.35,"seadec",3,2.94
"pc2","4cpu-amd",0.35,"seadec",2,3.06
"pc2","4cpu-amd",0.35,"seadec",4,5.91
"pc2","4cpu-amd",0.35,"seadec",2,0.01
"pc2","4cpu-amd",0.35,"seadec",1,2.89
"pc2","4cpu-amd",0.35,"seadec",4,2.95
"pc2","4cpu-amd",0.35,"seadec",3,2.98
"pc2","4cpu-amd",0.35,"seadec",3,2.95
"pc2","4cpu-amd",0.35,"seadec",1,2.98
"pc2","4cpu-amd",0.35,"seadec",4,3.03
"pc2","4cpu-amd",0.35,"seadec",2,2.87
"pc2","4cpu-amd",0.35,"seadec",4,2.93
"pc2","4cpu-amd",0.35,"seadec",1,2.98
"pc2","4cpu-amd",0.35,"seadec",2,0.01
"pc2","4cpu-amd",0.35,"seadec",3,2.94
"pc2","4cpu-amd",0.35,"seadec",4,3.03
"pc2","4cpu-amd",0.35,"seadec",1,3.07
"pc2","4cpu-amd",0.35,"seadec",2,2.89
"pc2","4cpu-amd",0.35,"seadec",4,2.97
"pc2","4cpu-amd",0.35,"seadec",1,3.18
"pc2","4cpu-amd",0.35,"seadec",3,3.38
"pc2","4cpu-amd",0.35,"seadec",1,2.95
"pc2","4cpu-amd",0.35,"seadec",3,3.03
"pc2","4cpu-amd",0.35,"seadec",4,3.03
"pc2","4cpu-amd",0.35,"seadec",2,3.66
"pc2","4cpu-amd",0.35,"seadec",4,2.77
"pc2","4cpu-amd",0.35,"seadec",3,2.88
"pc2","4cpu-amd",0.35,"seadec",1,1.68
"pc2","4cpu-amd",0.35,"seadec",2,3.28
"pc2","4cpu-amd",0.35,"seadec",4,2.97
"pc2","4cpu-amd",0.35,"seadec",2,2.97
"pc2","4cpu-amd",0.35,"seadec",3,3.07
"pc2","4cpu-amd",0.35,"seadec",1,3.16
"pc2","4cpu-amd",0.35,"seadec",2,2.91
"pc2","4cpu-amd",0.35,"seadec",4,3.07
"pc2","4cpu-amd",0.35,"seadec",1,3.1
"pc2","4cpu-amd",0.35,"seadec",3,3.1
"pc2","4cpu-amd",0.35,"seadec",4,2.95
"pc2","4cpu-amd",0.35,"seadec",3,3.04
"pc2","4cpu-amd",0.35,"seadec",2,3.05
"pc2","4cpu-amd",0.35,"seadec",1,3.07
"pc2","4cpu-amd",0.35,"seadec",2,3.05
"pc2","4cpu-amd",0.35,"seadec",4,3.07
"pc2","4cpu-amd",0.35,"seadec",3,3.17
"pc2","4cpu-amd",0.35,"seadec",1,3.26
"pc2","4cpu-amd",0.35,"seadec",2,2.99
"pc2","4cpu-amd",0.35,"seadec",3,2.99
"pc2","4cpu-amd",0.35,"seadec",4,2.99
"pc2","4cpu-amd",0.35,"seadec",1,3.16
"pc2","4cpu-amd",0.35,"seadec",2,2.87
"pc2","4cpu-amd",0.35,"seadec",3,2.93
"pc2","4cpu-amd",0.35,"seadec",4,3.04
"pc2","4cpu-amd",0.35,"seadec",1,3.08
"pc2","4cpu-amd",0.35,"seadec",1,2.99
"pc2","4cpu-amd",0.35,"seadec",3,3.05
"pc2","4cpu-amd",0.35,"seadec",2,3.06
"pc2","4cpu-amd",0.35,"seadec",4,3.05
"pc2","4cpu-amd",0.35,"seadec",2,2.95
"pc2","4cpu-amd",0.35,"seadec",4,3.06
"pc2","4cpu-amd",0.35,"seadec",1,3.09
"pc2","4cpu-amd",0.35,"seadec",3,3.16
"pc2","4cpu-amd",0.35,"seadec",3,3.07
"pc2","4cpu-amd",0.35,"seadec",4,3.13
"pc2","4cpu-amd",0.35,"seadec",2,3.16
"pc2","4cpu-amd",0.35,"seadec",1,3.18
"pc2","4cpu-amd",0.35,"seadec",4,2.95
"pc2","4cpu-amd",0.35,"seadec",2,3.07
"pc2","4cpu-amd",0.35,"seadec",1,3.07
"pc2","4cpu-amd",0.35,"seadec",3,3.06
"pc2","4cpu-amd",0.35,"seadec",3,3.06
"pc2","4cpu-amd",0.35,"seadec",1,3.08
"pc2","4cpu-amd",0.35,"seadec",2,3.17
"pc2","4cpu-amd",0.35,"seadec",4,3.17
"pc2","4cpu-amd",0.35,"seadec",1,2.95
"pc2","4cpu-amd",0.35,"seadec",3,2.96
"pc2","4cpu-amd",0.35,"seadec",2,3.06
"pc2","4cpu-amd",0.35,"seadec",4,3.15
"pc2","4cpu-amd",0.35,"seadec",2,2.86
"pc2","4cpu-amd",0.35,"seadec",1,2.95
"pc2","4cpu-amd",0.35,"seadec",3,2.95
"pc2","4cpu-amd",0.35,"seadec",4,2.95
"pc2","4cpu-amd",0.35,"seadec",1,2.94
"pc2","4cpu-amd",0.35,"seadec",4,3.01
"pc2","4cpu-amd",0.35,"seadec",2,3.01
"pc2","4cpu-amd",0.35,"seadec",3,3.11
"pc2","4cpu-amd",0.35,"seadec",2,2.94
"pc2","4cpu-amd",0.35,"seadec",1,2.98
"pc2","4cpu-amd",0.35,"seadec",4,3.05
"pc2","4cpu-amd",0.35,"seadec",3,3.17
"pc2","4cpu-amd",0.35,"seadec",2,2.88
"pc2","4cpu-amd",0.35,"seadec",1,2.98
"pc2","4cpu-amd",0.35,"seadec",4,3.13
"pc2","4cpu-amd",0.35,"seadec",3,3.14
"pc2","4cpu-amd",0.35,"seadec",3,2.97
"pc2","4cpu-amd",0.35,"seadec",2,2.99
"pc2","4cpu-amd",0.35,"seadec",4,2.99
"pc2","4cpu-amd",0.35,"seadec",1,3.11
"pc2","4cpu-amd",0.35,"seadec",1,3.04
"pc2","4cpu-amd",0.35,"seadec",2,3.06
"pc2","4cpu-amd",0.35,"seadec",4,3.04
"pc2","4cpu-amd",0.35,"seadec",3,3.14
"pc2","4cpu-amd",0.45,"seadec",3,2.53
"pc2","4cpu-amd",0.45,"seadec",2,2.54
"pc2","4cpu-amd",0.45,"seadec",1,2.54
"pc2","4cpu-amd",0.45,"seadec",4,2.54
"pc2","4cpu-amd",0.45,"seadec",2,2.51
"pc2","4cpu-amd",0.45,"seadec",1,2.53
"pc2","4cpu-amd",0.45,"seadec",4,2.54
"pc2","4cpu-amd",0.45,"seadec",3,2.63
"pc2","4cpu-amd",0.45,"seadec",4,2.17
"pc2","4cpu-amd",0.45,"seadec",3,2.27
"pc2","4cpu-amd",0.45,"seadec",2,2.27
"pc2","4cpu-amd",0.45,"seadec",1,2.38
"pc2","4cpu-amd",0.45,"seadec",1,2.16
"pc2","4cpu-amd",0.45,"seadec",3,2.15
"pc2","4cpu-amd",0.45,"seadec",4,2.17
"pc2","4cpu-amd",0.45,"seadec",2,2.26
"pc2","4cpu-amd",0.45,"seadec",4,2.15
"pc2","4cpu-amd",0.45,"seadec",1,2.17
"pc2","4cpu-amd",0.45,"seadec",3,2.16
"pc2","4cpu-amd",0.45,"seadec",2,2.25
"pc2","4cpu-amd",0.45,"seadec",1,2.12
"pc2","4cpu-amd",0.45,"seadec",2,2.17
"pc2","4cpu-amd",0.45,"seadec",4,2.18
"pc2","4cpu-amd",0.45,"seadec",3,2.28
"pc2","4cpu-amd",0.45,"seadec",3,2.17
"pc2","4cpu-amd",0.45,"seadec",1,2.2
"pc2","4cpu-amd",0.45,"seadec",2,2.2
"pc2","4cpu-amd",0.45,"seadec",4,2.26
"pc2","4cpu-amd",0.45,"seadec",4,2.13
"pc2","4cpu-amd",0.45,"seadec",3,2.23
"pc2","4cpu-amd",0.45,"seadec",2,2.25
"pc2","4cpu-amd",0.45,"seadec",1,2.27
"pc2","4cpu-amd",0.45,"seadec",2,2.27
"pc2","4cpu-amd",0.45,"seadec",3,2.29
"pc2","4cpu-amd",0.45,"seadec",1,2.37
"pc2","4cpu-amd",0.45,"seadec",4,2.37
"pc2","4cpu-amd",0.45,"seadec",3,2.16
"pc2","4cpu-amd",0.45,"seadec",4,2.19
"pc2","4cpu-amd",0.45,"seadec",1,2.19
"pc2","4cpu-amd",0.45,"seadec",2,2.25
"pc2","4cpu-amd",0.45,"seadec",4,2.11
"pc2","4cpu-amd",0.45,"seadec",3,2.11
"pc2","4cpu-amd",0.45,"seadec",1,2.2
"pc2","4cpu-amd",0.45,"seadec",2,2.21
"pc2","4cpu-amd",0.45,"seadec",1,2.16
"pc2","4cpu-amd",0.45,"seadec",2,2.2
"pc2","4cpu-amd",0.45,"seadec",4,2.2
"pc2","4cpu-amd",0.45,"seadec",3,2.22
"pc2","4cpu-amd",0.45,"seadec",2,2.18
"pc2","4cpu-amd",0.45,"seadec",1,2.19
"pc2","4cpu-amd",0.45,"seadec",3,2.19
"pc2","4cpu-amd",0.45,"seadec",4,2.2
"pc2","4cpu-amd",0.45,"seadec",4,2.19
"pc2","4cpu-amd",0.45,"seadec",1,2.23
"pc2","4cpu-amd",0.45,"seadec",3,2.24
"pc2","4cpu-amd",0.45,"seadec",2,2.24
"pc2","4cpu-amd",0.45,"seadec",1,2.35
"pc2","4cpu-amd",0.45,"seadec",4,2.35
"pc2","4cpu-amd",0.45,"seadec",2,2.38
"pc2","4cpu-amd",0.45,"seadec",3,2.46
"pc2","4cpu-amd",0.45,"seadec",2,2.17
"pc2","4cpu-amd",0.45,"seadec",3,2.19
"pc2","4cpu-amd",0.45,"seadec",1,2.19
"pc2","4cpu-amd",0.45,"seadec",4,2.28
"pc2","4cpu-amd",0.45,"seadec",1,2.16
"pc2","4cpu-amd",0.45,"seadec",2,2.23
"pc2","4cpu-amd",0.45,"seadec",3,2.24
"pc2","4cpu-amd",0.45,"seadec",4,2.25
"pc2","4cpu-amd",0.45,"seadec",3,2.12
"pc2","4cpu-amd",0.45,"seadec",4,2.2
"pc2","4cpu-amd",0.45,"seadec",1,2.27
"pc2","4cpu-amd",0.45,"seadec",2,2.26
"pc2","4cpu-amd",0.45,"seadec",1,2.88
"pc2","4cpu-amd",0.45,"seadec",4,2.88
"pc2","4cpu-amd",0.45,"seadec",2,2.96
"pc2","4cpu-amd",0.45,"seadec",3,2.96
"pc2","4cpu-amd",0.45,"seadec",1,2.19
"pc2","4cpu-amd",0.45,"seadec",2,2.26
"pc2","4cpu-amd",0.45,"seadec",3,2.27
"pc2","4cpu-amd",0.45,"seadec",4,2.27
"pc2","4cpu-amd",0.45,"seadec",1,2.19
"pc2","4cpu-amd",0.45,"seadec",2,2.26
"pc2","4cpu-amd",0.45,"seadec",4,2.24
"pc2","4cpu-amd",0.45,"seadec",3,2.25
"pc2","4cpu-amd",0.45,"seadec",1,2.26
"pc2","4cpu-amd",0.45,"seadec",4,2.26
"pc2","4cpu-amd",0.45,"seadec",2,2.26
"pc2","4cpu-amd",0.45,"seadec",3,2.26
"pc2","4cpu-amd",0.45,"seadec",4,2.19
"pc2","4cpu-amd",0.45,"seadec",1,2.19
"pc2","4cpu-amd",0.45,"seadec",3,2.28
"pc2","4cpu-amd",0.45,"seadec",2,2.28
"pc2","4cpu-amd",0.45,"seadec",2,2.2
"pc2","4cpu-amd",0.45,"seadec",3,2.2
"pc2","4cpu-amd",0.45,"seadec",4,2.2
"pc2","4cpu-amd",0.45,"seadec",1,2.28
"pc2","4cpu-amd",0.45,"seadec",4,2.08
"pc2","4cpu-amd",0.45,"seadec",3,2.17
"pc2","4cpu-amd",0.45,"seadec",2,2.2
"pc2","4cpu-amd",0.45,"seadec",1,2.29
"pc2","4cpu-amd",0.45,"seadec",2,2.1
"pc2","4cpu-amd",0.45,"seadec",3,2.17
"pc2","4cpu-amd",0.45,"seadec",4,2.21
"pc2","4cpu-amd",0.45,"seadec",1,2.21
"pc2","4cpu-amd",0.45,"seadec",3,2.26
"pc2","4cpu-amd",0.45,"seadec",4,2.33
"pc2","4cpu-amd",0.45,"seadec",1,2.36
"pc2","4cpu-amd",0.45,"seadec",2,2.36
"pc2","4cpu-amd",0.45,"seadec",3,2.45
"pc2","4cpu-amd",0.45,"seadec",4,2.51
"pc2","4cpu-amd",0.45,"seadec",1,2.53
"pc2","4cpu-amd",0.45,"seadec",2,2.54
"pc2","4cpu-amd",0.45,"seadec",3,2.15
"pc2","4cpu-amd",0.45,"seadec",2,2.23
"pc2","4cpu-amd",0.45,"seadec",1,2.26
"pc2","4cpu-amd",0.45,"seadec",4,2.24
"pc2","4cpu-amd",0.45,"seadec",3,2.18
"pc2","4cpu-amd",0.45,"seadec",2,2.17
"pc2","4cpu-amd",0.45,"seadec",4,2.17
"pc2","4cpu-amd",0.45,"seadec",1,2.29
"pc2","4cpu-amd",0.55,"seadec",3,1.91
"pc2","4cpu-amd",0.55,"seadec",2,2.02
"pc2","4cpu-amd",0.55,"seadec",1,2.02
"pc2","4cpu-amd",0.55,"seadec",4,2.08
"pc2","4cpu-amd",0.55,"seadec",4,1.99
"pc2","4cpu-amd",0.55,"seadec",2,1.99
"pc2","4cpu-amd",0.55,"seadec",1,1.96
"pc2","4cpu-amd",0.55,"seadec",3,1.99
"pc2","4cpu-amd",0.55,"seadec",2,1.71
"pc2","4cpu-amd",0.55,"seadec",1,1.71
"pc2","4cpu-amd",0.55,"seadec",4,1.71
"pc2","4cpu-amd",0.55,"seadec",3,1.76
"pc2","4cpu-amd",0.55,"seadec",2,1.67
"pc2","4cpu-amd",0.55,"seadec",4,1.67
"pc2","4cpu-amd",0.55,"seadec",1,1.71
"pc2","4cpu-amd",0.55,"seadec",3,1.71
"pc2","4cpu-amd",0.55,"seadec",4,1.7
"pc2","4cpu-amd",0.55,"seadec",1,1.71
"pc2","4cpu-amd",0.55,"seadec",3,1.7
"pc2","4cpu-amd",0.55,"seadec",2,1.71
"pc2","4cpu-amd",0.55,"seadec",3,1.66
"pc2","4cpu-amd",0.55,"seadec",2,1.69
"pc2","4cpu-amd",0.55,"seadec",4,1.72
"pc2","4cpu-amd",0.55,"seadec",1,1.75
"pc2","4cpu-amd",0.55,"seadec",1,1.7
"pc2","4cpu-amd",0.55,"seadec",4,1.69
"pc2","4cpu-amd",0.55,"seadec",2,1.69
"pc2","4cpu-amd",0.55,"seadec",3,1.76
"pc2","4cpu-amd",0.55,"seadec",1,1.69
"pc2","4cpu-amd",0.55,"seadec",4,1.67
"pc2","4cpu-amd",0.55,"seadec",3,1.77
"pc2","4cpu-amd",0.55,"seadec",2,1.77
"pc2","4cpu-amd",0.55,"seadec",1,1.69
"pc2","4cpu-amd",0.55,"seadec",2,1.75
"pc2","4cpu-amd",0.55,"seadec",3,1.75
"pc2","4cpu-amd",0.55,"seadec",4,1.75
"pc2","4cpu-amd",0.55,"seadec",1,1.69
"pc2","4cpu-amd",0.55,"seadec",3,1.73
"pc2","4cpu-amd",0.55,"seadec",4,1.73
"pc2","4cpu-amd",0.55,"seadec",2,1.75
"pc2","4cpu-amd",0.55,"seadec",2,1.7
"pc2","4cpu-amd",0.55,"seadec",3,1.7
"pc2","4cpu-amd",0.55,"seadec",4,1.75
"pc2","4cpu-amd",0.55,"seadec",1,1.75
"pc2","4cpu-amd",0.55,"seadec",1,1.69
"pc2","4cpu-amd",0.55,"seadec",4,1.74
"pc2","4cpu-amd",0.55,"seadec",3,1.74
"pc2","4cpu-amd",0.55,"seadec",2,1.93
"pc2","4cpu-amd",0.55,"seadec",1,1.7
"pc2","4cpu-amd",0.55,"seadec",2,1.69
"pc2","4cpu-amd",0.55,"seadec",3,1.76
"pc2","4cpu-amd",0.55,"seadec",4,1.75
"pc2","4cpu-amd",0.55,"seadec",1,1.69
"pc2","4cpu-amd",0.55,"seadec",4,1.69
"pc2","4cpu-amd",0.55,"seadec",2,1.76
"pc2","4cpu-amd",0.55,"seadec",3,1.76
"pc2","4cpu-amd",0.55,"seadec",2,1.67
"pc2","4cpu-amd",0.55,"seadec",1,1.7
"pc2","4cpu-amd",0.55,"seadec",3,1.73
"pc2","4cpu-amd",0.55,"seadec",4,1.75
"pc2","4cpu-amd",0.55,"seadec",1,1.67
"pc2","4cpu-amd",0.55,"seadec",2,1.77
"pc2","4cpu-amd",0.55,"seadec",3,1.77
"pc2","4cpu-amd",0.55,"seadec",4,1.82
"pc2","4cpu-amd",0.55,"seadec",3,1.68
"pc2","4cpu-amd",0.55,"seadec",4,1.68
"pc2","4cpu-amd",0.55,"seadec",2,1.72
"pc2","4cpu-amd",0.55,"seadec",1,1.73
"pc2","4cpu-amd",0.55,"seadec",1,1.67
"pc2","4cpu-amd",0.55,"seadec",3,1.74
"pc2","4cpu-amd",0.55,"seadec",2,1.75
"pc2","4cpu-amd",0.55,"seadec",4,1.74
"pc2","4cpu-amd",0.55,"seadec",1,1.68
"pc2","4cpu-amd",0.55,"seadec",3,1.74
"pc2","4cpu-amd",0.55,"seadec",2,1.77
"pc2","4cpu-amd",0.55,"seadec",4,1.77
"pc2","4cpu-amd",0.55,"seadec",3,1.71
"pc2","4cpu-amd",0.55,"seadec",4,1.71
"pc2","4cpu-amd",0.55,"seadec",1,1.71
"pc2","4cpu-amd",0.55,"seadec",2,1.75
"pc2","4cpu-amd",0.55,"seadec",4,1.7
"pc2","4cpu-amd",0.55,"seadec",2,1.73
"pc2","4cpu-amd",0.55,"seadec",1,1.79
"pc2","4cpu-amd",0.55,"seadec",3,1.79
"pc2","4cpu-amd",0.55,"seadec",1,1.76
"pc2","4cpu-amd",0.55,"seadec",2,1.75
"pc2","4cpu-amd",0.55,"seadec",4,1.73
"pc2","4cpu-amd",0.55,"seadec",3,1.75
"pc2","4cpu-amd",0.55,"seadec",1,1.69
"pc2","4cpu-amd",0.55,"seadec",4,1.76
"pc2","4cpu-amd",0.55,"seadec",3,1.76
"pc2","4cpu-amd",0.55,"seadec",2,1.76
"pc2","4cpu-amd",0.55,"seadec",1,1.75
"pc2","4cpu-amd",0.55,"seadec",3,1.75
"pc2","4cpu-amd",0.55,"seadec",2,1.75
"pc2","4cpu-amd",0.55,"seadec",4,1.75
"pc2","4cpu-amd",0.55,"seadec",4,1.72
"pc2","4cpu-amd",0.55,"seadec",3,1.74
"pc2","4cpu-amd",0.55,"seadec",2,1.76
"pc2","4cpu-amd",0.55,"seadec",1,1.82
"pc2","4cpu-amd",0.55,"seadec",4,1.68
"pc2","4cpu-amd",0.55,"seadec",1,1.72
"pc2","4cpu-amd",0.55,"seadec",2,1.72
"pc2","4cpu-amd",0.55,"seadec",3,1.77
"pc2","4cpu-amd",0.55,"seadec",1,1.78
"pc2","4cpu-amd",0.55,"seadec",3,1.75
"pc2","4cpu-amd",0.55,"seadec",2,1.76
"pc2","4cpu-amd",0.55,"seadec",4,1.79
"pc2","4cpu-amd",0.55,"seadec",1,1.72
"pc2","4cpu-amd",0.55,"seadec",3,1.79
"pc2","4cpu-amd",0.55,"seadec",4,1.71
"pc2","4cpu-amd",0.55,"seadec",2,1.77
"pc2","4cpu-amd",0.55,"seadec",3,1.77
"pc2","4cpu-amd",0.55,"seadec",1,1.77
"pc2","4cpu-amd",0.55,"seadec",3,1.75
"pc2","4cpu-amd",0.55,"seadec",2,1.75
"pc2","4cpu-amd",0.55,"seadec",4,1.75
"pc2","4cpu-amd",0.55,"seadec",1,1.75
"pc2","4cpu-amd",0.65,"seadec",1,1.63
"pc2","4cpu-amd",0.65,"seadec",4,1.66
"pc2","4cpu-amd",0.65,"seadec",2,1.69
"pc2","4cpu-amd",0.65,"seadec",3,1.76
"pc2","4cpu-amd",0.65,"seadec",1,1.64
"pc2","4cpu-amd",0.65,"seadec",4,1.64
"pc2","4cpu-amd",0.65,"seadec",2,1.66
"pc2","4cpu-amd",0.65,"seadec",3,1.66
"pc2","4cpu-amd",0.65,"seadec",3,1.43
"pc2","4cpu-amd",0.65,"seadec",4,1.45
"pc2","4cpu-amd",0.65,"seadec",2,1.56
"pc2","4cpu-amd",0.65,"seadec",1,1.57
"pc2","4cpu-amd",0.65,"seadec",2,1.4
"pc2","4cpu-amd",0.65,"seadec",4,1.44
"pc2","4cpu-amd",0.65,"seadec",1,1.47
"pc2","4cpu-amd",0.65,"seadec",3,1.47
"pc2","4cpu-amd",0.65,"seadec",2,1.39
"pc2","4cpu-amd",0.65,"seadec",3,1.39
"pc2","4cpu-amd",0.65,"seadec",1,1.47
"pc2","4cpu-amd",0.65,"seadec",4,1.46
"pc2","4cpu-amd",0.65,"seadec",2,1.39
"pc2","4cpu-amd",0.65,"seadec",1,1.46
"pc2","4cpu-amd",0.65,"seadec",3,1.44
"pc2","4cpu-amd",0.65,"seadec",4,1.45
"pc2","4cpu-amd",0.65,"seadec",4,1.41
"pc2","4cpu-amd",0.65,"seadec",2,1.41
"pc2","4cpu-amd",0.65,"seadec",1,1.41
"pc2","4cpu-amd",0.65,"seadec",3,1.45
"pc2","4cpu-amd",0.65,"seadec",1,1.41
"pc2","4cpu-amd",0.65,"seadec",2,1.43
"pc2","4cpu-amd",0.65,"seadec",4,1.43
"pc2","4cpu-amd",0.65,"seadec",3,1.47
"pc2","4cpu-amd",0.65,"seadec",4,1.41
"pc2","4cpu-amd",0.65,"seadec",3,1.42
"pc2","4cpu-amd",0.65,"seadec",1,1.46
"pc2","4cpu-amd",0.65,"seadec",2,1.46
"pc2","4cpu-amd",0.65,"seadec",3,1.38
"pc2","4cpu-amd",0.65,"seadec",1,1.4
"pc2","4cpu-amd",0.65,"seadec",2,1.44
"pc2","4cpu-amd",0.65,"seadec",4,1.45
"pc2","4cpu-amd",0.65,"seadec",2,1.4
"pc2","4cpu-amd",0.65,"seadec",1,1.41
"pc2","4cpu-amd",0.65,"seadec",3,1.41
"pc2","4cpu-amd",0.65,"seadec",4,1.45
"pc2","4cpu-amd",0.65,"seadec",1,1.4
"pc2","4cpu-amd",0.65,"seadec",4,1.4
"pc2","4cpu-amd",0.65,"seadec",2,1.4
"pc2","4cpu-amd",0.65,"seadec",3,1.4
"pc2","4cpu-amd",0.65,"seadec",2,1.44
"pc2","4cpu-amd",0.65,"seadec",1,1.45
"pc2","4cpu-amd",0.65,"seadec",3,1.45
"pc2","4cpu-amd",0.65,"seadec",4,1.45
"pc2","4cpu-amd",0.65,"seadec",2,1.4
"pc2","4cpu-amd",0.65,"seadec",3,1.45
"pc2","4cpu-amd",0.65,"seadec",1,1.45
"pc2","4cpu-amd",0.65,"seadec",4,1.45
"pc2","4cpu-amd",0.65,"seadec",2,1.39
"pc2","4cpu-amd",0.65,"seadec",4,1.45
"pc2","4cpu-amd",0.65,"seadec",3,1.45
"pc2","4cpu-amd",0.65,"seadec",1,1.47
"pc2","4cpu-amd",0.65,"seadec",2,1.42
"pc2","4cpu-amd",0.65,"seadec",4,1.41
"pc2","4cpu-amd",0.65,"seadec",3,1.41
"pc2","4cpu-amd",0.65,"seadec",1,1.41
"pc2","4cpu-amd",0.65,"seadec",1,1.42
"pc2","4cpu-amd",0.65,"seadec",2,1.42
"pc2","4cpu-amd",0.65,"seadec",3,1.43
"pc2","4cpu-amd",0.65,"seadec",4,1.43
"pc2","4cpu-amd",0.65,"seadec",3,1.42
"pc2","4cpu-amd",0.65,"seadec",4,1.42
"pc2","4cpu-amd",0.65,"seadec",2,1.45
"pc2","4cpu-amd",0.65,"seadec",1,1.45
"pc2","4cpu-amd",0.65,"seadec",2,1.43
"pc2","4cpu-amd",0.65,"seadec",1,1.45
"pc2","4cpu-amd",0.65,"seadec",3,1.44
"pc2","4cpu-amd",0.65,"seadec",4,1.45
"pc2","4cpu-amd",0.65,"seadec",1,1.39
"pc2","4cpu-amd",0.65,"seadec",2,1.45
"pc2","4cpu-amd",0.65,"seadec",3,1.47
"pc2","4cpu-amd",0.65,"seadec",4,1.46
"pc2","4cpu-amd",0.65,"seadec",2,1.38
"pc2","4cpu-amd",0.65,"seadec",1,1.39
"pc2","4cpu-amd",0.65,"seadec",3,1.43
"pc2","4cpu-amd",0.65,"seadec",4,1.43
"pc2","4cpu-amd",0.65,"seadec",1,1.4
"pc2","4cpu-amd",0.65,"seadec",2,1.4
"pc2","4cpu-amd",0.65,"seadec",4,1.4
"pc2","4cpu-amd",0.65,"seadec",3,1.47
"pc2","4cpu-amd",0.65,"seadec",1,1.46
"pc2","4cpu-amd",0.65,"seadec",2,1.47
"pc2","4cpu-amd",0.65,"seadec",3,1.46
"pc2","4cpu-amd",0.65,"seadec",4,1.46
"pc2","4cpu-amd",0.65,"seadec",1,1.43
"pc2","4cpu-amd",0.65,"seadec",4,1.43
"pc2","4cpu-amd",0.65,"seadec",2,1.43
"pc2","4cpu-amd",0.65,"seadec",3,1.43
"pc2","4cpu-amd",0.65,"seadec",1,1.44
"pc2","4cpu-amd",0.65,"seadec",4,1.45
"pc2","4cpu-amd",0.65,"seadec",2,1.45
"pc2","4cpu-amd",0.65,"seadec",3,1.45
"pc2","4cpu-amd",0.65,"seadec",2,1.44
"pc2","4cpu-amd",0.65,"seadec",1,1.45
"pc2","4cpu-amd",0.65,"seadec",4,1.45
"pc2","4cpu-amd",0.65,"seadec",3,1.47
"pc2","4cpu-amd",0.65,"seadec",1,1.47
"pc2","4cpu-amd",0.65,"seadec",2,1.47
"pc2","4cpu-amd",0.65,"seadec",4,1.45
"pc2","4cpu-amd",0.65,"seadec",3,1.47
"pc2","4cpu-amd",0.65,"seadec",1,1.46
"pc2","4cpu-amd",0.65,"seadec",4,1.45
"pc2","4cpu-amd",0.65,"seadec",3,1.48
"pc2","4cpu-amd",0.65,"seadec",2,1.48
"pc2","4cpu-amd",0.65,"seadec",1,1.44
"pc2","4cpu-amd",0.65,"seadec",3,1.46
"pc2","4cpu-amd",0.65,"seadec",4,1.45
"pc2","4cpu-amd",0.65,"seadec",2,1.5
"pc2","4cpu-amd",0.65,"seadec",3,1.45
"pc2","4cpu-amd",0.65,"seadec",1,1.45
"pc2","4cpu-amd",0.65,"seadec",2,1.48
"pc2","4cpu-amd",0.65,"seadec",4,1.52
"pc2","4cpu-amd",0.75,"seadec",4,1.41
"pc2","4cpu-amd",0.75,"seadec",2,1.43
"pc2","4cpu-amd",0.75,"seadec",3,1.43
"pc2","4cpu-amd",0.75,"seadec",1,1.45
"pc2","4cpu-amd",0.75,"seadec",1,1.38
"pc2","4cpu-amd",0.75,"seadec",4,1.39
"pc2","4cpu-amd",0.75,"seadec",3,1.46
"pc2","4cpu-amd",0.75,"seadec",2,1.51
"pc2","4cpu-amd",0.75,"seadec",3,1.18
"pc2","4cpu-amd",0.75,"seadec",4,1.22
"pc2","4cpu-amd",0.75,"seadec",2,1.24
"pc2","4cpu-amd",0.75,"seadec",1,1.32
"pc2","4cpu-amd",0.75,"seadec",1,1.2
"pc2","4cpu-amd",0.75,"seadec",3,1.2
"pc2","4cpu-amd",0.75,"seadec",4,1.19
"pc2","4cpu-amd",0.75,"seadec",2,1.19
"pc2","4cpu-amd",0.75,"seadec",4,1.18
"pc2","4cpu-amd",0.75,"seadec",3,1.21
"pc2","4cpu-amd",0.75,"seadec",1,1.22
"pc2","4cpu-amd",0.75,"seadec",2,1.24
"pc2","4cpu-amd",0.75,"seadec",3,1.18
"pc2","4cpu-amd",0.75,"seadec",4,1.22
"pc2","4cpu-amd",0.75,"seadec",2,1.22
"pc2","4cpu-amd",0.75,"seadec",1,1.22
"pc2","4cpu-amd",0.75,"seadec",1,1.23
"pc2","4cpu-amd",0.75,"seadec",3,1.23
"pc2","4cpu-amd",0.75,"seadec",4,1.23
"pc2","4cpu-amd",0.75,"seadec",2,1.26
"pc2","4cpu-amd",0.75,"seadec",1,1.19
"pc2","4cpu-amd",0.75,"seadec",2,1.2
"pc2","4cpu-amd",0.75,"seadec",4,1.24
"pc2","4cpu-amd",0.75,"seadec",3,1.27
"pc2","4cpu-amd",0.75,"seadec",3,1.2
"pc2","4cpu-amd",0.75,"seadec",1,1.2
"pc2","4cpu-amd",0.75,"seadec",2,1.2
"pc2","4cpu-amd",0.75,"seadec",4,1.2
"pc2","4cpu-amd",0.75,"seadec",2,1.21
"pc2","4cpu-amd",0.75,"seadec",1,1.22
"pc2","4cpu-amd",0.75,"seadec",3,1.22
"pc2","4cpu-amd",0.75,"seadec",4,1.22
"pc2","4cpu-amd",0.75,"seadec",1,1.2
"pc2","4cpu-amd",0.75,"seadec",2,1.21
"pc2","4cpu-amd",0.75,"seadec",4,1.21
"pc2","4cpu-amd",0.75,"seadec",3,1.21
"pc2","4cpu-amd",0.75,"seadec",1,1.2
"pc2","4cpu-amd",0.75,"seadec",3,1.2
"pc2","4cpu-amd",0.75,"seadec",4,1.2
"pc2","4cpu-amd",0.75,"seadec",2,1.2
"pc2","4cpu-amd",0.75,"seadec",3,1.18
"pc2","4cpu-amd",0.75,"seadec",2,1.2
"pc2","4cpu-amd",0.75,"seadec",1,1.21
"pc2","4cpu-amd",0.75,"seadec",4,1.25
"pc2","4cpu-amd",0.75,"seadec",1,1.19
"pc2","4cpu-amd",0.75,"seadec",2,1.2
"pc2","4cpu-amd",0.75,"seadec",3,1.21
"pc2","4cpu-amd",0.75,"seadec",4,1.24
"pc2","4cpu-amd",0.75,"seadec",1,1.21
"pc2","4cpu-amd",0.75,"seadec",3,1.26
"pc2","4cpu-amd",0.75,"seadec",2,1.26
"pc2","4cpu-amd",0.75,"seadec",4,1.26
"pc2","4cpu-amd",0.75,"seadec",1,1.21
"pc2","4cpu-amd",0.75,"seadec",2,1.21
"pc2","4cpu-amd",0.75,"seadec",3,1.2
"pc2","4cpu-amd",0.75,"seadec",4,1.23
"pc2","4cpu-amd",0.75,"seadec",4,1.17
"pc2","4cpu-amd",0.75,"seadec",3,1.19
"pc2","4cpu-amd",0.75,"seadec",1,1.21
"pc2","4cpu-amd",0.75,"seadec",2,1.21
"pc2","4cpu-amd",0.75,"seadec",3,1.2
"pc2","4cpu-amd",0.75,"seadec",2,1.24
"pc2","4cpu-amd",0.75,"seadec",1,1.25
"pc2","4cpu-amd",0.75,"seadec",4,1.24
"pc2","4cpu-amd",0.75,"seadec",2,1.19
"pc2","4cpu-amd",0.75,"seadec",1,1.2
"pc2","4cpu-amd",0.75,"seadec",4,1.19
"pc2","4cpu-amd",0.75,"seadec",3,1.22
"pc2","4cpu-amd",0.75,"seadec",3,1.24
"pc2","4cpu-amd",0.75,"seadec",1,1.24
"pc2","4cpu-amd",0.75,"seadec",2,1.24
"pc2","4cpu-amd",0.75,"seadec",4,1.24
"pc2","4cpu-amd",0.75,"seadec",1,1.24
"pc2","4cpu-amd",0.75,"seadec",2,1.25
"pc2","4cpu-amd",0.75,"seadec",4,1.25
"pc2","4cpu-amd",0.75,"seadec",3,1.27
"pc2","4cpu-amd",0.75,"seadec",3,1.22
"pc2","4cpu-amd",0.75,"seadec",1,1.22
"pc2","4cpu-amd",0.75,"seadec",2,1.22
"pc2","4cpu-amd",0.75,"seadec",4,1.25
"pc2","4cpu-amd",0.75,"seadec",4,1.2
"pc2","4cpu-amd",0.75,"seadec",1,1.26
"pc2","4cpu-amd",0.75,"seadec",2,1.24
"pc2","4cpu-amd",0.75,"seadec",3,1.24
"pc2","4cpu-amd",0.75,"seadec",4,1.19
"pc2","4cpu-amd",0.75,"seadec",2,1.23
"pc2","4cpu-amd",0.75,"seadec",1,1.25
"pc2","4cpu-amd",0.75,"seadec",3,1.24
"pc2","4cpu-amd",0.75,"seadec",1,1.22
"pc2","4cpu-amd",0.75,"seadec",2,1.23
"pc2","4cpu-amd",0.75,"seadec",3,1.23
"pc2","4cpu-amd",0.75,"seadec",4,1.24
"pc2","4cpu-amd",0.75,"seadec",1,1.23
"pc2","4cpu-amd",0.75,"seadec",3,1.2
"pc2","4cpu-amd",0.75,"seadec",4,1.2
"pc2","4cpu-amd",0.75,"seadec",2,1.28
"pc2","4cpu-amd",0.75,"seadec",3,1.2
"pc2","4cpu-amd",0.75,"seadec",2,1.23
"pc2","4cpu-amd",0.75,"seadec",1,1.23
"pc2","4cpu-amd",0.75,"seadec",4,1.25
"pc2","4cpu-amd",0.75,"seadec",2,1.23
"pc2","4cpu-amd",0.75,"seadec",1,1.23
"pc2","4cpu-amd",0.75,"seadec",3,1.25
"pc2","4cpu-amd",0.75,"seadec",4,1.25
"pc2","4cpu-amd",0.75,"seadec",2,1.21
"pc2","4cpu-amd",0.75,"seadec",4,1.21
"pc2","4cpu-amd",0.75,"seadec",3,1.23
"pc2","4cpu-amd",0.75,"seadec",1,1.23
"pc2","4cpu-amd",0.75,"seadec",2,1.24
"pc2","4cpu-amd",0.75,"seadec",3,1.24
"pc2","4cpu-amd",0.75,"seadec",4,1.24
"pc2","4cpu-amd",0.75,"seadec",1,1.26
"pc2","4cpu-amd",0.85,"seadec",2,1.23
"pc2","4cpu-amd",0.85,"seadec",4,1.25
"pc2","4cpu-amd",0.85,"seadec",3,1.25
"pc2","4cpu-amd",0.85,"seadec",1,1.25
"pc2","4cpu-amd",0.85,"seadec",1,1.26
"pc2","4cpu-amd",0.85,"seadec",4,1.26
"pc2","4cpu-amd",0.85,"seadec",2,1.26
"pc2","4cpu-amd",0.85,"seadec",3,1.26
"pc2","4cpu-amd",0.85,"seadec",2,1.06
"pc2","4cpu-amd",0.85,"seadec",4,1.06
"pc2","4cpu-amd",0.85,"seadec",3,1.07
"pc2","4cpu-amd",0.85,"seadec",1,1.18
"pc2","4cpu-amd",0.85,"seadec",1,1.08
"pc2","4cpu-amd",0.85,"seadec",4,1.09
"pc2","4cpu-amd",0.85,"seadec",2,1.09
"pc2","4cpu-amd",0.85,"seadec",3,1.1
"pc2","4cpu-amd",0.85,"seadec",1,1.09
"pc2","4cpu-amd",0.85,"seadec",4,1.05
"pc2","4cpu-amd",0.85,"seadec",3,1.07
"pc2","4cpu-amd",0.85,"seadec",2,1.11
"pc2","4cpu-amd",0.85,"seadec",2,1.04
"pc2","4cpu-amd",0.85,"seadec",1,1.06
"pc2","4cpu-amd",0.85,"seadec",3,1.06
"pc2","4cpu-amd",0.85,"seadec",4,1.06
"pc2","4cpu-amd",0.85,"seadec",1,1.06
"pc2","4cpu-amd",0.85,"seadec",2,1.06
"pc2","4cpu-amd",0.85,"seadec",4,1.04
"pc2","4cpu-amd",0.85,"seadec",3,1.09
"pc2","4cpu-amd",0.85,"seadec",2,1.07
"pc2","4cpu-amd",0.85,"seadec",3,1.07
"pc2","4cpu-amd",0.85,"seadec",1,1.07
"pc2","4cpu-amd",0.85,"seadec",4,1.08
"pc2","4cpu-amd",0.85,"seadec",2,1.05
"pc2","4cpu-amd",0.85,"seadec",4,1.07
"pc2","4cpu-amd",0.85,"seadec",1,1.07
"pc2","4cpu-amd",0.85,"seadec",3,1.07
"pc2","4cpu-amd",0.85,"seadec",1,1.08
"pc2","4cpu-amd",0.85,"seadec",2,1.07
"pc2","4cpu-amd",0.85,"seadec",3,1.07
"pc2","4cpu-amd",0.85,"seadec",4,1.06
"pc2","4cpu-amd",0.85,"seadec",3,1.05
"pc2","4cpu-amd",0.85,"seadec",1,1.09
"pc2","4cpu-amd",0.85,"seadec",2,1.09
"pc2","4cpu-amd",0.85,"seadec",4,1.08
"pc2","4cpu-amd",0.85,"seadec",1,1.07
"pc2","4cpu-amd",0.85,"seadec",3,1.07
"pc2","4cpu-amd",0.85,"seadec",2,1.1
"pc2","4cpu-amd",0.85,"seadec",4,1.07
"pc2","4cpu-amd",0.85,"seadec",1,1.04
"pc2","4cpu-amd",0.85,"seadec",2,1.05
"pc2","4cpu-amd",0.85,"seadec",3,1.07
"pc2","4cpu-amd",0.85,"seadec",4,1.08
"pc2","4cpu-amd",0.85,"seadec",1,1.07
"pc2","4cpu-amd",0.85,"seadec",2,1.07
"pc2","4cpu-amd",0.85,"seadec",3,1.08
"pc2","4cpu-amd",0.85,"seadec",4,1.08
"pc2","4cpu-amd",0.85,"seadec",3,1.04
"pc2","4cpu-amd",0.85,"seadec",2,1.07
"pc2","4cpu-amd",0.85,"seadec",1,1.07
"pc2","4cpu-amd",0.85,"seadec",4,1.07
"pc2","4cpu-amd",0.85,"seadec",2,1.05
"pc2","4cpu-amd",0.85,"seadec",1,1.06
"pc2","4cpu-amd",0.85,"seadec",3,1.05
"pc2","4cpu-amd",0.85,"seadec",4,1.05
"pc2","4cpu-amd",0.85,"seadec",2,1.03
"pc2","4cpu-amd",0.85,"seadec",3,1.05
"pc2","4cpu-amd",0.85,"seadec",4,1.04
"pc2","4cpu-amd",0.85,"seadec",1,1.08
"pc2","4cpu-amd",0.85,"seadec",3,1.05
"pc2","4cpu-amd",0.85,"seadec",1,1.07
"pc2","4cpu-amd",0.85,"seadec",2,1.07
"pc2","4cpu-amd",0.85,"seadec",4,1.09
"pc2","4cpu-amd",0.85,"seadec",4,1.04
"pc2","4cpu-amd",0.85,"seadec",3,1.06
"pc2","4cpu-amd",0.85,"seadec",2,1.08
"pc2","4cpu-amd",0.85,"seadec",1,1.08
"pc2","4cpu-amd",0.85,"seadec",1,1.11
"pc2","4cpu-amd",0.85,"seadec",3,1.07
"pc2","4cpu-amd",0.85,"seadec",4,1.06
"pc2","4cpu-amd",0.85,"seadec",2,1.06
"pc2","4cpu-amd",0.85,"seadec",1,1.05
"pc2","4cpu-amd",0.85,"seadec",3,1.05
"pc2","4cpu-amd",0.85,"seadec",2,1.07
"pc2","4cpu-amd",0.85,"seadec",4,1.08
"pc2","4cpu-amd",0.85,"seadec",1,1.07
"pc2","4cpu-amd",0.85,"seadec",2,1.09
"pc2","4cpu-amd",0.85,"seadec",4,1.1
"pc2","4cpu-amd",0.85,"seadec",3,1.1
"pc2","4cpu-amd",0.85,"seadec",4,1.06
"pc2","4cpu-amd",0.85,"seadec",1,1.08
"pc2","4cpu-amd",0.85,"seadec",2,1.1
"pc2","4cpu-amd",0.85,"seadec",3,1.14
"pc2","4cpu-amd",0.85,"seadec",3,1.06
"pc2","4cpu-amd",0.85,"seadec",2,1.08
"pc2","4cpu-amd",0.85,"seadec",4,1.08
"pc2","4cpu-amd",0.85,"seadec",1,1.08
"pc2","4cpu-amd",0.85,"seadec",2,1.08
"pc2","4cpu-amd",0.85,"seadec",3,1.07
"pc2","4cpu-amd",0.85,"seadec",4,1.07
"pc2","4cpu-amd",0.85,"seadec",1,1.07
"pc2","4cpu-amd",0.85,"seadec",1,1.04
"pc2","4cpu-amd",0.85,"seadec",3,1.07
"pc2","4cpu-amd",0.85,"seadec",2,1.08
"pc2","4cpu-amd",0.85,"seadec",4,1.1
"pc2","4cpu-amd",0.85,"seadec",1,1.07
"pc2","4cpu-amd",0.85,"seadec",2,1.07
"pc2","4cpu-amd",0.85,"seadec",3,1.07
"pc2","4cpu-amd",0.85,"seadec",4,1.09
"pc2","4cpu-amd",0.85,"seadec",4,1.08
"pc2","4cpu-amd",0.85,"seadec",2,1.08
"pc2","4cpu-amd",0.85,"seadec",1,1.08
"pc2","4cpu-amd",0.85,"seadec",3,1.08
"pc2","4cpu-amd",0.85,"seadec",2,1.08
"pc2","4cpu-amd",0.85,"seadec",1,1.09
"pc2","4cpu-amd",0.85,"seadec",3,1.09
"pc2","4cpu-amd",0.85,"seadec",4,1.09
"pc2","4cpu-amd",0.85,"seadec",2,1.05
"pc2","4cpu-amd",0.85,"seadec",3,1.07
"pc2","4cpu-amd",0.85,"seadec",1,1.09
"pc2","4cpu-amd",0.85,"seadec",4,1.09
"pc2","4cpu-amd",0.95,"seadec",2,1.03
"pc2","4cpu-amd",0.95,"seadec",3,1.03
"pc2","4cpu-amd",0.95,"seadec",1,1.04
"pc2","4cpu-amd",0.95,"seadec",4,2.01
"pc2","4cpu-amd",0.95,"seadec",3,0.94
"pc2","4cpu-amd",0.95,"seadec",1,1.08
"pc2","4cpu-amd",0.95,"seadec",2,1.09
"pc2","4cpu-amd",0.95,"seadec",4,1.93
"pc2","4cpu-amd",0.95,"seadec",1,0.89
"pc2","4cpu-amd",0.95,"seadec",3,0.89
"pc2","4cpu-amd",0.95,"seadec",4,0.92
"pc2","4cpu-amd",0.95,"seadec",2,0.01
"pc2","4cpu-amd",0.95,"seadec",1,0.89
"pc2","4cpu-amd",0.95,"seadec",4,0.89
"pc2","4cpu-amd",0.95,"seadec",3,0.89
"pc2","4cpu-amd",0.95,"seadec",1,0.92
"pc2","4cpu-amd",0.95,"seadec",3,0.91
"pc2","4cpu-amd",0.95,"seadec",4,0.89
"pc2","4cpu-amd",0.95,"seadec",2,0.01
"pc2","4cpu-amd",0.95,"seadec",3,0.91
"pc2","4cpu-amd",0.95,"seadec",1,0.91
"pc2","4cpu-amd",0.95,"seadec",4,0.91
"pc2","4cpu-amd",0.95,"seadec",3,0.01
"pc2","4cpu-amd",0.95,"seadec",2,0.92
"pc2","4cpu-amd",0.95,"seadec",1,0.92
"pc2","4cpu-amd",0.95,"seadec",4,0.93
"pc2","4cpu-amd",0.95,"seadec",1,0.93
"pc2","4cpu-amd",0.95,"seadec",3,0.93
"pc2","4cpu-amd",0.95,"seadec",4,0.93
"pc2","4cpu-amd",0.95,"seadec",2,1.06
"pc2","4cpu-amd",0.95,"seadec",3,0.91
"pc2","4cpu-amd",0.95,"seadec",4,0.91
"pc2","4cpu-amd",0.95,"seadec",1,0.95
"pc2","4cpu-amd",0.95,"seadec",2,1.05
"pc2","4cpu-amd",0.95,"seadec",1,0.93
"pc2","4cpu-amd",0.95,"seadec",3,0.92
"pc2","4cpu-amd",0.95,"seadec",4,0.92
"pc2","4cpu-amd",0.95,"seadec",2,1.01
"pc2","4cpu-amd",0.95,"seadec",1,0.93
"pc2","4cpu-amd",0.95,"seadec",3,0.94
"pc2","4cpu-amd",0.95,"seadec",2,0.93
"pc2","4cpu-amd",0.95,"seadec",4,0.93
"pc2","4cpu-amd",0.95,"seadec",2,0.94
"pc2","4cpu-amd",0.95,"seadec",4,0.91
"pc2","4cpu-amd",0.95,"seadec",1,0.91
"pc2","4cpu-amd",0.95,"seadec",3,0.95
"pc2","4cpu-amd",0.95,"seadec",1,0.92
"pc2","4cpu-amd",0.95,"seadec",3,0.92
"pc2","4cpu-amd",0.95,"seadec",4,0.92
"pc2","4cpu-amd",0.95,"seadec",2,0.95
"pc2","4cpu-amd",0.95,"seadec",1,0.92
"pc2","4cpu-amd",0.95,"seadec",2,0.92
"pc2","4cpu-amd",0.95,"seadec",4,0.91
"pc2","4cpu-amd",0.95,"seadec",3,0.93
"pc2","4cpu-amd",0.95,"seadec",2,0.91
"pc2","4cpu-amd",0.95,"seadec",3,0.92
"pc2","4cpu-amd",0.95,"seadec",4,0.93
"pc2","4cpu-amd",0.95,"seadec",1,0.96
"pc2","4cpu-amd",0.95,"seadec",2,0.91
"pc2","4cpu-amd",0.95,"seadec",3,0.92
"pc2","4cpu-amd",0.95,"seadec",1,0.92
"pc2","4cpu-amd",0.95,"seadec",4,0.92
"pc2","4cpu-amd",0.95,"seadec",1,0.93
"pc2","4cpu-amd",0.95,"seadec",2,0.93
"pc2","4cpu-amd",0.95,"seadec",3,0.93
"pc2","4cpu-amd",0.95,"seadec",4,0.96
"pc2","4cpu-amd",0.95,"seadec",2,0.91
"pc2","4cpu-amd",0.95,"seadec",1,0.94
"pc2","4cpu-amd",0.95,"seadec",3,0.93
"pc2","4cpu-amd",0.95,"seadec",4,0.93
"pc2","4cpu-amd",0.95,"seadec",2,0.92
"pc2","4cpu-amd",0.95,"seadec",1,0.94
"pc2","4cpu-amd",0.95,"seadec",3,0.94
"pc2","4cpu-amd",0.95,"seadec",4,0.93
"pc2","4cpu-amd",0.95,"seadec",2,0.91
"pc2","4cpu-amd",0.95,"seadec",1,0.94
"pc2","4cpu-amd",0.95,"seadec",3,0.94
"pc2","4cpu-amd",0.95,"seadec",4,0.94
"pc2","4cpu-amd",0.95,"seadec",2,0.91
"pc2","4cpu-amd",0.95,"seadec",1,0.93
"pc2","4cpu-amd",0.95,"seadec",3,0.93
"pc2","4cpu-amd",0.95,"seadec",4,0.94
"pc2","4cpu-amd",0.95,"seadec",2,0.96
"pc2","4cpu-amd",0.95,"seadec",1,0.98
"pc2","4cpu-amd",0.95,"seadec",3,0.96
"pc2","4cpu-amd",0.95,"seadec",4,0.93
"pc2","4cpu-amd",0.95,"seadec",2,0.92
"pc2","4cpu-amd",0.95,"seadec",1,0.94
"pc2","4cpu-amd",0.95,"seadec",3,0.94
"pc2","4cpu-amd",0.95,"seadec",4,0.96
"pc2","4cpu-amd",0.95,"seadec",2,0.91
"pc2","4cpu-amd",0.95,"seadec",1,0.94
"pc2","4cpu-amd",0.95,"seadec",4,0.94
"pc2","4cpu-amd",0.95,"seadec",3,0.94
"pc2","4cpu-amd",0.95,"seadec",4,0.91
"pc2","4cpu-amd",0.95,"seadec",1,0.94
"pc2","4cpu-amd",0.95,"seadec",2,0.94
"pc2","4cpu-amd",0.95,"seadec",3,0.97
"pc2","4cpu-amd",0.95,"seadec",2,0.92
"pc2","4cpu-amd",0.95,"seadec",1,0.95
"pc2","4cpu-amd",0.95,"seadec",4,0.94
"pc2","4cpu-amd",0.95,"seadec",3,0.95
"pc2","4cpu-amd",0.95,"seadec",2,0.92
"pc2","4cpu-amd",0.95,"seadec",1,0.94
"pc2","4cpu-amd",0.95,"seadec",4,0.94
"pc2","4cpu-amd",0.95,"seadec",3,0.94
"pc2","4cpu-amd",0.95,"seadec",1,0.93
"pc2","4cpu-amd",0.95,"seadec",3,0.95
"pc2","4cpu-amd",0.95,"seadec",2,0.95
"pc2","4cpu-amd",0.95,"seadec",4,0.95
"pc2","4cpu-amd",0.95,"seadec",1,0.95
"pc2","4cpu-amd",0.95,"seadec",2,0.94
"pc2","4cpu-amd",0.95,"seadec",3,0.94
"pc2","4cpu-amd",0.95,"seadec",4,0.95
"pc2","4cpu-amd",0.95,"seadec",2,0.93
"pc2","4cpu-amd",0.95,"seadec",3,0.94
"pc2","4cpu-amd",0.95,"seadec",4,0.94
"pc2","4cpu-amd",0.95,"seadec",1,1.01
"pc2","4cpu-amd",0.05,"SMA",1,54.21
"pc2","4cpu-amd",0.05,"SMA",4,54.59
"pc2","4cpu-amd",0.05,"SMA",3,54.99
"pc2","4cpu-amd",0.05,"SMA",2,55.6
"pc2","4cpu-amd",0.05,"SMA",1,54.09
"pc2","4cpu-amd",0.05,"SMA",4,54.36
"pc2","4cpu-amd",0.05,"SMA",2,54.48
"pc2","4cpu-amd",0.05,"SMA",3,56.17
"pc2","4cpu-amd",0.05,"SMA",3,49.22
"pc2","4cpu-amd",0.05,"SMA",2,50.14
"pc2","4cpu-amd",0.05,"SMA",1,50.25
"pc2","4cpu-amd",0.05,"SMA",4,51.02
"pc2","4cpu-amd",0.05,"SMA",1,51.27
"pc2","4cpu-amd",0.05,"SMA",4,52.15
"pc2","4cpu-amd",0.05,"SMA",3,52.15
"pc2","4cpu-amd",0.05,"SMA",2,52.35
"pc2","4cpu-amd",0.05,"SMA",1,49.86
"pc2","4cpu-amd",0.05,"SMA",3,51.15
"pc2","4cpu-amd",0.05,"SMA",4,51.46
"pc2","4cpu-amd",0.05,"SMA",2,51.46
"pc2","4cpu-amd",0.05,"SMA",1,50.36
"pc2","4cpu-amd",0.05,"SMA",3,50.64
"pc2","4cpu-amd",0.05,"SMA",2,50.75
"pc2","4cpu-amd",0.05,"SMA",4,51.23
"pc2","4cpu-amd",0.05,"SMA",2,51.36
"pc2","4cpu-amd",0.05,"SMA",4,51.93
"pc2","4cpu-amd",0.05,"SMA",1,51.97
"pc2","4cpu-amd",0.05,"SMA",3,52.54
"pc2","4cpu-amd",0.05,"SMA",3,48.75
"pc2","4cpu-amd",0.05,"SMA",1,50.98
"pc2","4cpu-amd",0.05,"SMA",2,51.36
"pc2","4cpu-amd",0.05,"SMA",4,51.64
"pc2","4cpu-amd",0.05,"SMA",1,50.54
"pc2","4cpu-amd",0.05,"SMA",3,50.54
"pc2","4cpu-amd",0.05,"SMA",4,51.13
"pc2","4cpu-amd",0.05,"SMA",2,51.36
"pc2","4cpu-amd",0.05,"SMA",1,49.26
"pc2","4cpu-amd",0.05,"SMA",3,49.62
"pc2","4cpu-amd",0.05,"SMA",2,49.83
"pc2","4cpu-amd",0.05,"SMA",4,52.12
"pc2","4cpu-amd",0.05,"SMA",1,48.27
"pc2","4cpu-amd",0.05,"SMA",4,49.21
"pc2","4cpu-amd",0.05,"SMA",3,49.93
"pc2","4cpu-amd",0.05,"SMA",2,51.15
"pc2","4cpu-amd",0.05,"SMA",3,50.08
"pc2","4cpu-amd",0.05,"SMA",1,50.08
"pc2","4cpu-amd",0.05,"SMA",4,50.35
"pc2","4cpu-amd",0.05,"SMA",2,51.77
"pc2","4cpu-amd",0.05,"SMA",1,50.76
"pc2","4cpu-amd",0.05,"SMA",2,51.55
"pc2","4cpu-amd",0.05,"SMA",4,52.13
"pc2","4cpu-amd",0.05,"SMA",3,52.24
"pc2","4cpu-amd",0.05,"SMA",3,48.94
"pc2","4cpu-amd",0.05,"SMA",2,51.15
"pc2","4cpu-amd",0.05,"SMA",4,51.53
"pc2","4cpu-amd",0.05,"SMA",1,53.06
"pc2","4cpu-amd",0.05,"SMA",2,50.07
"pc2","4cpu-amd",0.05,"SMA",4,50.25
"pc2","4cpu-amd",0.05,"SMA",3,52.06
"pc2","4cpu-amd",0.05,"SMA",1,52.99
"pc2","4cpu-amd",0.05,"SMA",4,51.34
"pc2","4cpu-amd",0.05,"SMA",3,51.45
"pc2","4cpu-amd",0.05,"SMA",2,52.06
"pc2","4cpu-amd",0.05,"SMA",1,52.17
"pc2","4cpu-amd",0.05,"SMA",3,51.34
"pc2","4cpu-amd",0.05,"SMA",2,52.15
"pc2","4cpu-amd",0.05,"SMA",4,52.14
"pc2","4cpu-amd",0.05,"SMA",1,52.66
"pc2","4cpu-amd",0.05,"SMA",1,51.25
"pc2","4cpu-amd",0.05,"SMA",4,51.53
"pc2","4cpu-amd",0.05,"SMA",3,52.45
"pc2","4cpu-amd",0.05,"SMA",2,52.45
"pc2","4cpu-amd",0.05,"SMA",1,51.18
"pc2","4cpu-amd",0.05,"SMA",4,51.55
"pc2","4cpu-amd",0.05,"SMA",2,52.18
"pc2","4cpu-amd",0.05,"SMA",3,52.66
"pc2","4cpu-amd",0.05,"SMA",4,50.36
"pc2","4cpu-amd",0.05,"SMA",1,51.28
"pc2","4cpu-amd",0.05,"SMA",2,52.07
"pc2","4cpu-amd",0.05,"SMA",3,53.16
"pc2","4cpu-amd",0.05,"SMA",4,50.64
"pc2","4cpu-amd",0.05,"SMA",2,50.75
"pc2","4cpu-amd",0.05,"SMA",1,52.06
"pc2","4cpu-amd",0.05,"SMA",3,52.65
"pc2","4cpu-amd",0.05,"SMA",1,47.86
"pc2","4cpu-amd",0.05,"SMA",4,48.74
"pc2","4cpu-amd",0.05,"SMA",2,49.46
"pc2","4cpu-amd",0.05,"SMA",3,50.44
"pc2","4cpu-amd",0.05,"SMA",1,49.49
"pc2","4cpu-amd",0.05,"SMA",4,50.56
"pc2","4cpu-amd",0.05,"SMA",2,51.37
"pc2","4cpu-amd",0.05,"SMA",3,54.18
"pc2","4cpu-amd",0.05,"SMA",4,49.2
"pc2","4cpu-amd",0.05,"SMA",3,50.51
"pc2","4cpu-amd",0.05,"SMA",1,50.76
"pc2","4cpu-amd",0.05,"SMA",2,50.94
"pc2","4cpu-amd",0.05,"SMA",3,50.36
"pc2","4cpu-amd",0.05,"SMA",2,50.86
"pc2","4cpu-amd",0.05,"SMA",4,50.86
"pc2","4cpu-amd",0.05,"SMA",1,51.88
"pc2","4cpu-amd",0.05,"SMA",2,49.76
"pc2","4cpu-amd",0.05,"SMA",4,50.64
"pc2","4cpu-amd",0.05,"SMA",3,51.05
"pc2","4cpu-amd",0.05,"SMA",1,51.17
"pc2","4cpu-amd",0.05,"SMA",1,50.36
"pc2","4cpu-amd",0.05,"SMA",4,50.54
"pc2","4cpu-amd",0.05,"SMA",2,50.86
"pc2","4cpu-amd",0.05,"SMA",3,51.64
"pc2","4cpu-amd",0.05,"SMA",1,49.29
"pc2","4cpu-amd",0.05,"SMA",2,52.18
"pc2","4cpu-amd",0.05,"SMA",4,53.06
"pc2","4cpu-amd",0.05,"SMA",3,53.47
"pc2","4cpu-amd",0.05,"SMA",4,50.97
"pc2","4cpu-amd",0.05,"SMA",1,52.68
"pc2","4cpu-amd",0.05,"SMA",2,52.69
"pc2","4cpu-amd",0.05,"SMA",3,52.77
"pc2","4cpu-amd",0.05,"SMA",2,49.87
"pc2","4cpu-amd",0.05,"SMA",4,51.26
"pc2","4cpu-amd",0.05,"SMA",3,51.36
"pc2","4cpu-amd",0.05,"SMA",1,51.48
"pc2","4cpu-amd",0.15,"SMA",1,0.02
"pc2","4cpu-amd",0.15,"SMA",2,11.69
"pc2","4cpu-amd",0.15,"SMA",3,11.98
"pc2","4cpu-amd",0.15,"SMA",4,12.17
"pc2","4cpu-amd",0.15,"SMA",3,11.85
"pc2","4cpu-amd",0.15,"SMA",2,12.06
"pc2","4cpu-amd",0.15,"SMA",4,12.13
"pc2","4cpu-amd",0.15,"SMA",1,12.16
"pc2","4cpu-amd",0.15,"SMA",4,10.46
"pc2","4cpu-amd",0.15,"SMA",2,11.37
"pc2","4cpu-amd",0.15,"SMA",1,11.88
"pc2","4cpu-amd",0.15,"SMA",3,12.56
"pc2","4cpu-amd",0.15,"SMA",3,10.74
"pc2","4cpu-amd",0.15,"SMA",4,11.32
"pc2","4cpu-amd",0.15,"SMA",2,11.55
"pc2","4cpu-amd",0.15,"SMA",1,11.66
"pc2","4cpu-amd",0.15,"SMA",2,10.57
"pc2","4cpu-amd",0.15,"SMA",1,11.06
"pc2","4cpu-amd",0.15,"SMA",3,11.35
"pc2","4cpu-amd",0.15,"SMA",4,11.45
"pc2","4cpu-amd",0.15,"SMA",3,10.35
"pc2","4cpu-amd",0.15,"SMA",1,10.88
"pc2","4cpu-amd",0.15,"SMA",2,11.47
"pc2","4cpu-amd",0.15,"SMA",4,11.95
"pc2","4cpu-amd",0.15,"SMA",3,11.07
"pc2","4cpu-amd",0.15,"SMA",2,11.58
"pc2","4cpu-amd",0.15,"SMA",1,12.19
"pc2","4cpu-amd",0.15,"SMA",4,12.55
"pc2","4cpu-amd",0.15,"SMA",2,10.84
"pc2","4cpu-amd",0.15,"SMA",1,10.92
"pc2","4cpu-amd",0.15,"SMA",3,10.92
"pc2","4cpu-amd",0.15,"SMA",4,11.21
"pc2","4cpu-amd",0.15,"SMA",1,9.87
"pc2","4cpu-amd",0.15,"SMA",3,10.14
"pc2","4cpu-amd",0.15,"SMA",4,11.04
"pc2","4cpu-amd",0.15,"SMA",2,11.35
"pc2","4cpu-amd",0.15,"SMA",4,10.13
"pc2","4cpu-amd",0.15,"SMA",3,10.34
"pc2","4cpu-amd",0.15,"SMA",2,10.45
"pc2","4cpu-amd",0.15,"SMA",1,10.47
"pc2","4cpu-amd",0.15,"SMA",3,10.06
"pc2","4cpu-amd",0.15,"SMA",4,10.27
"pc2","4cpu-amd",0.15,"SMA",1,10.27
"pc2","4cpu-amd",0.15,"SMA",2,11.16
"pc2","4cpu-amd",0.15,"SMA",3,10.42
"pc2","4cpu-amd",0.15,"SMA",4,10.69
"pc2","4cpu-amd",0.15,"SMA",2,10.86
"pc2","4cpu-amd",0.15,"SMA",1,10.86
"pc2","4cpu-amd",0.15,"SMA",3,10.05
"pc2","4cpu-amd",0.15,"SMA",1,10.47
"pc2","4cpu-amd",0.15,"SMA",2,11.05
"pc2","4cpu-amd",0.15,"SMA",4,11.24
"pc2","4cpu-amd",0.15,"SMA",2,10.96
"pc2","4cpu-amd",0.15,"SMA",4,11.15
"pc2","4cpu-amd",0.15,"SMA",3,11.34
"pc2","4cpu-amd",0.15,"SMA",1,11.58
"pc2","4cpu-amd",0.15,"SMA",2,10.15
"pc2","4cpu-amd",0.15,"SMA",4,10.73
"pc2","4cpu-amd",0.15,"SMA",3,11.05
"pc2","4cpu-amd",0.15,"SMA",1,11.26
"pc2","4cpu-amd",0.15,"SMA",1,10.75
"pc2","4cpu-amd",0.15,"SMA",2,10.84
"pc2","4cpu-amd",0.15,"SMA",4,11.11
"pc2","4cpu-amd",0.15,"SMA",3,11.42
"pc2","4cpu-amd",0.15,"SMA",1,10.56
"pc2","4cpu-amd",0.15,"SMA",4,10.64
"pc2","4cpu-amd",0.15,"SMA",3,10.95
"pc2","4cpu-amd",0.15,"SMA",2,11.15
"pc2","4cpu-amd",0.15,"SMA",1,10.16
"pc2","4cpu-amd",0.15,"SMA",3,10.52
"pc2","4cpu-amd",0.15,"SMA",4,10.72
"pc2","4cpu-amd",0.15,"SMA",2,11.55
"pc2","4cpu-amd",0.15,"SMA",3,10.42
"pc2","4cpu-amd",0.15,"SMA",1,10.65
"pc2","4cpu-amd",0.15,"SMA",4,10.92
"pc2","4cpu-amd",0.15,"SMA",2,11.04
"pc2","4cpu-amd",0.15,"SMA",1,10.79
"pc2","4cpu-amd",0.15,"SMA",3,10.85
"pc2","4cpu-amd",0.15,"SMA",2,11.08
"pc2","4cpu-amd",0.15,"SMA",4,11.35
"pc2","4cpu-amd",0.15,"SMA",3,10.86
"pc2","4cpu-amd",0.15,"SMA",1,10.9
"pc2","4cpu-amd",0.15,"SMA",4,11.16
"pc2","4cpu-amd",0.15,"SMA",2,11.3
"pc2","4cpu-amd",0.15,"SMA",2,10.24
"pc2","4cpu-amd",0.15,"SMA",3,10.72
"pc2","4cpu-amd",0.15,"SMA",1,10.75
"pc2","4cpu-amd",0.15,"SMA",4,11.13
"pc2","4cpu-amd",0.15,"SMA",3,10.14
"pc2","4cpu-amd",0.15,"SMA",4,10.23
"pc2","4cpu-amd",0.15,"SMA",1,10.56
"pc2","4cpu-amd",0.15,"SMA",2,10.66
"pc2","4cpu-amd",0.15,"SMA",4,10.22
"pc2","4cpu-amd",0.15,"SMA",1,10.55
"pc2","4cpu-amd",0.15,"SMA",2,11.04
"pc2","4cpu-amd",0.15,"SMA",3,11.14
"pc2","4cpu-amd",0.15,"SMA",3,9.84
"pc2","4cpu-amd",0.15,"SMA",4,10.24
"pc2","4cpu-amd",0.15,"SMA",1,10.46
"pc2","4cpu-amd",0.15,"SMA",2,10.84
"pc2","4cpu-amd",0.15,"SMA",1,10.77
"pc2","4cpu-amd",0.15,"SMA",3,10.96
"pc2","4cpu-amd",0.15,"SMA",2,11.27
"pc2","4cpu-amd",0.15,"SMA",4,11.45
"pc2","4cpu-amd",0.15,"SMA",3,9.94
"pc2","4cpu-amd",0.15,"SMA",4,10.95
"pc2","4cpu-amd",0.15,"SMA",2,11.05
"pc2","4cpu-amd",0.15,"SMA",2,10.75
"pc2","4cpu-amd",0.15,"SMA",3,10.84
"pc2","4cpu-amd",0.15,"SMA",1,10.96
"pc2","4cpu-amd",0.15,"SMA",4,11.11
"pc2","4cpu-amd",0.15,"SMA",1,10.78
"pc2","4cpu-amd",0.15,"SMA",2,10.77
"pc2","4cpu-amd",0.15,"SMA",4,11.64
"pc2","4cpu-amd",0.15,"SMA",3,11.96
"pc2","4cpu-amd",0.15,"SMA",2,10.95
"pc2","4cpu-amd",0.15,"SMA",1,11.27
"pc2","4cpu-amd",0.15,"SMA",4,11.43
"pc2","4cpu-amd",0.15,"SMA",3,12.15
"pc2","4cpu-amd",0.25,"SMA",1,5.42
"pc2","4cpu-amd",0.25,"SMA",4,5.51
"pc2","4cpu-amd",0.25,"SMA",2,5.59
"pc2","4cpu-amd",0.25,"SMA",3,5.71
"pc2","4cpu-amd",0.25,"SMA",1,5.36
"pc2","4cpu-amd",0.25,"SMA",4,5.53
"pc2","4cpu-amd",0.25,"SMA",2,5.53
"pc2","4cpu-amd",0.25,"SMA",3,5.54
"pc2","4cpu-amd",0.25,"SMA",4,4.68
"pc2","4cpu-amd",0.25,"SMA",3,4.71
"pc2","4cpu-amd",0.25,"SMA",2,4.94
"pc2","4cpu-amd",0.25,"SMA",1,5.14
"pc2","4cpu-amd",0.25,"SMA",3,4.59
"pc2","4cpu-amd",0.25,"SMA",2,4.81
"pc2","4cpu-amd",0.25,"SMA",4,4.87
"pc2","4cpu-amd",0.25,"SMA",1,4.91
"pc2","4cpu-amd",0.25,"SMA",4,4.64
"pc2","4cpu-amd",0.25,"SMA",3,4.75
"pc2","4cpu-amd",0.25,"SMA",1,4.77
"pc2","4cpu-amd",0.25,"SMA",2,4.85
"pc2","4cpu-amd",0.25,"SMA",4,4.57
"pc2","4cpu-amd",0.25,"SMA",1,4.68
"pc2","4cpu-amd",0.25,"SMA",3,4.75
"pc2","4cpu-amd",0.25,"SMA",2,4.76
"pc2","4cpu-amd",0.25,"SMA",4,4.58
"pc2","4cpu-amd",0.25,"SMA",2,4.88
"pc2","4cpu-amd",0.25,"SMA",3,4.88
"pc2","4cpu-amd",0.25,"SMA",1,5.08
"pc2","4cpu-amd",0.25,"SMA",1,4.68
"pc2","4cpu-amd",0.25,"SMA",2,4.77
"pc2","4cpu-amd",0.25,"SMA",4,4.86
"pc2","4cpu-amd",0.25,"SMA",3,5.07
"pc2","4cpu-amd",0.25,"SMA",3,4.76
"pc2","4cpu-amd",0.25,"SMA",4,4.85
"pc2","4cpu-amd",0.25,"SMA",2,4.87
"pc2","4cpu-amd",0.25,"SMA",1,5.16
"pc2","4cpu-amd",0.25,"SMA",4,4.64
"pc2","4cpu-amd",0.25,"SMA",1,4.78
"pc2","4cpu-amd",0.25,"SMA",3,4.76
"pc2","4cpu-amd",0.25,"SMA",2,4.85
"pc2","4cpu-amd",0.25,"SMA",4,4.34
"pc2","4cpu-amd",0.25,"SMA",3,4.74
"pc2","4cpu-amd",0.25,"SMA",2,4.87
"pc2","4cpu-amd",0.25,"SMA",1,4.98
"pc2","4cpu-amd",0.25,"SMA",1,4.64
"pc2","4cpu-amd",0.25,"SMA",4,4.79
"pc2","4cpu-amd",0.25,"SMA",3,4.92
"pc2","4cpu-amd",0.25,"SMA",2,5
"pc2","4cpu-amd",0.25,"SMA",4,4.76
"pc2","4cpu-amd",0.25,"SMA",3,4.8
"pc2","4cpu-amd",0.25,"SMA",2,4.99
"pc2","4cpu-amd",0.25,"SMA",1,5.01
"pc2","4cpu-amd",0.25,"SMA",3,4.85
"pc2","4cpu-amd",0.25,"SMA",2,4.92
"pc2","4cpu-amd",0.25,"SMA",4,4.95
"pc2","4cpu-amd",0.25,"SMA",1,4.95
"pc2","4cpu-amd",0.25,"SMA",1,4.77
"pc2","4cpu-amd",0.25,"SMA",3,4.77
"pc2","4cpu-amd",0.25,"SMA",4,4.77
"pc2","4cpu-amd",0.25,"SMA",2,4.96
"pc2","4cpu-amd",0.25,"SMA",4,4.76
"pc2","4cpu-amd",0.25,"SMA",1,4.76
"pc2","4cpu-amd",0.25,"SMA",2,4.96
"pc2","4cpu-amd",0.25,"SMA",3,5.06
"pc2","4cpu-amd",0.25,"SMA",3,4.68
"pc2","4cpu-amd",0.25,"SMA",1,4.89
"pc2","4cpu-amd",0.25,"SMA",4,4.95
"pc2","4cpu-amd",0.25,"SMA",2,5.07
"pc2","4cpu-amd",0.25,"SMA",4,4.86
"pc2","4cpu-amd",0.25,"SMA",1,4.89
"pc2","4cpu-amd",0.25,"SMA",2,4.89
"pc2","4cpu-amd",0.25,"SMA",3,5.19
"pc2","4cpu-amd",0.25,"SMA",1,4.67
"pc2","4cpu-amd",0.25,"SMA",2,4.73
"pc2","4cpu-amd",0.25,"SMA",3,4.73
"pc2","4cpu-amd",0.25,"SMA",4,4.73
"pc2","4cpu-amd",0.25,"SMA",1,4.69
"pc2","4cpu-amd",0.25,"SMA",2,4.88
"pc2","4cpu-amd",0.25,"SMA",3,5.16
"pc2","4cpu-amd",0.25,"SMA",4,5.36
"pc2","4cpu-amd",0.25,"SMA",4,4.84
"pc2","4cpu-amd",0.25,"SMA",1,4.95
"pc2","4cpu-amd",0.25,"SMA",3,4.95
"pc2","4cpu-amd",0.25,"SMA",2,4.96
"pc2","4cpu-amd",0.25,"SMA",4,4.84
"pc2","4cpu-amd",0.25,"SMA",1,4.95
"pc2","4cpu-amd",0.25,"SMA",2,5.03
"pc2","4cpu-amd",0.25,"SMA",3,5.04
"pc2","4cpu-amd",0.25,"SMA",1,4.78
"pc2","4cpu-amd",0.25,"SMA",4,5.05
"pc2","4cpu-amd",0.25,"SMA",3,5.45
"pc2","4cpu-amd",0.25,"SMA",1,4.94
"pc2","4cpu-amd",0.25,"SMA",2,4.94
"pc2","4cpu-amd",0.25,"SMA",3,5.02
"pc2","4cpu-amd",0.25,"SMA",4,5.02
"pc2","4cpu-amd",0.25,"SMA",4,4.73
"pc2","4cpu-amd",0.25,"SMA",2,4.76
"pc2","4cpu-amd",0.25,"SMA",3,4.86
"pc2","4cpu-amd",0.25,"SMA",1,4.95
"pc2","4cpu-amd",0.25,"SMA",2,4.9
"pc2","4cpu-amd",0.25,"SMA",1,4.9
"pc2","4cpu-amd",0.25,"SMA",3,4.96
"pc2","4cpu-amd",0.25,"SMA",4,4.95
"pc2","4cpu-amd",0.25,"SMA",4,4.73
"pc2","4cpu-amd",0.25,"SMA",2,4.87
"pc2","4cpu-amd",0.25,"SMA",1,5.07
"pc2","4cpu-amd",0.25,"SMA",3,5.15
"pc2","4cpu-amd",0.25,"SMA",2,4.84
"pc2","4cpu-amd",0.25,"SMA",4,4.87
"pc2","4cpu-amd",0.25,"SMA",1,4.87
"pc2","4cpu-amd",0.25,"SMA",3,4.95
"pc2","4cpu-amd",0.25,"SMA",1,4.76
"pc2","4cpu-amd",0.25,"SMA",3,4.86
"pc2","4cpu-amd",0.25,"SMA",2,4.86
"pc2","4cpu-amd",0.25,"SMA",4,5.05
"pc2","4cpu-amd",0.25,"SMA",1,4.78
"pc2","4cpu-amd",0.25,"SMA",3,4.86
"pc2","4cpu-amd",0.25,"SMA",2,4.89
"pc2","4cpu-amd",0.25,"SMA",4,4.93
"pc2","4cpu-amd",0.35,"SMA",3,3.39
"pc2","4cpu-amd",0.35,"SMA",4,3.47
"pc2","4cpu-amd",0.35,"SMA",2,3.58
"pc2","4cpu-amd",0.35,"SMA",1,3.59
"pc2","4cpu-amd",0.35,"SMA",4,3.38
"pc2","4cpu-amd",0.35,"SMA",3,3.47
"pc2","4cpu-amd",0.35,"SMA",1,3.58
"pc2","4cpu-amd",0.35,"SMA",2,3.67
"pc2","4cpu-amd",0.35,"SMA",3,1.27
"pc2","4cpu-amd",0.35,"SMA",4,3.03
"pc2","4cpu-amd",0.35,"SMA",2,3.07
"pc2","4cpu-amd",0.35,"SMA",1,3.09
"pc2","4cpu-amd",0.35,"SMA",3,2.97
"pc2","4cpu-amd",0.35,"SMA",2,3.04
"pc2","4cpu-amd",0.35,"SMA",4,3.03
"pc2","4cpu-amd",0.35,"SMA",1,3.15
"pc2","4cpu-amd",0.35,"SMA",2,2.95
"pc2","4cpu-amd",0.35,"SMA",1,2.97
"pc2","4cpu-amd",0.35,"SMA",3,3.05
"pc2","4cpu-amd",0.35,"SMA",4,3.11
"pc2","4cpu-amd",0.35,"SMA",3,2.98
"pc2","4cpu-amd",0.35,"SMA",2,3
"pc2","4cpu-amd",0.35,"SMA",1,3.09
"pc2","4cpu-amd",0.35,"SMA",4,3.08
"pc2","4cpu-amd",0.35,"SMA",3,2.95
"pc2","4cpu-amd",0.35,"SMA",2,3.05
"pc2","4cpu-amd",0.35,"SMA",4,3.07
"pc2","4cpu-amd",0.35,"SMA",1,3.07
"pc2","4cpu-amd",0.35,"SMA",2,3.07
"pc2","4cpu-amd",0.35,"SMA",4,3.14
"pc2","4cpu-amd",0.35,"SMA",3,3.14
"pc2","4cpu-amd",0.35,"SMA",2,2.96
"pc2","4cpu-amd",0.35,"SMA",3,2.95
"pc2","4cpu-amd",0.35,"SMA",4,2.95
"pc2","4cpu-amd",0.35,"SMA",1,2.99
"pc2","4cpu-amd",0.35,"SMA",4,2.94
"pc2","4cpu-amd",0.35,"SMA",1,3.06
"pc2","4cpu-amd",0.35,"SMA",2,3.05
"pc2","4cpu-amd",0.35,"SMA",3,3.12
"pc2","4cpu-amd",0.35,"SMA",2,2.99
"pc2","4cpu-amd",0.35,"SMA",4,1.32
"pc2","4cpu-amd",0.35,"SMA",1,3.11
"pc2","4cpu-amd",0.35,"SMA",3,3.19
"pc2","4cpu-amd",0.35,"SMA",3,3.07
"pc2","4cpu-amd",0.35,"SMA",1,3.07
"pc2","4cpu-amd",0.35,"SMA",4,3.13
"pc2","4cpu-amd",0.35,"SMA",2,3.18
"pc2","4cpu-amd",0.35,"SMA",3,3.06
"pc2","4cpu-amd",0.35,"SMA",1,3.06
"pc2","4cpu-amd",0.35,"SMA",2,3.06
"pc2","4cpu-amd",0.35,"SMA",4,3.12
"pc2","4cpu-amd",0.35,"SMA",2,2.98
"pc2","4cpu-amd",0.35,"SMA",1,2.98
"pc2","4cpu-amd",0.35,"SMA",3,2.98
"pc2","4cpu-amd",0.35,"SMA",4,2.98
"pc2","4cpu-amd",0.35,"SMA",4,2.95
"pc2","4cpu-amd",0.35,"SMA",3,3.05
"pc2","4cpu-amd",0.35,"SMA",1,3.15
"pc2","4cpu-amd",0.35,"SMA",2,3.15
"pc2","4cpu-amd",0.35,"SMA",2,2.96
"pc2","4cpu-amd",0.35,"SMA",4,3.06
"pc2","4cpu-amd",0.35,"SMA",1,3.06
"pc2","4cpu-amd",0.35,"SMA",3,3.06
"pc2","4cpu-amd",0.35,"SMA",2,2.95
"pc2","4cpu-amd",0.35,"SMA",4,3.04
"pc2","4cpu-amd",0.35,"SMA",1,3.04
"pc2","4cpu-amd",0.35,"SMA",3,3.26
"pc2","4cpu-amd",0.35,"SMA",2,2.97
"pc2","4cpu-amd",0.35,"SMA",1,3.08
"pc2","4cpu-amd",0.35,"SMA",4,3.13
"pc2","4cpu-amd",0.35,"SMA",3,3.16
"pc2","4cpu-amd",0.35,"SMA",1,2.96
"pc2","4cpu-amd",0.35,"SMA",4,3.03
"pc2","4cpu-amd",0.35,"SMA",2,3.12
"pc2","4cpu-amd",0.35,"SMA",3,3.12
"pc2","4cpu-amd",0.35,"SMA",1,3.11
"pc2","4cpu-amd",0.35,"SMA",2,3.11
"pc2","4cpu-amd",0.35,"SMA",3,3.17
"pc2","4cpu-amd",0.35,"SMA",4,3.18
"pc2","4cpu-amd",0.35,"SMA",2,3.08
"pc2","4cpu-amd",0.35,"SMA",1,3.17
"pc2","4cpu-amd",0.35,"SMA",4,3.17
"pc2","4cpu-amd",0.35,"SMA",3,3.18
"pc2","4cpu-amd",0.35,"SMA",2,2.95
"pc2","4cpu-amd",0.35,"SMA",3,3.17
"pc2","4cpu-amd",0.35,"SMA",1,3.27
"pc2","4cpu-amd",0.35,"SMA",4,3.25
"pc2","4cpu-amd",0.35,"SMA",2,2.96
"pc2","4cpu-amd",0.35,"SMA",3,3.05
"pc2","4cpu-amd",0.35,"SMA",4,3.06
"pc2","4cpu-amd",0.35,"SMA",1,3.28
"pc2","4cpu-amd",0.35,"SMA",3,3.04
"pc2","4cpu-amd",0.35,"SMA",2,3.13
"pc2","4cpu-amd",0.35,"SMA",4,3.12
"pc2","4cpu-amd",0.35,"SMA",1,3.17
"pc2","4cpu-amd",0.35,"SMA",3,3.04
"pc2","4cpu-amd",0.35,"SMA",1,3.15
"pc2","4cpu-amd",0.35,"SMA",2,3.15
"pc2","4cpu-amd",0.35,"SMA",4,3.15
"pc2","4cpu-amd",0.35,"SMA",3,3.06
"pc2","4cpu-amd",0.35,"SMA",1,3.08
"pc2","4cpu-amd",0.35,"SMA",4,3.24
"pc2","4cpu-amd",0.35,"SMA",2,3.27
"pc2","4cpu-amd",0.35,"SMA",2,3.05
"pc2","4cpu-amd",0.35,"SMA",3,3.05
"pc2","4cpu-amd",0.35,"SMA",1,3.08
"pc2","4cpu-amd",0.35,"SMA",4,3.13
"pc2","4cpu-amd",0.35,"SMA",4,2.99
"pc2","4cpu-amd",0.35,"SMA",2,3.09
"pc2","4cpu-amd",0.35,"SMA",3,3.09
"pc2","4cpu-amd",0.35,"SMA",1,3.18
"pc2","4cpu-amd",0.35,"SMA",1,3.1
"pc2","4cpu-amd",0.35,"SMA",3,3.15
"pc2","4cpu-amd",0.35,"SMA",2,3.18
"pc2","4cpu-amd",0.35,"SMA",4,3.16
"pc2","4cpu-amd",0.35,"SMA",1,2.97
"pc2","4cpu-amd",0.35,"SMA",2,3.05
"pc2","4cpu-amd",0.35,"SMA",4,3.05
"pc2","4cpu-amd",0.35,"SMA",3,3.14
"pc2","4cpu-amd",0.45,"SMA",1,2.54
"pc2","4cpu-amd",0.45,"SMA",2,2.56
"pc2","4cpu-amd",0.45,"SMA",3,2.56
"pc2","4cpu-amd",0.45,"SMA",4,2.63
"pc2","4cpu-amd",0.45,"SMA",3,2.51
"pc2","4cpu-amd",0.45,"SMA",2,2.51
"pc2","4cpu-amd",0.45,"SMA",4,2.59
"pc2","4cpu-amd",0.45,"SMA",1,2.61
"pc2","4cpu-amd",0.45,"SMA",2,2.17
"pc2","4cpu-amd",0.45,"SMA",3,2.23
"pc2","4cpu-amd",0.45,"SMA",4,2.34
"pc2","4cpu-amd",0.45,"SMA",1,2.46
"pc2","4cpu-amd",0.45,"SMA",2,2.16
"pc2","4cpu-amd",0.45,"SMA",3,2.16
"pc2","4cpu-amd",0.45,"SMA",4,2.25
"pc2","4cpu-amd",0.45,"SMA",1,2.39
"pc2","4cpu-amd",0.45,"SMA",1,2.2
"pc2","4cpu-amd",0.45,"SMA",3,2.18
"pc2","4cpu-amd",0.45,"SMA",4,2.18
"pc2","4cpu-amd",0.45,"SMA",2,2.22
"pc2","4cpu-amd",0.45,"SMA",1,2.18
"pc2","4cpu-amd",0.45,"SMA",3,2.23
"pc2","4cpu-amd",0.45,"SMA",2,2.25
"pc2","4cpu-amd",0.45,"SMA",4,2.25
"pc2","4cpu-amd",0.45,"SMA",1,2.17
"pc2","4cpu-amd",0.45,"SMA",4,2.23
"pc2","4cpu-amd",0.45,"SMA",2,2.27
"pc2","4cpu-amd",0.45,"SMA",3,2.27
"pc2","4cpu-amd",0.45,"SMA",3,2.21
"pc2","4cpu-amd",0.45,"SMA",4,2.23
"pc2","4cpu-amd",0.45,"SMA",2,2.26
"pc2","4cpu-amd",0.45,"SMA",1,2.26
"pc2","4cpu-amd",0.45,"SMA",3,2.22
"pc2","4cpu-amd",0.45,"SMA",4,2.22
"pc2","4cpu-amd",0.45,"SMA",2,2.25
"pc2","4cpu-amd",0.45,"SMA",1,2.27
"pc2","4cpu-amd",0.45,"SMA",3,2.17
"pc2","4cpu-amd",0.45,"SMA",4,2.27
"pc2","4cpu-amd",0.45,"SMA",2,2.27
"pc2","4cpu-amd",0.45,"SMA",1,2.35
"pc2","4cpu-amd",0.45,"SMA",4,2.18
"pc2","4cpu-amd",0.45,"SMA",3,2.2
"pc2","4cpu-amd",0.45,"SMA",2,2.28
"pc2","4cpu-amd",0.45,"SMA",1,2.3
"pc2","4cpu-amd",0.45,"SMA",2,2.17
"pc2","4cpu-amd",0.45,"SMA",1,2.2
"pc2","4cpu-amd",0.45,"SMA",4,2.17
"pc2","4cpu-amd",0.45,"SMA",3,2.27
"pc2","4cpu-amd",0.45,"SMA",2,2.17
"pc2","4cpu-amd",0.45,"SMA",1,2.19
"pc2","4cpu-amd",0.45,"SMA",4,2.26
"pc2","4cpu-amd",0.45,"SMA",3,2.28
"pc2","4cpu-amd",0.45,"SMA",2,2.08
"pc2","4cpu-amd",0.45,"SMA",1,2.18
"pc2","4cpu-amd",0.45,"SMA",4,2.31
"pc2","4cpu-amd",0.45,"SMA",3,2.33
"pc2","4cpu-amd",0.45,"SMA",1,2.18
"pc2","4cpu-amd",0.45,"SMA",2,2.18
"pc2","4cpu-amd",0.45,"SMA",3,2.18
"pc2","4cpu-amd",0.45,"SMA",4,2.18
"pc2","4cpu-amd",0.45,"SMA",1,2.18
"pc2","4cpu-amd",0.45,"SMA",2,2.24
"pc2","4cpu-amd",0.45,"SMA",4,2.25
"pc2","4cpu-amd",0.45,"SMA",3,2.27
"pc2","4cpu-amd",0.45,"SMA",2,2.16
"pc2","4cpu-amd",0.45,"SMA",1,2.18
"pc2","4cpu-amd",0.45,"SMA",4,2.24
"pc2","4cpu-amd",0.45,"SMA",3,2.26
"pc2","4cpu-amd",0.45,"SMA",1,2.16
"pc2","4cpu-amd",0.45,"SMA",2,2.19
"pc2","4cpu-amd",0.45,"SMA",4,2.26
"pc2","4cpu-amd",0.45,"SMA",3,2.28
"pc2","4cpu-amd",0.45,"SMA",2,2.25
"pc2","4cpu-amd",0.45,"SMA",4,2.25
"pc2","4cpu-amd",0.45,"SMA",1,2.25
"pc2","4cpu-amd",0.45,"SMA",3,2.32
"pc2","4cpu-amd",0.45,"SMA",2,2.18
"pc2","4cpu-amd",0.45,"SMA",4,2.19
"pc2","4cpu-amd",0.45,"SMA",1,2.22
"pc2","4cpu-amd",0.45,"SMA",3,2.21
"pc2","4cpu-amd",0.45,"SMA",4,2.25
"pc2","4cpu-amd",0.45,"SMA",3,2.25
"pc2","4cpu-amd",0.45,"SMA",2,2.35
"pc2","4cpu-amd",0.45,"SMA",1,2.35
"pc2","4cpu-amd",0.45,"SMA",4,2.23
"pc2","4cpu-amd",0.45,"SMA",3,2.26
"pc2","4cpu-amd",0.45,"SMA",2,2.26
"pc2","4cpu-amd",0.45,"SMA",1,2.36
"pc2","4cpu-amd",0.45,"SMA",2,2.18
"pc2","4cpu-amd",0.45,"SMA",3,2.28
"pc2","4cpu-amd",0.45,"SMA",4,2.28
"pc2","4cpu-amd",0.45,"SMA",1,2.38
"pc2","4cpu-amd",0.45,"SMA",3,2.17
"pc2","4cpu-amd",0.45,"SMA",4,2.27
"pc2","4cpu-amd",0.45,"SMA",1,2.29
"pc2","4cpu-amd",0.45,"SMA",2,2.29
"pc2","4cpu-amd",0.45,"SMA",3,2.27
"pc2","4cpu-amd",0.45,"SMA",2,2.27
"pc2","4cpu-amd",0.45,"SMA",1,2.28
"pc2","4cpu-amd",0.45,"SMA",4,2.27
"pc2","4cpu-amd",0.45,"SMA",1,2.26
"pc2","4cpu-amd",0.45,"SMA",3,2.26
"pc2","4cpu-amd",0.45,"SMA",2,2.36
"pc2","4cpu-amd",0.45,"SMA",4,2.36
"pc2","4cpu-amd",0.45,"SMA",1,2.27
"pc2","4cpu-amd",0.45,"SMA",3,2.27
"pc2","4cpu-amd",0.45,"SMA",4,2.29
"pc2","4cpu-amd",0.45,"SMA",2,2.29
"pc2","4cpu-amd",0.45,"SMA",4,2.24
"pc2","4cpu-amd",0.45,"SMA",3,2.25
"pc2","4cpu-amd",0.45,"SMA",1,2.28
"pc2","4cpu-amd",0.45,"SMA",2,2.33
"pc2","4cpu-amd",0.45,"SMA",4,2.2
"pc2","4cpu-amd",0.45,"SMA",3,2.28
"pc2","4cpu-amd",0.45,"SMA",2,2.31
"pc2","4cpu-amd",0.45,"SMA",1,2.39
"pc2","4cpu-amd",0.45,"SMA",3,2.2
"pc2","4cpu-amd",0.45,"SMA",2,2.2
"pc2","4cpu-amd",0.45,"SMA",4,2.24
"pc2","4cpu-amd",0.45,"SMA",1,2.31
"pc2","4cpu-amd",0.55,"SMA",1,2
"pc2","4cpu-amd",0.55,"SMA",4,2
"pc2","4cpu-amd",0.55,"SMA",3,2.03
"pc2","4cpu-amd",0.55,"SMA",2,2.03
"pc2","4cpu-amd",0.55,"SMA",4,2
"pc2","4cpu-amd",0.55,"SMA",3,2.03
"pc2","4cpu-amd",0.55,"SMA",1,2.05
"pc2","4cpu-amd",0.55,"SMA",2,2.05
"pc2","4cpu-amd",0.55,"SMA",4,1.76
"pc2","4cpu-amd",0.55,"SMA",2,1.78
"pc2","4cpu-amd",0.55,"SMA",1,1.82
"pc2","4cpu-amd",0.55,"SMA",3,1.82
"pc2","4cpu-amd",0.55,"SMA",4,1.61
"pc2","4cpu-amd",0.55,"SMA",3,1.71
"pc2","4cpu-amd",0.55,"SMA",2,1.72
"pc2","4cpu-amd",0.55,"SMA",1,1.78
"pc2","4cpu-amd",0.55,"SMA",4,1.71
"pc2","4cpu-amd",0.55,"SMA",3,1.71
"pc2","4cpu-amd",0.55,"SMA",2,1.71
"pc2","4cpu-amd",0.55,"SMA",1,1.78
"pc2","4cpu-amd",0.55,"SMA",3,1.71
"pc2","4cpu-amd",0.55,"SMA",4,1.73
"pc2","4cpu-amd",0.55,"SMA",2,1.73
"pc2","4cpu-amd",0.55,"SMA",1,1.82
"pc2","4cpu-amd",0.55,"SMA",4,1.75
"pc2","4cpu-amd",0.55,"SMA",2,1.77
"pc2","4cpu-amd",0.55,"SMA",3,1.78
"pc2","4cpu-amd",0.55,"SMA",1,1.85
"pc2","4cpu-amd",0.55,"SMA",4,1.68
"pc2","4cpu-amd",0.55,"SMA",1,1.71
"pc2","4cpu-amd",0.55,"SMA",2,1.72
"pc2","4cpu-amd",0.55,"SMA",3,1.72
"pc2","4cpu-amd",0.55,"SMA",2,1.76
"pc2","4cpu-amd",0.55,"SMA",4,1.76
"pc2","4cpu-amd",0.55,"SMA",1,1.79
"pc2","4cpu-amd",0.55,"SMA",3,1.82
"pc2","4cpu-amd",0.55,"SMA",1,1.69
"pc2","4cpu-amd",0.55,"SMA",4,1.69
"pc2","4cpu-amd",0.55,"SMA",3,1.71
"pc2","4cpu-amd",0.55,"SMA",2,1.72
"pc2","4cpu-amd",0.55,"SMA",4,1.73
"pc2","4cpu-amd",0.55,"SMA",2,1.76
"pc2","4cpu-amd",0.55,"SMA",1,1.76
"pc2","4cpu-amd",0.55,"SMA",3,1.77
"pc2","4cpu-amd",0.55,"SMA",1,1.76
"pc2","4cpu-amd",0.55,"SMA",3,1.76
"pc2","4cpu-amd",0.55,"SMA",2,1.78
"pc2","4cpu-amd",0.55,"SMA",4,1.78
"pc2","4cpu-amd",0.55,"SMA",4,1.72
"pc2","4cpu-amd",0.55,"SMA",1,1.77
"pc2","4cpu-amd",0.55,"SMA",2,1.82
"pc2","4cpu-amd",0.55,"SMA",3,1.82
"pc2","4cpu-amd",0.55,"SMA",2,1.73
"pc2","4cpu-amd",0.55,"SMA",1,1.73
"pc2","4cpu-amd",0.55,"SMA",4,1.74
"pc2","4cpu-amd",0.55,"SMA",3,1.77
"pc2","4cpu-amd",0.55,"SMA",2,1.76
"pc2","4cpu-amd",0.55,"SMA",1,1.78
"pc2","4cpu-amd",0.55,"SMA",3,1.77
"pc2","4cpu-amd",0.55,"SMA",4,1.78
"pc2","4cpu-amd",0.55,"SMA",3,1.72
"pc2","4cpu-amd",0.55,"SMA",1,1.77
"pc2","4cpu-amd",0.55,"SMA",2,1.76
"pc2","4cpu-amd",0.55,"SMA",4,1.76
"pc2","4cpu-amd",0.55,"SMA",1,1.75
"pc2","4cpu-amd",0.55,"SMA",3,1.76
"pc2","4cpu-amd",0.55,"SMA",2,1.76
"pc2","4cpu-amd",0.55,"SMA",4,1.81
"pc2","4cpu-amd",0.55,"SMA",1,1.73
"pc2","4cpu-amd",0.55,"SMA",4,1.8
"pc2","4cpu-amd",0.55,"SMA",2,1.8
"pc2","4cpu-amd",0.55,"SMA",3,1.8
"pc2","4cpu-amd",0.55,"SMA",1,1.71
"pc2","4cpu-amd",0.55,"SMA",4,1.8
"pc2","4cpu-amd",0.55,"SMA",3,1.8
"pc2","4cpu-amd",0.55,"SMA",2,1.86
"pc2","4cpu-amd",0.55,"SMA",3,1.77
"pc2","4cpu-amd",0.55,"SMA",2,1.81
"pc2","4cpu-amd",0.55,"SMA",1,1.81
"pc2","4cpu-amd",0.55,"SMA",4,1.79
"pc2","4cpu-amd",0.55,"SMA",3,1.77
"pc2","4cpu-amd",0.55,"SMA",1,1.78
"pc2","4cpu-amd",0.55,"SMA",4,1.78
"pc2","4cpu-amd",0.55,"SMA",2,1.8
"pc2","4cpu-amd",0.55,"SMA",4,1.76
"pc2","4cpu-amd",0.55,"SMA",2,1.83
"pc2","4cpu-amd",0.55,"SMA",3,1.84
"pc2","4cpu-amd",0.55,"SMA",1,1.87
"pc2","4cpu-amd",0.55,"SMA",1,1.78
"pc2","4cpu-amd",0.55,"SMA",2,1.8
"pc2","4cpu-amd",0.55,"SMA",3,1.85
"pc2","4cpu-amd",0.55,"SMA",4,1.85
"pc2","4cpu-amd",0.55,"SMA",1,1.77
"pc2","4cpu-amd",0.55,"SMA",4,1.78
"pc2","4cpu-amd",0.55,"SMA",2,1.78
"pc2","4cpu-amd",0.55,"SMA",3,1.77
"pc2","4cpu-amd",0.55,"SMA",1,1.77
"pc2","4cpu-amd",0.55,"SMA",4,1.77
"pc2","4cpu-amd",0.55,"SMA",3,1.77
"pc2","4cpu-amd",0.55,"SMA",2,1.78
"pc2","4cpu-amd",0.55,"SMA",1,1.74
"pc2","4cpu-amd",0.55,"SMA",4,1.85
"pc2","4cpu-amd",0.55,"SMA",2,1.85
"pc2","4cpu-amd",0.55,"SMA",3,1.84
"pc2","4cpu-amd",0.55,"SMA",1,1.76
"pc2","4cpu-amd",0.55,"SMA",2,1.77
"pc2","4cpu-amd",0.55,"SMA",4,1.77
"pc2","4cpu-amd",0.55,"SMA",3,1.84
"pc2","4cpu-amd",0.55,"SMA",4,1.75
"pc2","4cpu-amd",0.55,"SMA",3,1.78
"pc2","4cpu-amd",0.55,"SMA",2,1.82
"pc2","4cpu-amd",0.55,"SMA",1,1.82
"pc2","4cpu-amd",0.55,"SMA",2,1.81
"pc2","4cpu-amd",0.55,"SMA",1,1.81
"pc2","4cpu-amd",0.55,"SMA",3,1.84
"pc2","4cpu-amd",0.55,"SMA",4,1.84
"pc2","4cpu-amd",0.55,"SMA",3,1.74
"pc2","4cpu-amd",0.55,"SMA",4,1.8
"pc2","4cpu-amd",0.55,"SMA",1,1.89
"pc2","4cpu-amd",0.55,"SMA",2,1.84
"pc2","4cpu-amd",0.65,"SMA",4,1.65
"pc2","4cpu-amd",0.65,"SMA",1,1.65
"pc2","4cpu-amd",0.65,"SMA",2,1.65
"pc2","4cpu-amd",0.65,"SMA",3,1.7
"pc2","4cpu-amd",0.65,"SMA",2,1.67
"pc2","4cpu-amd",0.65,"SMA",4,1.66
"pc2","4cpu-amd",0.65,"SMA",1,1.71
"pc2","4cpu-amd",0.65,"SMA",3,1.7
"pc2","4cpu-amd",0.65,"SMA",3,1.45
"pc2","4cpu-amd",0.65,"SMA",2,1.45
"pc2","4cpu-amd",0.65,"SMA",4,1.45
"pc2","4cpu-amd",0.65,"SMA",1,1.64
"pc2","4cpu-amd",0.65,"SMA",1,1.44
"pc2","4cpu-amd",0.65,"SMA",2,1.47
"pc2","4cpu-amd",0.65,"SMA",4,1.47
"pc2","4cpu-amd",0.65,"SMA",3,1.47
"pc2","4cpu-amd",0.65,"SMA",1,1.46
"pc2","4cpu-amd",0.65,"SMA",4,1.48
"pc2","4cpu-amd",0.65,"SMA",2,1.48
"pc2","4cpu-amd",0.65,"SMA",3,1.48
"pc2","4cpu-amd",0.65,"SMA",3,1.42
"pc2","4cpu-amd",0.65,"SMA",4,1.42
"pc2","4cpu-amd",0.65,"SMA",2,1.46
"pc2","4cpu-amd",0.65,"SMA",1,1.53
"pc2","4cpu-amd",0.65,"SMA",2,1.44
"pc2","4cpu-amd",0.65,"SMA",4,1.44
"pc2","4cpu-amd",0.65,"SMA",3,1.47
"pc2","4cpu-amd",0.65,"SMA",1,1.48
"pc2","4cpu-amd",0.65,"SMA",4,1.44
"pc2","4cpu-amd",0.65,"SMA",3,1.44
"pc2","4cpu-amd",0.65,"SMA",2,1.47
"pc2","4cpu-amd",0.65,"SMA",1,1.53
"pc2","4cpu-amd",0.65,"SMA",2,1.4
"pc2","4cpu-amd",0.65,"SMA",4,1.42
"pc2","4cpu-amd",0.65,"SMA",3,1.42
"pc2","4cpu-amd",0.65,"SMA",1,1.48
"pc2","4cpu-amd",0.65,"SMA",4,1.42
"pc2","4cpu-amd",0.65,"SMA",1,1.42
"pc2","4cpu-amd",0.65,"SMA",3,1.42
"pc2","4cpu-amd",0.65,"SMA",2,1.47
"pc2","4cpu-amd",0.65,"SMA",1,1.48
"pc2","4cpu-amd",0.65,"SMA",3,1.44
"pc2","4cpu-amd",0.65,"SMA",4,1.49
"pc2","4cpu-amd",0.65,"SMA",2,1.49
"pc2","4cpu-amd",0.65,"SMA",3,1.45
"pc2","4cpu-amd",0.65,"SMA",2,1.45
"pc2","4cpu-amd",0.65,"SMA",1,1.46
"pc2","4cpu-amd",0.65,"SMA",4,1.44
"pc2","4cpu-amd",0.65,"SMA",3,1.45
"pc2","4cpu-amd",0.65,"SMA",4,1.45
"pc2","4cpu-amd",0.65,"SMA",1,1.48
"pc2","4cpu-amd",0.65,"SMA",2,1.48
"pc2","4cpu-amd",0.65,"SMA",3,1.45
"pc2","4cpu-amd",0.65,"SMA",1,1.47
"pc2","4cpu-amd",0.65,"SMA",4,1.47
"pc2","4cpu-amd",0.65,"SMA",2,1.47
"pc2","4cpu-amd",0.65,"SMA",1,1.47
"pc2","4cpu-amd",0.65,"SMA",2,1.47
"pc2","4cpu-amd",0.65,"SMA",3,1.47
"pc2","4cpu-amd",0.65,"SMA",4,1.51
"pc2","4cpu-amd",0.65,"SMA",1,1.43
"pc2","4cpu-amd",0.65,"SMA",2,1.43
"pc2","4cpu-amd",0.65,"SMA",3,1.43
"pc2","4cpu-amd",0.65,"SMA",4,1.58
"pc2","4cpu-amd",0.65,"SMA",2,1.46
"pc2","4cpu-amd",0.65,"SMA",4,1.45
"pc2","4cpu-amd",0.65,"SMA",1,1.47
"pc2","4cpu-amd",0.65,"SMA",3,1.52
"pc2","4cpu-amd",0.65,"SMA",1,1.44
"pc2","4cpu-amd",0.65,"SMA",2,1.44
"pc2","4cpu-amd",0.65,"SMA",4,1.43
"pc2","4cpu-amd",0.65,"SMA",3,1.48
"pc2","4cpu-amd",0.65,"SMA",1,1.4
"pc2","4cpu-amd",0.65,"SMA",2,1.47
"pc2","4cpu-amd",0.65,"SMA",3,1.47
"pc2","4cpu-amd",0.65,"SMA",4,1.49
"pc2","4cpu-amd",0.65,"SMA",1,1.46
"pc2","4cpu-amd",0.65,"SMA",3,1.46
"pc2","4cpu-amd",0.65,"SMA",2,1.49
"pc2","4cpu-amd",0.65,"SMA",4,1.53
"pc2","4cpu-amd",0.65,"SMA",1,1.39
"pc2","4cpu-amd",0.65,"SMA",4,1.46
"pc2","4cpu-amd",0.65,"SMA",3,1.48
"pc2","4cpu-amd",0.65,"SMA",2,1.48
"pc2","4cpu-amd",0.65,"SMA",4,1.45
"pc2","4cpu-amd",0.65,"SMA",2,1.49
"pc2","4cpu-amd",0.65,"SMA",3,1.48
"pc2","4cpu-amd",0.65,"SMA",1,1.48
"pc2","4cpu-amd",0.65,"SMA",4,1.46
"pc2","4cpu-amd",0.65,"SMA",3,1.52
"pc2","4cpu-amd",0.65,"SMA",1,1.51
"pc2","4cpu-amd",0.65,"SMA",2,1.52
"pc2","4cpu-amd",0.65,"SMA",3,1.42
"pc2","4cpu-amd",0.65,"SMA",1,1.49
"pc2","4cpu-amd",0.65,"SMA",4,1.47
"pc2","4cpu-amd",0.65,"SMA",2,1.49
"pc2","4cpu-amd",0.65,"SMA",2,1.47
"pc2","4cpu-amd",0.65,"SMA",1,1.47
"pc2","4cpu-amd",0.65,"SMA",3,1.47
"pc2","4cpu-amd",0.65,"SMA",4,1.49
"pc2","4cpu-amd",0.65,"SMA",2,1.47
"pc2","4cpu-amd",0.65,"SMA",1,1.48
"pc2","4cpu-amd",0.65,"SMA",4,1.47
"pc2","4cpu-amd",0.65,"SMA",3,1.52
"pc2","4cpu-amd",0.65,"SMA",2,1.47
"pc2","4cpu-amd",0.65,"SMA",3,1.49
"pc2","4cpu-amd",0.65,"SMA",1,1.49
"pc2","4cpu-amd",0.65,"SMA",4,1.47
"pc2","4cpu-amd",0.65,"SMA",1,1.47
"pc2","4cpu-amd",0.65,"SMA",4,1.5
"pc2","4cpu-amd",0.65,"SMA",3,1.5
"pc2","4cpu-amd",0.65,"SMA",2,1.5
"pc2","4cpu-amd",0.65,"SMA",2,1.46
"pc2","4cpu-amd",0.65,"SMA",3,1.46
"pc2","4cpu-amd",0.65,"SMA",4,1.47
"pc2","4cpu-amd",0.65,"SMA",1,1.53
"pc2","4cpu-amd",0.65,"SMA",2,1.47
"pc2","4cpu-amd",0.65,"SMA",4,1.5
"pc2","4cpu-amd",0.65,"SMA",3,1.5
"pc2","4cpu-amd",0.65,"SMA",1,1.53
"pc2","4cpu-amd",0.75,"SMA",1,1.44
"pc2","4cpu-amd",0.75,"SMA",3,1.42
"pc2","4cpu-amd",0.75,"SMA",2,1.44
"pc2","4cpu-amd",0.75,"SMA",4,1.42
"pc2","4cpu-amd",0.75,"SMA",2,1.44
"pc2","4cpu-amd",0.75,"SMA",4,1.45
"pc2","4cpu-amd",0.75,"SMA",3,1.47
"pc2","4cpu-amd",0.75,"SMA",1,1.57
"pc2","4cpu-amd",0.75,"SMA",1,1.21
"pc2","4cpu-amd",0.75,"SMA",3,1.21
"pc2","4cpu-amd",0.75,"SMA",4,1.26
"pc2","4cpu-amd",0.75,"SMA",2,1.36
"pc2","4cpu-amd",0.75,"SMA",2,1.2
"pc2","4cpu-amd",0.75,"SMA",1,1.22
"pc2","4cpu-amd",0.75,"SMA",3,1.21
"pc2","4cpu-amd",0.75,"SMA",4,1.26
"pc2","4cpu-amd",0.75,"SMA",1,1.22
"pc2","4cpu-amd",0.75,"SMA",2,1.23
"pc2","4cpu-amd",0.75,"SMA",4,1.24
"pc2","4cpu-amd",0.75,"SMA",3,1.26
"pc2","4cpu-amd",0.75,"SMA",3,1.22
"pc2","4cpu-amd",0.75,"SMA",4,1.22
"pc2","4cpu-amd",0.75,"SMA",1,1.22
"pc2","4cpu-amd",0.75,"SMA",2,1.22
"pc2","4cpu-amd",0.75,"SMA",1,1.26
"pc2","4cpu-amd",0.75,"SMA",4,1.24
"pc2","4cpu-amd",0.75,"SMA",2,1.25
"pc2","4cpu-amd",0.75,"SMA",3,1.25
"pc2","4cpu-amd",0.75,"SMA",2,1.26
"pc2","4cpu-amd",0.75,"SMA",1,1.26
"pc2","4cpu-amd",0.75,"SMA",3,1.26
"pc2","4cpu-amd",0.75,"SMA",4,1.26
"pc2","4cpu-amd",0.75,"SMA",1,1.24
"pc2","4cpu-amd",0.75,"SMA",2,1.24
"pc2","4cpu-amd",0.75,"SMA",4,1.2
"pc2","4cpu-amd",0.75,"SMA",3,1.27
"pc2","4cpu-amd",0.75,"SMA",1,1.25
"pc2","4cpu-amd",0.75,"SMA",3,1.23
"pc2","4cpu-amd",0.75,"SMA",4,1.26
"pc2","4cpu-amd",0.75,"SMA",2,1.26
"pc2","4cpu-amd",0.75,"SMA",1,1.27
"pc2","4cpu-amd",0.75,"SMA",2,1.26
"pc2","4cpu-amd",0.75,"SMA",3,1.27
"pc2","4cpu-amd",0.75,"SMA",4,1.27
"pc2","4cpu-amd",0.75,"SMA",1,1.27
"pc2","4cpu-amd",0.75,"SMA",2,1.27
"pc2","4cpu-amd",0.75,"SMA",4,1.27
"pc2","4cpu-amd",0.75,"SMA",3,1.26
"pc2","4cpu-amd",0.75,"SMA",4,1.22
"pc2","4cpu-amd",0.75,"SMA",2,1.25
"pc2","4cpu-amd",0.75,"SMA",1,1.27
"pc2","4cpu-amd",0.75,"SMA",3,1.26
"pc2","4cpu-amd",0.75,"SMA",2,1.22
"pc2","4cpu-amd",0.75,"SMA",4,1.22
"pc2","4cpu-amd",0.75,"SMA",1,1.25
"pc2","4cpu-amd",0.75,"SMA",3,1.26
"pc2","4cpu-amd",0.75,"SMA",3,1.26
"pc2","4cpu-amd",0.75,"SMA",2,1.26
"pc2","4cpu-amd",0.75,"SMA",4,1.26
"pc2","4cpu-amd",0.75,"SMA",1,1.26
"pc2","4cpu-amd",0.75,"SMA",1,1.24
"pc2","4cpu-amd",0.75,"SMA",2,1.24
"pc2","4cpu-amd",0.75,"SMA",3,1.23
"pc2","4cpu-amd",0.75,"SMA",4,1.22
"pc2","4cpu-amd",0.75,"SMA",3,1.23
"pc2","4cpu-amd",0.75,"SMA",2,1.26
"pc2","4cpu-amd",0.75,"SMA",1,1.26
"pc2","4cpu-amd",0.75,"SMA",4,1.27
"pc2","4cpu-amd",0.75,"SMA",2,1.24
"pc2","4cpu-amd",0.75,"SMA",4,1.26
"pc2","4cpu-amd",0.75,"SMA",1,1.26
"pc2","4cpu-amd",0.75,"SMA",3,1.26
"pc2","4cpu-amd",0.75,"SMA",1,1.22
"pc2","4cpu-amd",0.75,"SMA",2,1.23
"pc2","4cpu-amd",0.75,"SMA",4,1.22
"pc2","4cpu-amd",0.75,"SMA",3,1.26
"pc2","4cpu-amd",0.75,"SMA",1,1.22
"pc2","4cpu-amd",0.75,"SMA",2,1.22
"pc2","4cpu-amd",0.75,"SMA",3,1.24
"pc2","4cpu-amd",0.75,"SMA",4,1.22
"pc2","4cpu-amd",0.75,"SMA",1,1.25
"pc2","4cpu-amd",0.75,"SMA",3,1.25
"pc2","4cpu-amd",0.75,"SMA",4,1.26
"pc2","4cpu-amd",0.75,"SMA",2,1.26
"pc2","4cpu-amd",0.75,"SMA",2,1.25
"pc2","4cpu-amd",0.75,"SMA",4,1.29
"pc2","4cpu-amd",0.75,"SMA",3,1.29
"pc2","4cpu-amd",0.75,"SMA",1,1.29
"pc2","4cpu-amd",0.75,"SMA",1,1.23
"pc2","4cpu-amd",0.75,"SMA",4,1.26
"pc2","4cpu-amd",0.75,"SMA",3,1.26
"pc2","4cpu-amd",0.75,"SMA",2,1.26
"pc2","4cpu-amd",0.75,"SMA",1,1.25
"pc2","4cpu-amd",0.75,"SMA",2,1.25
"pc2","4cpu-amd",0.75,"SMA",4,1.28
"pc2","4cpu-amd",0.75,"SMA",3,1.28
"pc2","4cpu-amd",0.75,"SMA",2,1.24
"pc2","4cpu-amd",0.75,"SMA",4,1.22
"pc2","4cpu-amd",0.75,"SMA",1,1.26
"pc2","4cpu-amd",0.75,"SMA",3,1.26
"pc2","4cpu-amd",0.75,"SMA",1,1.23
"pc2","4cpu-amd",0.75,"SMA",4,1.23
"pc2","4cpu-amd",0.75,"SMA",2,1.28
"pc2","4cpu-amd",0.75,"SMA",3,1.27
"pc2","4cpu-amd",0.75,"SMA",3,1.23
"pc2","4cpu-amd",0.75,"SMA",4,1.25
"pc2","4cpu-amd",0.75,"SMA",2,1.29
"pc2","4cpu-amd",0.75,"SMA",1,1.29
"pc2","4cpu-amd",0.75,"SMA",4,1.26
"pc2","4cpu-amd",0.75,"SMA",1,1.26
"pc2","4cpu-amd",0.75,"SMA",2,1.28
"pc2","4cpu-amd",0.75,"SMA",3,1.28
"pc2","4cpu-amd",0.75,"SMA",4,1.26
"pc2","4cpu-amd",0.75,"SMA",1,1.26
"pc2","4cpu-amd",0.75,"SMA",2,1.26
"pc2","4cpu-amd",0.75,"SMA",3,1.27
"pc2","4cpu-amd",0.75,"SMA",4,1.24
"pc2","4cpu-amd",0.75,"SMA",1,1.28
"pc2","4cpu-amd",0.75,"SMA",2,1.28
"pc2","4cpu-amd",0.75,"SMA",3,1.28
"pc2","4cpu-amd",0.85,"SMA",3,1.2
"pc2","4cpu-amd",0.85,"SMA",1,1.24
"pc2","4cpu-amd",0.85,"SMA",2,1.24
"pc2","4cpu-amd",0.85,"SMA",4,2.4
"pc2","4cpu-amd",0.85,"SMA",3,1.06
"pc2","4cpu-amd",0.85,"SMA",1,1.25
"pc2","4cpu-amd",0.85,"SMA",2,1.26
"pc2","4cpu-amd",0.85,"SMA",4,2.26
"pc2","4cpu-amd",0.85,"SMA",3,1.05
"pc2","4cpu-amd",0.85,"SMA",1,1.08
"pc2","4cpu-amd",0.85,"SMA",4,1.06
"pc2","4cpu-amd",0.85,"SMA",2,0.01
"pc2","4cpu-amd",0.85,"SMA",4,1.08
"pc2","4cpu-amd",0.85,"SMA",1,1.08
"pc2","4cpu-amd",0.85,"SMA",3,1.08
"pc2","4cpu-amd",0.85,"SMA",2,0.01
"pc2","4cpu-amd",0.85,"SMA",1,1.05
"pc2","4cpu-amd",0.85,"SMA",4,1.05
"pc2","4cpu-amd",0.85,"SMA",3,1.06
"pc2","4cpu-amd",0.85,"SMA",3,1.07
"pc2","4cpu-amd",0.85,"SMA",1,1.05
"pc2","4cpu-amd",0.85,"SMA",4,1.05
"pc2","4cpu-amd",0.85,"SMA",2,0.01
"pc2","4cpu-amd",0.85,"SMA",4,1.06
"pc2","4cpu-amd",0.85,"SMA",1,1.06
"pc2","4cpu-amd",0.85,"SMA",3,1.06
"pc2","4cpu-amd",0.85,"SMA",2,0.01
"pc2","4cpu-amd",0.85,"SMA",4,1.02
"pc2","4cpu-amd",0.85,"SMA",3,1.05
"pc2","4cpu-amd",0.85,"SMA",1,1.05
"pc2","4cpu-amd",0.85,"SMA",3,1.04
"pc2","4cpu-amd",0.85,"SMA",4,1.04
"pc2","4cpu-amd",0.85,"SMA",1,1.09
"pc2","4cpu-amd",0.85,"SMA",1,1.05
"pc2","4cpu-amd",0.85,"SMA",3,1.09
"pc2","4cpu-amd",0.85,"SMA",4,1.04
"pc2","4cpu-amd",0.85,"SMA",2,0.01
"pc2","4cpu-amd",0.85,"SMA",4,1.06
"pc2","4cpu-amd",0.85,"SMA",1,1.06
"pc2","4cpu-amd",0.85,"SMA",3,1.05
"pc2","4cpu-amd",0.85,"SMA",2,0.01
"pc2","4cpu-amd",0.85,"SMA",4,1.06
"pc2","4cpu-amd",0.85,"SMA",3,1.06
"pc2","4cpu-amd",0.85,"SMA",1,1.09
"pc2","4cpu-amd",0.85,"SMA",2,0.01
"pc2","4cpu-amd",0.85,"SMA",1,1.08
"pc2","4cpu-amd",0.85,"SMA",3,1.08
"pc2","4cpu-amd",0.85,"SMA",4,1.09
"pc2","4cpu-amd",0.85,"SMA",1,1.06
"pc2","4cpu-amd",0.85,"SMA",4,1.07
"pc2","4cpu-amd",0.85,"SMA",3,1.08
"pc2","4cpu-amd",0.85,"SMA",2,1.23
"pc2","4cpu-amd",0.85,"SMA",4,1.05
"pc2","4cpu-amd",0.85,"SMA",1,1.08
"pc2","4cpu-amd",0.85,"SMA",3,1.07
"pc2","4cpu-amd",0.85,"SMA",2,1.24
"pc2","4cpu-amd",0.85,"SMA",1,1.08
"pc2","4cpu-amd",0.85,"SMA",3,1.08
"pc2","4cpu-amd",0.85,"SMA",4,1.08
"pc2","4cpu-amd",0.85,"SMA",2,1.16
"pc2","4cpu-amd",0.85,"SMA",2,1.07
"pc2","4cpu-amd",0.85,"SMA",1,1.08
"pc2","4cpu-amd",0.85,"SMA",3,1.08
"pc2","4cpu-amd",0.85,"SMA",4,1.07
"pc2","4cpu-amd",0.85,"SMA",2,1.07
"pc2","4cpu-amd",0.85,"SMA",3,1.1
"pc2","4cpu-amd",0.85,"SMA",1,1.1
"pc2","4cpu-amd",0.85,"SMA",4,1.12
"pc2","4cpu-amd",0.85,"SMA",2,1.08
"pc2","4cpu-amd",0.85,"SMA",4,1.11
"pc2","4cpu-amd",0.85,"SMA",1,1.14
"pc2","4cpu-amd",0.85,"SMA",3,1.13
"pc2","4cpu-amd",0.85,"SMA",2,1.09
"pc2","4cpu-amd",0.85,"SMA",1,1.11
"pc2","4cpu-amd",0.85,"SMA",4,1.1
"pc2","4cpu-amd",0.85,"SMA",3,1.1
"pc2","4cpu-amd",0.85,"SMA",2,1.08
"pc2","4cpu-amd",0.85,"SMA",4,1.06
"pc2","4cpu-amd",0.85,"SMA",1,1.12
"pc2","4cpu-amd",0.85,"SMA",3,1.12
"pc2","4cpu-amd",0.85,"SMA",4,1.1
"pc2","4cpu-amd",0.85,"SMA",2,1.1
"pc2","4cpu-amd",0.85,"SMA",1,1.13
"pc2","4cpu-amd",0.85,"SMA",3,1.12
"pc2","4cpu-amd",0.85,"SMA",1,1.1
"pc2","4cpu-amd",0.85,"SMA",2,1.1
"pc2","4cpu-amd",0.85,"SMA",3,1.1
"pc2","4cpu-amd",0.85,"SMA",4,1.11
"pc2","4cpu-amd",0.85,"SMA",2,1.07
"pc2","4cpu-amd",0.85,"SMA",4,1.08
"pc2","4cpu-amd",0.85,"SMA",1,1.12
"pc2","4cpu-amd",0.85,"SMA",3,1.13
"pc2","4cpu-amd",0.85,"SMA",2,1.07
"pc2","4cpu-amd",0.85,"SMA",1,1.13
"pc2","4cpu-amd",0.85,"SMA",4,1.09
"pc2","4cpu-amd",0.85,"SMA",3,1.11
"pc2","4cpu-amd",0.85,"SMA",2,1.07
"pc2","4cpu-amd",0.85,"SMA",4,1.07
"pc2","4cpu-amd",0.85,"SMA",1,1.11
"pc2","4cpu-amd",0.85,"SMA",3,1.13
"pc2","4cpu-amd",0.85,"SMA",1,1.1
"pc2","4cpu-amd",0.85,"SMA",4,1.08
"pc2","4cpu-amd",0.85,"SMA",2,1.11
"pc2","4cpu-amd",0.85,"SMA",3,1.1
"pc2","4cpu-amd",0.85,"SMA",1,1.09
"pc2","4cpu-amd",0.85,"SMA",2,1.09
"pc2","4cpu-amd",0.85,"SMA",4,1.09
"pc2","4cpu-amd",0.85,"SMA",3,1.11
"pc2","4cpu-amd",0.85,"SMA",1,1.08
"pc2","4cpu-amd",0.85,"SMA",2,1.09
"pc2","4cpu-amd",0.85,"SMA",3,1.11
"pc2","4cpu-amd",0.85,"SMA",4,1.11
"pc2","4cpu-amd",0.85,"SMA",2,1.08
"pc2","4cpu-amd",0.85,"SMA",3,1.08
"pc2","4cpu-amd",0.85,"SMA",1,1.09
"pc2","4cpu-amd",0.85,"SMA",4,1.08
"pc2","4cpu-amd",0.95,"SMA",2,0.01
"pc2","4cpu-amd",0.95,"SMA",3,1.04
"pc2","4cpu-amd",0.95,"SMA",4,1.04
"pc2","4cpu-amd",0.95,"SMA",1,1.04
"pc2","4cpu-amd",0.95,"SMA",2,0.02
"pc2","4cpu-amd",0.95,"SMA",1,1.09
"pc2","4cpu-amd",0.95,"SMA",4,1.05
"pc2","4cpu-amd",0.95,"SMA",3,1.09
"pc2","4cpu-amd",0.95,"SMA",2,0.01
"pc2","4cpu-amd",0.95,"SMA",3,0.93
"pc2","4cpu-amd",0.95,"SMA",4,0.93
"pc2","4cpu-amd",0.95,"SMA",1,1.03
"pc2","4cpu-amd",0.95,"SMA",1,0.95
"pc2","4cpu-amd",0.95,"SMA",3,0.95
"pc2","4cpu-amd",0.95,"SMA",4,0.95
"pc2","4cpu-amd",0.95,"SMA",2,1.08
"pc2","4cpu-amd",0.95,"SMA",1,0.95
"pc2","4cpu-amd",0.95,"SMA",3,0.94
"pc2","4cpu-amd",0.95,"SMA",4,0.94
"pc2","4cpu-amd",0.95,"SMA",2,1.08
"pc2","4cpu-amd",0.95,"SMA",3,0.94
"pc2","4cpu-amd",0.95,"SMA",1,0.96
"pc2","4cpu-amd",0.95,"SMA",4,0.96
"pc2","4cpu-amd",0.95,"SMA",2,1.03
"pc2","4cpu-amd",0.95,"SMA",3,0.94
"pc2","4cpu-amd",0.95,"SMA",1,0.94
"pc2","4cpu-amd",0.95,"SMA",2,0.94
"pc2","4cpu-amd",0.95,"SMA",4,0.96
"pc2","4cpu-amd",0.95,"SMA",2,0.95
"pc2","4cpu-amd",0.95,"SMA",3,0.95
"pc2","4cpu-amd",0.95,"SMA",1,0.95
"pc2","4cpu-amd",0.95,"SMA",4,0.94
"pc2","4cpu-amd",0.95,"SMA",4,0.94
"pc2","4cpu-amd",0.95,"SMA",1,0.94
"pc2","4cpu-amd",0.95,"SMA",2,0.95
"pc2","4cpu-amd",0.95,"SMA",3,0.95
"pc2","4cpu-amd",0.95,"SMA",4,0.94
"pc2","4cpu-amd",0.95,"SMA",3,0.95
"pc2","4cpu-amd",0.95,"SMA",2,0.95
"pc2","4cpu-amd",0.95,"SMA",1,0.98
"pc2","4cpu-amd",0.95,"SMA",1,0.95
"pc2","4cpu-amd",0.95,"SMA",2,0.95
"pc2","4cpu-amd",0.95,"SMA",3,0.94
"pc2","4cpu-amd",0.95,"SMA",4,0.94
"pc2","4cpu-amd",0.95,"SMA",1,0.95
"pc2","4cpu-amd",0.95,"SMA",3,0.95
"pc2","4cpu-amd",0.95,"SMA",2,0.95
"pc2","4cpu-amd",0.95,"SMA",4,0.96
"pc2","4cpu-amd",0.95,"SMA",1,0.94
"pc2","4cpu-amd",0.95,"SMA",3,0.93
"pc2","4cpu-amd",0.95,"SMA",2,0.93
"pc2","4cpu-amd",0.95,"SMA",4,0.94
"pc2","4cpu-amd",0.95,"SMA",3,0.93
"pc2","4cpu-amd",0.95,"SMA",2,0.94
"pc2","4cpu-amd",0.95,"SMA",1,0.94
"pc2","4cpu-amd",0.95,"SMA",4,0.94
"pc2","4cpu-amd",0.95,"SMA",1,0.95
"pc2","4cpu-amd",0.95,"SMA",2,0.95
"pc2","4cpu-amd",0.95,"SMA",4,0.95
"pc2","4cpu-amd",0.95,"SMA",3,0.95
"pc2","4cpu-amd",0.95,"SMA",2,0.94
"pc2","4cpu-amd",0.95,"SMA",1,0.94
"pc2","4cpu-amd",0.95,"SMA",3,0.93
"pc2","4cpu-amd",0.95,"SMA",4,0.96
"pc2","4cpu-amd",0.95,"SMA",1,0.95
"pc2","4cpu-amd",0.95,"SMA",2,0.96
"pc2","4cpu-amd",0.95,"SMA",3,0.96
"pc2","4cpu-amd",0.95,"SMA",4,0.96
"pc2","4cpu-amd",0.95,"SMA",1,0.96
"pc2","4cpu-amd",0.95,"SMA",3,0.95
"pc2","4cpu-amd",0.95,"SMA",2,0.98
"pc2","4cpu-amd",0.95,"SMA",4,0.97
"pc2","4cpu-amd",0.95,"SMA",2,0.95
"pc2","4cpu-amd",0.95,"SMA",1,0.95
"pc2","4cpu-amd",0.95,"SMA",3,0.95
"pc2","4cpu-amd",0.95,"SMA",4,0.97
"pc2","4cpu-amd",0.95,"SMA",1,0.95
"pc2","4cpu-amd",0.95,"SMA",2,0.95
"pc2","4cpu-amd",0.95,"SMA",4,0.97
"pc2","4cpu-amd",0.95,"SMA",3,0.98
"pc2","4cpu-amd",0.95,"SMA",2,0.94
"pc2","4cpu-amd",0.95,"SMA",1,0.97
"pc2","4cpu-amd",0.95,"SMA",3,0.97
"pc2","4cpu-amd",0.95,"SMA",4,0.96
"pc2","4cpu-amd",0.95,"SMA",1,0.98
"pc2","4cpu-amd",0.95,"SMA",2,0.96
"pc2","4cpu-amd",0.95,"SMA",3,0.96
"pc2","4cpu-amd",0.95,"SMA",4,0.97
"pc2","4cpu-amd",0.95,"SMA",2,0.97
"pc2","4cpu-amd",0.95,"SMA",1,0.97
"pc2","4cpu-amd",0.95,"SMA",4,0.96
"pc2","4cpu-amd",0.95,"SMA",3,0.96
"pc2","4cpu-amd",0.95,"SMA",3,0.94
"pc2","4cpu-amd",0.95,"SMA",1,0.99
"pc2","4cpu-amd",0.95,"SMA",4,0.95
"pc2","4cpu-amd",0.95,"SMA",2,1
"pc2","4cpu-amd",0.95,"SMA",2,0.95
"pc2","4cpu-amd",0.95,"SMA",4,0.96
"pc2","4cpu-amd",0.95,"SMA",3,0.97
"pc2","4cpu-amd",0.95,"SMA",1,0.99
"pc2","4cpu-amd",0.95,"SMA",1,0.94
"pc2","4cpu-amd",0.95,"SMA",2,0.96
"pc2","4cpu-amd",0.95,"SMA",3,0.96
"pc2","4cpu-amd",0.95,"SMA",4,0.97
"pc2","4cpu-amd",0.95,"SMA",2,0.95
"pc2","4cpu-amd",0.95,"SMA",1,0.97
"pc2","4cpu-amd",0.95,"SMA",3,0.97
"pc2","4cpu-amd",0.95,"SMA",4,0.96
"pc2","4cpu-amd",0.95,"SMA",1,0.96
"pc2","4cpu-amd",0.95,"SMA",3,0.96
"pc2","4cpu-amd",0.95,"SMA",4,1
"pc2","4cpu-amd",0.95,"SMA",2,1
"pc2","4cpu-amd",0.95,"SMA",2,0.98
"pc2","4cpu-amd",0.95,"SMA",1,0.97
"pc2","4cpu-amd",0.95,"SMA",4,0.97
"pc2","4cpu-amd",0.95,"SMA",3,0.97
"pc2","4cpu-amd",0.95,"SMA",1,0.99
"pc2","4cpu-amd",0.95,"SMA",4,0.98
"pc2","4cpu-amd",0.95,"SMA",2,0.98
"pc2","4cpu-amd",0.95,"SMA",3,0.98
"pc3","2cpu-dc",0.05,"stine",2,42.82
"pc3","2cpu-dc",0.05,"stine",1,44.26
"pc3","2cpu-dc",0.05,"stine",1,45.16
"pc3","2cpu-dc",0.05,"stine",2,45.55
"pc3","2cpu-dc",0.05,"stine",1,42.76
"pc3","2cpu-dc",0.05,"stine",2,42.76
"pc3","2cpu-dc",0.05,"stine",1,43.16
"pc3","2cpu-dc",0.05,"stine",2,43.34
"pc3","2cpu-dc",0.05,"stine",1,43.06
"pc3","2cpu-dc",0.05,"stine",2,43.06
"pc3","2cpu-dc",0.05,"stine",1,43.06
"pc3","2cpu-dc",0.05,"stine",2,43.35
"pc3","2cpu-dc",0.05,"stine",2,43.38
"pc3","2cpu-dc",0.05,"stine",1,43.49
"pc3","2cpu-dc",0.05,"stine",1,43.27
"pc3","2cpu-dc",0.05,"stine",2,43.45
"pc3","2cpu-dc",0.05,"stine",1,43.27
"pc3","2cpu-dc",0.05,"stine",2,43.36
"pc3","2cpu-dc",0.05,"stine",2,43.07
"pc3","2cpu-dc",0.05,"stine",1,43.18
"pc3","2cpu-dc",0.05,"stine",1,42.47
"pc3","2cpu-dc",0.05,"stine",2,42.95
"pc3","2cpu-dc",0.05,"stine",1,43.37
"pc3","2cpu-dc",0.05,"stine",2,43.66
"pc3","2cpu-dc",0.05,"stine",2,43.65
"pc3","2cpu-dc",0.05,"stine",1,43.86
"pc3","2cpu-dc",0.05,"stine",2,43.36
"pc3","2cpu-dc",0.05,"stine",1,43.57
"pc3","2cpu-dc",0.05,"stine",2,43.45
"pc3","2cpu-dc",0.05,"stine",1,46.98
"pc3","2cpu-dc",0.05,"stine",2,43.15
"pc3","2cpu-dc",0.05,"stine",1,43.26
"pc3","2cpu-dc",0.05,"stine",1,43.08
"pc3","2cpu-dc",0.05,"stine",2,43.18
"pc3","2cpu-dc",0.05,"stine",1,43.09
"pc3","2cpu-dc",0.05,"stine",2,43.48
"pc3","2cpu-dc",0.05,"stine",1,42.76
"pc3","2cpu-dc",0.05,"stine",2,42.86
"pc3","2cpu-dc",0.05,"stine",1,43.07
"pc3","2cpu-dc",0.05,"stine",2,43.27
"pc3","2cpu-dc",0.05,"stine",2,43.26
"pc3","2cpu-dc",0.05,"stine",1,43.77
"pc3","2cpu-dc",0.05,"stine",2,43.26
"pc3","2cpu-dc",0.05,"stine",1,43.46
"pc3","2cpu-dc",0.05,"stine",2,43.95
"pc3","2cpu-dc",0.05,"stine",1,44.26
"pc3","2cpu-dc",0.05,"stine",2,43.25
"pc3","2cpu-dc",0.05,"stine",1,43.46
"pc3","2cpu-dc",0.05,"stine",1,42.87
"pc3","2cpu-dc",0.05,"stine",2,43.35
"pc3","2cpu-dc",0.05,"stine",1,43.08
"pc3","2cpu-dc",0.05,"stine",2,43.15
"pc3","2cpu-dc",0.05,"stine",2,43.18
"pc3","2cpu-dc",0.05,"stine",1,43.28
"pc3","2cpu-dc",0.05,"stine",2,43.37
"pc3","2cpu-dc",0.05,"stine",1,43.37
"pc3","2cpu-dc",0.05,"stine",2,43.25
"pc3","2cpu-dc",0.05,"stine",1,43.57
"pc3","2cpu-dc",0.05,"stine",1,42.77
"pc3","2cpu-dc",0.05,"stine",2,42.96
"pc3","2cpu-dc",0.15,"stine",1,13.3
"pc3","2cpu-dc",0.15,"stine",2,13.38
"pc3","2cpu-dc",0.15,"stine",1,13.47
"pc3","2cpu-dc",0.15,"stine",2,13.47
"pc3","2cpu-dc",0.15,"stine",2,12.03
"pc3","2cpu-dc",0.15,"stine",1,12.13
"pc3","2cpu-dc",0.15,"stine",2,11.97
"pc3","2cpu-dc",0.15,"stine",1,12.17
"pc3","2cpu-dc",0.15,"stine",2,11.96
"pc3","2cpu-dc",0.15,"stine",1,12.17
"pc3","2cpu-dc",0.15,"stine",2,12.56
"pc3","2cpu-dc",0.15,"stine",1,12.76
"pc3","2cpu-dc",0.15,"stine",2,12.76
"pc3","2cpu-dc",0.15,"stine",1,12.87
"pc3","2cpu-dc",0.15,"stine",2,12.56
"pc3","2cpu-dc",0.15,"stine",1,12.58
"pc3","2cpu-dc",0.15,"stine",2,12.75
"pc3","2cpu-dc",0.15,"stine",1,12.86
"pc3","2cpu-dc",0.15,"stine",1,12.16
"pc3","2cpu-dc",0.15,"stine",2,12.18
"pc3","2cpu-dc",0.15,"stine",2,12.95
"pc3","2cpu-dc",0.15,"stine",1,13.05
"pc3","2cpu-dc",0.15,"stine",2,13.08
"pc3","2cpu-dc",0.15,"stine",1,13.28
"pc3","2cpu-dc",0.15,"stine",1,12.08
"pc3","2cpu-dc",0.15,"stine",2,12.15
"pc3","2cpu-dc",0.15,"stine",2,12.09
"pc3","2cpu-dc",0.15,"stine",1,12.1
"pc3","2cpu-dc",0.15,"stine",2,12.13
"pc3","2cpu-dc",0.15,"stine",1,12.24
"pc3","2cpu-dc",0.15,"stine",2,12.19
"pc3","2cpu-dc",0.15,"stine",1,12.29
"pc3","2cpu-dc",0.15,"stine",2,12.28
"pc3","2cpu-dc",0.15,"stine",1,12.38
"pc3","2cpu-dc",0.15,"stine",1,12.09
"pc3","2cpu-dc",0.15,"stine",2,12.19
"pc3","2cpu-dc",0.15,"stine",1,12.27
"pc3","2cpu-dc",0.15,"stine",2,12.57
"pc3","2cpu-dc",0.15,"stine",2,12.16
"pc3","2cpu-dc",0.15,"stine",1,12.46
"pc3","2cpu-dc",0.15,"stine",1,12.36
"pc3","2cpu-dc",0.15,"stine",2,12.36
"pc3","2cpu-dc",0.15,"stine",1,12.47
"pc3","2cpu-dc",0.15,"stine",2,12.55
"pc3","2cpu-dc",0.15,"stine",2,12.38
"pc3","2cpu-dc",0.15,"stine",1,12.38
"pc3","2cpu-dc",0.15,"stine",2,12.38
"pc3","2cpu-dc",0.15,"stine",1,12.47
"pc3","2cpu-dc",0.15,"stine",1,12.56
"pc3","2cpu-dc",0.15,"stine",2,12.56
"pc3","2cpu-dc",0.15,"stine",2,12.38
"pc3","2cpu-dc",0.15,"stine",1,12.38
"pc3","2cpu-dc",0.15,"stine",2,12.45
"pc3","2cpu-dc",0.15,"stine",1,12.45
"pc3","2cpu-dc",0.15,"stine",2,12.28
"pc3","2cpu-dc",0.15,"stine",1,12.39
"pc3","2cpu-dc",0.15,"stine",2,12.36
"pc3","2cpu-dc",0.15,"stine",1,12.48
"pc3","2cpu-dc",0.15,"stine",2,12.36
"pc3","2cpu-dc",0.15,"stine",1,12.57
"pc3","2cpu-dc",0.25,"stine",2,7.37
"pc3","2cpu-dc",0.25,"stine",1,7.46
"pc3","2cpu-dc",0.25,"stine",2,7.5
"pc3","2cpu-dc",0.25,"stine",1,7.59
"pc3","2cpu-dc",0.25,"stine",2,6.67
"pc3","2cpu-dc",0.25,"stine",1,6.68
"pc3","2cpu-dc",0.25,"stine",1,6.83
"pc3","2cpu-dc",0.25,"stine",2,6.83
"pc3","2cpu-dc",0.25,"stine",1,6.86
"pc3","2cpu-dc",0.25,"stine",2,6.86
"pc3","2cpu-dc",0.25,"stine",2,6.76
"pc3","2cpu-dc",0.25,"stine",1,6.77
"pc3","2cpu-dc",0.25,"stine",1,6.67
"pc3","2cpu-dc",0.25,"stine",2,6.68
"pc3","2cpu-dc",0.25,"stine",1,6.68
"pc3","2cpu-dc",0.25,"stine",2,6.68
"pc3","2cpu-dc",0.25,"stine",2,6.69
"pc3","2cpu-dc",0.25,"stine",1,6.69
"pc3","2cpu-dc",0.25,"stine",1,6.76
"pc3","2cpu-dc",0.25,"stine",2,6.76
"pc3","2cpu-dc",0.25,"stine",2,6.74
"pc3","2cpu-dc",0.25,"stine",1,6.75
"pc3","2cpu-dc",0.25,"stine",2,6.86
"pc3","2cpu-dc",0.25,"stine",1,6.87
"pc3","2cpu-dc",0.25,"stine",1,6.68
"pc3","2cpu-dc",0.25,"stine",2,6.69
"pc3","2cpu-dc",0.25,"stine",1,6.67
"pc3","2cpu-dc",0.25,"stine",2,6.74
"pc3","2cpu-dc",0.25,"stine",2,6.8
"pc3","2cpu-dc",0.25,"stine",1,6.8
"pc3","2cpu-dc",0.25,"stine",2,6.85
"pc3","2cpu-dc",0.25,"stine",1,6.86
"pc3","2cpu-dc",0.25,"stine",1,6.73
"pc3","2cpu-dc",0.25,"stine",2,6.73
"pc3","2cpu-dc",0.25,"stine",2,6.84
"pc3","2cpu-dc",0.25,"stine",1,6.86
"pc3","2cpu-dc",0.25,"stine",2,6.67
"pc3","2cpu-dc",0.25,"stine",1,6.69
"pc3","2cpu-dc",0.25,"stine",1,6.66
"pc3","2cpu-dc",0.25,"stine",2,6.75
"pc3","2cpu-dc",0.25,"stine",1,6.6
"pc3","2cpu-dc",0.25,"stine",2,6.78
"pc3","2cpu-dc",0.25,"stine",1,6.88
"pc3","2cpu-dc",0.25,"stine",2,6.95
"pc3","2cpu-dc",0.25,"stine",2,6.8
"pc3","2cpu-dc",0.25,"stine",1,6.81
"pc3","2cpu-dc",0.25,"stine",1,7.01
"pc3","2cpu-dc",0.25,"stine",2,7.01
"pc3","2cpu-dc",0.25,"stine",2,6.98
"pc3","2cpu-dc",0.25,"stine",1,6.98
"pc3","2cpu-dc",0.25,"stine",1,6.97
"pc3","2cpu-dc",0.25,"stine",2,6.97
"pc3","2cpu-dc",0.25,"stine",2,6.97
"pc3","2cpu-dc",0.25,"stine",1,7.06
"pc3","2cpu-dc",0.25,"stine",2,6.76
"pc3","2cpu-dc",0.25,"stine",1,6.79
"pc3","2cpu-dc",0.25,"stine",2,6.88
"pc3","2cpu-dc",0.25,"stine",1,6.98
"pc3","2cpu-dc",0.25,"stine",2,6.77
"pc3","2cpu-dc",0.25,"stine",1,6.88
"pc3","2cpu-dc",0.35,"stine",1,5.17
"pc3","2cpu-dc",0.35,"stine",2,5.17
"pc3","2cpu-dc",0.35,"stine",1,5.34
"pc3","2cpu-dc",0.35,"stine",2,5.34
"pc3","2cpu-dc",0.35,"stine",1,4.69
"pc3","2cpu-dc",0.35,"stine",2,4.69
"pc3","2cpu-dc",0.35,"stine",1,4.66
"pc3","2cpu-dc",0.35,"stine",2,4.66
"pc3","2cpu-dc",0.35,"stine",1,4.67
"pc3","2cpu-dc",0.35,"stine",2,4.73
"pc3","2cpu-dc",0.35,"stine",1,4.6
"pc3","2cpu-dc",0.35,"stine",2,4.6
"pc3","2cpu-dc",0.35,"stine",2,4.63
"pc3","2cpu-dc",0.35,"stine",1,4.65
"pc3","2cpu-dc",0.35,"stine",2,4.57
"pc3","2cpu-dc",0.35,"stine",1,4.69
"pc3","2cpu-dc",0.35,"stine",2,4.49
"pc3","2cpu-dc",0.35,"stine",1,4.59
"pc3","2cpu-dc",0.35,"stine",2,4.56
"pc3","2cpu-dc",0.35,"stine",1,4.59
"pc3","2cpu-dc",0.35,"stine",2,4.66
"pc3","2cpu-dc",0.35,"stine",1,4.68
"pc3","2cpu-dc",0.35,"stine",2,4.57
"pc3","2cpu-dc",0.35,"stine",1,4.65
"pc3","2cpu-dc",0.35,"stine",2,4.61
"pc3","2cpu-dc",0.35,"stine",1,4.61
"pc3","2cpu-dc",0.35,"stine",1,4.65
"pc3","2cpu-dc",0.35,"stine",2,4.65
"pc3","2cpu-dc",0.35,"stine",2,4.67
"pc3","2cpu-dc",0.35,"stine",1,4.67
"pc3","2cpu-dc",0.35,"stine",2,4.72
"pc3","2cpu-dc",0.35,"stine",1,4.75
"pc3","2cpu-dc",0.35,"stine",2,4.67
"pc3","2cpu-dc",0.35,"stine",1,4.75
"pc3","2cpu-dc",0.35,"stine",2,4.58
"pc3","2cpu-dc",0.35,"stine",1,4.68
"pc3","2cpu-dc",0.35,"stine",2,4.52
"pc3","2cpu-dc",0.35,"stine",1,4.62
"pc3","2cpu-dc",0.35,"stine",2,4.78
"pc3","2cpu-dc",0.35,"stine",1,4.86
"pc3","2cpu-dc",0.35,"stine",1,4.6
"pc3","2cpu-dc",0.35,"stine",2,4.6
"pc3","2cpu-dc",0.35,"stine",1,4.64
"pc3","2cpu-dc",0.35,"stine",2,4.71
"pc3","2cpu-dc",0.35,"stine",1,4.67
"pc3","2cpu-dc",0.35,"stine",2,4.69
"pc3","2cpu-dc",0.35,"stine",1,4.67
"pc3","2cpu-dc",0.35,"stine",2,4.67
"pc3","2cpu-dc",0.35,"stine",1,4.69
"pc3","2cpu-dc",0.35,"stine",2,4.76
"pc3","2cpu-dc",0.35,"stine",1,4.69
"pc3","2cpu-dc",0.35,"stine",2,4.77
"pc3","2cpu-dc",0.35,"stine",2,4.61
"pc3","2cpu-dc",0.35,"stine",1,4.61
"pc3","2cpu-dc",0.35,"stine",2,4.76
"pc3","2cpu-dc",0.35,"stine",1,4.76
"pc3","2cpu-dc",0.35,"stine",2,4.77
"pc3","2cpu-dc",0.35,"stine",1,4.77
"pc3","2cpu-dc",0.35,"stine",1,4.74
"pc3","2cpu-dc",0.35,"stine",2,4.74
"pc3","2cpu-dc",0.45,"stine",2,3.91
"pc3","2cpu-dc",0.45,"stine",1,3.91
"pc3","2cpu-dc",0.45,"stine",2,3.97
"pc3","2cpu-dc",0.45,"stine",1,3.97
"pc3","2cpu-dc",0.45,"stine",2,3.44
"pc3","2cpu-dc",0.45,"stine",1,3.47
"pc3","2cpu-dc",0.45,"stine",2,3.46
"pc3","2cpu-dc",0.45,"stine",1,3.46
"pc3","2cpu-dc",0.45,"stine",2,3.44
"pc3","2cpu-dc",0.45,"stine",1,3.46
"pc3","2cpu-dc",0.45,"stine",1,3.47
"pc3","2cpu-dc",0.45,"stine",2,3.48
"pc3","2cpu-dc",0.45,"stine",1,3.49
"pc3","2cpu-dc",0.45,"stine",2,3.57
"pc3","2cpu-dc",0.45,"stine",1,3.47
"pc3","2cpu-dc",0.45,"stine",2,3.46
"pc3","2cpu-dc",0.45,"stine",2,3.47
"pc3","2cpu-dc",0.45,"stine",1,3.5
"pc3","2cpu-dc",0.45,"stine",1,3.45
"pc3","2cpu-dc",0.45,"stine",2,3.44
"pc3","2cpu-dc",0.45,"stine",1,3.48
"pc3","2cpu-dc",0.45,"stine",2,3.48
"pc3","2cpu-dc",0.45,"stine",2,3.44
"pc3","2cpu-dc",0.45,"stine",1,3.47
"pc3","2cpu-dc",0.45,"stine",1,3.47
"pc3","2cpu-dc",0.45,"stine",2,3.47
"pc3","2cpu-dc",0.45,"stine",2,3.42
"pc3","2cpu-dc",0.45,"stine",1,3.47
"pc3","2cpu-dc",0.45,"stine",2,3.44
"pc3","2cpu-dc",0.45,"stine",1,3.44
"pc3","2cpu-dc",0.45,"stine",2,3.43
"pc3","2cpu-dc",0.45,"stine",1,3.43
"pc3","2cpu-dc",0.45,"stine",2,3.42
"pc3","2cpu-dc",0.45,"stine",2,3.39
"pc3","2cpu-dc",0.45,"stine",1,3.46
"pc3","2cpu-dc",0.45,"stine",1,3.41
"pc3","2cpu-dc",0.45,"stine",2,3.41
"pc3","2cpu-dc",0.45,"stine",1,3.48
"pc3","2cpu-dc",0.45,"stine",2,3.55
"pc3","2cpu-dc",0.45,"stine",1,3.46
"pc3","2cpu-dc",0.45,"stine",2,3.53
"pc3","2cpu-dc",0.45,"stine",1,3.48
"pc3","2cpu-dc",0.45,"stine",2,3.5
"pc3","2cpu-dc",0.45,"stine",2,3.5
"pc3","2cpu-dc",0.45,"stine",1,3.54
"pc3","2cpu-dc",0.45,"stine",1,3.55
"pc3","2cpu-dc",0.45,"stine",2,3.54
"pc3","2cpu-dc",0.45,"stine",1,3.49
"pc3","2cpu-dc",0.45,"stine",2,3.59
"pc3","2cpu-dc",0.45,"stine",1,3.48
"pc3","2cpu-dc",0.45,"stine",2,3.56
"pc3","2cpu-dc",0.45,"stine",1,3.56
"pc3","2cpu-dc",0.45,"stine",2,3.58
"pc3","2cpu-dc",0.45,"stine",1,3.48
"pc3","2cpu-dc",0.45,"stine",2,3.48
"pc3","2cpu-dc",0.45,"stine",2,3.52
"pc3","2cpu-dc",0.45,"stine",1,3.52
"pc3","2cpu-dc",0.45,"stine",1,3.48
"pc3","2cpu-dc",0.45,"stine",2,3.48
"pc3","2cpu-dc",0.55,"stine",2,3.21
"pc3","2cpu-dc",0.55,"stine",1,3.23
"pc3","2cpu-dc",0.55,"stine",1,3.18
"pc3","2cpu-dc",0.55,"stine",2,3.18
"pc3","2cpu-dc",0.55,"stine",1,2.85
"pc3","2cpu-dc",0.55,"stine",2,2.84
"pc3","2cpu-dc",0.55,"stine",1,2.9
"pc3","2cpu-dc",0.55,"stine",2,2.89
"pc3","2cpu-dc",0.55,"stine",1,2.85
"pc3","2cpu-dc",0.55,"stine",2,2.85
"pc3","2cpu-dc",0.55,"stine",2,2.86
"pc3","2cpu-dc",0.55,"stine",1,2.88
"pc3","2cpu-dc",0.55,"stine",2,2.85
"pc3","2cpu-dc",0.55,"stine",1,2.86
"pc3","2cpu-dc",0.55,"stine",1,2.85
"pc3","2cpu-dc",0.55,"stine",2,2.87
"pc3","2cpu-dc",0.55,"stine",1,2.86
"pc3","2cpu-dc",0.55,"stine",2,2.87
"pc3","2cpu-dc",0.55,"stine",1,2.87
"pc3","2cpu-dc",0.55,"stine",2,2.86
"pc3","2cpu-dc",0.55,"stine",1,2.86
"pc3","2cpu-dc",0.55,"stine",2,2.86
"pc3","2cpu-dc",0.55,"stine",2,2.84
"pc3","2cpu-dc",0.55,"stine",1,2.86
"pc3","2cpu-dc",0.55,"stine",2,2.75
"pc3","2cpu-dc",0.55,"stine",1,2.77
"pc3","2cpu-dc",0.55,"stine",2,2.14
"pc3","2cpu-dc",0.55,"stine",1,2.86
"pc3","2cpu-dc",0.55,"stine",2,2.79
"pc3","2cpu-dc",0.55,"stine",1,2.79
"pc3","2cpu-dc",0.55,"stine",2,2.74
"pc3","2cpu-dc",0.55,"stine",1,2.8
"pc3","2cpu-dc",0.55,"stine",2,2.73
"pc3","2cpu-dc",0.55,"stine",1,2.8
"pc3","2cpu-dc",0.55,"stine",2,2.72
"pc3","2cpu-dc",0.55,"stine",1,2.79
"pc3","2cpu-dc",0.55,"stine",2,2.72
"pc3","2cpu-dc",0.55,"stine",1,2.79
"pc3","2cpu-dc",0.55,"stine",2,2.76
"pc3","2cpu-dc",0.55,"stine",1,2.77
"pc3","2cpu-dc",0.55,"stine",1,2.84
"pc3","2cpu-dc",0.55,"stine",2,2.84
"pc3","2cpu-dc",0.55,"stine",1,2.83
"pc3","2cpu-dc",0.55,"stine",2,2.81
"pc3","2cpu-dc",0.55,"stine",1,2.83
"pc3","2cpu-dc",0.55,"stine",2,2.83
"pc3","2cpu-dc",0.55,"stine",2,2.8
"pc3","2cpu-dc",0.55,"stine",1,2.82
"pc3","2cpu-dc",0.55,"stine",1,2.84
"pc3","2cpu-dc",0.55,"stine",2,2.84
"pc3","2cpu-dc",0.55,"stine",2,2.84
"pc3","2cpu-dc",0.55,"stine",1,2.84
"pc3","2cpu-dc",0.55,"stine",1,2.8
"pc3","2cpu-dc",0.55,"stine",2,2.84
"pc3","2cpu-dc",0.55,"stine",1,2.86
"pc3","2cpu-dc",0.55,"stine",2,2.86
"pc3","2cpu-dc",0.55,"stine",1,2.86
"pc3","2cpu-dc",0.55,"stine",2,2.86
"pc3","2cpu-dc",0.55,"stine",1,2.86
"pc3","2cpu-dc",0.55,"stine",2,2.86
"pc3","2cpu-dc",0.65,"stine",2,2.64
"pc3","2cpu-dc",0.65,"stine",1,2.7
"pc3","2cpu-dc",0.65,"stine",1,2.74
"pc3","2cpu-dc",0.65,"stine",2,2.74
"pc3","2cpu-dc",0.65,"stine",1,2.41
"pc3","2cpu-dc",0.65,"stine",2,2.42
"pc3","2cpu-dc",0.65,"stine",1,2.36
"pc3","2cpu-dc",0.65,"stine",2,2.38
"pc3","2cpu-dc",0.65,"stine",2,2.34
"pc3","2cpu-dc",0.65,"stine",1,2.34
"pc3","2cpu-dc",0.65,"stine",2,2.33
"pc3","2cpu-dc",0.65,"stine",1,2.34
"pc3","2cpu-dc",0.65,"stine",2,2.35
"pc3","2cpu-dc",0.65,"stine",1,2.35
"pc3","2cpu-dc",0.65,"stine",2,2.33
"pc3","2cpu-dc",0.65,"stine",1,2.34
"pc3","2cpu-dc",0.65,"stine",2,2.37
"pc3","2cpu-dc",0.65,"stine",1,2.37
"pc3","2cpu-dc",0.65,"stine",2,2.33
"pc3","2cpu-dc",0.65,"stine",1,2.35
"pc3","2cpu-dc",0.65,"stine",2,2.36
"pc3","2cpu-dc",0.65,"stine",1,2.37
"pc3","2cpu-dc",0.65,"stine",2,2.36
"pc3","2cpu-dc",0.65,"stine",1,2.36
"pc3","2cpu-dc",0.65,"stine",1,2.31
"pc3","2cpu-dc",0.65,"stine",2,2.31
"pc3","2cpu-dc",0.65,"stine",1,2.33
"pc3","2cpu-dc",0.65,"stine",2,2.32
"pc3","2cpu-dc",0.65,"stine",1,2.32
"pc3","2cpu-dc",0.65,"stine",2,2.34
"pc3","2cpu-dc",0.65,"stine",1,2.32
"pc3","2cpu-dc",0.65,"stine",2,2.32
"pc3","2cpu-dc",0.65,"stine",1,2.34
"pc3","2cpu-dc",0.65,"stine",2,2.34
"pc3","2cpu-dc",0.65,"stine",1,2.37
"pc3","2cpu-dc",0.65,"stine",1,2.3
"pc3","2cpu-dc",0.65,"stine",2,2.33
"pc3","2cpu-dc",0.65,"stine",1,2.33
"pc3","2cpu-dc",0.65,"stine",2,2.33
"pc3","2cpu-dc",0.65,"stine",1,2.34
"pc3","2cpu-dc",0.65,"stine",2,2.34
"pc3","2cpu-dc",0.65,"stine",1,2.35
"pc3","2cpu-dc",0.65,"stine",2,2.35
"pc3","2cpu-dc",0.65,"stine",1,2.36
"pc3","2cpu-dc",0.65,"stine",2,2.36
"pc3","2cpu-dc",0.65,"stine",1,2.34
"pc3","2cpu-dc",0.65,"stine",2,2.33
"pc3","2cpu-dc",0.65,"stine",2,2.35
"pc3","2cpu-dc",0.65,"stine",1,2.35
"pc3","2cpu-dc",0.65,"stine",2,2.37
"pc3","2cpu-dc",0.65,"stine",1,2.37
"pc3","2cpu-dc",0.65,"stine",1,2.35
"pc3","2cpu-dc",0.65,"stine",2,2.34
"pc3","2cpu-dc",0.65,"stine",1,2.37
"pc3","2cpu-dc",0.65,"stine",2,1.65
"pc3","2cpu-dc",0.65,"stine",1,2.35
"pc3","2cpu-dc",0.65,"stine",2,2.37
"pc3","2cpu-dc",0.65,"stine",2,2.32
"pc3","2cpu-dc",0.65,"stine",1,2.32
"pc3","2cpu-dc",0.75,"stine",2,2.29
"pc3","2cpu-dc",0.75,"stine",1,2.31
"pc3","2cpu-dc",0.75,"stine",1,2.31
"pc3","2cpu-dc",0.75,"stine",2,2.31
"pc3","2cpu-dc",0.75,"stine",1,2.06
"pc3","2cpu-dc",0.75,"stine",2,2.04
"pc3","2cpu-dc",0.75,"stine",2,2.03
"pc3","2cpu-dc",0.75,"stine",1,2.04
"pc3","2cpu-dc",0.75,"stine",1,2.03
"pc3","2cpu-dc",0.75,"stine",2,2.03
"pc3","2cpu-dc",0.75,"stine",1,2.05
"pc3","2cpu-dc",0.75,"stine",2,2.06
"pc3","2cpu-dc",0.75,"stine",2,2.01
"pc3","2cpu-dc",0.75,"stine",1,2.01
"pc3","2cpu-dc",0.75,"stine",2,2.04
"pc3","2cpu-dc",0.75,"stine",1,2.04
"pc3","2cpu-dc",0.75,"stine",1,2.01
"pc3","2cpu-dc",0.75,"stine",2,2.01
"pc3","2cpu-dc",0.75,"stine",1,2.01
"pc3","2cpu-dc",0.75,"stine",2,2.01
"pc3","2cpu-dc",0.75,"stine",2,2.01
"pc3","2cpu-dc",0.75,"stine",1,2.02
"pc3","2cpu-dc",0.75,"stine",2,2.03
"pc3","2cpu-dc",0.75,"stine",1,2.06
"pc3","2cpu-dc",0.75,"stine",2,2.04
"pc3","2cpu-dc",0.75,"stine",1,2.04
"pc3","2cpu-dc",0.75,"stine",2,2.04
"pc3","2cpu-dc",0.75,"stine",1,2.06
"pc3","2cpu-dc",0.75,"stine",2,2.06
"pc3","2cpu-dc",0.75,"stine",1,2.06
"pc3","2cpu-dc",0.75,"stine",2,2.06
"pc3","2cpu-dc",0.75,"stine",1,2.07
"pc3","2cpu-dc",0.75,"stine",1,2.01
"pc3","2cpu-dc",0.75,"stine",2,2.04
"pc3","2cpu-dc",0.75,"stine",1,2.02
"pc3","2cpu-dc",0.75,"stine",2,2.04
"pc3","2cpu-dc",0.75,"stine",2,2.02
"pc3","2cpu-dc",0.75,"stine",1,2.03
"pc3","2cpu-dc",0.75,"stine",1,2.01
"pc3","2cpu-dc",0.75,"stine",2,2.01
"pc3","2cpu-dc",0.75,"stine",2,2.04
"pc3","2cpu-dc",0.75,"stine",1,2.05
"pc3","2cpu-dc",0.75,"stine",1,2.04
"pc3","2cpu-dc",0.75,"stine",2,2.05
"pc3","2cpu-dc",0.75,"stine",2,2.06
"pc3","2cpu-dc",0.75,"stine",1,2.07
"pc3","2cpu-dc",0.75,"stine",1,2.08
"pc3","2cpu-dc",0.75,"stine",2,2.08
"pc3","2cpu-dc",0.75,"stine",2,2.05
"pc3","2cpu-dc",0.75,"stine",1,2.07
"pc3","2cpu-dc",0.75,"stine",2,2.08
"pc3","2cpu-dc",0.75,"stine",1,2.08
"pc3","2cpu-dc",0.75,"stine",1,2.08
"pc3","2cpu-dc",0.75,"stine",2,2.08
"pc3","2cpu-dc",0.75,"stine",1,2.06
"pc3","2cpu-dc",0.75,"stine",2,2.06
"pc3","2cpu-dc",0.75,"stine",2,2.08
"pc3","2cpu-dc",0.75,"stine",1,2.08
"pc3","2cpu-dc",0.75,"stine",1,2.08
"pc3","2cpu-dc",0.75,"stine",2,1.67
"pc3","2cpu-dc",0.85,"stine",1,2.04
"pc3","2cpu-dc",0.85,"stine",2,2.04
"pc3","2cpu-dc",0.85,"stine",2,2.05
"pc3","2cpu-dc",0.85,"stine",1,2.07
"pc3","2cpu-dc",0.85,"stine",2,1.86
"pc3","2cpu-dc",0.85,"stine",1,1.88
"pc3","2cpu-dc",0.85,"stine",2,1.83
"pc3","2cpu-dc",0.85,"stine",1,1.83
"pc3","2cpu-dc",0.85,"stine",2,1.85
"pc3","2cpu-dc",0.85,"stine",1,1.85
"pc3","2cpu-dc",0.85,"stine",2,1.83
"pc3","2cpu-dc",0.85,"stine",1,1.85
"pc3","2cpu-dc",0.85,"stine",2,1.85
"pc3","2cpu-dc",0.85,"stine",1,1.86
"pc3","2cpu-dc",0.85,"stine",2,1.82
"pc3","2cpu-dc",0.85,"stine",1,1.81
"pc3","2cpu-dc",0.85,"stine",1,1.83
"pc3","2cpu-dc",0.85,"stine",2,1.83
"pc3","2cpu-dc",0.85,"stine",1,1.82
"pc3","2cpu-dc",0.85,"stine",2,1.82
"pc3","2cpu-dc",0.85,"stine",1,1.82
"pc3","2cpu-dc",0.85,"stine",2,1.81
"pc3","2cpu-dc",0.85,"stine",1,1.83
"pc3","2cpu-dc",0.85,"stine",2,1.83
"pc3","2cpu-dc",0.85,"stine",1,1.82
"pc3","2cpu-dc",0.85,"stine",2,1.82
"pc3","2cpu-dc",0.85,"stine",2,1.82
"pc3","2cpu-dc",0.85,"stine",1,1.84
"pc3","2cpu-dc",0.85,"stine",2,1.8
"pc3","2cpu-dc",0.85,"stine",1,1.8
"pc3","2cpu-dc",0.85,"stine",1,1.82
"pc3","2cpu-dc",0.85,"stine",2,1.82
"pc3","2cpu-dc",0.85,"stine",2,1.77
"pc3","2cpu-dc",0.85,"stine",1,1.78
"pc3","2cpu-dc",0.85,"stine",2,1.78
"pc3","2cpu-dc",0.85,"stine",1,1.8
"pc3","2cpu-dc",0.85,"stine",2,1.8
"pc3","2cpu-dc",0.85,"stine",1,1.83
"pc3","2cpu-dc",0.85,"stine",2,1.78
"pc3","2cpu-dc",0.85,"stine",1,1.78
"pc3","2cpu-dc",0.85,"stine",2,1.8
"pc3","2cpu-dc",0.85,"stine",1,1.84
"pc3","2cpu-dc",0.85,"stine",1,1.8
"pc3","2cpu-dc",0.85,"stine",2,1.83
"pc3","2cpu-dc",0.85,"stine",1,1.84
"pc3","2cpu-dc",0.85,"stine",2,1.84
"pc3","2cpu-dc",0.85,"stine",1,1.82
"pc3","2cpu-dc",0.85,"stine",2,1.82
"pc3","2cpu-dc",0.85,"stine",1,1.85
"pc3","2cpu-dc",0.85,"stine",2,1.83
"pc3","2cpu-dc",0.85,"stine",2,1.81
"pc3","2cpu-dc",0.85,"stine",1,1.82
"pc3","2cpu-dc",0.85,"stine",1,1.84
"pc3","2cpu-dc",0.85,"stine",2,1.84
"pc3","2cpu-dc",0.85,"stine",1,1.81
"pc3","2cpu-dc",0.85,"stine",2,1.81
"pc3","2cpu-dc",0.85,"stine",1,1.81
"pc3","2cpu-dc",0.85,"stine",2,1.82
"pc3","2cpu-dc",0.85,"stine",1,1.81
"pc3","2cpu-dc",0.85,"stine",2,1.81
"pc3","2cpu-dc",0.95,"stine",2,1.8
"pc3","2cpu-dc",0.95,"stine",1,1.8
"pc3","2cpu-dc",0.95,"stine",1,1.78
"pc3","2cpu-dc",0.95,"stine",2,1.8
"pc3","2cpu-dc",0.95,"stine",2,1.61
"pc3","2cpu-dc",0.95,"stine",1,1.69
"pc3","2cpu-dc",0.95,"stine",2,1.81
"pc3","2cpu-dc",0.95,"stine",1,1.84
"pc3","2cpu-dc",0.95,"stine",1,1.58
"pc3","2cpu-dc",0.95,"stine",2,1.58
"pc3","2cpu-dc",0.95,"stine",1,1.59
"pc3","2cpu-dc",0.95,"stine",2,1.59
"pc3","2cpu-dc",0.95,"stine",1,1.57
"pc3","2cpu-dc",0.95,"stine",2,1.58
"pc3","2cpu-dc",0.95,"stine",2,1.58
"pc3","2cpu-dc",0.95,"stine",1,1.6
"pc3","2cpu-dc",0.95,"stine",1,1.58
"pc3","2cpu-dc",0.95,"stine",2,1.59
"pc3","2cpu-dc",0.95,"stine",2,2.25
"pc3","2cpu-dc",0.95,"stine",1,2.25
"pc3","2cpu-dc",0.95,"stine",1,2.24
"pc3","2cpu-dc",0.95,"stine",2,2.24
"pc3","2cpu-dc",0.95,"stine",1,1.59
"pc3","2cpu-dc",0.95,"stine",2,1.59
"pc3","2cpu-dc",0.95,"stine",2,1.62
"pc3","2cpu-dc",0.95,"stine",1,1.62
"pc3","2cpu-dc",0.95,"stine",1,1.57
"pc3","2cpu-dc",0.95,"stine",2,1.57
"pc3","2cpu-dc",0.95,"stine",1,1.58
"pc3","2cpu-dc",0.95,"stine",2,1.58
"pc3","2cpu-dc",0.95,"stine",1,1.58
"pc3","2cpu-dc",0.95,"stine",2,1.59
"pc3","2cpu-dc",0.95,"stine",2,1.6
"pc3","2cpu-dc",0.95,"stine",1,1.6
"pc3","2cpu-dc",0.95,"stine",1,1.6
"pc3","2cpu-dc",0.95,"stine",2,1.6
"pc3","2cpu-dc",0.95,"stine",1,1.58
"pc3","2cpu-dc",0.95,"stine",2,1.59
"pc3","2cpu-dc",0.95,"stine",1,1.59
"pc3","2cpu-dc",0.95,"stine",2,1.58
"pc3","2cpu-dc",0.95,"stine",1,1.57
"pc3","2cpu-dc",0.95,"stine",2,1.59
"pc3","2cpu-dc",0.95,"stine",1,1.59
"pc3","2cpu-dc",0.95,"stine",2,1.6
"pc3","2cpu-dc",0.95,"stine",1,1.63
"pc3","2cpu-dc",0.95,"stine",2,1.63
"pc3","2cpu-dc",0.95,"stine",1,1.61
"pc3","2cpu-dc",0.95,"stine",2,1.62
"pc3","2cpu-dc",0.95,"stine",1,1.62
"pc3","2cpu-dc",0.95,"stine",2,1.63
"pc3","2cpu-dc",0.95,"stine",2,1.67
"pc3","2cpu-dc",0.95,"stine",1,1.67
"pc3","2cpu-dc",0.95,"stine",1,1.63
"pc3","2cpu-dc",0.95,"stine",2,1.63
"pc3","2cpu-dc",0.95,"stine",1,1.61
"pc3","2cpu-dc",0.95,"stine",2,1.63
"pc3","2cpu-dc",0.95,"stine",2,1.61
"pc3","2cpu-dc",0.95,"stine",1,1.62
"pc3","2cpu-dc",0.95,"stine",1,1.62
"pc3","2cpu-dc",0.95,"stine",2,1.63
"pc3","2cpu-dc",0.05,"locf",1,46.07
"pc3","2cpu-dc",0.05,"locf",2,46.75
"pc3","2cpu-dc",0.05,"locf",2,46.65
"pc3","2cpu-dc",0.05,"locf",1,46.85
"pc3","2cpu-dc",0.05,"locf",1,42.66
"pc3","2cpu-dc",0.05,"locf",2,43.05
"pc3","2cpu-dc",0.05,"locf",1,42.46
"pc3","2cpu-dc",0.05,"locf",2,42.75
"pc3","2cpu-dc",0.05,"locf",2,43.07
"pc3","2cpu-dc",0.05,"locf",1,43.37
"pc3","2cpu-dc",0.05,"locf",2,42.46
"pc3","2cpu-dc",0.05,"locf",1,42.97
"pc3","2cpu-dc",0.05,"locf",2,42.95
"pc3","2cpu-dc",0.05,"locf",1,43.37
"pc3","2cpu-dc",0.05,"locf",1,43.06
"pc3","2cpu-dc",0.05,"locf",2,43.15
"pc3","2cpu-dc",0.05,"locf",2,42.68
"pc3","2cpu-dc",0.05,"locf",1,42.89
"pc3","2cpu-dc",0.05,"locf",1,42.97
"pc3","2cpu-dc",0.05,"locf",2,43.06
"pc3","2cpu-dc",0.05,"locf",1,43.08
"pc3","2cpu-dc",0.05,"locf",2,43.08
"pc3","2cpu-dc",0.05,"locf",1,43.17
"pc3","2cpu-dc",0.05,"locf",2,43.77
"pc3","2cpu-dc",0.05,"locf",1,43.46
"pc3","2cpu-dc",0.05,"locf",2,44.15
"pc3","2cpu-dc",0.05,"locf",1,42.68
"pc3","2cpu-dc",0.05,"locf",2,43.38
"pc3","2cpu-dc",0.05,"locf",1,42.99
"pc3","2cpu-dc",0.05,"locf",2,43.78
"pc3","2cpu-dc",0.05,"locf",2,43.37
"pc3","2cpu-dc",0.05,"locf",1,43.37
"pc3","2cpu-dc",0.05,"locf",2,43.78
"pc3","2cpu-dc",0.05,"locf",1,43.78
"pc3","2cpu-dc",0.05,"locf",1,43.36
"pc3","2cpu-dc",0.05,"locf",2,43.45
"pc3","2cpu-dc",0.05,"locf",1,43.16
"pc3","2cpu-dc",0.05,"locf",2,43.45
"pc3","2cpu-dc",0.05,"locf",2,43.65
"pc3","2cpu-dc",0.05,"locf",1,43.86
"pc3","2cpu-dc",0.05,"locf",2,43.25
"pc3","2cpu-dc",0.05,"locf",1,43.96
"pc3","2cpu-dc",0.05,"locf",2,43.44
"pc3","2cpu-dc",0.05,"locf",1,43.66
"pc3","2cpu-dc",0.05,"locf",2,43.16
"pc3","2cpu-dc",0.05,"locf",1,43.56
"pc3","2cpu-dc",0.05,"locf",2,43.35
"pc3","2cpu-dc",0.05,"locf",1,43.57
"pc3","2cpu-dc",0.05,"locf",1,43.24
"pc3","2cpu-dc",0.05,"locf",2,43.24
"pc3","2cpu-dc",0.05,"locf",2,43.15
"pc3","2cpu-dc",0.05,"locf",1,43.56
"pc3","2cpu-dc",0.05,"locf",1,43.46
"pc3","2cpu-dc",0.05,"locf",2,43.46
"pc3","2cpu-dc",0.05,"locf",2,43.38
"pc3","2cpu-dc",0.05,"locf",1,43.38
"pc3","2cpu-dc",0.05,"locf",2,43.56
"pc3","2cpu-dc",0.05,"locf",1,43.56
"pc3","2cpu-dc",0.05,"locf",1,42.97
"pc3","2cpu-dc",0.05,"locf",2,43.16
"pc3","2cpu-dc",0.15,"locf",2,13.3
"pc3","2cpu-dc",0.15,"locf",1,13.42
"pc3","2cpu-dc",0.15,"locf",2,13.66
"pc3","2cpu-dc",0.15,"locf",1,13.77
"pc3","2cpu-dc",0.15,"locf",2,12.16
"pc3","2cpu-dc",0.15,"locf",1,12.27
"pc3","2cpu-dc",0.15,"locf",2,12.37
"pc3","2cpu-dc",0.15,"locf",1,12.39
"pc3","2cpu-dc",0.15,"locf",2,12.35
"pc3","2cpu-dc",0.15,"locf",1,12.37
"pc3","2cpu-dc",0.15,"locf",2,12.43
"pc3","2cpu-dc",0.15,"locf",1,12.46
"pc3","2cpu-dc",0.15,"locf",2,12.18
"pc3","2cpu-dc",0.15,"locf",1,12.18
"pc3","2cpu-dc",0.15,"locf",2,12.27
"pc3","2cpu-dc",0.15,"locf",1,12.28
"pc3","2cpu-dc",0.15,"locf",1,12.22
"pc3","2cpu-dc",0.15,"locf",2,12.23
"pc3","2cpu-dc",0.15,"locf",2,12.36
"pc3","2cpu-dc",0.15,"locf",1,12.36
"pc3","2cpu-dc",0.15,"locf",2,12.33
"pc3","2cpu-dc",0.15,"locf",1,12.35
"pc3","2cpu-dc",0.15,"locf",2,12.37
"pc3","2cpu-dc",0.15,"locf",1,12.37
"pc3","2cpu-dc",0.15,"locf",2,12.25
"pc3","2cpu-dc",0.15,"locf",1,12.25
"pc3","2cpu-dc",0.15,"locf",2,12.35
"pc3","2cpu-dc",0.15,"locf",1,12.46
"pc3","2cpu-dc",0.15,"locf",2,12.17
"pc3","2cpu-dc",0.15,"locf",1,12.38
"pc3","2cpu-dc",0.15,"locf",2,12.34
"pc3","2cpu-dc",0.15,"locf",1,12.47
"pc3","2cpu-dc",0.15,"locf",2,12.75
"pc3","2cpu-dc",0.15,"locf",1,12.95
"pc3","2cpu-dc",0.15,"locf",2,12.47
"pc3","2cpu-dc",0.15,"locf",1,12.47
"pc3","2cpu-dc",0.15,"locf",1,12.46
"pc3","2cpu-dc",0.15,"locf",2,12.55
"pc3","2cpu-dc",0.15,"locf",1,12.28
"pc3","2cpu-dc",0.15,"locf",2,12.57
"pc3","2cpu-dc",0.15,"locf",2,12.56
"pc3","2cpu-dc",0.15,"locf",1,12.56
"pc3","2cpu-dc",0.15,"locf",2,12.35
"pc3","2cpu-dc",0.15,"locf",1,12.45
"pc3","2cpu-dc",0.15,"locf",2,12.38
"pc3","2cpu-dc",0.15,"locf",1,12.49
"pc3","2cpu-dc",0.15,"locf",2,12.68
"pc3","2cpu-dc",0.15,"locf",1,12.68
"pc3","2cpu-dc",0.15,"locf",2,12.45
"pc3","2cpu-dc",0.15,"locf",1,12.65
"pc3","2cpu-dc",0.15,"locf",2,12.55
"pc3","2cpu-dc",0.15,"locf",1,12.67
"pc3","2cpu-dc",0.15,"locf",2,12.36
"pc3","2cpu-dc",0.15,"locf",1,12.56
"pc3","2cpu-dc",0.15,"locf",2,12.36
"pc3","2cpu-dc",0.15,"locf",1,12.57
"pc3","2cpu-dc",0.15,"locf",2,12.26
"pc3","2cpu-dc",0.15,"locf",1,12.46
"pc3","2cpu-dc",0.15,"locf",2,12.08
"pc3","2cpu-dc",0.15,"locf",1,12.49
"pc3","2cpu-dc",0.25,"locf",2,7.36
"pc3","2cpu-dc",0.25,"locf",1,7.37
"pc3","2cpu-dc",0.25,"locf",2,7.59
"pc3","2cpu-dc",0.25,"locf",1,7.59
"pc3","2cpu-dc",0.25,"locf",1,6.64
"pc3","2cpu-dc",0.25,"locf",2,6.63
"pc3","2cpu-dc",0.25,"locf",1,6.67
"pc3","2cpu-dc",0.25,"locf",2,6.67
"pc3","2cpu-dc",0.25,"locf",1,6.67
"pc3","2cpu-dc",0.25,"locf",2,6.67
"pc3","2cpu-dc",0.25,"locf",1,6.58
"pc3","2cpu-dc",0.25,"locf",2,6.66
"pc3","2cpu-dc",0.25,"locf",1,6.67
"pc3","2cpu-dc",0.25,"locf",2,6.74
"pc3","2cpu-dc",0.25,"locf",2,6.58
"pc3","2cpu-dc",0.25,"locf",1,6.58
"pc3","2cpu-dc",0.25,"locf",1,6.67
"pc3","2cpu-dc",0.25,"locf",2,6.75
"pc3","2cpu-dc",0.25,"locf",1,6.7
"pc3","2cpu-dc",0.25,"locf",2,6.78
"pc3","2cpu-dc",0.25,"locf",2,6.68
"pc3","2cpu-dc",0.25,"locf",1,6.7
"pc3","2cpu-dc",0.25,"locf",2,6.77
"pc3","2cpu-dc",0.25,"locf",1,6.78
"pc3","2cpu-dc",0.25,"locf",2,6.67
"pc3","2cpu-dc",0.25,"locf",1,6.67
"pc3","2cpu-dc",0.25,"locf",2,6.66
"pc3","2cpu-dc",0.25,"locf",1,6.66
"pc3","2cpu-dc",0.25,"locf",2,6.67
"pc3","2cpu-dc",0.25,"locf",1,6.68
"pc3","2cpu-dc",0.25,"locf",1,6.67
"pc3","2cpu-dc",0.25,"locf",2,6.68
"pc3","2cpu-dc",0.25,"locf",1,6.78
"pc3","2cpu-dc",0.25,"locf",2,6.78
"pc3","2cpu-dc",0.25,"locf",1,6.67
"pc3","2cpu-dc",0.25,"locf",2,6.67
"pc3","2cpu-dc",0.25,"locf",1,6.65
"pc3","2cpu-dc",0.25,"locf",2,6.65
"pc3","2cpu-dc",0.25,"locf",1,6.66
"pc3","2cpu-dc",0.25,"locf",2,6.67
"pc3","2cpu-dc",0.25,"locf",1,6.68
"pc3","2cpu-dc",0.25,"locf",2,6.78
"pc3","2cpu-dc",0.25,"locf",1,6.67
"pc3","2cpu-dc",0.25,"locf",2,6.76
"pc3","2cpu-dc",0.25,"locf",1,6.69
"pc3","2cpu-dc",0.25,"locf",2,6.78
"pc3","2cpu-dc",0.25,"locf",1,6.76
"pc3","2cpu-dc",0.25,"locf",2,6.85
"pc3","2cpu-dc",0.25,"locf",1,6.69
"pc3","2cpu-dc",0.25,"locf",2,6.78
"pc3","2cpu-dc",0.25,"locf",1,6.68
"pc3","2cpu-dc",0.25,"locf",2,6.78
"pc3","2cpu-dc",0.25,"locf",1,6.68
"pc3","2cpu-dc",0.25,"locf",2,6.96
"pc3","2cpu-dc",0.25,"locf",1,6.68
"pc3","2cpu-dc",0.25,"locf",2,6.76
"pc3","2cpu-dc",0.25,"locf",1,6.69
"pc3","2cpu-dc",0.25,"locf",2,6.79
"pc3","2cpu-dc",0.25,"locf",1,6.75
"pc3","2cpu-dc",0.25,"locf",2,6.85
"pc3","2cpu-dc",0.35,"locf",2,5.13
"pc3","2cpu-dc",0.35,"locf",1,5.13
"pc3","2cpu-dc",0.35,"locf",1,5.24
"pc3","2cpu-dc",0.35,"locf",2,5.25
"pc3","2cpu-dc",0.35,"locf",1,4.58
"pc3","2cpu-dc",0.35,"locf",2,4.64
"pc3","2cpu-dc",0.35,"locf",2,4.58
"pc3","2cpu-dc",0.35,"locf",1,4.6
"pc3","2cpu-dc",0.35,"locf",2,4.58
"pc3","2cpu-dc",0.35,"locf",1,4.66
"pc3","2cpu-dc",0.35,"locf",1,4.61
"pc3","2cpu-dc",0.35,"locf",2,4.61
"pc3","2cpu-dc",0.35,"locf",2,4.64
"pc3","2cpu-dc",0.35,"locf",1,4.64
"pc3","2cpu-dc",0.35,"locf",2,4.59
"pc3","2cpu-dc",0.35,"locf",1,4.59
"pc3","2cpu-dc",0.35,"locf",1,4.67
"pc3","2cpu-dc",0.35,"locf",2,4.68
"pc3","2cpu-dc",0.35,"locf",1,4.64
"pc3","2cpu-dc",0.35,"locf",2,4.64
"pc3","2cpu-dc",0.35,"locf",1,4.65
"pc3","2cpu-dc",0.35,"locf",2,4.72
"pc3","2cpu-dc",0.35,"locf",1,4.67
"pc3","2cpu-dc",0.35,"locf",2,4.67
"pc3","2cpu-dc",0.35,"locf",1,4.55
"pc3","2cpu-dc",0.35,"locf",2,4.55
"pc3","2cpu-dc",0.35,"locf",2,4.56
"pc3","2cpu-dc",0.35,"locf",1,4.56
"pc3","2cpu-dc",0.35,"locf",2,4.59
"pc3","2cpu-dc",0.35,"locf",1,4.61
"pc3","2cpu-dc",0.35,"locf",2,4.55
"pc3","2cpu-dc",0.35,"locf",1,4.63
"pc3","2cpu-dc",0.35,"locf",2,4.5
"pc3","2cpu-dc",0.35,"locf",1,4.59
"pc3","2cpu-dc",0.35,"locf",2,4.58
"pc3","2cpu-dc",0.35,"locf",1,4.6
"pc3","2cpu-dc",0.35,"locf",2,4.66
"pc3","2cpu-dc",0.35,"locf",1,4.68
"pc3","2cpu-dc",0.35,"locf",2,4.65
"pc3","2cpu-dc",0.35,"locf",1,4.68
"pc3","2cpu-dc",0.35,"locf",1,4.78
"pc3","2cpu-dc",0.35,"locf",2,4.86
"pc3","2cpu-dc",0.35,"locf",1,4.69
"pc3","2cpu-dc",0.35,"locf",2,4.71
"pc3","2cpu-dc",0.35,"locf",1,4.57
"pc3","2cpu-dc",0.35,"locf",2,4.67
"pc3","2cpu-dc",0.35,"locf",1,4.68
"pc3","2cpu-dc",0.35,"locf",2,4.76
"pc3","2cpu-dc",0.35,"locf",1,4.57
"pc3","2cpu-dc",0.35,"locf",2,4.68
"pc3","2cpu-dc",0.35,"locf",1,4.58
"pc3","2cpu-dc",0.35,"locf",2,4.67
"pc3","2cpu-dc",0.35,"locf",1,4.69
"pc3","2cpu-dc",0.35,"locf",2,4.76
"pc3","2cpu-dc",0.35,"locf",1,4.58
"pc3","2cpu-dc",0.35,"locf",2,4.6
"pc3","2cpu-dc",0.35,"locf",1,4.65
"pc3","2cpu-dc",0.35,"locf",2,4.66
"pc3","2cpu-dc",0.35,"locf",1,4.66
"pc3","2cpu-dc",0.35,"locf",2,4.67
"pc3","2cpu-dc",0.45,"locf",2,3.92
"pc3","2cpu-dc",0.45,"locf",1,3.95
"pc3","2cpu-dc",0.45,"locf",2,3.9
"pc3","2cpu-dc",0.45,"locf",1,3.9
"pc3","2cpu-dc",0.45,"locf",1,3.44
"pc3","2cpu-dc",0.45,"locf",2,3.44
"pc3","2cpu-dc",0.45,"locf",1,3.48
"pc3","2cpu-dc",0.45,"locf",2,3.48
"pc3","2cpu-dc",0.45,"locf",2,3.45
"pc3","2cpu-dc",0.45,"locf",1,3.46
"pc3","2cpu-dc",0.45,"locf",2,3.47
"pc3","2cpu-dc",0.45,"locf",1,3.54
"pc3","2cpu-dc",0.45,"locf",1,3.48
"pc3","2cpu-dc",0.45,"locf",2,3.49
"pc3","2cpu-dc",0.45,"locf",2,3.49
"pc3","2cpu-dc",0.45,"locf",1,3.49
"pc3","2cpu-dc",0.45,"locf",2,3.44
"pc3","2cpu-dc",0.45,"locf",1,3.46
"pc3","2cpu-dc",0.45,"locf",2,3.41
"pc3","2cpu-dc",0.45,"locf",1,3.49
"pc3","2cpu-dc",0.45,"locf",2,3.46
"pc3","2cpu-dc",0.45,"locf",1,3.49
"pc3","2cpu-dc",0.45,"locf",1,3.47
"pc3","2cpu-dc",0.45,"locf",2,3.47
"pc3","2cpu-dc",0.45,"locf",2,3.46
"pc3","2cpu-dc",0.45,"locf",1,3.46
"pc3","2cpu-dc",0.45,"locf",2,3.43
"pc3","2cpu-dc",0.45,"locf",1,3.44
"pc3","2cpu-dc",0.45,"locf",1,3.49
"pc3","2cpu-dc",0.45,"locf",2,3.48
"pc3","2cpu-dc",0.45,"locf",1,3.44
"pc3","2cpu-dc",0.45,"locf",2,3.44
"pc3","2cpu-dc",0.45,"locf",2,3.44
"pc3","2cpu-dc",0.45,"locf",1,3.51
"pc3","2cpu-dc",0.45,"locf",1,3.42
"pc3","2cpu-dc",0.45,"locf",2,3.42
"pc3","2cpu-dc",0.45,"locf",2,3.48
"pc3","2cpu-dc",0.45,"locf",1,3.54
"pc3","2cpu-dc",0.45,"locf",2,3.41
"pc3","2cpu-dc",0.45,"locf",1,3.43
"pc3","2cpu-dc",0.45,"locf",1,3.46
"pc3","2cpu-dc",0.45,"locf",2,3.53
"pc3","2cpu-dc",0.45,"locf",1,3.45
"pc3","2cpu-dc",0.45,"locf",2,3.47
"pc3","2cpu-dc",0.45,"locf",1,3.44
"pc3","2cpu-dc",0.45,"locf",2,3.46
"pc3","2cpu-dc",0.45,"locf",1,3.52
"pc3","2cpu-dc",0.45,"locf",2,3.51
"pc3","2cpu-dc",0.45,"locf",2,3.55
"pc3","2cpu-dc",0.45,"locf",1,3.55
"pc3","2cpu-dc",0.45,"locf",1,3.48
"pc3","2cpu-dc",0.45,"locf",2,3.54
"pc3","2cpu-dc",0.45,"locf",1,3.5
"pc3","2cpu-dc",0.45,"locf",2,3.51
"pc3","2cpu-dc",0.45,"locf",1,3.45
"pc3","2cpu-dc",0.45,"locf",2,3.45
"pc3","2cpu-dc",0.45,"locf",2,3.57
"pc3","2cpu-dc",0.45,"locf",1,3.57
"pc3","2cpu-dc",0.45,"locf",1,3.47
"pc3","2cpu-dc",0.45,"locf",2,3.53
"pc3","2cpu-dc",0.55,"locf",2,3.18
"pc3","2cpu-dc",0.55,"locf",1,3.24
"pc3","2cpu-dc",0.55,"locf",1,3.19
"pc3","2cpu-dc",0.55,"locf",2,3.19
"pc3","2cpu-dc",0.55,"locf",1,2.88
"pc3","2cpu-dc",0.55,"locf",2,2.88
"pc3","2cpu-dc",0.55,"locf",2,2.86
"pc3","2cpu-dc",0.55,"locf",1,2.87
"pc3","2cpu-dc",0.55,"locf",1,2.86
"pc3","2cpu-dc",0.55,"locf",2,2.87
"pc3","2cpu-dc",0.55,"locf",1,2.84
"pc3","2cpu-dc",0.55,"locf",2,2.84
"pc3","2cpu-dc",0.55,"locf",2,2.83
"pc3","2cpu-dc",0.55,"locf",1,2.85
"pc3","2cpu-dc",0.55,"locf",1,2.88
"pc3","2cpu-dc",0.55,"locf",2,2.88
"pc3","2cpu-dc",0.55,"locf",1,2.86
"pc3","2cpu-dc",0.55,"locf",2,2.86
"pc3","2cpu-dc",0.55,"locf",1,2.85
"pc3","2cpu-dc",0.55,"locf",2,2.86
"pc3","2cpu-dc",0.55,"locf",2,2.87
"pc3","2cpu-dc",0.55,"locf",1,2.87
"pc3","2cpu-dc",0.55,"locf",1,2.86
"pc3","2cpu-dc",0.55,"locf",2,2.86
"pc3","2cpu-dc",0.55,"locf",1,2.85
"pc3","2cpu-dc",0.55,"locf",2,2.85
"pc3","2cpu-dc",0.55,"locf",1,2.88
"pc3","2cpu-dc",0.55,"locf",2,2.91
"pc3","2cpu-dc",0.55,"locf",2,2.78
"pc3","2cpu-dc",0.55,"locf",1,2.78
"pc3","2cpu-dc",0.55,"locf",2,2.76
"pc3","2cpu-dc",0.55,"locf",1,2.83
"pc3","2cpu-dc",0.55,"locf",2,2.71
"pc3","2cpu-dc",0.55,"locf",1,2.74
"pc3","2cpu-dc",0.55,"locf",2,2.74
"pc3","2cpu-dc",0.55,"locf",1,2.81
"pc3","2cpu-dc",0.55,"locf",1,2.78
"pc3","2cpu-dc",0.55,"locf",2,2.8
"pc3","2cpu-dc",0.55,"locf",1,2.78
"pc3","2cpu-dc",0.55,"locf",2,2.83
"pc3","2cpu-dc",0.55,"locf",1,2.78
"pc3","2cpu-dc",0.55,"locf",2,2.79
"pc3","2cpu-dc",0.55,"locf",1,2.82
"pc3","2cpu-dc",0.55,"locf",2,2.84
"pc3","2cpu-dc",0.55,"locf",1,2.77
"pc3","2cpu-dc",0.55,"locf",2,2.84
"pc3","2cpu-dc",0.55,"locf",1,2.82
"pc3","2cpu-dc",0.55,"locf",2,2.83
"pc3","2cpu-dc",0.55,"locf",2,2.84
"pc3","2cpu-dc",0.55,"locf",1,2.84
"pc3","2cpu-dc",0.55,"locf",2,2.79
"pc3","2cpu-dc",0.55,"locf",1,2.85
"pc3","2cpu-dc",0.55,"locf",1,2.82
"pc3","2cpu-dc",0.55,"locf",2,2.82
"pc3","2cpu-dc",0.55,"locf",1,2.82
"pc3","2cpu-dc",0.55,"locf",2,2.83
"pc3","2cpu-dc",0.55,"locf",1,2.8
"pc3","2cpu-dc",0.55,"locf",2,2.8
"pc3","2cpu-dc",0.55,"locf",1,2.81
"pc3","2cpu-dc",0.55,"locf",2,2.82
"pc3","2cpu-dc",0.65,"locf",2,2.62
"pc3","2cpu-dc",0.65,"locf",1,2.62
"pc3","2cpu-dc",0.65,"locf",1,2.63
"pc3","2cpu-dc",0.65,"locf",2,2.65
"pc3","2cpu-dc",0.65,"locf",1,2.31
"pc3","2cpu-dc",0.65,"locf",2,2.35
"pc3","2cpu-dc",0.65,"locf",1,2.31
"pc3","2cpu-dc",0.65,"locf",2,2.31
"pc3","2cpu-dc",0.65,"locf",2,2.34
"pc3","2cpu-dc",0.65,"locf",1,2.36
"pc3","2cpu-dc",0.65,"locf",2,2.37
"pc3","2cpu-dc",0.65,"locf",1,2.37
"pc3","2cpu-dc",0.65,"locf",1,2.36
"pc3","2cpu-dc",0.65,"locf",2,2.36
"pc3","2cpu-dc",0.65,"locf",2,2.3
"pc3","2cpu-dc",0.65,"locf",1,2.35
"pc3","2cpu-dc",0.65,"locf",2,2.29
"pc3","2cpu-dc",0.65,"locf",1,2.3
"pc3","2cpu-dc",0.65,"locf",1,2.35
"pc3","2cpu-dc",0.65,"locf",2,2.36
"pc3","2cpu-dc",0.65,"locf",1,2.36
"pc3","2cpu-dc",0.65,"locf",2,2.35
"pc3","2cpu-dc",0.65,"locf",2,2.35
"pc3","2cpu-dc",0.65,"locf",1,2.35
"pc3","2cpu-dc",0.65,"locf",2,2.32
"pc3","2cpu-dc",0.65,"locf",1,2.33
"pc3","2cpu-dc",0.65,"locf",2,2.3
"pc3","2cpu-dc",0.65,"locf",1,2.35
"pc3","2cpu-dc",0.65,"locf",1,2.32
"pc3","2cpu-dc",0.65,"locf",2,2.32
"pc3","2cpu-dc",0.65,"locf",2,2.31
"pc3","2cpu-dc",0.65,"locf",1,2.34
"pc3","2cpu-dc",0.65,"locf",2,2.33
"pc3","2cpu-dc",0.65,"locf",1,2.33
"pc3","2cpu-dc",0.65,"locf",2,2.35
"pc3","2cpu-dc",0.65,"locf",1,2.35
"pc3","2cpu-dc",0.65,"locf",2,2.32
"pc3","2cpu-dc",0.65,"locf",1,2.32
"pc3","2cpu-dc",0.65,"locf",1,2.35
"pc3","2cpu-dc",0.65,"locf",2,2.37
"pc3","2cpu-dc",0.65,"locf",1,2.32
"pc3","2cpu-dc",0.65,"locf",2,2.36
"pc3","2cpu-dc",0.65,"locf",1,2.3
"pc3","2cpu-dc",0.65,"locf",2,2.34
"pc3","2cpu-dc",0.65,"locf",1,2.32
"pc3","2cpu-dc",0.65,"locf",2,2.34
"pc3","2cpu-dc",0.65,"locf",1,2.37
"pc3","2cpu-dc",0.65,"locf",2,2.38
"pc3","2cpu-dc",0.65,"locf",2,2.34
"pc3","2cpu-dc",0.65,"locf",1,2.35
"pc3","2cpu-dc",0.65,"locf",2,2.36
"pc3","2cpu-dc",0.65,"locf",1,2.36
"pc3","2cpu-dc",0.65,"locf",2,2.34
"pc3","2cpu-dc",0.65,"locf",1,2.34
"pc3","2cpu-dc",0.65,"locf",2,2.36
"pc3","2cpu-dc",0.65,"locf",1,2.36
"pc3","2cpu-dc",0.65,"locf",1,2.39
"pc3","2cpu-dc",0.65,"locf",2,2.38
"pc3","2cpu-dc",0.65,"locf",1,2.37
"pc3","2cpu-dc",0.65,"locf",2,2.39
"pc3","2cpu-dc",0.75,"locf",1,2.3
"pc3","2cpu-dc",0.75,"locf",2,2.3
"pc3","2cpu-dc",0.75,"locf",1,2.31
"pc3","2cpu-dc",0.75,"locf",2,2.31
"pc3","2cpu-dc",0.75,"locf",1,2.03
"pc3","2cpu-dc",0.75,"locf",2,2.03
"pc3","2cpu-dc",0.75,"locf",1,2.02
"pc3","2cpu-dc",0.75,"locf",2,2.03
"pc3","2cpu-dc",0.75,"locf",1,2.03
"pc3","2cpu-dc",0.75,"locf",2,2.05
"pc3","2cpu-dc",0.75,"locf",1,2.06
"pc3","2cpu-dc",0.75,"locf",2,2.06
"pc3","2cpu-dc",0.75,"locf",2,2
"pc3","2cpu-dc",0.75,"locf",1,2.02
"pc3","2cpu-dc",0.75,"locf",2,2.04
"pc3","2cpu-dc",0.75,"locf",1,2.06
"pc3","2cpu-dc",0.75,"locf",2,2.03
"pc3","2cpu-dc",0.75,"locf",1,2.05
"pc3","2cpu-dc",0.75,"locf",2,2.03
"pc3","2cpu-dc",0.75,"locf",1,2.04
"pc3","2cpu-dc",0.75,"locf",2,2
"pc3","2cpu-dc",0.75,"locf",1,2.01
"pc3","2cpu-dc",0.75,"locf",2,2.01
"pc3","2cpu-dc",0.75,"locf",1,2.02
"pc3","2cpu-dc",0.75,"locf",1,2.02
"pc3","2cpu-dc",0.75,"locf",2,2.02
"pc3","2cpu-dc",0.75,"locf",2,2.03
"pc3","2cpu-dc",0.75,"locf",1,2.03
"pc3","2cpu-dc",0.75,"locf",1,2.02
"pc3","2cpu-dc",0.75,"locf",2,2.02
"pc3","2cpu-dc",0.75,"locf",1,2.04
"pc3","2cpu-dc",0.75,"locf",2,2.05
"pc3","2cpu-dc",0.75,"locf",1,2.04
"pc3","2cpu-dc",0.75,"locf",2,2.04
"pc3","2cpu-dc",0.75,"locf",2,2.03
"pc3","2cpu-dc",0.75,"locf",1,2.06
"pc3","2cpu-dc",0.75,"locf",1,2.04
"pc3","2cpu-dc",0.75,"locf",2,2.04
"pc3","2cpu-dc",0.75,"locf",1,2.01
"pc3","2cpu-dc",0.75,"locf",2,2.03
"pc3","2cpu-dc",0.75,"locf",1,2
"pc3","2cpu-dc",0.75,"locf",1,2.04
"pc3","2cpu-dc",0.75,"locf",2,2.05
"pc3","2cpu-dc",0.75,"locf",1,2.07
"pc3","2cpu-dc",0.75,"locf",2,2.12
"pc3","2cpu-dc",0.75,"locf",2,2.07
"pc3","2cpu-dc",0.75,"locf",1,2.08
"pc3","2cpu-dc",0.75,"locf",1,2.06
"pc3","2cpu-dc",0.75,"locf",2,2.06
"pc3","2cpu-dc",0.75,"locf",1,2.05
"pc3","2cpu-dc",0.75,"locf",2,2.06
"pc3","2cpu-dc",0.75,"locf",1,2.06
"pc3","2cpu-dc",0.75,"locf",2,2.07
"pc3","2cpu-dc",0.75,"locf",1,2.07
"pc3","2cpu-dc",0.75,"locf",2,2.07
"pc3","2cpu-dc",0.75,"locf",2,2.06
"pc3","2cpu-dc",0.75,"locf",1,2.06
"pc3","2cpu-dc",0.75,"locf",1,2.06
"pc3","2cpu-dc",0.75,"locf",2,2.05
"pc3","2cpu-dc",0.85,"locf",2,2.04
"pc3","2cpu-dc",0.85,"locf",1,2.08
"pc3","2cpu-dc",0.85,"locf",1,2.04
"pc3","2cpu-dc",0.85,"locf",2,2.07
"pc3","2cpu-dc",0.85,"locf",2,1.81
"pc3","2cpu-dc",0.85,"locf",1,1.82
"pc3","2cpu-dc",0.85,"locf",2,1.8
"pc3","2cpu-dc",0.85,"locf",1,1.83
"pc3","2cpu-dc",0.85,"locf",2,1.79
"pc3","2cpu-dc",0.85,"locf",1,1.8
"pc3","2cpu-dc",0.85,"locf",2,1.78
"pc3","2cpu-dc",0.85,"locf",1,1.78
"pc3","2cpu-dc",0.85,"locf",2,1.77
"pc3","2cpu-dc",0.85,"locf",1,1.77
"pc3","2cpu-dc",0.85,"locf",1,1.8
"pc3","2cpu-dc",0.85,"locf",2,1.8
"pc3","2cpu-dc",0.85,"locf",2,1.77
"pc3","2cpu-dc",0.85,"locf",1,1.97
"pc3","2cpu-dc",0.85,"locf",2,1.79
"pc3","2cpu-dc",0.85,"locf",1,1.79
"pc3","2cpu-dc",0.85,"locf",1,1.79
"pc3","2cpu-dc",0.85,"locf",2,1.81
"pc3","2cpu-dc",0.85,"locf",1,1.78
"pc3","2cpu-dc",0.85,"locf",2,1.78
"pc3","2cpu-dc",0.85,"locf",1,1.79
"pc3","2cpu-dc",0.85,"locf",2,1.81
"pc3","2cpu-dc",0.85,"locf",1,1.79
"pc3","2cpu-dc",0.85,"locf",2,1.81
"pc3","2cpu-dc",0.85,"locf",2,1.81
"pc3","2cpu-dc",0.85,"locf",1,1.81
"pc3","2cpu-dc",0.85,"locf",2,1.8
"pc3","2cpu-dc",0.85,"locf",1,1.8
"pc3","2cpu-dc",0.85,"locf",1,1.8
"pc3","2cpu-dc",0.85,"locf",2,1.8
"pc3","2cpu-dc",0.85,"locf",2,1.78
"pc3","2cpu-dc",0.85,"locf",1,1.78
"pc3","2cpu-dc",0.85,"locf",2,1.76
"pc3","2cpu-dc",0.85,"locf",1,1.79
"pc3","2cpu-dc",0.85,"locf",2,1.79
"pc3","2cpu-dc",0.85,"locf",1,1.81
"pc3","2cpu-dc",0.85,"locf",1,1.78
"pc3","2cpu-dc",0.85,"locf",2,1.78
"pc3","2cpu-dc",0.85,"locf",1,1.79
"pc3","2cpu-dc",0.85,"locf",2,1.81
"pc3","2cpu-dc",0.85,"locf",1,1.81
"pc3","2cpu-dc",0.85,"locf",2,1.81
"pc3","2cpu-dc",0.85,"locf",2,1.83
"pc3","2cpu-dc",0.85,"locf",1,1.85
"pc3","2cpu-dc",0.85,"locf",1,1.81
"pc3","2cpu-dc",0.85,"locf",2,1.82
"pc3","2cpu-dc",0.85,"locf",1,1.83
"pc3","2cpu-dc",0.85,"locf",2,1.83
"pc3","2cpu-dc",0.85,"locf",1,1.8
"pc3","2cpu-dc",0.85,"locf",2,1.8
"pc3","2cpu-dc",0.85,"locf",1,1.81
"pc3","2cpu-dc",0.85,"locf",2,1.81
"pc3","2cpu-dc",0.85,"locf",1,1.81
"pc3","2cpu-dc",0.85,"locf",2,1.81
"pc3","2cpu-dc",0.85,"locf",2,1.83
"pc3","2cpu-dc",0.85,"locf",1,1.87
"pc3","2cpu-dc",0.95,"locf",2,1.81
"pc3","2cpu-dc",0.95,"locf",1,1.81
"pc3","2cpu-dc",0.95,"locf",1,1.8
"pc3","2cpu-dc",0.95,"locf",2,1.79
"pc3","2cpu-dc",0.95,"locf",1,1.62
"pc3","2cpu-dc",0.95,"locf",2,1.62
"pc3","2cpu-dc",0.95,"locf",1,1.61
"pc3","2cpu-dc",0.95,"locf",2,1.6
"pc3","2cpu-dc",0.95,"locf",1,1.59
"pc3","2cpu-dc",0.95,"locf",2,1.59
"pc3","2cpu-dc",0.95,"locf",2,1.58
"pc3","2cpu-dc",0.95,"locf",1,1.58
"pc3","2cpu-dc",0.95,"locf",1,1.6
"pc3","2cpu-dc",0.95,"locf",2,1.6
"pc3","2cpu-dc",0.95,"locf",2,1.59
"pc3","2cpu-dc",0.95,"locf",1,1.59
"pc3","2cpu-dc",0.95,"locf",1,1.6
"pc3","2cpu-dc",0.95,"locf",2,1.6
"pc3","2cpu-dc",0.95,"locf",1,1.58
"pc3","2cpu-dc",0.95,"locf",2,1.6
"pc3","2cpu-dc",0.95,"locf",1,1.59
"pc3","2cpu-dc",0.95,"locf",2,1.59
"pc3","2cpu-dc",0.95,"locf",1,1.63
"pc3","2cpu-dc",0.95,"locf",2,1.63
"pc3","2cpu-dc",0.95,"locf",1,1.59
"pc3","2cpu-dc",0.95,"locf",2,1.59
"pc3","2cpu-dc",0.95,"locf",1,1.58
"pc3","2cpu-dc",0.95,"locf",2,1.59
"pc3","2cpu-dc",0.95,"locf",1,1.6
"pc3","2cpu-dc",0.95,"locf",2,1.6
"pc3","2cpu-dc",0.95,"locf",1,1.6
"pc3","2cpu-dc",0.95,"locf",2,1.59
"pc3","2cpu-dc",0.95,"locf",1,1.58
"pc3","2cpu-dc",0.95,"locf",2,1.58
"pc3","2cpu-dc",0.95,"locf",2,1.59
"pc3","2cpu-dc",0.95,"locf",1,1.59
"pc3","2cpu-dc",0.95,"locf",1,1.58
"pc3","2cpu-dc",0.95,"locf",2,1.59
"pc3","2cpu-dc",0.95,"locf",1,1.58
"pc3","2cpu-dc",0.95,"locf",2,1.59
"pc3","2cpu-dc",0.95,"locf",1,1.62
"pc3","2cpu-dc",0.95,"locf",2,1.62
"pc3","2cpu-dc",0.95,"locf",1,1.58
"pc3","2cpu-dc",0.95,"locf",2,1.6
"pc3","2cpu-dc",0.95,"locf",1,1.57
"pc3","2cpu-dc",0.95,"locf",2,1.59
"pc3","2cpu-dc",0.95,"locf",1,1.6
"pc3","2cpu-dc",0.95,"locf",2,1.6
"pc3","2cpu-dc",0.95,"locf",2,1.59
"pc3","2cpu-dc",0.95,"locf",1,1.62
"pc3","2cpu-dc",0.95,"locf",1,1.6
"pc3","2cpu-dc",0.95,"locf",2,1.63
"pc3","2cpu-dc",0.95,"locf",1,1.62
"pc3","2cpu-dc",0.95,"locf",2,1.62
"pc3","2cpu-dc",0.95,"locf",1,1.59
"pc3","2cpu-dc",0.95,"locf",2,1.61
"pc3","2cpu-dc",0.95,"locf",1,1.61
"pc3","2cpu-dc",0.95,"locf",2,1.63
"pc3","2cpu-dc",0.95,"locf",2,1.62
"pc3","2cpu-dc",0.95,"locf",1,1.62
"pc3","2cpu-dc",0.05,"ssa",2,80.89
"pc3","2cpu-dc",0.05,"ssa",1,85.79
"pc3","2cpu-dc",0.05,"ssa",1,95.26
"pc3","2cpu-dc",0.05,"ssa",2,95.45
"pc3","2cpu-dc",0.05,"ssa",1,89.84
"pc3","2cpu-dc",0.05,"ssa",2,90.73
"pc3","2cpu-dc",0.05,"ssa",1,87.18
"pc3","2cpu-dc",0.05,"ssa",2,88.18
"pc3","2cpu-dc",0.05,"ssa",2,90.85
"pc3","2cpu-dc",0.05,"ssa",1,90.95
"pc3","2cpu-dc",0.05,"ssa",2,90.74
"pc3","2cpu-dc",0.05,"ssa",1,90.87
"pc3","2cpu-dc",0.05,"ssa",2,90.57
"pc3","2cpu-dc",0.05,"ssa",1,91.28
"pc3","2cpu-dc",0.05,"ssa",2,83.45
"pc3","2cpu-dc",0.05,"ssa",1,83.67
"pc3","2cpu-dc",0.05,"ssa",2,90.65
"pc3","2cpu-dc",0.05,"ssa",1,90.96
"pc3","2cpu-dc",0.05,"ssa",2,90.95
"pc3","2cpu-dc",0.05,"ssa",1,91.16
"pc3","2cpu-dc",0.05,"ssa",1,89.39
"pc3","2cpu-dc",0.05,"ssa",2,90.77
"pc3","2cpu-dc",0.05,"ssa",1,78.87
"pc3","2cpu-dc",0.05,"ssa",2,90.86
"pc3","2cpu-dc",0.05,"ssa",1,91.26
"pc3","2cpu-dc",0.05,"ssa",2,91.45
"pc3","2cpu-dc",0.05,"ssa",1,90.86
"pc3","2cpu-dc",0.05,"ssa",2,91.15
"pc3","2cpu-dc",0.05,"ssa",1,90.66
"pc3","2cpu-dc",0.05,"ssa",2,90.95
"pc3","2cpu-dc",0.05,"ssa",1,76.86
"pc3","2cpu-dc",0.05,"ssa",2,84.75
"pc3","2cpu-dc",0.05,"ssa",1,88.26
"pc3","2cpu-dc",0.05,"ssa",2,90.34
"pc3","2cpu-dc",0.05,"ssa",1,90.76
"pc3","2cpu-dc",0.05,"ssa",2,91.35
"pc3","2cpu-dc",0.05,"ssa",2,90.67
"pc3","2cpu-dc",0.05,"ssa",1,90.87
"pc3","2cpu-dc",0.05,"ssa",2,84.18
"pc3","2cpu-dc",0.05,"ssa",1,87.28
"pc3","2cpu-dc",0.05,"ssa",1,90.96
"pc3","2cpu-dc",0.05,"ssa",2,91.24
"pc3","2cpu-dc",0.05,"ssa",1,91.36
"pc3","2cpu-dc",0.05,"ssa",2,91.55
"pc3","2cpu-dc",0.05,"ssa",1,90.85
"pc3","2cpu-dc",0.05,"ssa",2,90.85
"pc3","2cpu-dc",0.05,"ssa",1,81.59
"pc3","2cpu-dc",0.05,"ssa",2,91.08
"pc3","2cpu-dc",0.05,"ssa",1,83.39
"pc3","2cpu-dc",0.05,"ssa",2,91.48
"pc3","2cpu-dc",0.05,"ssa",2,90.88
"pc3","2cpu-dc",0.05,"ssa",1,90.99
"pc3","2cpu-dc",0.05,"ssa",1,84.38
"pc3","2cpu-dc",0.05,"ssa",2,90.97
"pc3","2cpu-dc",0.05,"ssa",1,77.87
"pc3","2cpu-dc",0.05,"ssa",2,80.45
"pc3","2cpu-dc",0.05,"ssa",1,90.96
"pc3","2cpu-dc",0.05,"ssa",2,91.04
"pc3","2cpu-dc",0.05,"ssa",2,90.98
"pc3","2cpu-dc",0.05,"ssa",1,91.48
"pc3","2cpu-dc",0.15,"ssa",1,17
"pc3","2cpu-dc",0.15,"ssa",2,17.78
"pc3","2cpu-dc",0.15,"ssa",2,17.48
"pc3","2cpu-dc",0.15,"ssa",1,17.79
"pc3","2cpu-dc",0.15,"ssa",2,16.13
"pc3","2cpu-dc",0.15,"ssa",1,16.15
"pc3","2cpu-dc",0.15,"ssa",1,16.25
"pc3","2cpu-dc",0.15,"ssa",2,16.64
"pc3","2cpu-dc",0.15,"ssa",1,15.97
"pc3","2cpu-dc",0.15,"ssa",2,16.36
"pc3","2cpu-dc",0.15,"ssa",2,16.88
"pc3","2cpu-dc",0.15,"ssa",1,17.48
"pc3","2cpu-dc",0.15,"ssa",1,16.19
"pc3","2cpu-dc",0.15,"ssa",2,16.28
"pc3","2cpu-dc",0.15,"ssa",1,15.88
"pc3","2cpu-dc",0.15,"ssa",2,16.37
"pc3","2cpu-dc",0.15,"ssa",1,15.98
"pc3","2cpu-dc",0.15,"ssa",2,16.26
"pc3","2cpu-dc",0.15,"ssa",2,15.65
"pc3","2cpu-dc",0.15,"ssa",1,17.25
"pc3","2cpu-dc",0.15,"ssa",2,15.88
"pc3","2cpu-dc",0.15,"ssa",1,16.07
"pc3","2cpu-dc",0.15,"ssa",1,17.08
"pc3","2cpu-dc",0.15,"ssa",2,17.17
"pc3","2cpu-dc",0.15,"ssa",1,15.86
"pc3","2cpu-dc",0.15,"ssa",2,16.26
"pc3","2cpu-dc",0.15,"ssa",2,15.99
"pc3","2cpu-dc",0.15,"ssa",1,16.68
"pc3","2cpu-dc",0.15,"ssa",2,16.97
"pc3","2cpu-dc",0.15,"ssa",1,17.29
"pc3","2cpu-dc",0.15,"ssa",1,16.27
"pc3","2cpu-dc",0.15,"ssa",2,18.16
"pc3","2cpu-dc",0.15,"ssa",1,16.05
"pc3","2cpu-dc",0.15,"ssa",2,17.05
"pc3","2cpu-dc",0.15,"ssa",2,15.85
"pc3","2cpu-dc",0.15,"ssa",1,16.45
"pc3","2cpu-dc",0.15,"ssa",2,16.55
"pc3","2cpu-dc",0.15,"ssa",1,16.67
"pc3","2cpu-dc",0.15,"ssa",1,16.38
"pc3","2cpu-dc",0.15,"ssa",2,16.56
"pc3","2cpu-dc",0.15,"ssa",1,15.77
"pc3","2cpu-dc",0.15,"ssa",2,16.46
"pc3","2cpu-dc",0.15,"ssa",2,15.73
"pc3","2cpu-dc",0.15,"ssa",1,16.16
"pc3","2cpu-dc",0.15,"ssa",1,16.96
"pc3","2cpu-dc",0.15,"ssa",2,16.96
"pc3","2cpu-dc",0.15,"ssa",1,16.15
"pc3","2cpu-dc",0.15,"ssa",2,16.55
"pc3","2cpu-dc",0.15,"ssa",1,15.85
"pc3","2cpu-dc",0.15,"ssa",2,16.63
"pc3","2cpu-dc",0.15,"ssa",2,16.08
"pc3","2cpu-dc",0.15,"ssa",1,17.78
"pc3","2cpu-dc",0.15,"ssa",2,15.98
"pc3","2cpu-dc",0.15,"ssa",1,16.52
"pc3","2cpu-dc",0.15,"ssa",1,16.17
"pc3","2cpu-dc",0.15,"ssa",2,16.56
"pc3","2cpu-dc",0.15,"ssa",1,15.87
"pc3","2cpu-dc",0.15,"ssa",2,16.86
"pc3","2cpu-dc",0.15,"ssa",2,15.87
"pc3","2cpu-dc",0.15,"ssa",1,16.5
"pc3","2cpu-dc",0.25,"ssa",1,9.52
"pc3","2cpu-dc",0.25,"ssa",2,9.72
"pc3","2cpu-dc",0.25,"ssa",1,9.54
"pc3","2cpu-dc",0.25,"ssa",2,9.65
"pc3","2cpu-dc",0.25,"ssa",2,8.77
"pc3","2cpu-dc",0.25,"ssa",1,8.98
"pc3","2cpu-dc",0.25,"ssa",2,8.46
"pc3","2cpu-dc",0.25,"ssa",1,8.87
"pc3","2cpu-dc",0.25,"ssa",1,8.56
"pc3","2cpu-dc",0.25,"ssa",2,8.63
"pc3","2cpu-dc",0.25,"ssa",1,8.59
"pc3","2cpu-dc",0.25,"ssa",2,8.84
"pc3","2cpu-dc",0.25,"ssa",2,8.75
"pc3","2cpu-dc",0.25,"ssa",1,8.76
"pc3","2cpu-dc",0.25,"ssa",1,8.74
"pc3","2cpu-dc",0.25,"ssa",2,8.95
"pc3","2cpu-dc",0.25,"ssa",1,8.56
"pc3","2cpu-dc",0.25,"ssa",2,8.65
"pc3","2cpu-dc",0.25,"ssa",2,8.96
"pc3","2cpu-dc",0.25,"ssa",1,9.08
"pc3","2cpu-dc",0.25,"ssa",1,8.56
"pc3","2cpu-dc",0.25,"ssa",2,8.65
"pc3","2cpu-dc",0.25,"ssa",1,8.78
"pc3","2cpu-dc",0.25,"ssa",2,9.1
"pc3","2cpu-dc",0.25,"ssa",2,8.85
"pc3","2cpu-dc",0.25,"ssa",1,9.06
"pc3","2cpu-dc",0.25,"ssa",1,8.67
"pc3","2cpu-dc",0.25,"ssa",2,8.83
"pc3","2cpu-dc",0.25,"ssa",1,8.67
"pc3","2cpu-dc",0.25,"ssa",2,8.96
"pc3","2cpu-dc",0.25,"ssa",2,8.66
"pc3","2cpu-dc",0.25,"ssa",1,8.76
"pc3","2cpu-dc",0.25,"ssa",2,8.59
"pc3","2cpu-dc",0.25,"ssa",1,8.59
"pc3","2cpu-dc",0.25,"ssa",1,8.68
"pc3","2cpu-dc",0.25,"ssa",2,8.77
"pc3","2cpu-dc",0.25,"ssa",2,8.56
"pc3","2cpu-dc",0.25,"ssa",1,8.77
"pc3","2cpu-dc",0.25,"ssa",1,14.17
"pc3","2cpu-dc",0.25,"ssa",2,8.67
"pc3","2cpu-dc",0.25,"ssa",1,8.67
"pc3","2cpu-dc",0.25,"ssa",2,8.87
"pc3","2cpu-dc",0.25,"ssa",2,8.65
"pc3","2cpu-dc",0.25,"ssa",1,8.95
"pc3","2cpu-dc",0.25,"ssa",1,8.57
"pc3","2cpu-dc",0.25,"ssa",2,8.76
"pc3","2cpu-dc",0.25,"ssa",1,8.56
"pc3","2cpu-dc",0.25,"ssa",2,9.06
"pc3","2cpu-dc",0.25,"ssa",2,8.54
"pc3","2cpu-dc",0.25,"ssa",1,8.65
"pc3","2cpu-dc",0.25,"ssa",2,8.58
"pc3","2cpu-dc",0.25,"ssa",1,8.68
"pc3","2cpu-dc",0.25,"ssa",1,8.56
"pc3","2cpu-dc",0.25,"ssa",2,8.78
"pc3","2cpu-dc",0.25,"ssa",2,8.76
"pc3","2cpu-dc",0.25,"ssa",1,8.76
"pc3","2cpu-dc",0.25,"ssa",1,8.78
"pc3","2cpu-dc",0.25,"ssa",2,8.87
"pc3","2cpu-dc",0.25,"ssa",1,8.58
"pc3","2cpu-dc",0.25,"ssa",2,8.88
"pc3","2cpu-dc",0.35,"ssa",2,6.62
"pc3","2cpu-dc",0.35,"ssa",1,6.67
"pc3","2cpu-dc",0.35,"ssa",1,6.47
"pc3","2cpu-dc",0.35,"ssa",2,6.74
"pc3","2cpu-dc",0.35,"ssa",1,5.97
"pc3","2cpu-dc",0.35,"ssa",2,6.04
"pc3","2cpu-dc",0.35,"ssa",1,5.99
"pc3","2cpu-dc",0.35,"ssa",2,6.27
"pc3","2cpu-dc",0.35,"ssa",1,5.78
"pc3","2cpu-dc",0.35,"ssa",2,6.16
"pc3","2cpu-dc",0.35,"ssa",1,5.76
"pc3","2cpu-dc",0.35,"ssa",2,6.16
"pc3","2cpu-dc",0.35,"ssa",1,5.78
"pc3","2cpu-dc",0.35,"ssa",2,6.67
"pc3","2cpu-dc",0.35,"ssa",1,5.9
"pc3","2cpu-dc",0.35,"ssa",2,6.06
"pc3","2cpu-dc",0.35,"ssa",1,5.88
"pc3","2cpu-dc",0.35,"ssa",2,6.15
"pc3","2cpu-dc",0.35,"ssa",1,5.88
"pc3","2cpu-dc",0.35,"ssa",2,6.07
"pc3","2cpu-dc",0.35,"ssa",1,5.87
"pc3","2cpu-dc",0.35,"ssa",2,6.86
"pc3","2cpu-dc",0.35,"ssa",1,5.87
"pc3","2cpu-dc",0.35,"ssa",2,6.05
"pc3","2cpu-dc",0.35,"ssa",1,5.85
"pc3","2cpu-dc",0.35,"ssa",2,6.16
"pc3","2cpu-dc",0.35,"ssa",1,5.86
"pc3","2cpu-dc",0.35,"ssa",2,6.12
"pc3","2cpu-dc",0.35,"ssa",1,5.98
"pc3","2cpu-dc",0.35,"ssa",2,6.18
"pc3","2cpu-dc",0.35,"ssa",1,5.88
"pc3","2cpu-dc",0.35,"ssa",2,6.08
"pc3","2cpu-dc",0.35,"ssa",1,5.75
"pc3","2cpu-dc",0.35,"ssa",2,6.05
"pc3","2cpu-dc",0.35,"ssa",1,5.85
"pc3","2cpu-dc",0.35,"ssa",2,5.97
"pc3","2cpu-dc",0.35,"ssa",1,5.95
"pc3","2cpu-dc",0.35,"ssa",2,6.05
"pc3","2cpu-dc",0.35,"ssa",1,5.8
"pc3","2cpu-dc",0.35,"ssa",2,6.48
"pc3","2cpu-dc",0.35,"ssa",1,5.89
"pc3","2cpu-dc",0.35,"ssa",2,6.07
"pc3","2cpu-dc",0.35,"ssa",1,5.97
"pc3","2cpu-dc",0.35,"ssa",2,6.14
"pc3","2cpu-dc",0.35,"ssa",1,5.86
"pc3","2cpu-dc",0.35,"ssa",2,6.17
"pc3","2cpu-dc",0.35,"ssa",1,5.87
"pc3","2cpu-dc",0.35,"ssa",2,6.15
"pc3","2cpu-dc",0.35,"ssa",1,5.86
"pc3","2cpu-dc",0.35,"ssa",2,6.34
"pc3","2cpu-dc",0.35,"ssa",1,5.88
"pc3","2cpu-dc",0.35,"ssa",2,6.29
"pc3","2cpu-dc",0.35,"ssa",1,5.68
"pc3","2cpu-dc",0.35,"ssa",2,6.17
"pc3","2cpu-dc",0.35,"ssa",1,5.83
"pc3","2cpu-dc",0.35,"ssa",2,6.15
"pc3","2cpu-dc",0.35,"ssa",1,5.86
"pc3","2cpu-dc",0.35,"ssa",2,6.35
"pc3","2cpu-dc",0.35,"ssa",1,5.97
"pc3","2cpu-dc",0.35,"ssa",2,6.34
"pc3","2cpu-dc",0.45,"ssa",1,4.94
"pc3","2cpu-dc",0.45,"ssa",2,5.06
"pc3","2cpu-dc",0.45,"ssa",1,4.93
"pc3","2cpu-dc",0.45,"ssa",2,5.06
"pc3","2cpu-dc",0.45,"ssa",1,4.4
"pc3","2cpu-dc",0.45,"ssa",2,4.66
"pc3","2cpu-dc",0.45,"ssa",1,4.41
"pc3","2cpu-dc",0.45,"ssa",2,4.59
"pc3","2cpu-dc",0.45,"ssa",1,4.43
"pc3","2cpu-dc",0.45,"ssa",2,5.11
"pc3","2cpu-dc",0.45,"ssa",1,4.48
"pc3","2cpu-dc",0.45,"ssa",2,4.67
"pc3","2cpu-dc",0.45,"ssa",1,4.51
"pc3","2cpu-dc",0.45,"ssa",2,4.76
"pc3","2cpu-dc",0.45,"ssa",1,4.39
"pc3","2cpu-dc",0.45,"ssa",2,4.57
"pc3","2cpu-dc",0.45,"ssa",1,4.4
"pc3","2cpu-dc",0.45,"ssa",2,4.57
"pc3","2cpu-dc",0.45,"ssa",1,4.55
"pc3","2cpu-dc",0.45,"ssa",2,4.73
"pc3","2cpu-dc",0.45,"ssa",1,4.49
"pc3","2cpu-dc",0.45,"ssa",2,4.89
"pc3","2cpu-dc",0.45,"ssa",1,4.44
"pc3","2cpu-dc",0.45,"ssa",2,4.62
"pc3","2cpu-dc",0.45,"ssa",1,4.47
"pc3","2cpu-dc",0.45,"ssa",2,4.66
"pc3","2cpu-dc",0.45,"ssa",1,4.59
"pc3","2cpu-dc",0.45,"ssa",2,4.66
"pc3","2cpu-dc",0.45,"ssa",1,4.43
"pc3","2cpu-dc",0.45,"ssa",2,4.6
"pc3","2cpu-dc",0.45,"ssa",1,4.48
"pc3","2cpu-dc",0.45,"ssa",2,4.58
"pc3","2cpu-dc",0.45,"ssa",1,4.45
"pc3","2cpu-dc",0.45,"ssa",2,4.63
"pc3","2cpu-dc",0.45,"ssa",1,4.47
"pc3","2cpu-dc",0.45,"ssa",2,4.99
"pc3","2cpu-dc",0.45,"ssa",1,4.42
"pc3","2cpu-dc",0.45,"ssa",2,4.52
"pc3","2cpu-dc",0.45,"ssa",1,4.39
"pc3","2cpu-dc",0.45,"ssa",2,4.7
"pc3","2cpu-dc",0.45,"ssa",1,4.47
"pc3","2cpu-dc",0.45,"ssa",2,4.57
"pc3","2cpu-dc",0.45,"ssa",1,4.36
"pc3","2cpu-dc",0.45,"ssa",2,4.64
"pc3","2cpu-dc",0.45,"ssa",1,4.39
"pc3","2cpu-dc",0.45,"ssa",2,4.68
"pc3","2cpu-dc",0.45,"ssa",1,4.46
"pc3","2cpu-dc",0.45,"ssa",2,4.57
"pc3","2cpu-dc",0.45,"ssa",1,4.47
"pc3","2cpu-dc",0.45,"ssa",2,4.67
"pc3","2cpu-dc",0.45,"ssa",1,4.53
"pc3","2cpu-dc",0.45,"ssa",2,4.53
"pc3","2cpu-dc",0.45,"ssa",1,4.46
"pc3","2cpu-dc",0.45,"ssa",2,4.58
"pc3","2cpu-dc",0.45,"ssa",1,4.44
"pc3","2cpu-dc",0.45,"ssa",2,5.05
"pc3","2cpu-dc",0.45,"ssa",1,4.48
"pc3","2cpu-dc",0.45,"ssa",2,4.66
"pc3","2cpu-dc",0.45,"ssa",1,4.41
"pc3","2cpu-dc",0.45,"ssa",2,4.58
"pc3","2cpu-dc",0.55,"ssa",2,4.01
"pc3","2cpu-dc",0.55,"ssa",1,4.01
"pc3","2cpu-dc",0.55,"ssa",2,4.05
"pc3","2cpu-dc",0.55,"ssa",1,4.08
"pc3","2cpu-dc",0.55,"ssa",1,3.57
"pc3","2cpu-dc",0.55,"ssa",2,3.64
"pc3","2cpu-dc",0.55,"ssa",1,3.6
"pc3","2cpu-dc",0.55,"ssa",2,3.66
"pc3","2cpu-dc",0.55,"ssa",1,3.51
"pc3","2cpu-dc",0.55,"ssa",2,3.67
"pc3","2cpu-dc",0.55,"ssa",2,3.59
"pc3","2cpu-dc",0.55,"ssa",1,3.72
"pc3","2cpu-dc",0.55,"ssa",1,3.64
"pc3","2cpu-dc",0.55,"ssa",2,3.7
"pc3","2cpu-dc",0.55,"ssa",2,3.71
"pc3","2cpu-dc",0.55,"ssa",1,3.73
"pc3","2cpu-dc",0.55,"ssa",1,3.61
"pc3","2cpu-dc",0.55,"ssa",2,3.77
"pc3","2cpu-dc",0.55,"ssa",1,3.67
"pc3","2cpu-dc",0.55,"ssa",2,3.74
"pc3","2cpu-dc",0.55,"ssa",1,3.6
"pc3","2cpu-dc",0.55,"ssa",2,3.62
"pc3","2cpu-dc",0.55,"ssa",1,3.55
"pc3","2cpu-dc",0.55,"ssa",2,3.66
"pc3","2cpu-dc",0.55,"ssa",1,3.57
"pc3","2cpu-dc",0.55,"ssa",2,3.75
"pc3","2cpu-dc",0.55,"ssa",1,3.57
"pc3","2cpu-dc",0.55,"ssa",2,3.68
"pc3","2cpu-dc",0.55,"ssa",1,3.55
"pc3","2cpu-dc",0.55,"ssa",2,3.65
"pc3","2cpu-dc",0.55,"ssa",1,3.59
"pc3","2cpu-dc",0.55,"ssa",2,3.67
"pc3","2cpu-dc",0.55,"ssa",1,3.58
"pc3","2cpu-dc",0.55,"ssa",2,3.68
"pc3","2cpu-dc",0.55,"ssa",1,3.6
"pc3","2cpu-dc",0.55,"ssa",2,3.65
"pc3","2cpu-dc",0.55,"ssa",1,3.59
"pc3","2cpu-dc",0.55,"ssa",2,3.63
"pc3","2cpu-dc",0.55,"ssa",1,3.68
"pc3","2cpu-dc",0.55,"ssa",2,3.68
"pc3","2cpu-dc",0.55,"ssa",1,3.64
"pc3","2cpu-dc",0.55,"ssa",2,3.65
"pc3","2cpu-dc",0.55,"ssa",1,3.67
"pc3","2cpu-dc",0.55,"ssa",2,3.71
"pc3","2cpu-dc",0.55,"ssa",1,3.61
"pc3","2cpu-dc",0.55,"ssa",2,3.62
"pc3","2cpu-dc",0.55,"ssa",1,3.65
"pc3","2cpu-dc",0.55,"ssa",2,3.68
"pc3","2cpu-dc",0.55,"ssa",1,3.59
"pc3","2cpu-dc",0.55,"ssa",2,3.68
"pc3","2cpu-dc",0.55,"ssa",1,3.67
"pc3","2cpu-dc",0.55,"ssa",2,3.71
"pc3","2cpu-dc",0.55,"ssa",1,3.66
"pc3","2cpu-dc",0.55,"ssa",2,3.7
"pc3","2cpu-dc",0.55,"ssa",1,3.64
"pc3","2cpu-dc",0.55,"ssa",2,3.72
"pc3","2cpu-dc",0.55,"ssa",1,3.62
"pc3","2cpu-dc",0.55,"ssa",2,3.7
"pc3","2cpu-dc",0.55,"ssa",1,3.66
"pc3","2cpu-dc",0.55,"ssa",2,3.76
"pc3","2cpu-dc",0.65,"ssa",2,3.35
"pc3","2cpu-dc",0.65,"ssa",1,3.41
"pc3","2cpu-dc",0.65,"ssa",1,3.34
"pc3","2cpu-dc",0.65,"ssa",2,3.41
"pc3","2cpu-dc",0.65,"ssa",1,3.08
"pc3","2cpu-dc",0.65,"ssa",2,3.11
"pc3","2cpu-dc",0.65,"ssa",2,3.11
"pc3","2cpu-dc",0.65,"ssa",1,3.12
"pc3","2cpu-dc",0.65,"ssa",1,3.09
"pc3","2cpu-dc",0.65,"ssa",2,3.1
"pc3","2cpu-dc",0.65,"ssa",2,3.11
"pc3","2cpu-dc",0.65,"ssa",1,3.14
"pc3","2cpu-dc",0.65,"ssa",2,3.06
"pc3","2cpu-dc",0.65,"ssa",1,3.15
"pc3","2cpu-dc",0.65,"ssa",1,3.08
"pc3","2cpu-dc",0.65,"ssa",2,3.11
"pc3","2cpu-dc",0.65,"ssa",2,3.06
"pc3","2cpu-dc",0.65,"ssa",1,3.1
"pc3","2cpu-dc",0.65,"ssa",1,2.97
"pc3","2cpu-dc",0.65,"ssa",2,3.06
"pc3","2cpu-dc",0.65,"ssa",1,3.07
"pc3","2cpu-dc",0.65,"ssa",2,3.07
"pc3","2cpu-dc",0.65,"ssa",1,3.01
"pc3","2cpu-dc",0.65,"ssa",2,3.07
"pc3","2cpu-dc",0.65,"ssa",1,3.02
"pc3","2cpu-dc",0.65,"ssa",2,3.09
"pc3","2cpu-dc",0.65,"ssa",2,3.04
"pc3","2cpu-dc",0.65,"ssa",1,3.06
"pc3","2cpu-dc",0.65,"ssa",1,3.06
"pc3","2cpu-dc",0.65,"ssa",2,3.06
"pc3","2cpu-dc",0.65,"ssa",2,3.01
"pc3","2cpu-dc",0.65,"ssa",1,3.06
"pc3","2cpu-dc",0.65,"ssa",1,3.03
"pc3","2cpu-dc",0.65,"ssa",2,3.09
"pc3","2cpu-dc",0.65,"ssa",2,2.98
"pc3","2cpu-dc",0.65,"ssa",1,3.06
"pc3","2cpu-dc",0.65,"ssa",1,3.02
"pc3","2cpu-dc",0.65,"ssa",2,3.06
"pc3","2cpu-dc",0.65,"ssa",1,2.92
"pc3","2cpu-dc",0.65,"ssa",2,2.98
"pc3","2cpu-dc",0.65,"ssa",2,3.01
"pc3","2cpu-dc",0.65,"ssa",1,3.03
"pc3","2cpu-dc",0.65,"ssa",2,3.02
"pc3","2cpu-dc",0.65,"ssa",1,3.06
"pc3","2cpu-dc",0.65,"ssa",1,2.99
"pc3","2cpu-dc",0.65,"ssa",2,3.04
"pc3","2cpu-dc",0.65,"ssa",1,2.99
"pc3","2cpu-dc",0.65,"ssa",2,2.99
"pc3","2cpu-dc",0.65,"ssa",1,2.94
"pc3","2cpu-dc",0.65,"ssa",2,3.05
"pc3","2cpu-dc",0.65,"ssa",2,3.04
"pc3","2cpu-dc",0.65,"ssa",1,3.06
"pc3","2cpu-dc",0.65,"ssa",1,3.01
"pc3","2cpu-dc",0.65,"ssa",2,3.1
"pc3","2cpu-dc",0.65,"ssa",1,3.06
"pc3","2cpu-dc",0.65,"ssa",2,3.07
"pc3","2cpu-dc",0.65,"ssa",1,3.03
"pc3","2cpu-dc",0.65,"ssa",2,3.05
"pc3","2cpu-dc",0.65,"ssa",2,3.04
"pc3","2cpu-dc",0.65,"ssa",1,3.04
"pc3","2cpu-dc",0.75,"ssa",1,4.37
"pc3","2cpu-dc",0.75,"ssa",2,2.9
"pc3","2cpu-dc",0.75,"ssa",1,2.89
"pc3","2cpu-dc",0.75,"ssa",2,2.98
"pc3","2cpu-dc",0.75,"ssa",2,2.6
"pc3","2cpu-dc",0.75,"ssa",1,2.68
"pc3","2cpu-dc",0.75,"ssa",2,2.61
"pc3","2cpu-dc",0.75,"ssa",1,2.69
"pc3","2cpu-dc",0.75,"ssa",1,2.59
"pc3","2cpu-dc",0.75,"ssa",2,2.68
"pc3","2cpu-dc",0.75,"ssa",2,2.68
"pc3","2cpu-dc",0.75,"ssa",1,2.7
"pc3","2cpu-dc",0.75,"ssa",1,2.63
"pc3","2cpu-dc",0.75,"ssa",2,2.72
"pc3","2cpu-dc",0.75,"ssa",2,2.6
"pc3","2cpu-dc",0.75,"ssa",1,2.68
"pc3","2cpu-dc",0.75,"ssa",1,4.65
"pc3","2cpu-dc",0.75,"ssa",2,2.69
"pc3","2cpu-dc",0.75,"ssa",2,2.67
"pc3","2cpu-dc",0.75,"ssa",1,2.7
"pc3","2cpu-dc",0.75,"ssa",1,2.65
"pc3","2cpu-dc",0.75,"ssa",2,2.67
"pc3","2cpu-dc",0.75,"ssa",2,2.64
"pc3","2cpu-dc",0.75,"ssa",1,2.69
"pc3","2cpu-dc",0.75,"ssa",1,2.67
"pc3","2cpu-dc",0.75,"ssa",2,2.68
"pc3","2cpu-dc",0.75,"ssa",2,2.61
"pc3","2cpu-dc",0.75,"ssa",1,2.68
"pc3","2cpu-dc",0.75,"ssa",1,2.64
"pc3","2cpu-dc",0.75,"ssa",2,2.66
"pc3","2cpu-dc",0.75,"ssa",2,2.63
"pc3","2cpu-dc",0.75,"ssa",1,2.72
"pc3","2cpu-dc",0.75,"ssa",1,2.63
"pc3","2cpu-dc",0.75,"ssa",2,2.68
"pc3","2cpu-dc",0.75,"ssa",1,2.61
"pc3","2cpu-dc",0.75,"ssa",2,2.66
"pc3","2cpu-dc",0.75,"ssa",1,2.59
"pc3","2cpu-dc",0.75,"ssa",2,2.68
"pc3","2cpu-dc",0.75,"ssa",2,2.62
"pc3","2cpu-dc",0.75,"ssa",1,2.69
"pc3","2cpu-dc",0.75,"ssa",1,2.65
"pc3","2cpu-dc",0.75,"ssa",2,2.68
"pc3","2cpu-dc",0.75,"ssa",1,2.6
"pc3","2cpu-dc",0.75,"ssa",2,2.62
"pc3","2cpu-dc",0.75,"ssa",1,2.64
"pc3","2cpu-dc",0.75,"ssa",2,2.73
"pc3","2cpu-dc",0.75,"ssa",2,2.63
"pc3","2cpu-dc",0.75,"ssa",1,2.68
"pc3","2cpu-dc",0.75,"ssa",1,2.61
"pc3","2cpu-dc",0.75,"ssa",2,2.67
"pc3","2cpu-dc",0.75,"ssa",2,2.57
"pc3","2cpu-dc",0.75,"ssa",1,2.67
"pc3","2cpu-dc",0.75,"ssa",1,2.61
"pc3","2cpu-dc",0.75,"ssa",2,2.67
"pc3","2cpu-dc",0.75,"ssa",2,2.62
"pc3","2cpu-dc",0.75,"ssa",1,2.73
"pc3","2cpu-dc",0.75,"ssa",1,2.61
"pc3","2cpu-dc",0.75,"ssa",2,2.68
"pc3","2cpu-dc",0.75,"ssa",2,2.64
"pc3","2cpu-dc",0.75,"ssa",1,2.72
"pc3","2cpu-dc",0.85,"ssa",2,2.54
"pc3","2cpu-dc",0.85,"ssa",1,2.56
"pc3","2cpu-dc",0.85,"ssa",2,2.55
"pc3","2cpu-dc",0.85,"ssa",1,2.59
"pc3","2cpu-dc",0.85,"ssa",2,2.37
"pc3","2cpu-dc",0.85,"ssa",1,2.39
"pc3","2cpu-dc",0.85,"ssa",2,2.33
"pc3","2cpu-dc",0.85,"ssa",1,2.38
"pc3","2cpu-dc",0.85,"ssa",1,2.38
"pc3","2cpu-dc",0.85,"ssa",2,2.42
"pc3","2cpu-dc",0.85,"ssa",2,2.34
"pc3","2cpu-dc",0.85,"ssa",1,2.38
"pc3","2cpu-dc",0.85,"ssa",1,2.37
"pc3","2cpu-dc",0.85,"ssa",2,2.4
"pc3","2cpu-dc",0.85,"ssa",2,2.34
"pc3","2cpu-dc",0.85,"ssa",1,2.39
"pc3","2cpu-dc",0.85,"ssa",2,2.36
"pc3","2cpu-dc",0.85,"ssa",1,2.41
"pc3","2cpu-dc",0.85,"ssa",2,2.31
"pc3","2cpu-dc",0.85,"ssa",1,2.35
"pc3","2cpu-dc",0.85,"ssa",1,2.34
"pc3","2cpu-dc",0.85,"ssa",2,2.38
"pc3","2cpu-dc",0.85,"ssa",2,2.29
"pc3","2cpu-dc",0.85,"ssa",1,2.39
"pc3","2cpu-dc",0.85,"ssa",1,2.4
"pc3","2cpu-dc",0.85,"ssa",2,2.42
"pc3","2cpu-dc",0.85,"ssa",2,2.29
"pc3","2cpu-dc",0.85,"ssa",1,2.36
"pc3","2cpu-dc",0.85,"ssa",1,2.36
"pc3","2cpu-dc",0.85,"ssa",2,2.48
"pc3","2cpu-dc",0.85,"ssa",2,2.34
"pc3","2cpu-dc",0.85,"ssa",1,2.37
"pc3","2cpu-dc",0.85,"ssa",1,2.41
"pc3","2cpu-dc",0.85,"ssa",2,2.43
"pc3","2cpu-dc",0.85,"ssa",2,2.33
"pc3","2cpu-dc",0.85,"ssa",1,2.39
"pc3","2cpu-dc",0.85,"ssa",1,2.35
"pc3","2cpu-dc",0.85,"ssa",2,2.41
"pc3","2cpu-dc",0.85,"ssa",2,2.34
"pc3","2cpu-dc",0.85,"ssa",1,2.39
"pc3","2cpu-dc",0.85,"ssa",1,2.38
"pc3","2cpu-dc",0.85,"ssa",2,2.4
"pc3","2cpu-dc",0.85,"ssa",2,2.38
"pc3","2cpu-dc",0.85,"ssa",1,2.52
"pc3","2cpu-dc",0.85,"ssa",1,2.42
"pc3","2cpu-dc",0.85,"ssa",2,2.43
"pc3","2cpu-dc",0.85,"ssa",2,2.4
"pc3","2cpu-dc",0.85,"ssa",1,2.43
"pc3","2cpu-dc",0.85,"ssa",1,2.4
"pc3","2cpu-dc",0.85,"ssa",2,2.42
"pc3","2cpu-dc",0.85,"ssa",2,2.45
"pc3","2cpu-dc",0.85,"ssa",1,2.51
"pc3","2cpu-dc",0.85,"ssa",1,2.46
"pc3","2cpu-dc",0.85,"ssa",2,2.45
"pc3","2cpu-dc",0.85,"ssa",2,2.38
"pc3","2cpu-dc",0.85,"ssa",1,2.42
"pc3","2cpu-dc",0.85,"ssa",1,2.4
"pc3","2cpu-dc",0.85,"ssa",2,2.41
"pc3","2cpu-dc",0.85,"ssa",2,2.41
"pc3","2cpu-dc",0.85,"ssa",1,2.52
"pc3","2cpu-dc",0.95,"ssa",2,2.25
"pc3","2cpu-dc",0.95,"ssa",1,2.37
"pc3","2cpu-dc",0.95,"ssa",2,2.26
"pc3","2cpu-dc",0.95,"ssa",1,2.28
"pc3","2cpu-dc",0.95,"ssa",2,2.07
"pc3","2cpu-dc",0.95,"ssa",1,2.11
"pc3","2cpu-dc",0.95,"ssa",2,2.07
"pc3","2cpu-dc",0.95,"ssa",1,2.08
"pc3","2cpu-dc",0.95,"ssa",1,2.08
"pc3","2cpu-dc",0.95,"ssa",2,2.08
"pc3","2cpu-dc",0.95,"ssa",2,2.06
"pc3","2cpu-dc",0.95,"ssa",1,2.12
"pc3","2cpu-dc",0.95,"ssa",2,2.09
"pc3","2cpu-dc",0.95,"ssa",1,2.15
"pc3","2cpu-dc",0.95,"ssa",2,2.01
"pc3","2cpu-dc",0.95,"ssa",1,2.17
"pc3","2cpu-dc",0.95,"ssa",2,2.09
"pc3","2cpu-dc",0.95,"ssa",1,2.13
"pc3","2cpu-dc",0.95,"ssa",2,2.09
"pc3","2cpu-dc",0.95,"ssa",1,2.1
"pc3","2cpu-dc",0.95,"ssa",2,2.1
"pc3","2cpu-dc",0.95,"ssa",1,2.12
"pc3","2cpu-dc",0.95,"ssa",2,2.1
"pc3","2cpu-dc",0.95,"ssa",1,2.14
"pc3","2cpu-dc",0.95,"ssa",1,2.08
"pc3","2cpu-dc",0.95,"ssa",2,2.08
"pc3","2cpu-dc",0.95,"ssa",2,2.07
"pc3","2cpu-dc",0.95,"ssa",1,2.14
"pc3","2cpu-dc",0.95,"ssa",2,2.13
"pc3","2cpu-dc",0.95,"ssa",1,2.13
"pc3","2cpu-dc",0.95,"ssa",1,2.13
"pc3","2cpu-dc",0.95,"ssa",2,2.15
"pc3","2cpu-dc",0.95,"ssa",2,2.08
"pc3","2cpu-dc",0.95,"ssa",1,2.15
"pc3","2cpu-dc",0.95,"ssa",2,2.08
"pc3","2cpu-dc",0.95,"ssa",1,2.12
"pc3","2cpu-dc",0.95,"ssa",2,2.08
"pc3","2cpu-dc",0.95,"ssa",1,2.12
"pc3","2cpu-dc",0.95,"ssa",2,2.1
"pc3","2cpu-dc",0.95,"ssa",1,2.13
"pc3","2cpu-dc",0.95,"ssa",2,2.03
"pc3","2cpu-dc",0.95,"ssa",1,2.11
"pc3","2cpu-dc",0.95,"ssa",2,2.04
"pc3","2cpu-dc",0.95,"ssa",1,2.09
"pc3","2cpu-dc",0.95,"ssa",1,2.1
"pc3","2cpu-dc",0.95,"ssa",2,2.1
"pc3","2cpu-dc",0.95,"ssa",2,2.09
"pc3","2cpu-dc",0.95,"ssa",1,2.14
"pc3","2cpu-dc",0.95,"ssa",2,2.1
"pc3","2cpu-dc",0.95,"ssa",1,2.15
"pc3","2cpu-dc",0.95,"ssa",2,2.1
"pc3","2cpu-dc",0.95,"ssa",1,2.18
"pc3","2cpu-dc",0.95,"ssa",2,2.07
"pc3","2cpu-dc",0.95,"ssa",1,2.12
"pc3","2cpu-dc",0.95,"ssa",1,2.1
"pc3","2cpu-dc",0.95,"ssa",2,2.12
"pc3","2cpu-dc",0.95,"ssa",2,2.08
"pc3","2cpu-dc",0.95,"ssa",1,2.18
"pc3","2cpu-dc",0.95,"ssa",2,2.08
"pc3","2cpu-dc",0.95,"ssa",1,2.13
"pc3","2cpu-dc",0.05,"seadec",1,47.81
"pc3","2cpu-dc",0.05,"seadec",2,48.29
"pc3","2cpu-dc",0.05,"seadec",1,48.25
"pc3","2cpu-dc",0.05,"seadec",2,48.52
"pc3","2cpu-dc",0.05,"seadec",2,43.38
"pc3","2cpu-dc",0.05,"seadec",1,43.48
"pc3","2cpu-dc",0.05,"seadec",1,2.27
"pc3","2cpu-dc",0.05,"seadec",2,43.67
"pc3","2cpu-dc",0.05,"seadec",1,43.69
"pc3","2cpu-dc",0.05,"seadec",2,43.88
"pc3","2cpu-dc",0.05,"seadec",1,44.18
"pc3","2cpu-dc",0.05,"seadec",2,44.48
"pc3","2cpu-dc",0.05,"seadec",1,43.67
"pc3","2cpu-dc",0.05,"seadec",2,43.85
"pc3","2cpu-dc",0.05,"seadec",1,43.56
"pc3","2cpu-dc",0.05,"seadec",2,44.45
"pc3","2cpu-dc",0.05,"seadec",1,43.64
"pc3","2cpu-dc",0.05,"seadec",2,44.53
"pc3","2cpu-dc",0.05,"seadec",1,43.28
"pc3","2cpu-dc",0.05,"seadec",2,44.37
"pc3","2cpu-dc",0.05,"seadec",1,43.58
"pc3","2cpu-dc",0.05,"seadec",2,43.97
"pc3","2cpu-dc",0.05,"seadec",1,44.37
"pc3","2cpu-dc",0.05,"seadec",2,44.55
"pc3","2cpu-dc",0.05,"seadec",1,44.59
"pc3","2cpu-dc",0.05,"seadec",2,44.68
"pc3","2cpu-dc",0.05,"seadec",2,44.27
"pc3","2cpu-dc",0.05,"seadec",1,44.27
"pc3","2cpu-dc",0.05,"seadec",2,44.45
"pc3","2cpu-dc",0.05,"seadec",1,44.45
"pc3","2cpu-dc",0.05,"seadec",1,44.36
"pc3","2cpu-dc",0.05,"seadec",2,44.54
"pc3","2cpu-dc",0.05,"seadec",1,44.07
"pc3","2cpu-dc",0.05,"seadec",2,44.26
"pc3","2cpu-dc",0.05,"seadec",1,45.27
"pc3","2cpu-dc",0.05,"seadec",2,45.35
"pc3","2cpu-dc",0.05,"seadec",2,43.77
"pc3","2cpu-dc",0.05,"seadec",1,43.77
"pc3","2cpu-dc",0.05,"seadec",1,44.79
"pc3","2cpu-dc",0.05,"seadec",2,44.88
"pc3","2cpu-dc",0.05,"seadec",2,44.35
"pc3","2cpu-dc",0.05,"seadec",1,44.46
"pc3","2cpu-dc",0.05,"seadec",2,44.47
"pc3","2cpu-dc",0.05,"seadec",1,44.78
"pc3","2cpu-dc",0.05,"seadec",1,44.76
"pc3","2cpu-dc",0.05,"seadec",2,44.95
"pc3","2cpu-dc",0.05,"seadec",1,44.27
"pc3","2cpu-dc",0.05,"seadec",2,44.55
"pc3","2cpu-dc",0.05,"seadec",2,44.26
"pc3","2cpu-dc",0.05,"seadec",1,44.47
"pc3","2cpu-dc",0.05,"seadec",1,44.26
"pc3","2cpu-dc",0.05,"seadec",2,44.35
"pc3","2cpu-dc",0.05,"seadec",1,44.37
"pc3","2cpu-dc",0.05,"seadec",2,44.56
"pc3","2cpu-dc",0.05,"seadec",1,44.38
"pc3","2cpu-dc",0.05,"seadec",2,44.45
"pc3","2cpu-dc",0.05,"seadec",1,43.99
"pc3","2cpu-dc",0.05,"seadec",2,44.28
"pc3","2cpu-dc",0.05,"seadec",1,44.09
"pc3","2cpu-dc",0.05,"seadec",2,44.19
"pc3","2cpu-dc",0.15,"seadec",2,14.25
"pc3","2cpu-dc",0.15,"seadec",1,14.34
"pc3","2cpu-dc",0.15,"seadec",2,14.18
"pc3","2cpu-dc",0.15,"seadec",1,14.2
"pc3","2cpu-dc",0.15,"seadec",1,13.08
"pc3","2cpu-dc",0.15,"seadec",2,13.07
"pc3","2cpu-dc",0.15,"seadec",2,13.16
"pc3","2cpu-dc",0.15,"seadec",1,13.18
"pc3","2cpu-dc",0.15,"seadec",2,12.98
"pc3","2cpu-dc",0.15,"seadec",1,12.98
"pc3","2cpu-dc",0.15,"seadec",2,12.98
"pc3","2cpu-dc",0.15,"seadec",1,13.18
"pc3","2cpu-dc",0.15,"seadec",2,12.29
"pc3","2cpu-dc",0.15,"seadec",1,12.4
"pc3","2cpu-dc",0.15,"seadec",2,12.45
"pc3","2cpu-dc",0.15,"seadec",1,12.67
"pc3","2cpu-dc",0.15,"seadec",2,12.36
"pc3","2cpu-dc",0.15,"seadec",1,12.47
"pc3","2cpu-dc",0.15,"seadec",1,12.47
"pc3","2cpu-dc",0.15,"seadec",2,12.66
"pc3","2cpu-dc",0.15,"seadec",1,12.27
"pc3","2cpu-dc",0.15,"seadec",2,12.27
"pc3","2cpu-dc",0.15,"seadec",2,12.37
"pc3","2cpu-dc",0.15,"seadec",1,12.48
"pc3","2cpu-dc",0.15,"seadec",2,13.09
"pc3","2cpu-dc",0.15,"seadec",1,13.28
"pc3","2cpu-dc",0.15,"seadec",1,12.69
"pc3","2cpu-dc",0.15,"seadec",2,12.78
"pc3","2cpu-dc",0.15,"seadec",1,12.69
"pc3","2cpu-dc",0.15,"seadec",2,12.88
"pc3","2cpu-dc",0.15,"seadec",1,12.47
"pc3","2cpu-dc",0.15,"seadec",2,12.65
"pc3","2cpu-dc",0.15,"seadec",1,12.97
"pc3","2cpu-dc",0.15,"seadec",2,13.05
"pc3","2cpu-dc",0.15,"seadec",1,13.16
"pc3","2cpu-dc",0.15,"seadec",2,13.24
"pc3","2cpu-dc",0.15,"seadec",1,13.47
"pc3","2cpu-dc",0.15,"seadec",2,13.47
"pc3","2cpu-dc",0.15,"seadec",1,13.49
"pc3","2cpu-dc",0.15,"seadec",2,13.57
"pc3","2cpu-dc",0.15,"seadec",1,13.4
"pc3","2cpu-dc",0.15,"seadec",2,13.49
"pc3","2cpu-dc",0.15,"seadec",1,13.67
"pc3","2cpu-dc",0.15,"seadec",2,13.86
"pc3","2cpu-dc",0.15,"seadec",1,12.58
"pc3","2cpu-dc",0.15,"seadec",2,12.66
"pc3","2cpu-dc",0.15,"seadec",1,12.59
"pc3","2cpu-dc",0.15,"seadec",2,12.67
"pc3","2cpu-dc",0.15,"seadec",2,12.47
"pc3","2cpu-dc",0.15,"seadec",1,12.48
"pc3","2cpu-dc",0.15,"seadec",1,12.77
"pc3","2cpu-dc",0.15,"seadec",2,12.78
"pc3","2cpu-dc",0.15,"seadec",2,12.61
"pc3","2cpu-dc",0.15,"seadec",1,12.73
"pc3","2cpu-dc",0.15,"seadec",2,12.45
"pc3","2cpu-dc",0.15,"seadec",1,12.66
"pc3","2cpu-dc",0.15,"seadec",2,12.45
"pc3","2cpu-dc",0.15,"seadec",1,12.57
"pc3","2cpu-dc",0.15,"seadec",2,12.36
"pc3","2cpu-dc",0.15,"seadec",1,12.67
"pc3","2cpu-dc",0.25,"seadec",1,7.84
"pc3","2cpu-dc",0.25,"seadec",2,7.84
"pc3","2cpu-dc",0.25,"seadec",2,7.56
"pc3","2cpu-dc",0.25,"seadec",1,7.56
"pc3","2cpu-dc",0.25,"seadec",1,6.7
"pc3","2cpu-dc",0.25,"seadec",2,6.7
"pc3","2cpu-dc",0.25,"seadec",2,7.01
"pc3","2cpu-dc",0.25,"seadec",1,7.02
"pc3","2cpu-dc",0.25,"seadec",1,6.75
"pc3","2cpu-dc",0.25,"seadec",2,6.75
"pc3","2cpu-dc",0.25,"seadec",1,6.87
"pc3","2cpu-dc",0.25,"seadec",2,6.87
"pc3","2cpu-dc",0.25,"seadec",2,6.77
"pc3","2cpu-dc",0.25,"seadec",1,6.77
"pc3","2cpu-dc",0.25,"seadec",1,7.04
"pc3","2cpu-dc",0.25,"seadec",2,7.05
"pc3","2cpu-dc",0.25,"seadec",2,6.75
"pc3","2cpu-dc",0.25,"seadec",1,6.86
"pc3","2cpu-dc",0.25,"seadec",2,6.66
"pc3","2cpu-dc",0.25,"seadec",1,6.69
"pc3","2cpu-dc",0.25,"seadec",2,6.87
"pc3","2cpu-dc",0.25,"seadec",1,6.96
"pc3","2cpu-dc",0.25,"seadec",2,6.85
"pc3","2cpu-dc",0.25,"seadec",1,6.87
"pc3","2cpu-dc",0.25,"seadec",1,6.88
"pc3","2cpu-dc",0.25,"seadec",2,6.98
"pc3","2cpu-dc",0.25,"seadec",1,6.89
"pc3","2cpu-dc",0.25,"seadec",2,6.89
"pc3","2cpu-dc",0.25,"seadec",2,6.65
"pc3","2cpu-dc",0.25,"seadec",1,6.74
"pc3","2cpu-dc",0.25,"seadec",1,6.71
"pc3","2cpu-dc",0.25,"seadec",2,6.81
"pc3","2cpu-dc",0.25,"seadec",1,6.78
"pc3","2cpu-dc",0.25,"seadec",2,6.85
"pc3","2cpu-dc",0.25,"seadec",1,6.7
"pc3","2cpu-dc",0.25,"seadec",2,6.79
"pc3","2cpu-dc",0.25,"seadec",2,6.85
"pc3","2cpu-dc",0.25,"seadec",1,6.94
"pc3","2cpu-dc",0.25,"seadec",1,6.8
"pc3","2cpu-dc",0.25,"seadec",2,6.8
"pc3","2cpu-dc",0.25,"seadec",2,6.88
"pc3","2cpu-dc",0.25,"seadec",1,6.98
"pc3","2cpu-dc",0.25,"seadec",2,6.86
"pc3","2cpu-dc",0.25,"seadec",1,6.97
"pc3","2cpu-dc",0.25,"seadec",2,6.8
"pc3","2cpu-dc",0.25,"seadec",1,6.9
"pc3","2cpu-dc",0.25,"seadec",2,6.78
"pc3","2cpu-dc",0.25,"seadec",1,6.87
"pc3","2cpu-dc",0.25,"seadec",2,6.9
"pc3","2cpu-dc",0.25,"seadec",1,6.99
"pc3","2cpu-dc",0.25,"seadec",1,7.03
"pc3","2cpu-dc",0.25,"seadec",2,7.12
"pc3","2cpu-dc",0.25,"seadec",2,6.88
"pc3","2cpu-dc",0.25,"seadec",1,6.98
"pc3","2cpu-dc",0.25,"seadec",2,6.79
"pc3","2cpu-dc",0.25,"seadec",1,6.98
"pc3","2cpu-dc",0.25,"seadec",2,6.85
"pc3","2cpu-dc",0.25,"seadec",1,6.88
"pc3","2cpu-dc",0.25,"seadec",2,6.86
"pc3","2cpu-dc",0.25,"seadec",1,6.95
"pc3","2cpu-dc",0.35,"seadec",1,5.19
"pc3","2cpu-dc",0.35,"seadec",2,5.18
"pc3","2cpu-dc",0.35,"seadec",1,5.33
"pc3","2cpu-dc",0.35,"seadec",2,5.35
"pc3","2cpu-dc",0.35,"seadec",2,4.57
"pc3","2cpu-dc",0.35,"seadec",1,4.67
"pc3","2cpu-dc",0.35,"seadec",2,4.66
"pc3","2cpu-dc",0.35,"seadec",1,4.76
"pc3","2cpu-dc",0.35,"seadec",2,4.61
"pc3","2cpu-dc",0.35,"seadec",1,4.71
"pc3","2cpu-dc",0.35,"seadec",1,4.69
"pc3","2cpu-dc",0.35,"seadec",2,4.76
"pc3","2cpu-dc",0.35,"seadec",2,4.69
"pc3","2cpu-dc",0.35,"seadec",1,4.71
"pc3","2cpu-dc",0.35,"seadec",1,4.7
"pc3","2cpu-dc",0.35,"seadec",2,4.7
"pc3","2cpu-dc",0.35,"seadec",1,4.76
"pc3","2cpu-dc",0.35,"seadec",2,4.76
"pc3","2cpu-dc",0.35,"seadec",1,4.65
"pc3","2cpu-dc",0.35,"seadec",2,4.65
"pc3","2cpu-dc",0.35,"seadec",2,5.86
"pc3","2cpu-dc",0.35,"seadec",1,5.86
"pc3","2cpu-dc",0.35,"seadec",1,4.75
"pc3","2cpu-dc",0.35,"seadec",2,4.76
"pc3","2cpu-dc",0.35,"seadec",2,4.79
"pc3","2cpu-dc",0.35,"seadec",1,4.81
"pc3","2cpu-dc",0.35,"seadec",1,4.65
"pc3","2cpu-dc",0.35,"seadec",2,4.65
"pc3","2cpu-dc",0.35,"seadec",1,4.64
"pc3","2cpu-dc",0.35,"seadec",2,4.64
"pc3","2cpu-dc",0.35,"seadec",2,4.71
"pc3","2cpu-dc",0.35,"seadec",1,4.71
"pc3","2cpu-dc",0.35,"seadec",2,4.71
"pc3","2cpu-dc",0.35,"seadec",1,4.74
"pc3","2cpu-dc",0.35,"seadec",1,4.66
"pc3","2cpu-dc",0.35,"seadec",2,4.74
"pc3","2cpu-dc",0.35,"seadec",1,4.69
"pc3","2cpu-dc",0.35,"seadec",2,4.79
"pc3","2cpu-dc",0.35,"seadec",1,4.57
"pc3","2cpu-dc",0.35,"seadec",2,4.65
"pc3","2cpu-dc",0.35,"seadec",2,4.69
"pc3","2cpu-dc",0.35,"seadec",1,4.78
"pc3","2cpu-dc",0.35,"seadec",1,4.78
"pc3","2cpu-dc",0.35,"seadec",2,4.78
"pc3","2cpu-dc",0.35,"seadec",2,4.73
"pc3","2cpu-dc",0.35,"seadec",1,4.75
"pc3","2cpu-dc",0.35,"seadec",1,4.68
"pc3","2cpu-dc",0.35,"seadec",2,4.75
"pc3","2cpu-dc",0.35,"seadec",1,4.7
"pc3","2cpu-dc",0.35,"seadec",2,4.77
"pc3","2cpu-dc",0.35,"seadec",1,4.77
"pc3","2cpu-dc",0.35,"seadec",2,4.87
"pc3","2cpu-dc",0.35,"seadec",2,4.66
"pc3","2cpu-dc",0.35,"seadec",1,4.75
"pc3","2cpu-dc",0.35,"seadec",1,4.71
"pc3","2cpu-dc",0.35,"seadec",2,4.71
"pc3","2cpu-dc",0.35,"seadec",2,4.71
"pc3","2cpu-dc",0.35,"seadec",1,4.71
"pc3","2cpu-dc",0.35,"seadec",2,4.65
"pc3","2cpu-dc",0.35,"seadec",1,4.74
"pc3","2cpu-dc",0.45,"seadec",2,3.97
"pc3","2cpu-dc",0.45,"seadec",1,3.98
"pc3","2cpu-dc",0.45,"seadec",2,3.96
"pc3","2cpu-dc",0.45,"seadec",1,3.99
"pc3","2cpu-dc",0.45,"seadec",1,3.56
"pc3","2cpu-dc",0.45,"seadec",2,3.56
"pc3","2cpu-dc",0.45,"seadec",2,3.56
"pc3","2cpu-dc",0.45,"seadec",1,3.58
"pc3","2cpu-dc",0.45,"seadec",2,3.55
"pc3","2cpu-dc",0.45,"seadec",1,3.57
"pc3","2cpu-dc",0.45,"seadec",2,3.54
"pc3","2cpu-dc",0.45,"seadec",1,3.54
"pc3","2cpu-dc",0.45,"seadec",2,3.51
"pc3","2cpu-dc",0.45,"seadec",1,3.52
"pc3","2cpu-dc",0.45,"seadec",2,3.55
"pc3","2cpu-dc",0.45,"seadec",1,3.63
"pc3","2cpu-dc",0.45,"seadec",2,3.52
"pc3","2cpu-dc",0.45,"seadec",1,3.59
"pc3","2cpu-dc",0.45,"seadec",2,3.49
"pc3","2cpu-dc",0.45,"seadec",1,3.52
"pc3","2cpu-dc",0.45,"seadec",2,3.53
"pc3","2cpu-dc",0.45,"seadec",1,3.56
"pc3","2cpu-dc",0.45,"seadec",1,3.55
"pc3","2cpu-dc",0.45,"seadec",2,3.54
"pc3","2cpu-dc",0.45,"seadec",2,3.49
"pc3","2cpu-dc",0.45,"seadec",1,3.51
"pc3","2cpu-dc",0.45,"seadec",2,3.47
"pc3","2cpu-dc",0.45,"seadec",1,3.53
"pc3","2cpu-dc",0.45,"seadec",2,3.5
"pc3","2cpu-dc",0.45,"seadec",1,3.52
"pc3","2cpu-dc",0.45,"seadec",2,3.49
"pc3","2cpu-dc",0.45,"seadec",1,3.49
"pc3","2cpu-dc",0.45,"seadec",1,3.52
"pc3","2cpu-dc",0.45,"seadec",2,3.53
"pc3","2cpu-dc",0.45,"seadec",1,3.52
"pc3","2cpu-dc",0.45,"seadec",2,3.52
"pc3","2cpu-dc",0.45,"seadec",1,3.56
"pc3","2cpu-dc",0.45,"seadec",2,3.59
"pc3","2cpu-dc",0.45,"seadec",1,3.54
"pc3","2cpu-dc",0.45,"seadec",2,3.58
"pc3","2cpu-dc",0.45,"seadec",1,3.59
"pc3","2cpu-dc",0.45,"seadec",2,3.66
"pc3","2cpu-dc",0.45,"seadec",1,3.59
"pc3","2cpu-dc",0.45,"seadec",2,3.59
"pc3","2cpu-dc",0.45,"seadec",2,3.65
"pc3","2cpu-dc",0.45,"seadec",1,3.65
"pc3","2cpu-dc",0.45,"seadec",1,3.56
"pc3","2cpu-dc",0.45,"seadec",2,3.56
"pc3","2cpu-dc",0.45,"seadec",2,3.56
"pc3","2cpu-dc",0.45,"seadec",1,3.56
"pc3","2cpu-dc",0.45,"seadec",2,3.56
"pc3","2cpu-dc",0.45,"seadec",1,3.57
"pc3","2cpu-dc",0.45,"seadec",2,3.66
"pc3","2cpu-dc",0.45,"seadec",1,3.66
"pc3","2cpu-dc",0.45,"seadec",1,3.57
"pc3","2cpu-dc",0.45,"seadec",2,3.58
"pc3","2cpu-dc",0.45,"seadec",2,3.58
"pc3","2cpu-dc",0.45,"seadec",1,3.66
"pc3","2cpu-dc",0.45,"seadec",2,3.49
"pc3","2cpu-dc",0.45,"seadec",1,3.59
"pc3","2cpu-dc",0.55,"seadec",2,3.25
"pc3","2cpu-dc",0.55,"seadec",1,3.27
"pc3","2cpu-dc",0.55,"seadec",1,3.26
"pc3","2cpu-dc",0.55,"seadec",2,3.26
"pc3","2cpu-dc",0.55,"seadec",1,2.9
"pc3","2cpu-dc",0.55,"seadec",2,2.96
"pc3","2cpu-dc",0.55,"seadec",1,2.82
"pc3","2cpu-dc",0.55,"seadec",2,2.88
"pc3","2cpu-dc",0.55,"seadec",2,2.88
"pc3","2cpu-dc",0.55,"seadec",1,2.9
"pc3","2cpu-dc",0.55,"seadec",1,2.93
"pc3","2cpu-dc",0.55,"seadec",2,2.95
"pc3","2cpu-dc",0.55,"seadec",1,2.86
"pc3","2cpu-dc",0.55,"seadec",2,2.86
"pc3","2cpu-dc",0.55,"seadec",1,2.8
"pc3","2cpu-dc",0.55,"seadec",2,2.79
"pc3","2cpu-dc",0.55,"seadec",1,2.85
"pc3","2cpu-dc",0.55,"seadec",2,2.85
"pc3","2cpu-dc",0.55,"seadec",1,2.83
"pc3","2cpu-dc",0.55,"seadec",2,2.84
"pc3","2cpu-dc",0.55,"seadec",2,2.8
"pc3","2cpu-dc",0.55,"seadec",1,2.8
"pc3","2cpu-dc",0.55,"seadec",2,2.8
"pc3","2cpu-dc",0.55,"seadec",1,2.83
"pc3","2cpu-dc",0.55,"seadec",2,2.8
"pc3","2cpu-dc",0.55,"seadec",1,2.88
"pc3","2cpu-dc",0.55,"seadec",2,2.79
"pc3","2cpu-dc",0.55,"seadec",1,2.81
"pc3","2cpu-dc",0.55,"seadec",2,2.86
"pc3","2cpu-dc",0.55,"seadec",1,2.88
"pc3","2cpu-dc",0.55,"seadec",2,2.83
"pc3","2cpu-dc",0.55,"seadec",1,2.84
"pc3","2cpu-dc",0.55,"seadec",2,2.8
"pc3","2cpu-dc",0.55,"seadec",1,2.84
"pc3","2cpu-dc",0.55,"seadec",1,2.8
"pc3","2cpu-dc",0.55,"seadec",2,3.01
"pc3","2cpu-dc",0.55,"seadec",1,2.84
"pc3","2cpu-dc",0.55,"seadec",2,2.84
"pc3","2cpu-dc",0.55,"seadec",1,2.78
"pc3","2cpu-dc",0.55,"seadec",2,2.85
"pc3","2cpu-dc",0.55,"seadec",1,2.81
"pc3","2cpu-dc",0.55,"seadec",2,2.81
"pc3","2cpu-dc",0.55,"seadec",1,2.84
"pc3","2cpu-dc",0.55,"seadec",2,2.85
"pc3","2cpu-dc",0.55,"seadec",1,2.87
"pc3","2cpu-dc",0.55,"seadec",2,2.87
"pc3","2cpu-dc",0.55,"seadec",2,2.86
"pc3","2cpu-dc",0.55,"seadec",1,2.93
"pc3","2cpu-dc",0.55,"seadec",1,2.83
"pc3","2cpu-dc",0.55,"seadec",2,2.83
"pc3","2cpu-dc",0.55,"seadec",1,2.86
"pc3","2cpu-dc",0.55,"seadec",2,2.85
"pc3","2cpu-dc",0.55,"seadec",1,2.86
"pc3","2cpu-dc",0.55,"seadec",2,2.86
"pc3","2cpu-dc",0.55,"seadec",1,2.87
"pc3","2cpu-dc",0.55,"seadec",2,2.88
"pc3","2cpu-dc",0.55,"seadec",1,2.85
"pc3","2cpu-dc",0.55,"seadec",2,2.85
"pc3","2cpu-dc",0.55,"seadec",1,2.88
"pc3","2cpu-dc",0.55,"seadec",2,2.88
"pc3","2cpu-dc",0.65,"seadec",2,2.72
"pc3","2cpu-dc",0.65,"seadec",1,2.75
"pc3","2cpu-dc",0.65,"seadec",1,2.67
"pc3","2cpu-dc",0.65,"seadec",2,2.67
"pc3","2cpu-dc",0.65,"seadec",2,2.37
"pc3","2cpu-dc",0.65,"seadec",1,2.37
"pc3","2cpu-dc",0.65,"seadec",2,2.33
"pc3","2cpu-dc",0.65,"seadec",1,2.34
"pc3","2cpu-dc",0.65,"seadec",2,2.37
"pc3","2cpu-dc",0.65,"seadec",1,2.38
"pc3","2cpu-dc",0.65,"seadec",1,2.38
"pc3","2cpu-dc",0.65,"seadec",2,2.38
"pc3","2cpu-dc",0.65,"seadec",2,2.39
"pc3","2cpu-dc",0.65,"seadec",1,2.39
"pc3","2cpu-dc",0.65,"seadec",1,2.36
"pc3","2cpu-dc",0.65,"seadec",2,2.36
"pc3","2cpu-dc",0.65,"seadec",2,2.36
"pc3","2cpu-dc",0.65,"seadec",1,2.36
"pc3","2cpu-dc",0.65,"seadec",1,2.34
"pc3","2cpu-dc",0.65,"seadec",2,2.34
"pc3","2cpu-dc",0.65,"seadec",1,2.36
"pc3","2cpu-dc",0.65,"seadec",2,2.36
"pc3","2cpu-dc",0.65,"seadec",2,2.42
"pc3","2cpu-dc",0.65,"seadec",1,2.42
"pc3","2cpu-dc",0.65,"seadec",2,2.42
"pc3","2cpu-dc",0.65,"seadec",1,2.42
"pc3","2cpu-dc",0.65,"seadec",1,2.44
"pc3","2cpu-dc",0.65,"seadec",2,2.44
"pc3","2cpu-dc",0.65,"seadec",2,2.42
"pc3","2cpu-dc",0.65,"seadec",1,2.45
"pc3","2cpu-dc",0.65,"seadec",1,2.36
"pc3","2cpu-dc",0.65,"seadec",2,2.37
"pc3","2cpu-dc",0.65,"seadec",1,2.37
"pc3","2cpu-dc",0.65,"seadec",2,2.37
"pc3","2cpu-dc",0.65,"seadec",1,2.38
"pc3","2cpu-dc",0.65,"seadec",2,2.41
"pc3","2cpu-dc",0.65,"seadec",1,2.34
"pc3","2cpu-dc",0.65,"seadec",2,2.4
"pc3","2cpu-dc",0.65,"seadec",1,2.32
"pc3","2cpu-dc",0.65,"seadec",2,2.38
"pc3","2cpu-dc",0.65,"seadec",1,2.39
"pc3","2cpu-dc",0.65,"seadec",2,2.41
"pc3","2cpu-dc",0.65,"seadec",2,2.41
"pc3","2cpu-dc",0.65,"seadec",1,2.42
"pc3","2cpu-dc",0.65,"seadec",1,2.45
"pc3","2cpu-dc",0.65,"seadec",2,2.45
"pc3","2cpu-dc",0.65,"seadec",1,2.39
"pc3","2cpu-dc",0.65,"seadec",2,2.4
"pc3","2cpu-dc",0.65,"seadec",1,2.43
"pc3","2cpu-dc",0.65,"seadec",2,2.44
"pc3","2cpu-dc",0.65,"seadec",1,2.39
"pc3","2cpu-dc",0.65,"seadec",2,2.42
"pc3","2cpu-dc",0.65,"seadec",1,2.42
"pc3","2cpu-dc",0.65,"seadec",2,2.42
"pc3","2cpu-dc",0.65,"seadec",1,2.44
"pc3","2cpu-dc",0.65,"seadec",2,2.44
"pc3","2cpu-dc",0.65,"seadec",2,2.4
"pc3","2cpu-dc",0.65,"seadec",1,2.41
"pc3","2cpu-dc",0.65,"seadec",1,2.44
"pc3","2cpu-dc",0.65,"seadec",2,2.44
"pc3","2cpu-dc",0.75,"seadec",2,2.32
"pc3","2cpu-dc",0.75,"seadec",1,2.34
"pc3","2cpu-dc",0.75,"seadec",2,2.31
"pc3","2cpu-dc",0.75,"seadec",1,2.34
"pc3","2cpu-dc",0.75,"seadec",2,2.06
"pc3","2cpu-dc",0.75,"seadec",1,2.08
"pc3","2cpu-dc",0.75,"seadec",1,2.1
"pc3","2cpu-dc",0.75,"seadec",2,2.12
"pc3","2cpu-dc",0.75,"seadec",2,2.05
"pc3","2cpu-dc",0.75,"seadec",1,2.05
"pc3","2cpu-dc",0.75,"seadec",1,2.1
"pc3","2cpu-dc",0.75,"seadec",2,2.09
"pc3","2cpu-dc",0.75,"seadec",2,2.06
"pc3","2cpu-dc",0.75,"seadec",1,2.08
"pc3","2cpu-dc",0.75,"seadec",2,2.07
"pc3","2cpu-dc",0.75,"seadec",1,2.07
"pc3","2cpu-dc",0.75,"seadec",2,2.08
"pc3","2cpu-dc",0.75,"seadec",1,2.09
"pc3","2cpu-dc",0.75,"seadec",2,2.03
"pc3","2cpu-dc",0.75,"seadec",1,2.07
"pc3","2cpu-dc",0.75,"seadec",1,2.09
"pc3","2cpu-dc",0.75,"seadec",2,2.09
"pc3","2cpu-dc",0.75,"seadec",1,2.07
"pc3","2cpu-dc",0.75,"seadec",2,2.06
"pc3","2cpu-dc",0.75,"seadec",1,2.07
"pc3","2cpu-dc",0.75,"seadec",2,2.06
"pc3","2cpu-dc",0.75,"seadec",2,2.14
"pc3","2cpu-dc",0.75,"seadec",1,2.15
"pc3","2cpu-dc",0.75,"seadec",2,2.06
"pc3","2cpu-dc",0.75,"seadec",1,2.09
"pc3","2cpu-dc",0.75,"seadec",2,2.04
"pc3","2cpu-dc",0.75,"seadec",1,2.08
"pc3","2cpu-dc",0.75,"seadec",1,2.06
"pc3","2cpu-dc",0.75,"seadec",2,2.05
"pc3","2cpu-dc",0.75,"seadec",1,2.08
"pc3","2cpu-dc",0.75,"seadec",2,2.11
"pc3","2cpu-dc",0.75,"seadec",1,2.05
"pc3","2cpu-dc",0.75,"seadec",2,2.08
"pc3","2cpu-dc",0.75,"seadec",1,2.05
"pc3","2cpu-dc",0.75,"seadec",2,2.1
"pc3","2cpu-dc",0.75,"seadec",1,2.1
"pc3","2cpu-dc",0.75,"seadec",2,2.11
"pc3","2cpu-dc",0.75,"seadec",1,2.13
"pc3","2cpu-dc",0.75,"seadec",2,2.14
"pc3","2cpu-dc",0.75,"seadec",1,2.16
"pc3","2cpu-dc",0.75,"seadec",2,2.17
"pc3","2cpu-dc",0.75,"seadec",1,2.16
"pc3","2cpu-dc",0.75,"seadec",2,2.16
"pc3","2cpu-dc",0.75,"seadec",1,2.14
"pc3","2cpu-dc",0.75,"seadec",2,2.15
"pc3","2cpu-dc",0.75,"seadec",1,2.13
"pc3","2cpu-dc",0.75,"seadec",2,2.14
"pc3","2cpu-dc",0.75,"seadec",1,2.15
"pc3","2cpu-dc",0.75,"seadec",2,2.16
"pc3","2cpu-dc",0.75,"seadec",1,2.14
"pc3","2cpu-dc",0.75,"seadec",2,2.15
"pc3","2cpu-dc",0.75,"seadec",2,2.13
"pc3","2cpu-dc",0.75,"seadec",1,2.16
"pc3","2cpu-dc",0.75,"seadec",1,2.17
"pc3","2cpu-dc",0.85,"seadec",1,2.05
"pc3","2cpu-dc",0.85,"seadec",2,2.05
"pc3","2cpu-dc",0.85,"seadec",1,2.07
"pc3","2cpu-dc",0.85,"seadec",2,2.07
"pc3","2cpu-dc",0.85,"seadec",2,1.83
"pc3","2cpu-dc",0.85,"seadec",1,1.83
"pc3","2cpu-dc",0.85,"seadec",2,1.84
"pc3","2cpu-dc",0.85,"seadec",1,1.84
"pc3","2cpu-dc",0.85,"seadec",1,1.83
"pc3","2cpu-dc",0.85,"seadec",2,1.83
"pc3","2cpu-dc",0.85,"seadec",2,1.82
"pc3","2cpu-dc",0.85,"seadec",1,1.84
"pc3","2cpu-dc",0.85,"seadec",1,1.87
"pc3","2cpu-dc",0.85,"seadec",2,1.85
"pc3","2cpu-dc",0.85,"seadec",2,1.81
"pc3","2cpu-dc",0.85,"seadec",1,1.83
"pc3","2cpu-dc",0.85,"seadec",2,1.8
"pc3","2cpu-dc",0.85,"seadec",1,1.83
"pc3","2cpu-dc",0.85,"seadec",2,1.82
"pc3","2cpu-dc",0.85,"seadec",1,1.82
"pc3","2cpu-dc",0.85,"seadec",1,1.81
"pc3","2cpu-dc",0.85,"seadec",2,1.81
"pc3","2cpu-dc",0.85,"seadec",2,1.79
"pc3","2cpu-dc",0.85,"seadec",1,1.82
"pc3","2cpu-dc",0.85,"seadec",1,1.82
"pc3","2cpu-dc",0.85,"seadec",2,1.83
"pc3","2cpu-dc",0.85,"seadec",2,1.82
"pc3","2cpu-dc",0.85,"seadec",1,1.82
"pc3","2cpu-dc",0.85,"seadec",1,1.83
"pc3","2cpu-dc",0.85,"seadec",2,1.83
"pc3","2cpu-dc",0.85,"seadec",1,1.81
"pc3","2cpu-dc",0.85,"seadec",2,1.83
"pc3","2cpu-dc",0.85,"seadec",1,1.81
"pc3","2cpu-dc",0.85,"seadec",2,1.82
"pc3","2cpu-dc",0.85,"seadec",2,1.82
"pc3","2cpu-dc",0.85,"seadec",1,1.82
"pc3","2cpu-dc",0.85,"seadec",1,1.83
"pc3","2cpu-dc",0.85,"seadec",2,1.85
"pc3","2cpu-dc",0.85,"seadec",1,1.86
"pc3","2cpu-dc",0.85,"seadec",2,1.85
"pc3","2cpu-dc",0.85,"seadec",1,1.87
"pc3","2cpu-dc",0.85,"seadec",1,1.85
"pc3","2cpu-dc",0.85,"seadec",2,1.86
"pc3","2cpu-dc",0.85,"seadec",2,1.85
"pc3","2cpu-dc",0.85,"seadec",1,1.85
"pc3","2cpu-dc",0.85,"seadec",2,1.85
"pc3","2cpu-dc",0.85,"seadec",1,1.85
"pc3","2cpu-dc",0.85,"seadec",2,1.84
"pc3","2cpu-dc",0.85,"seadec",1,1.86
"pc3","2cpu-dc",0.85,"seadec",1,1.87
"pc3","2cpu-dc",0.85,"seadec",2,1.86
"pc3","2cpu-dc",0.85,"seadec",1,1.86
"pc3","2cpu-dc",0.85,"seadec",2,1.86
"pc3","2cpu-dc",0.85,"seadec",1,1.85
"pc3","2cpu-dc",0.85,"seadec",2,1.86
"pc3","2cpu-dc",0.85,"seadec",1,1.86
"pc3","2cpu-dc",0.85,"seadec",2,1.87
"pc3","2cpu-dc",0.85,"seadec",2,1.85
"pc3","2cpu-dc",0.85,"seadec",1,1.89
"pc3","2cpu-dc",0.95,"seadec",1,1.9
"pc3","2cpu-dc",0.95,"seadec",2,1.9
"pc3","2cpu-dc",0.95,"seadec",1,1.83
"pc3","2cpu-dc",0.95,"seadec",2,1.84
"pc3","2cpu-dc",0.95,"seadec",1,1.63
"pc3","2cpu-dc",0.95,"seadec",2,1.62
"pc3","2cpu-dc",0.95,"seadec",1,1.65
"pc3","2cpu-dc",0.95,"seadec",2,1.67
"pc3","2cpu-dc",0.95,"seadec",1,1.63
"pc3","2cpu-dc",0.95,"seadec",2,1.63
"pc3","2cpu-dc",0.95,"seadec",1,1.62
"pc3","2cpu-dc",0.95,"seadec",2,1.63
"pc3","2cpu-dc",0.95,"seadec",1,1.61
"pc3","2cpu-dc",0.95,"seadec",2,1.61
"pc3","2cpu-dc",0.95,"seadec",1,1.63
"pc3","2cpu-dc",0.95,"seadec",2,1.63
"pc3","2cpu-dc",0.95,"seadec",2,1.66
"pc3","2cpu-dc",0.95,"seadec",1,1.69
"pc3","2cpu-dc",0.95,"seadec",2,1.62
"pc3","2cpu-dc",0.95,"seadec",1,1.64
"pc3","2cpu-dc",0.95,"seadec",2,1.65
"pc3","2cpu-dc",0.95,"seadec",1,1.65
"pc3","2cpu-dc",0.95,"seadec",1,1.63
"pc3","2cpu-dc",0.95,"seadec",2,1.62
"pc3","2cpu-dc",0.95,"seadec",2,1.62
"pc3","2cpu-dc",0.95,"seadec",1,1.63
"pc3","2cpu-dc",0.95,"seadec",1,1.62
"pc3","2cpu-dc",0.95,"seadec",2,1.65
"pc3","2cpu-dc",0.95,"seadec",1,1.62
"pc3","2cpu-dc",0.95,"seadec",2,1.63
"pc3","2cpu-dc",0.95,"seadec",1,1.61
"pc3","2cpu-dc",0.95,"seadec",2,1.61
"pc3","2cpu-dc",0.95,"seadec",1,1.61
"pc3","2cpu-dc",0.95,"seadec",2,1.61
"pc3","2cpu-dc",0.95,"seadec",2,1.6
"pc3","2cpu-dc",0.95,"seadec",1,1.63
"pc3","2cpu-dc",0.95,"seadec",1,1.63
"pc3","2cpu-dc",0.95,"seadec",2,1.65
"pc3","2cpu-dc",0.95,"seadec",1,1.61
"pc3","2cpu-dc",0.95,"seadec",2,1.63
"pc3","2cpu-dc",0.95,"seadec",1,1.65
"pc3","2cpu-dc",0.95,"seadec",2,1.65
"pc3","2cpu-dc",0.95,"seadec",2,1.64
"pc3","2cpu-dc",0.95,"seadec",1,1.64
"pc3","2cpu-dc",0.95,"seadec",1,1.65
"pc3","2cpu-dc",0.95,"seadec",2,1.65
"pc3","2cpu-dc",0.95,"seadec",1,1.64
"pc3","2cpu-dc",0.95,"seadec",2,1.65
"pc3","2cpu-dc",0.95,"seadec",2,1.63
"pc3","2cpu-dc",0.95,"seadec",1,1.63
"pc3","2cpu-dc",0.95,"seadec",2,1.65
"pc3","2cpu-dc",0.95,"seadec",1,1.65
"pc3","2cpu-dc",0.95,"seadec",2,1.64
"pc3","2cpu-dc",0.95,"seadec",1,1.64
"pc3","2cpu-dc",0.95,"seadec",1,1.66
"pc3","2cpu-dc",0.95,"seadec",2,1.67
"pc3","2cpu-dc",0.95,"seadec",1,1.64
"pc3","2cpu-dc",0.95,"seadec",2,1.64
"pc3","2cpu-dc",0.95,"seadec",1,1.64
"pc3","2cpu-dc",0.95,"seadec",2,1.64
"pc3","2cpu-dc",0.05,"SMA",2,47.84
"pc3","2cpu-dc",0.05,"SMA",1,48.65
"pc3","2cpu-dc",0.05,"SMA",1,48.36
"pc3","2cpu-dc",0.05,"SMA",2,48.45
"pc3","2cpu-dc",0.05,"SMA",2,44.54
"pc3","2cpu-dc",0.05,"SMA",1,44.66
"pc3","2cpu-dc",0.05,"SMA",2,44.27
"pc3","2cpu-dc",0.05,"SMA",1,44.58
"pc3","2cpu-dc",0.05,"SMA",1,44.13
"pc3","2cpu-dc",0.05,"SMA",2,44.62
"pc3","2cpu-dc",0.05,"SMA",1,44.74
"pc3","2cpu-dc",0.05,"SMA",2,45.13
"pc3","2cpu-dc",0.05,"SMA",1,44.88
"pc3","2cpu-dc",0.05,"SMA",2,44.98
"pc3","2cpu-dc",0.05,"SMA",1,44.48
"pc3","2cpu-dc",0.05,"SMA",2,44.68
"pc3","2cpu-dc",0.05,"SMA",1,43.65
"pc3","2cpu-dc",0.05,"SMA",2,44.62
"pc3","2cpu-dc",0.05,"SMA",1,44.17
"pc3","2cpu-dc",0.05,"SMA",2,45.26
"pc3","2cpu-dc",0.05,"SMA",1,44.27
"pc3","2cpu-dc",0.05,"SMA",2,45.37
"pc3","2cpu-dc",0.05,"SMA",1,44.36
"pc3","2cpu-dc",0.05,"SMA",2,45.65
"pc3","2cpu-dc",0.05,"SMA",1,45.09
"pc3","2cpu-dc",0.05,"SMA",2,45.18
"pc3","2cpu-dc",0.05,"SMA",2,45.29
"pc3","2cpu-dc",0.05,"SMA",1,45.48
"pc3","2cpu-dc",0.05,"SMA",1,44.85
"pc3","2cpu-dc",0.05,"SMA",2,45.13
"pc3","2cpu-dc",0.05,"SMA",2,45.15
"pc3","2cpu-dc",0.05,"SMA",1,45.25
"pc3","2cpu-dc",0.05,"SMA",2,45.38
"pc3","2cpu-dc",0.05,"SMA",1,45.88
"pc3","2cpu-dc",0.05,"SMA",2,45.06
"pc3","2cpu-dc",0.05,"SMA",1,45.17
"pc3","2cpu-dc",0.05,"SMA",2,44.98
"pc3","2cpu-dc",0.05,"SMA",1,45.38
"pc3","2cpu-dc",0.05,"SMA",2,45.45
"pc3","2cpu-dc",0.05,"SMA",1,45.87
"pc3","2cpu-dc",0.05,"SMA",2,45.76
"pc3","2cpu-dc",0.05,"SMA",1,45.86
"pc3","2cpu-dc",0.05,"SMA",2,45.77
"pc3","2cpu-dc",0.05,"SMA",1,46.09
"pc3","2cpu-dc",0.05,"SMA",2,44.78
"pc3","2cpu-dc",0.05,"SMA",1,45.29
"pc3","2cpu-dc",0.05,"SMA",2,45.28
"pc3","2cpu-dc",0.05,"SMA",1,45.49
"pc3","2cpu-dc",0.05,"SMA",1,44.66
"pc3","2cpu-dc",0.05,"SMA",2,44.66
"pc3","2cpu-dc",0.05,"SMA",1,45.05
"pc3","2cpu-dc",0.05,"SMA",2,45.35
"pc3","2cpu-dc",0.05,"SMA",1,44.66
"pc3","2cpu-dc",0.05,"SMA",2,44.74
"pc3","2cpu-dc",0.05,"SMA",2,45.17
"pc3","2cpu-dc",0.05,"SMA",1,45.27
"pc3","2cpu-dc",0.05,"SMA",1,45.06
"pc3","2cpu-dc",0.05,"SMA",2,45.26
"pc3","2cpu-dc",0.05,"SMA",1,45.37
"pc3","2cpu-dc",0.05,"SMA",2,45.45
"pc3","2cpu-dc",0.15,"SMA",2,13.9
"pc3","2cpu-dc",0.15,"SMA",1,14.09
"pc3","2cpu-dc",0.15,"SMA",1,14.27
"pc3","2cpu-dc",0.15,"SMA",2,14.36
"pc3","2cpu-dc",0.15,"SMA",1,12.36
"pc3","2cpu-dc",0.15,"SMA",2,12.35
"pc3","2cpu-dc",0.15,"SMA",2,13.47
"pc3","2cpu-dc",0.15,"SMA",1,13.47
"pc3","2cpu-dc",0.15,"SMA",1,12.47
"pc3","2cpu-dc",0.15,"SMA",2,12.55
"pc3","2cpu-dc",0.15,"SMA",1,12.48
"pc3","2cpu-dc",0.15,"SMA",2,12.57
"pc3","2cpu-dc",0.15,"SMA",1,13.08
"pc3","2cpu-dc",0.15,"SMA",2,13.09
"pc3","2cpu-dc",0.15,"SMA",1,13.27
"pc3","2cpu-dc",0.15,"SMA",2,13.36
"pc3","2cpu-dc",0.15,"SMA",2,12.59
"pc3","2cpu-dc",0.15,"SMA",1,12.59
"pc3","2cpu-dc",0.15,"SMA",2,13.38
"pc3","2cpu-dc",0.15,"SMA",1,13.38
"pc3","2cpu-dc",0.15,"SMA",2,12.78
"pc3","2cpu-dc",0.15,"SMA",1,12.78
"pc3","2cpu-dc",0.15,"SMA",2,13.48
"pc3","2cpu-dc",0.15,"SMA",1,13.58
"pc3","2cpu-dc",0.15,"SMA",1,12.66
"pc3","2cpu-dc",0.15,"SMA",2,12.75
"pc3","2cpu-dc",0.15,"SMA",2,13.19
"pc3","2cpu-dc",0.15,"SMA",1,13.28
"pc3","2cpu-dc",0.15,"SMA",2,13.16
"pc3","2cpu-dc",0.15,"SMA",1,13.37
"pc3","2cpu-dc",0.15,"SMA",1,12.87
"pc3","2cpu-dc",0.15,"SMA",2,12.97
"pc3","2cpu-dc",0.15,"SMA",1,12.67
"pc3","2cpu-dc",0.15,"SMA",2,13.06
"pc3","2cpu-dc",0.15,"SMA",1,12.68
"pc3","2cpu-dc",0.15,"SMA",2,13.06
"pc3","2cpu-dc",0.15,"SMA",2,12.87
"pc3","2cpu-dc",0.15,"SMA",1,12.87
"pc3","2cpu-dc",0.15,"SMA",2,12.99
"pc3","2cpu-dc",0.15,"SMA",1,12.99
"pc3","2cpu-dc",0.15,"SMA",2,12.86
"pc3","2cpu-dc",0.15,"SMA",1,12.96
"pc3","2cpu-dc",0.15,"SMA",2,12.98
"pc3","2cpu-dc",0.15,"SMA",1,13.09
"pc3","2cpu-dc",0.15,"SMA",2,12.97
"pc3","2cpu-dc",0.15,"SMA",1,13.08
"pc3","2cpu-dc",0.15,"SMA",2,12.77
"pc3","2cpu-dc",0.15,"SMA",1,12.98
"pc3","2cpu-dc",0.15,"SMA",2,12.93
"pc3","2cpu-dc",0.15,"SMA",1,13.05
"pc3","2cpu-dc",0.15,"SMA",2,12.87
"pc3","2cpu-dc",0.15,"SMA",1,12.88
"pc3","2cpu-dc",0.15,"SMA",2,12.58
"pc3","2cpu-dc",0.15,"SMA",1,12.77
"pc3","2cpu-dc",0.15,"SMA",2,12.76
"pc3","2cpu-dc",0.15,"SMA",1,12.96
"pc3","2cpu-dc",0.15,"SMA",2,12.87
"pc3","2cpu-dc",0.15,"SMA",1,13.09
"pc3","2cpu-dc",0.15,"SMA",2,12.86
"pc3","2cpu-dc",0.15,"SMA",1,13.06
"pc3","2cpu-dc",0.25,"SMA",1,7.65
"pc3","2cpu-dc",0.25,"SMA",2,7.66
"pc3","2cpu-dc",0.25,"SMA",2,7.77
"pc3","2cpu-dc",0.25,"SMA",1,7.86
"pc3","2cpu-dc",0.25,"SMA",2,6.88
"pc3","2cpu-dc",0.25,"SMA",1,6.99
"pc3","2cpu-dc",0.25,"SMA",2,6.87
"pc3","2cpu-dc",0.25,"SMA",1,6.89
"pc3","2cpu-dc",0.25,"SMA",2,7.07
"pc3","2cpu-dc",0.25,"SMA",1,7.07
"pc3","2cpu-dc",0.25,"SMA",2,6.86
"pc3","2cpu-dc",0.25,"SMA",1,6.88
"pc3","2cpu-dc",0.25,"SMA",2,6.85
"pc3","2cpu-dc",0.25,"SMA",1,6.95
"pc3","2cpu-dc",0.25,"SMA",2,6.89
"pc3","2cpu-dc",0.25,"SMA",1,6.9
"pc3","2cpu-dc",0.25,"SMA",2,6.97
"pc3","2cpu-dc",0.25,"SMA",1,6.98
"pc3","2cpu-dc",0.25,"SMA",2,6.85
"pc3","2cpu-dc",0.25,"SMA",1,6.87
"pc3","2cpu-dc",0.25,"SMA",2,6.96
"pc3","2cpu-dc",0.25,"SMA",1,6.98
"pc3","2cpu-dc",0.25,"SMA",1,6.97
"pc3","2cpu-dc",0.25,"SMA",2,7.04
"pc3","2cpu-dc",0.25,"SMA",2,6.8
"pc3","2cpu-dc",0.25,"SMA",1,6.98
"pc3","2cpu-dc",0.25,"SMA",2,6.88
"pc3","2cpu-dc",0.25,"SMA",1,7.06
"pc3","2cpu-dc",0.25,"SMA",2,6.86
"pc3","2cpu-dc",0.25,"SMA",1,6.88
"pc3","2cpu-dc",0.25,"SMA",1,6.89
"pc3","2cpu-dc",0.25,"SMA",2,6.97
"pc3","2cpu-dc",0.25,"SMA",2,6.79
"pc3","2cpu-dc",0.25,"SMA",1,6.89
"pc3","2cpu-dc",0.25,"SMA",1,7.09
"pc3","2cpu-dc",0.25,"SMA",2,7.18
"pc3","2cpu-dc",0.25,"SMA",1,7.1
"pc3","2cpu-dc",0.25,"SMA",2,7.27
"pc3","2cpu-dc",0.25,"SMA",2,7.19
"pc3","2cpu-dc",0.25,"SMA",1,7.28
"pc3","2cpu-dc",0.25,"SMA",2,6.98
"pc3","2cpu-dc",0.25,"SMA",1,7.08
"pc3","2cpu-dc",0.25,"SMA",2,7.28
"pc3","2cpu-dc",0.25,"SMA",1,7.3
"pc3","2cpu-dc",0.25,"SMA",2,6.98
"pc3","2cpu-dc",0.25,"SMA",1,7.08
"pc3","2cpu-dc",0.25,"SMA",2,6.98
"pc3","2cpu-dc",0.25,"SMA",1,7.09
"pc3","2cpu-dc",0.25,"SMA",2,7.01
"pc3","2cpu-dc",0.25,"SMA",1,7.13
"pc3","2cpu-dc",0.25,"SMA",2,6.98
"pc3","2cpu-dc",0.25,"SMA",1,7.09
"pc3","2cpu-dc",0.25,"SMA",2,6.95
"pc3","2cpu-dc",0.25,"SMA",1,7.09
"pc3","2cpu-dc",0.25,"SMA",2,7.05
"pc3","2cpu-dc",0.25,"SMA",1,7.16
"pc3","2cpu-dc",0.25,"SMA",2,7.08
"pc3","2cpu-dc",0.25,"SMA",1,7.19
"pc3","2cpu-dc",0.25,"SMA",1,7.17
"pc3","2cpu-dc",0.35,"SMA",1,5.26
"pc3","2cpu-dc",0.35,"SMA",2,5.26
"pc3","2cpu-dc",0.35,"SMA",2,5.33
"pc3","2cpu-dc",0.35,"SMA",1,5.36
"pc3","2cpu-dc",0.35,"SMA",2,4.76
"pc3","2cpu-dc",0.35,"SMA",1,4.76
"pc3","2cpu-dc",0.35,"SMA",2,4.81
"pc3","2cpu-dc",0.35,"SMA",1,4.84
"pc3","2cpu-dc",0.35,"SMA",2,4.67
"pc3","2cpu-dc",0.35,"SMA",1,4.77
"pc3","2cpu-dc",0.35,"SMA",2,4.68
"pc3","2cpu-dc",0.35,"SMA",1,4.78
"pc3","2cpu-dc",0.35,"SMA",2,4.68
"pc3","2cpu-dc",0.35,"SMA",1,4.78
"pc3","2cpu-dc",0.35,"SMA",2,4.77
"pc3","2cpu-dc",0.35,"SMA",1,4.88
"pc3","2cpu-dc",0.35,"SMA",2,4.69
"pc3","2cpu-dc",0.35,"SMA",1,4.78
"pc3","2cpu-dc",0.35,"SMA",2,4.69
"pc3","2cpu-dc",0.35,"SMA",1,4.78
"pc3","2cpu-dc",0.35,"SMA",2,4.7
"pc3","2cpu-dc",0.35,"SMA",1,4.79
"pc3","2cpu-dc",0.35,"SMA",2,4.68
"pc3","2cpu-dc",0.35,"SMA",1,4.69
"pc3","2cpu-dc",0.35,"SMA",2,4.73
"pc3","2cpu-dc",0.35,"SMA",1,4.75
"pc3","2cpu-dc",0.35,"SMA",2,4.76
"pc3","2cpu-dc",0.35,"SMA",1,4.85
"pc3","2cpu-dc",0.35,"SMA",2,4.7
"pc3","2cpu-dc",0.35,"SMA",1,4.71
"pc3","2cpu-dc",0.35,"SMA",2,4.75
"pc3","2cpu-dc",0.35,"SMA",1,4.78
"pc3","2cpu-dc",0.35,"SMA",2,4.75
"pc3","2cpu-dc",0.35,"SMA",1,4.79
"pc3","2cpu-dc",0.35,"SMA",1,4.84
"pc3","2cpu-dc",0.35,"SMA",2,4.85
"pc3","2cpu-dc",0.35,"SMA",1,4.76
"pc3","2cpu-dc",0.35,"SMA",2,4.84
"pc3","2cpu-dc",0.35,"SMA",1,4.68
"pc3","2cpu-dc",0.35,"SMA",2,4.76
"pc3","2cpu-dc",0.35,"SMA",1,4.75
"pc3","2cpu-dc",0.35,"SMA",2,4.84
"pc3","2cpu-dc",0.35,"SMA",2,4.8
"pc3","2cpu-dc",0.35,"SMA",1,4.81
"pc3","2cpu-dc",0.35,"SMA",2,4.85
"pc3","2cpu-dc",0.35,"SMA",1,4.98
"pc3","2cpu-dc",0.35,"SMA",2,4.78
"pc3","2cpu-dc",0.35,"SMA",1,4.87
"pc3","2cpu-dc",0.35,"SMA",2,4.77
"pc3","2cpu-dc",0.35,"SMA",1,4.77
"pc3","2cpu-dc",0.35,"SMA",2,4.86
"pc3","2cpu-dc",0.35,"SMA",1,4.88
"pc3","2cpu-dc",0.35,"SMA",2,4.86
"pc3","2cpu-dc",0.35,"SMA",1,4.95
"pc3","2cpu-dc",0.35,"SMA",2,4.77
"pc3","2cpu-dc",0.35,"SMA",1,4.87
"pc3","2cpu-dc",0.35,"SMA",2,4.78
"pc3","2cpu-dc",0.35,"SMA",1,4.89
"pc3","2cpu-dc",0.35,"SMA",2,4.77
"pc3","2cpu-dc",0.35,"SMA",1,4.86
"pc3","2cpu-dc",0.45,"SMA",2,4.01
"pc3","2cpu-dc",0.45,"SMA",1,4.03
"pc3","2cpu-dc",0.45,"SMA",2,3.97
"pc3","2cpu-dc",0.45,"SMA",1,4.05
"pc3","2cpu-dc",0.45,"SMA",2,3.52
"pc3","2cpu-dc",0.45,"SMA",1,3.61
"pc3","2cpu-dc",0.45,"SMA",1,3.54
"pc3","2cpu-dc",0.45,"SMA",2,3.54
"pc3","2cpu-dc",0.45,"SMA",2,3.56
"pc3","2cpu-dc",0.45,"SMA",1,3.59
"pc3","2cpu-dc",0.45,"SMA",1,3.55
"pc3","2cpu-dc",0.45,"SMA",2,3.56
"pc3","2cpu-dc",0.45,"SMA",1,3.58
"pc3","2cpu-dc",0.45,"SMA",2,3.58
"pc3","2cpu-dc",0.45,"SMA",2,3.57
"pc3","2cpu-dc",0.45,"SMA",1,3.57
"pc3","2cpu-dc",0.45,"SMA",2,3.64
"pc3","2cpu-dc",0.45,"SMA",1,3.67
"pc3","2cpu-dc",0.45,"SMA",2,3.57
"pc3","2cpu-dc",0.45,"SMA",1,3.58
"pc3","2cpu-dc",0.45,"SMA",2,3.54
"pc3","2cpu-dc",0.45,"SMA",1,3.57
"pc3","2cpu-dc",0.45,"SMA",1,3.54
"pc3","2cpu-dc",0.45,"SMA",2,3.54
"pc3","2cpu-dc",0.45,"SMA",2,3.56
"pc3","2cpu-dc",0.45,"SMA",1,3.59
"pc3","2cpu-dc",0.45,"SMA",1,3.59
"pc3","2cpu-dc",0.45,"SMA",2,3.59
"pc3","2cpu-dc",0.45,"SMA",2,3.52
"pc3","2cpu-dc",0.45,"SMA",1,3.53
"pc3","2cpu-dc",0.45,"SMA",2,3.55
"pc3","2cpu-dc",0.45,"SMA",1,3.64
"pc3","2cpu-dc",0.45,"SMA",2,3.55
"pc3","2cpu-dc",0.45,"SMA",1,3.6
"pc3","2cpu-dc",0.45,"SMA",2,3.58
"pc3","2cpu-dc",0.45,"SMA",1,3.65
"pc3","2cpu-dc",0.45,"SMA",1,3.59
"pc3","2cpu-dc",0.45,"SMA",2,3.6
"pc3","2cpu-dc",0.45,"SMA",1,3.56
"pc3","2cpu-dc",0.45,"SMA",2,3.64
"pc3","2cpu-dc",0.45,"SMA",2,3.62
"pc3","2cpu-dc",0.45,"SMA",1,3.62
"pc3","2cpu-dc",0.45,"SMA",2,3.64
"pc3","2cpu-dc",0.45,"SMA",1,3.64
"pc3","2cpu-dc",0.45,"SMA",1,3.58
"pc3","2cpu-dc",0.45,"SMA",2,3.58
"pc3","2cpu-dc",0.45,"SMA",2,3.63
"pc3","2cpu-dc",0.45,"SMA",1,3.65
"pc3","2cpu-dc",0.45,"SMA",1,3.64
"pc3","2cpu-dc",0.45,"SMA",2,3.64
"pc3","2cpu-dc",0.45,"SMA",1,3.6
"pc3","2cpu-dc",0.45,"SMA",2,3.66
"pc3","2cpu-dc",0.45,"SMA",1,3.66
"pc3","2cpu-dc",0.45,"SMA",2,3.68
"pc3","2cpu-dc",0.45,"SMA",1,3.59
"pc3","2cpu-dc",0.45,"SMA",2,3.65
"pc3","2cpu-dc",0.45,"SMA",2,3.61
"pc3","2cpu-dc",0.45,"SMA",1,3.61
"pc3","2cpu-dc",0.45,"SMA",2,3.63
"pc3","2cpu-dc",0.45,"SMA",1,3.66
"pc3","2cpu-dc",0.55,"SMA",2,3.27
"pc3","2cpu-dc",0.55,"SMA",1,3.32
"pc3","2cpu-dc",0.55,"SMA",2,3.29
"pc3","2cpu-dc",0.55,"SMA",1,3.32
"pc3","2cpu-dc",0.55,"SMA",2,2.94
"pc3","2cpu-dc",0.55,"SMA",1,2.97
"pc3","2cpu-dc",0.55,"SMA",2,2.93
"pc3","2cpu-dc",0.55,"SMA",1,2.94
"pc3","2cpu-dc",0.55,"SMA",2,2.88
"pc3","2cpu-dc",0.55,"SMA",1,2.9
"pc3","2cpu-dc",0.55,"SMA",2,2.94
"pc3","2cpu-dc",0.55,"SMA",1,2.94
"pc3","2cpu-dc",0.55,"SMA",2,2.81
"pc3","2cpu-dc",0.55,"SMA",1,2.81
"pc3","2cpu-dc",0.55,"SMA",2,2.85
"pc3","2cpu-dc",0.55,"SMA",1,2.92
"pc3","2cpu-dc",0.55,"SMA",2,2.82
"pc3","2cpu-dc",0.55,"SMA",1,2.89
"pc3","2cpu-dc",0.55,"SMA",2,2.88
"pc3","2cpu-dc",0.55,"SMA",1,2.9
"pc3","2cpu-dc",0.55,"SMA",2,2.87
"pc3","2cpu-dc",0.55,"SMA",1,2.89
"pc3","2cpu-dc",0.55,"SMA",1,2.91
"pc3","2cpu-dc",0.55,"SMA",2,2.91
"pc3","2cpu-dc",0.55,"SMA",1,2.87
"pc3","2cpu-dc",0.55,"SMA",2,2.88
"pc3","2cpu-dc",0.55,"SMA",1,2.87
"pc3","2cpu-dc",0.55,"SMA",2,2.89
"pc3","2cpu-dc",0.55,"SMA",2,2.86
"pc3","2cpu-dc",0.55,"SMA",1,2.86
"pc3","2cpu-dc",0.55,"SMA",1,2.88
"pc3","2cpu-dc",0.55,"SMA",2,2.88
"pc3","2cpu-dc",0.55,"SMA",1,2.88
"pc3","2cpu-dc",0.55,"SMA",2,2.92
"pc3","2cpu-dc",0.55,"SMA",2,2.88
"pc3","2cpu-dc",0.55,"SMA",1,2.88
"pc3","2cpu-dc",0.55,"SMA",1,2.86
"pc3","2cpu-dc",0.55,"SMA",2,2.88
"pc3","2cpu-dc",0.55,"SMA",1,2.88
"pc3","2cpu-dc",0.55,"SMA",2,2.94
"pc3","2cpu-dc",0.55,"SMA",1,2.88
"pc3","2cpu-dc",0.55,"SMA",2,2.95
"pc3","2cpu-dc",0.55,"SMA",1,2.93
"pc3","2cpu-dc",0.55,"SMA",2,2.97
"pc3","2cpu-dc",0.55,"SMA",2,2.99
"pc3","2cpu-dc",0.55,"SMA",1,2.99
"pc3","2cpu-dc",0.55,"SMA",2,2.9
"pc3","2cpu-dc",0.55,"SMA",1,2.91
"pc3","2cpu-dc",0.55,"SMA",2,2.89
"pc3","2cpu-dc",0.55,"SMA",1,2.96
"pc3","2cpu-dc",0.55,"SMA",2,2.88
"pc3","2cpu-dc",0.55,"SMA",1,2.91
"pc3","2cpu-dc",0.55,"SMA",1,2.94
"pc3","2cpu-dc",0.55,"SMA",2,2.94
"pc3","2cpu-dc",0.55,"SMA",2,2.92
"pc3","2cpu-dc",0.55,"SMA",1,2.93
"pc3","2cpu-dc",0.55,"SMA",2,2.91
"pc3","2cpu-dc",0.55,"SMA",1,2.92
"pc3","2cpu-dc",0.55,"SMA",2,2.91
"pc3","2cpu-dc",0.55,"SMA",1,2.95
"pc3","2cpu-dc",0.65,"SMA",1,2.72
"pc3","2cpu-dc",0.65,"SMA",2,2.73
"pc3","2cpu-dc",0.65,"SMA",2,2.69
"pc3","2cpu-dc",0.65,"SMA",1,2.69
"pc3","2cpu-dc",0.65,"SMA",2,2.37
"pc3","2cpu-dc",0.65,"SMA",1,2.38
"pc3","2cpu-dc",0.65,"SMA",1,2.38
"pc3","2cpu-dc",0.65,"SMA",2,2.38
"pc3","2cpu-dc",0.65,"SMA",2,2.42
"pc3","2cpu-dc",0.65,"SMA",1,2.42
"pc3","2cpu-dc",0.65,"SMA",2,2.4
"pc3","2cpu-dc",0.65,"SMA",1,2.41
"pc3","2cpu-dc",0.65,"SMA",1,2.43
"pc3","2cpu-dc",0.65,"SMA",2,2.42
"pc3","2cpu-dc",0.65,"SMA",1,2.44
"pc3","2cpu-dc",0.65,"SMA",2,2.43
"pc3","2cpu-dc",0.65,"SMA",1,2.38
"pc3","2cpu-dc",0.65,"SMA",2,2.39
"pc3","2cpu-dc",0.65,"SMA",2,2.4
"pc3","2cpu-dc",0.65,"SMA",1,2.43
"pc3","2cpu-dc",0.65,"SMA",1,2.39
"pc3","2cpu-dc",0.65,"SMA",2,2.4
"pc3","2cpu-dc",0.65,"SMA",1,2.38
"pc3","2cpu-dc",0.65,"SMA",2,2.38
"pc3","2cpu-dc",0.65,"SMA",1,2.43
"pc3","2cpu-dc",0.65,"SMA",2,2.43
"pc3","2cpu-dc",0.65,"SMA",2,2.38
"pc3","2cpu-dc",0.65,"SMA",1,2.39
"pc3","2cpu-dc",0.65,"SMA",1,2.4
"pc3","2cpu-dc",0.65,"SMA",2,2.41
"pc3","2cpu-dc",0.65,"SMA",2,2.44
"pc3","2cpu-dc",0.65,"SMA",1,2.44
"pc3","2cpu-dc",0.65,"SMA",2,2.39
"pc3","2cpu-dc",0.65,"SMA",1,2.39
"pc3","2cpu-dc",0.65,"SMA",1,2.4
"pc3","2cpu-dc",0.65,"SMA",2,2.4
"pc3","2cpu-dc",0.65,"SMA",2,2.38
"pc3","2cpu-dc",0.65,"SMA",1,2.38
"pc3","2cpu-dc",0.65,"SMA",1,2.4
"pc3","2cpu-dc",0.65,"SMA",2,2.46
"pc3","2cpu-dc",0.65,"SMA",1,2.39
"pc3","2cpu-dc",0.65,"SMA",2,2.42
"pc3","2cpu-dc",0.65,"SMA",1,2.45
"pc3","2cpu-dc",0.65,"SMA",2,2.45
"pc3","2cpu-dc",0.65,"SMA",2,2.44
"pc3","2cpu-dc",0.65,"SMA",1,2.47
"pc3","2cpu-dc",0.65,"SMA",2,2.44
"pc3","2cpu-dc",0.65,"SMA",1,2.47
"pc3","2cpu-dc",0.65,"SMA",1,2.45
"pc3","2cpu-dc",0.65,"SMA",2,2.45
"pc3","2cpu-dc",0.65,"SMA",2,2.44
"pc3","2cpu-dc",0.65,"SMA",1,2.47
"pc3","2cpu-dc",0.65,"SMA",2,2.45
"pc3","2cpu-dc",0.65,"SMA",1,2.47
"pc3","2cpu-dc",0.65,"SMA",2,2.46
"pc3","2cpu-dc",0.65,"SMA",1,2.47
"pc3","2cpu-dc",0.65,"SMA",1,2.45
"pc3","2cpu-dc",0.65,"SMA",2,2.45
"pc3","2cpu-dc",0.65,"SMA",2,2.43
"pc3","2cpu-dc",0.65,"SMA",1,2.45
"pc3","2cpu-dc",0.75,"SMA",2,2.35
"pc3","2cpu-dc",0.75,"SMA",1,2.35
"pc3","2cpu-dc",0.75,"SMA",1,2.37
"pc3","2cpu-dc",0.75,"SMA",2,2.37
"pc3","2cpu-dc",0.75,"SMA",2,2.07
"pc3","2cpu-dc",0.75,"SMA",1,2.12
"pc3","2cpu-dc",0.75,"SMA",1,2.1
"pc3","2cpu-dc",0.75,"SMA",2,2.11
"pc3","2cpu-dc",0.75,"SMA",1,2.09
"pc3","2cpu-dc",0.75,"SMA",2,2.09
"pc3","2cpu-dc",0.75,"SMA",1,2.07
"pc3","2cpu-dc",0.75,"SMA",2,2.07
"pc3","2cpu-dc",0.75,"SMA",2,2.08
"pc3","2cpu-dc",0.75,"SMA",1,2.08
"pc3","2cpu-dc",0.75,"SMA",1,2.16
"pc3","2cpu-dc",0.75,"SMA",2,2.16
"pc3","2cpu-dc",0.75,"SMA",2,2.17
"pc3","2cpu-dc",0.75,"SMA",1,2.17
"pc3","2cpu-dc",0.75,"SMA",1,2.17
"pc3","2cpu-dc",0.75,"SMA",2,2.17
"pc3","2cpu-dc",0.75,"SMA",1,2.11
"pc3","2cpu-dc",0.75,"SMA",2,2.11
"pc3","2cpu-dc",0.75,"SMA",1,2.1
"pc3","2cpu-dc",0.75,"SMA",2,2.1
"pc3","2cpu-dc",0.75,"SMA",2,2.09
"pc3","2cpu-dc",0.75,"SMA",1,2.11
"pc3","2cpu-dc",0.75,"SMA",1,2.09
"pc3","2cpu-dc",0.75,"SMA",2,2.09
"pc3","2cpu-dc",0.75,"SMA",1,2.09
"pc3","2cpu-dc",0.75,"SMA",2,2.11
"pc3","2cpu-dc",0.75,"SMA",1,2.09
"pc3","2cpu-dc",0.75,"SMA",2,2.09
"pc3","2cpu-dc",0.75,"SMA",2,2.11
"pc3","2cpu-dc",0.75,"SMA",1,2.12
"pc3","2cpu-dc",0.75,"SMA",2,2.1
"pc3","2cpu-dc",0.75,"SMA",1,2.1
"pc3","2cpu-dc",0.75,"SMA",1,2.1
"pc3","2cpu-dc",0.75,"SMA",2,2.1
"pc3","2cpu-dc",0.75,"SMA",1,2.1
"pc3","2cpu-dc",0.75,"SMA",2,2.13
"pc3","2cpu-dc",0.75,"SMA",1,2.15
"pc3","2cpu-dc",0.75,"SMA",2,2.19
"pc3","2cpu-dc",0.75,"SMA",1,2.18
"pc3","2cpu-dc",0.75,"SMA",2,2.19
"pc3","2cpu-dc",0.75,"SMA",1,2.18
"pc3","2cpu-dc",0.75,"SMA",2,2.21
"pc3","2cpu-dc",0.75,"SMA",1,2.18
"pc3","2cpu-dc",0.75,"SMA",2,2.19
"pc3","2cpu-dc",0.75,"SMA",1,2.19
"pc3","2cpu-dc",0.75,"SMA",2,2.18
"pc3","2cpu-dc",0.75,"SMA",1,2.2
"pc3","2cpu-dc",0.75,"SMA",2,2.2
"pc3","2cpu-dc",0.75,"SMA",1,2.22
"pc3","2cpu-dc",0.75,"SMA",2,2.22
"pc3","2cpu-dc",0.75,"SMA",1,2.19
"pc3","2cpu-dc",0.75,"SMA",2,2.19
"pc3","2cpu-dc",0.75,"SMA",1,2.19
"pc3","2cpu-dc",0.75,"SMA",2,2.23
"pc3","2cpu-dc",0.75,"SMA",1,2.26
"pc3","2cpu-dc",0.75,"SMA",2,2.29
"pc3","2cpu-dc",0.85,"SMA",2,2.06
"pc3","2cpu-dc",0.85,"SMA",1,2.08
"pc3","2cpu-dc",0.85,"SMA",2,2.1
"pc3","2cpu-dc",0.85,"SMA",1,2.12
"pc3","2cpu-dc",0.85,"SMA",2,1.87
"pc3","2cpu-dc",0.85,"SMA",1,1.88
"pc3","2cpu-dc",0.85,"SMA",2,1.86
"pc3","2cpu-dc",0.85,"SMA",1,1.89
"pc3","2cpu-dc",0.85,"SMA",1,1.85
"pc3","2cpu-dc",0.85,"SMA",2,1.85
"pc3","2cpu-dc",0.85,"SMA",1,1.85
"pc3","2cpu-dc",0.85,"SMA",2,1.85
"pc3","2cpu-dc",0.85,"SMA",2,1.86
"pc3","2cpu-dc",0.85,"SMA",1,1.86
"pc3","2cpu-dc",0.85,"SMA",2,1.87
"pc3","2cpu-dc",0.85,"SMA",1,1.87
"pc3","2cpu-dc",0.85,"SMA",1,1.86
"pc3","2cpu-dc",0.85,"SMA",2,1.87
"pc3","2cpu-dc",0.85,"SMA",2,1.86
"pc3","2cpu-dc",0.85,"SMA",1,1.86
"pc3","2cpu-dc",0.85,"SMA",2,1.86
"pc3","2cpu-dc",0.85,"SMA",1,1.89
"pc3","2cpu-dc",0.85,"SMA",1,1.87
"pc3","2cpu-dc",0.85,"SMA",2,1.88
"pc3","2cpu-dc",0.85,"SMA",2,1.85
"pc3","2cpu-dc",0.85,"SMA",1,1.88
"pc3","2cpu-dc",0.85,"SMA",1,2.17
"pc3","2cpu-dc",0.85,"SMA",2,1.87
"pc3","2cpu-dc",0.85,"SMA",1,1.85
"pc3","2cpu-dc",0.85,"SMA",2,1.85
"pc3","2cpu-dc",0.85,"SMA",1,1.89
"pc3","2cpu-dc",0.85,"SMA",2,1.89
"pc3","2cpu-dc",0.85,"SMA",1,1.85
"pc3","2cpu-dc",0.85,"SMA",2,1.85
"pc3","2cpu-dc",0.85,"SMA",1,1.85
"pc3","2cpu-dc",0.85,"SMA",2,1.85
"pc3","2cpu-dc",0.85,"SMA",1,1.88
"pc3","2cpu-dc",0.85,"SMA",2,1.87
"pc3","2cpu-dc",0.85,"SMA",1,1.84
"pc3","2cpu-dc",0.85,"SMA",2,1.86
"pc3","2cpu-dc",0.85,"SMA",1,1.87
"pc3","2cpu-dc",0.85,"SMA",2,1.92
"pc3","2cpu-dc",0.85,"SMA",1,1.92
"pc3","2cpu-dc",0.85,"SMA",2,1.92
"pc3","2cpu-dc",0.85,"SMA",1,1.89
"pc3","2cpu-dc",0.85,"SMA",2,1.9
"pc3","2cpu-dc",0.85,"SMA",2,1.88
"pc3","2cpu-dc",0.85,"SMA",1,1.89
"pc3","2cpu-dc",0.85,"SMA",2,1.88
"pc3","2cpu-dc",0.85,"SMA",1,1.89
"pc3","2cpu-dc",0.85,"SMA",2,1.89
"pc3","2cpu-dc",0.85,"SMA",1,1.89
"pc3","2cpu-dc",0.85,"SMA",2,1.91
"pc3","2cpu-dc",0.85,"SMA",1,1.93
"pc3","2cpu-dc",0.85,"SMA",2,1.88
"pc3","2cpu-dc",0.85,"SMA",1,1.9
"pc3","2cpu-dc",0.85,"SMA",1,1.91
"pc3","2cpu-dc",0.85,"SMA",2,1.93
"pc3","2cpu-dc",0.85,"SMA",1,1.89
"pc3","2cpu-dc",0.85,"SMA",2,1.9
"pc3","2cpu-dc",0.95,"SMA",2,1.82
"pc3","2cpu-dc",0.95,"SMA",1,1.85
"pc3","2cpu-dc",0.95,"SMA",2,1.85
"pc3","2cpu-dc",0.95,"SMA",1,1.85
"pc3","2cpu-dc",0.95,"SMA",1,1.65
"pc3","2cpu-dc",0.95,"SMA",2,1.65
"pc3","2cpu-dc",0.95,"SMA",1,1.64
"pc3","2cpu-dc",0.95,"SMA",2,1.64
"pc3","2cpu-dc",0.95,"SMA",1,1.63
"pc3","2cpu-dc",0.95,"SMA",2,1.66
"pc3","2cpu-dc",0.95,"SMA",2,1.65
"pc3","2cpu-dc",0.95,"SMA",1,1.65
"pc3","2cpu-dc",0.95,"SMA",1,1.67
"pc3","2cpu-dc",0.95,"SMA",2,1.65
"pc3","2cpu-dc",0.95,"SMA",2,1.62
"pc3","2cpu-dc",0.95,"SMA",1,1.64
"pc3","2cpu-dc",0.95,"SMA",2,1.63
"pc3","2cpu-dc",0.95,"SMA",1,1.65
"pc3","2cpu-dc",0.95,"SMA",1,1.63
"pc3","2cpu-dc",0.95,"SMA",2,1.64
"pc3","2cpu-dc",0.95,"SMA",2,1.62
"pc3","2cpu-dc",0.95,"SMA",1,1.63
"pc3","2cpu-dc",0.95,"SMA",2,1.64
"pc3","2cpu-dc",0.95,"SMA",1,1.64
"pc3","2cpu-dc",0.95,"SMA",1,1.63
"pc3","2cpu-dc",0.95,"SMA",2,1.63
"pc3","2cpu-dc",0.95,"SMA",2,1.64
"pc3","2cpu-dc",0.95,"SMA",1,1.66
"pc3","2cpu-dc",0.95,"SMA",1,1.63
"pc3","2cpu-dc",0.95,"SMA",2,1.63
"pc3","2cpu-dc",0.95,"SMA",1,1.64
"pc3","2cpu-dc",0.95,"SMA",2,1.64
"pc3","2cpu-dc",0.95,"SMA",2,1.63
"pc3","2cpu-dc",0.95,"SMA",1,1.63
"pc3","2cpu-dc",0.95,"SMA",1,1.67
"pc3","2cpu-dc",0.95,"SMA",2,1.67
"pc3","2cpu-dc",0.95,"SMA",2,1.64
"pc3","2cpu-dc",0.95,"SMA",1,1.65
"pc3","2cpu-dc",0.95,"SMA",1,1.64
"pc3","2cpu-dc",0.95,"SMA",2,1.66
"pc3","2cpu-dc",0.95,"SMA",1,1.64
"pc3","2cpu-dc",0.95,"SMA",2,1.66
"pc3","2cpu-dc",0.95,"SMA",1,1.67
"pc3","2cpu-dc",0.95,"SMA",2,1.67
"pc3","2cpu-dc",0.95,"SMA",1,1.67
"pc3","2cpu-dc",0.95,"SMA",2,1.68
"pc3","2cpu-dc",0.95,"SMA",2,1.67
"pc3","2cpu-dc",0.95,"SMA",1,1.67
"pc3","2cpu-dc",0.95,"SMA",1,1.69
"pc3","2cpu-dc",0.95,"SMA",2,1.69
"pc3","2cpu-dc",0.95,"SMA",1,1.69
"pc3","2cpu-dc",0.95,"SMA",2,1.69
"pc3","2cpu-dc",0.95,"SMA",1,1.67
"pc3","2cpu-dc",0.95,"SMA",2,1.67
"pc3","2cpu-dc",0.95,"SMA",1,1.7
"pc3","2cpu-dc",0.95,"SMA",2,1.71
"pc3","2cpu-dc",0.95,"SMA",1,1.67
"pc3","2cpu-dc",0.95,"SMA",2,1.67
"pc3","2cpu-dc",0.95,"SMA",2,1.67
"pc3","2cpu-dc",0.95,"SMA",1,1.68
"pc1","4cpu-i7",0.06,"stine",3,35.65
"pc1","4cpu-i7",0.06,"stine",1,36.27
"pc1","4cpu-i7",0.06,"stine",2,36.46
"pc1","4cpu-i7",0.06,"stine",4,36.74
"pc1","4cpu-i7",0.06,"stine",3,34.64
"pc1","4cpu-i7",0.06,"stine",4,36.74
"pc1","4cpu-i7",0.06,"stine",1,37.87
"pc1","4cpu-i7",0.06,"stine",2,38.36
"pc1","4cpu-i7",0.06,"stine",4,33.84
"pc1","4cpu-i7",0.06,"stine",1,33.95
"pc1","4cpu-i7",0.06,"stine",3,33.95
"pc1","4cpu-i7",0.06,"stine",2,34.16
"pc1","4cpu-i7",0.06,"stine",3,34.76
"pc1","4cpu-i7",0.06,"stine",2,34.87
"pc1","4cpu-i7",0.06,"stine",1,35.17
"pc1","4cpu-i7",0.06,"stine",4,35.45
"pc1","4cpu-i7",0.06,"stine",1,35.68
"pc1","4cpu-i7",0.06,"stine",4,35.91
"pc1","4cpu-i7",0.06,"stine",2,36.03
"pc1","4cpu-i7",0.06,"stine",3,36.03
"pc1","4cpu-i7",0.06,"stine",2,33.67
"pc1","4cpu-i7",0.06,"stine",1,34.29
"pc1","4cpu-i7",0.06,"stine",4,34.45
"pc1","4cpu-i7",0.06,"stine",3,34.55
"pc1","4cpu-i7",0.06,"stine",2,31.68
"pc1","4cpu-i7",0.06,"stine",1,32.39
"pc1","4cpu-i7",0.06,"stine",4,33.46
"pc1","4cpu-i7",0.06,"stine",3,33.46
"pc1","4cpu-i7",0.06,"stine",1,32.76
"pc1","4cpu-i7",0.06,"stine",4,33.31
"pc1","4cpu-i7",0.06,"stine",2,33.52
"pc1","4cpu-i7",0.06,"stine",3,33.61
"pc1","4cpu-i7",0.06,"stine",2,33.19
"pc1","4cpu-i7",0.06,"stine",1,33.19
"pc1","4cpu-i7",0.06,"stine",4,33.86
"pc1","4cpu-i7",0.06,"stine",3,34.06
"pc1","4cpu-i7",0.06,"stine",3,34.44
"pc1","4cpu-i7",0.06,"stine",1,34.76
"pc1","4cpu-i7",0.06,"stine",2,34.84
"pc1","4cpu-i7",0.06,"stine",4,34.84
"pc1","4cpu-i7",0.06,"stine",2,29.85
"pc1","4cpu-i7",0.06,"stine",1,30.15
"pc1","4cpu-i7",0.06,"stine",4,30.73
"pc1","4cpu-i7",0.06,"stine",3,31.03
"pc1","4cpu-i7",0.06,"stine",1,34.5
"pc1","4cpu-i7",0.06,"stine",2,34.88
"pc1","4cpu-i7",0.06,"stine",4,35.08
"pc1","4cpu-i7",0.06,"stine",3,35.08
"pc1","4cpu-i7",0.06,"stine",2,32.86
"pc1","4cpu-i7",0.06,"stine",1,33.57
"pc1","4cpu-i7",0.06,"stine",4,33.74
"pc1","4cpu-i7",0.06,"stine",3,34.24
"pc1","4cpu-i7",0.06,"stine",1,34.39
"pc1","4cpu-i7",0.06,"stine",4,34.57
"pc1","4cpu-i7",0.06,"stine",2,34.64
"pc1","4cpu-i7",0.06,"stine",3,34.67
"pc1","4cpu-i7",0.06,"stine",2,33.89
"pc1","4cpu-i7",0.06,"stine",1,34.1
"pc1","4cpu-i7",0.06,"stine",3,34.27
"pc1","4cpu-i7",0.06,"stine",4,34.27
"pc1","4cpu-i7",0.06,"stine",3,34.64
"pc1","4cpu-i7",0.06,"stine",4,34.84
"pc1","4cpu-i7",0.06,"stine",1,35.06
"pc1","4cpu-i7",0.06,"stine",2,35.15
"pc1","4cpu-i7",0.06,"stine",1,32.77
"pc1","4cpu-i7",0.06,"stine",4,32.83
"pc1","4cpu-i7",0.06,"stine",2,33.25
"pc1","4cpu-i7",0.06,"stine",3,33.33
"pc1","4cpu-i7",0.06,"stine",4,34.47
"pc1","4cpu-i7",0.06,"stine",3,34.48
"pc1","4cpu-i7",0.06,"stine",1,34.99
"pc1","4cpu-i7",0.06,"stine",2,35.88
"pc1","4cpu-i7",0.06,"stine",4,32.79
"pc1","4cpu-i7",0.06,"stine",2,33.84
"pc1","4cpu-i7",0.06,"stine",1,33.97
"pc1","4cpu-i7",0.06,"stine",3,34.12
"pc1","4cpu-i7",0.06,"stine",1,33.96
"pc1","4cpu-i7",0.06,"stine",4,34.04
"pc1","4cpu-i7",0.06,"stine",2,34.16
"pc1","4cpu-i7",0.06,"stine",3,34.24
"pc1","4cpu-i7",0.06,"stine",2,34.43
"pc1","4cpu-i7",0.06,"stine",1,34.56
"pc1","4cpu-i7",0.06,"stine",3,34.62
"pc1","4cpu-i7",0.06,"stine",4,35.42
"pc1","4cpu-i7",0.06,"stine",1,33.67
"pc1","4cpu-i7",0.06,"stine",4,33.71
"pc1","4cpu-i7",0.06,"stine",2,33.85
"pc1","4cpu-i7",0.06,"stine",3,34.22
"pc1","4cpu-i7",0.06,"stine",1,34.17
"pc1","4cpu-i7",0.06,"stine",4,34.53
"pc1","4cpu-i7",0.06,"stine",2,34.75
"pc1","4cpu-i7",0.06,"stine",3,35.04
"pc1","4cpu-i7",0.06,"stine",3,33.32
"pc1","4cpu-i7",0.06,"stine",2,34.04
"pc1","4cpu-i7",0.06,"stine",4,34.32
"pc1","4cpu-i7",0.06,"stine",1,34.46
"pc1","4cpu-i7",0.06,"stine",1,34.89
"pc1","4cpu-i7",0.06,"stine",4,34.97
"pc1","4cpu-i7",0.06,"stine",2,35.09
"pc1","4cpu-i7",0.06,"stine",3,35.37
"pc1","4cpu-i7",0.06,"stine",4,36.38
"pc1","4cpu-i7",0.06,"stine",3,36.38
"pc1","4cpu-i7",0.06,"stine",1,36.56
"pc1","4cpu-i7",0.06,"stine",2,36.9
"pc1","4cpu-i7",0.06,"stine",2,35.27
"pc1","4cpu-i7",0.06,"stine",1,35.38
"pc1","4cpu-i7",0.06,"stine",4,35.44
"pc1","4cpu-i7",0.06,"stine",3,35.95
"pc1","4cpu-i7",0.06,"stine",4,33.23
"pc1","4cpu-i7",0.06,"stine",1,34.46
"pc1","4cpu-i7",0.06,"stine",2,34.85
"pc1","4cpu-i7",0.06,"stine",3,35.14
"pc1","4cpu-i7",0.06,"stine",2,33.98
"pc1","4cpu-i7",0.06,"stine",1,34.08
"pc1","4cpu-i7",0.06,"stine",4,34.15
"pc1","4cpu-i7",0.06,"stine",3,34.27
"pc1","4cpu-i7",0.06,"stine",2,34.28
"pc1","4cpu-i7",0.06,"stine",4,34.64
"pc1","4cpu-i7",0.06,"stine",1,34.97
"pc1","4cpu-i7",0.06,"stine",3,34.97
"pc1","4cpu-i7",0.07,"stine",1,26.53
"pc1","4cpu-i7",0.07,"stine",4,26.5
"pc1","4cpu-i7",0.07,"stine",3,26.92
"pc1","4cpu-i7",0.07,"stine",2,26.92
"pc1","4cpu-i7",0.07,"stine",3,26.45
"pc1","4cpu-i7",0.07,"stine",4,26.54
"pc1","4cpu-i7",0.07,"stine",1,27.18
"pc1","4cpu-i7",0.07,"stine",2,27.36
"pc1","4cpu-i7",0.07,"stine",1,25.55
"pc1","4cpu-i7",0.07,"stine",4,25.79
"pc1","4cpu-i7",0.07,"stine",3,25.8
"pc1","4cpu-i7",0.07,"stine",2,26.02
"pc1","4cpu-i7",0.07,"stine",3,26.48
"pc1","4cpu-i7",0.07,"stine",1,26.68
"pc1","4cpu-i7",0.07,"stine",4,26.67
"pc1","4cpu-i7",0.07,"stine",2,26.67
"pc1","4cpu-i7",0.07,"stine",1,26.28
"pc1","4cpu-i7",0.07,"stine",2,26.36
"pc1","4cpu-i7",0.07,"stine",3,26.36
"pc1","4cpu-i7",0.07,"stine",4,26.55
"pc1","4cpu-i7",0.07,"stine",3,26.24
"pc1","4cpu-i7",0.07,"stine",1,26.27
"pc1","4cpu-i7",0.07,"stine",4,26.34
"pc1","4cpu-i7",0.07,"stine",2,26.86
"pc1","4cpu-i7",0.07,"stine",4,25.71
"pc1","4cpu-i7",0.07,"stine",3,25.82
"pc1","4cpu-i7",0.07,"stine",1,25.96
"pc1","4cpu-i7",0.07,"stine",2,26.44
"pc1","4cpu-i7",0.07,"stine",3,24.95
"pc1","4cpu-i7",0.07,"stine",4,25.24
"pc1","4cpu-i7",0.07,"stine",1,25.68
"pc1","4cpu-i7",0.07,"stine",2,25.86
"pc1","4cpu-i7",0.07,"stine",4,25.03
"pc1","4cpu-i7",0.07,"stine",3,25.24
"pc1","4cpu-i7",0.07,"stine",2,25.24
"pc1","4cpu-i7",0.07,"stine",1,25.77
"pc1","4cpu-i7",0.07,"stine",1,24.08
"pc1","4cpu-i7",0.07,"stine",2,24.37
"pc1","4cpu-i7",0.07,"stine",3,24.56
"pc1","4cpu-i7",0.07,"stine",4,25.04
"pc1","4cpu-i7",0.07,"stine",3,25.55
"pc1","4cpu-i7",0.07,"stine",4,26.04
"pc1","4cpu-i7",0.07,"stine",2,26.26
"pc1","4cpu-i7",0.07,"stine",1,26.36
"pc1","4cpu-i7",0.07,"stine",1,25.79
"pc1","4cpu-i7",0.07,"stine",2,26.18
"pc1","4cpu-i7",0.07,"stine",3,26.67
"pc1","4cpu-i7",0.07,"stine",4,26.96
"pc1","4cpu-i7",0.07,"stine",2,25.05
"pc1","4cpu-i7",0.07,"stine",1,25.17
"pc1","4cpu-i7",0.07,"stine",4,25.34
"pc1","4cpu-i7",0.07,"stine",3,25.55
"pc1","4cpu-i7",0.07,"stine",1,24.36
"pc1","4cpu-i7",0.07,"stine",2,24.54
"pc1","4cpu-i7",0.07,"stine",4,24.83
"pc1","4cpu-i7",0.07,"stine",3,25.14
"pc1","4cpu-i7",0.07,"stine",1,24.47
"pc1","4cpu-i7",0.07,"stine",3,25.03
"pc1","4cpu-i7",0.07,"stine",4,25.03
"pc1","4cpu-i7",0.07,"stine",2,25.75
"pc1","4cpu-i7",0.07,"stine",1,25.63
"pc1","4cpu-i7",0.07,"stine",4,25.89
"pc1","4cpu-i7",0.07,"stine",3,26.19
"pc1","4cpu-i7",0.07,"stine",2,26.71
"pc1","4cpu-i7",0.07,"stine",4,25.73
"pc1","4cpu-i7",0.07,"stine",1,26.36
"pc1","4cpu-i7",0.07,"stine",2,26.54
"pc1","4cpu-i7",0.07,"stine",3,26.62
"pc1","4cpu-i7",0.07,"stine",1,25.19
"pc1","4cpu-i7",0.07,"stine",3,25.57
"pc1","4cpu-i7",0.07,"stine",2,25.79
"pc1","4cpu-i7",0.07,"stine",4,26.27
"pc1","4cpu-i7",0.07,"stine",3,24.75
"pc1","4cpu-i7",0.07,"stine",1,25.27
"pc1","4cpu-i7",0.07,"stine",4,25.33
"pc1","4cpu-i7",0.07,"stine",2,25.55
"pc1","4cpu-i7",0.07,"stine",2,24.25
"pc1","4cpu-i7",0.07,"stine",4,24.43
"pc1","4cpu-i7",0.07,"stine",3,24.53
"pc1","4cpu-i7",0.07,"stine",1,24.67
"pc1","4cpu-i7",0.07,"stine",1,26.17
"pc1","4cpu-i7",0.07,"stine",3,26.17
"pc1","4cpu-i7",0.07,"stine",2,26.38
"pc1","4cpu-i7",0.07,"stine",4,26.56
"pc1","4cpu-i7",0.07,"stine",3,25.75
"pc1","4cpu-i7",0.07,"stine",4,26.14
"pc1","4cpu-i7",0.07,"stine",1,26.67
"pc1","4cpu-i7",0.07,"stine",2,27.25
"pc1","4cpu-i7",0.07,"stine",4,24.73
"pc1","4cpu-i7",0.07,"stine",3,25.14
"pc1","4cpu-i7",0.07,"stine",1,25.67
"pc1","4cpu-i7",0.07,"stine",2,26.14
"pc1","4cpu-i7",0.07,"stine",4,24.14
"pc1","4cpu-i7",0.07,"stine",3,24.85
"pc1","4cpu-i7",0.07,"stine",1,25.06
"pc1","4cpu-i7",0.07,"stine",2,25.35
"pc1","4cpu-i7",0.07,"stine",3,26.1
"pc1","4cpu-i7",0.07,"stine",1,26.26
"pc1","4cpu-i7",0.07,"stine",2,26.33
"pc1","4cpu-i7",0.07,"stine",4,26.39
"pc1","4cpu-i7",0.07,"stine",2,24.96
"pc1","4cpu-i7",0.07,"stine",4,25.24
"pc1","4cpu-i7",0.07,"stine",3,25.65
"pc1","4cpu-i7",0.07,"stine",1,25.86
"pc1","4cpu-i7",0.07,"stine",4,21.23
"pc1","4cpu-i7",0.07,"stine",1,22.37
"pc1","4cpu-i7",0.07,"stine",2,23.35
"pc1","4cpu-i7",0.07,"stine",3,23.43
"pc1","4cpu-i7",0.07,"stine",2,24.47
"pc1","4cpu-i7",0.07,"stine",1,24.68
"pc1","4cpu-i7",0.07,"stine",4,25.25
"pc1","4cpu-i7",0.07,"stine",3,25.36
"pc1","4cpu-i7",0.07,"stine",1,24.45
"pc1","4cpu-i7",0.07,"stine",3,24.52
"pc1","4cpu-i7",0.07,"stine",2,24.85
"pc1","4cpu-i7",0.07,"stine",4,25.22
"pc1","4cpu-i7",0.07,"stine",3,24.74
"pc1","4cpu-i7",0.07,"stine",1,25.27
"pc1","4cpu-i7",0.07,"stine",2,25.86
"pc1","4cpu-i7",0.07,"stine",4,26.13
"pc1","4cpu-i7",0.08,"stine",2,20.12
"pc1","4cpu-i7",0.08,"stine",4,20.91
"pc1","4cpu-i7",0.08,"stine",1,21.72
"pc1","4cpu-i7",0.08,"stine",3,22.01
"pc1","4cpu-i7",0.08,"stine",3,21.37
"pc1","4cpu-i7",0.08,"stine",4,22.35
"pc1","4cpu-i7",0.08,"stine",2,22.57
"pc1","4cpu-i7",0.08,"stine",1,22.78
"pc1","4cpu-i7",0.08,"stine",2,20.25
"pc1","4cpu-i7",0.08,"stine",3,20.25
"pc1","4cpu-i7",0.08,"stine",1,20.54
"pc1","4cpu-i7",0.08,"stine",4,20.54
"pc1","4cpu-i7",0.08,"stine",3,20.8
"pc1","4cpu-i7",0.08,"stine",4,21.6
"pc1","4cpu-i7",0.08,"stine",1,21.95
"pc1","4cpu-i7",0.08,"stine",2,22.03
"pc1","4cpu-i7",0.08,"stine",2,21.35
"pc1","4cpu-i7",0.08,"stine",4,21.35
"pc1","4cpu-i7",0.08,"stine",1,21.68
"pc1","4cpu-i7",0.08,"stine",3,21.75
"pc1","4cpu-i7",0.08,"stine",2,22.28
"pc1","4cpu-i7",0.08,"stine",1,22.97
"pc1","4cpu-i7",0.08,"stine",3,22.97
"pc1","4cpu-i7",0.08,"stine",4,23.17
"pc1","4cpu-i7",0.08,"stine",1,20.77
"pc1","4cpu-i7",0.08,"stine",2,20.86
"pc1","4cpu-i7",0.08,"stine",3,21.06
"pc1","4cpu-i7",0.08,"stine",4,21.25
"pc1","4cpu-i7",0.08,"stine",2,20.66
"pc1","4cpu-i7",0.08,"stine",4,21.43
"pc1","4cpu-i7",0.08,"stine",1,22.16
"pc1","4cpu-i7",0.08,"stine",3,22.54
"pc1","4cpu-i7",0.08,"stine",2,20.45
"pc1","4cpu-i7",0.08,"stine",1,20.55
"pc1","4cpu-i7",0.08,"stine",3,20.55
"pc1","4cpu-i7",0.08,"stine",4,20.73
"pc1","4cpu-i7",0.08,"stine",4,20.94
"pc1","4cpu-i7",0.08,"stine",1,21.24
"pc1","4cpu-i7",0.08,"stine",3,21.24
"pc1","4cpu-i7",0.08,"stine",2,21.64
"pc1","4cpu-i7",0.08,"stine",2,20.56
"pc1","4cpu-i7",0.08,"stine",4,20.56
"pc1","4cpu-i7",0.08,"stine",3,21.14
"pc1","4cpu-i7",0.08,"stine",1,21.55
"pc1","4cpu-i7",0.08,"stine",3,20.31
"pc1","4cpu-i7",0.08,"stine",2,20.53
"pc1","4cpu-i7",0.08,"stine",1,21.04
"pc1","4cpu-i7",0.08,"stine",4,21.8
"pc1","4cpu-i7",0.08,"stine",4,20.88
"pc1","4cpu-i7",0.08,"stine",3,20.99
"pc1","4cpu-i7",0.08,"stine",2,22.25
"pc1","4cpu-i7",0.08,"stine",1,22.25
"pc1","4cpu-i7",0.08,"stine",4,21.14
"pc1","4cpu-i7",0.08,"stine",1,21.27
"pc1","4cpu-i7",0.08,"stine",2,21.57
"pc1","4cpu-i7",0.08,"stine",3,21.95
"pc1","4cpu-i7",0.08,"stine",2,20.79
"pc1","4cpu-i7",0.08,"stine",3,20.79
"pc1","4cpu-i7",0.08,"stine",1,21.06
"pc1","4cpu-i7",0.08,"stine",4,21.67
"pc1","4cpu-i7",0.08,"stine",1,21.45
"pc1","4cpu-i7",0.08,"stine",4,21.7
"pc1","4cpu-i7",0.08,"stine",3,22.72
"pc1","4cpu-i7",0.08,"stine",2,23.03
"pc1","4cpu-i7",0.08,"stine",1,22.56
"pc1","4cpu-i7",0.08,"stine",3,22.7
"pc1","4cpu-i7",0.08,"stine",2,23.31
"pc1","4cpu-i7",0.08,"stine",4,23.49
"pc1","4cpu-i7",0.08,"stine",1,20.89
"pc1","4cpu-i7",0.08,"stine",2,21.08
"pc1","4cpu-i7",0.08,"stine",3,21.86
"pc1","4cpu-i7",0.08,"stine",4,22.06
"pc1","4cpu-i7",0.08,"stine",3,19.17
"pc1","4cpu-i7",0.08,"stine",1,20.28
"pc1","4cpu-i7",0.08,"stine",2,20.28
"pc1","4cpu-i7",0.08,"stine",4,21.26
"pc1","4cpu-i7",0.08,"stine",1,21.29
"pc1","4cpu-i7",0.08,"stine",3,22.27
"pc1","4cpu-i7",0.08,"stine",2,22.57
"pc1","4cpu-i7",0.08,"stine",4,22.57
"pc1","4cpu-i7",0.08,"stine",1,20.98
"pc1","4cpu-i7",0.08,"stine",3,21.05
"pc1","4cpu-i7",0.08,"stine",2,21.07
"pc1","4cpu-i7",0.08,"stine",4,22.55
"pc1","4cpu-i7",0.08,"stine",2,21.02
"pc1","4cpu-i7",0.08,"stine",3,21.01
"pc1","4cpu-i7",0.08,"stine",1,21.85
"pc1","4cpu-i7",0.08,"stine",4,22.79
"pc1","4cpu-i7",0.08,"stine",3,21.52
"pc1","4cpu-i7",0.08,"stine",1,21.85
"pc1","4cpu-i7",0.08,"stine",4,22.6
"pc1","4cpu-i7",0.08,"stine",2,22.73
"pc1","4cpu-i7",0.08,"stine",4,22.05
"pc1","4cpu-i7",0.08,"stine",2,22.37
"pc1","4cpu-i7",0.08,"stine",1,23.09
"pc1","4cpu-i7",0.08,"stine",3,23.37
"pc1","4cpu-i7",0.08,"stine",4,19.99
"pc1","4cpu-i7",0.08,"stine",3,20.71
"pc1","4cpu-i7",0.08,"stine",1,21.65
"pc1","4cpu-i7",0.08,"stine",2,21.92
"pc1","4cpu-i7",0.08,"stine",1,19.6
"pc1","4cpu-i7",0.08,"stine",4,20.28
"pc1","4cpu-i7",0.08,"stine",3,20.98
"pc1","4cpu-i7",0.08,"stine",2,21.48
"pc1","4cpu-i7",0.08,"stine",3,21.26
"pc1","4cpu-i7",0.08,"stine",2,21.26
"pc1","4cpu-i7",0.08,"stine",1,21.35
"pc1","4cpu-i7",0.08,"stine",4,21.66
"pc1","4cpu-i7",0.08,"stine",2,21.04
"pc1","4cpu-i7",0.08,"stine",3,21.23
"pc1","4cpu-i7",0.08,"stine",4,21.5
"pc1","4cpu-i7",0.08,"stine",1,22.06
"pc1","4cpu-i7",0.08,"stine",3,20.72
"pc1","4cpu-i7",0.08,"stine",1,21.44
"pc1","4cpu-i7",0.08,"stine",2,21.44
"pc1","4cpu-i7",0.08,"stine",4,22.01
"pc1","4cpu-i7",0.08,"stine",2,19.74
"pc1","4cpu-i7",0.08,"stine",4,20.02
"pc1","4cpu-i7",0.08,"stine",3,20.13
"pc1","4cpu-i7",0.08,"stine",1,20.36
"pc1","4cpu-i7",0.09,"stine",3,20.69
"pc1","4cpu-i7",0.09,"stine",2,20.89
"pc1","4cpu-i7",0.09,"stine",4,20.89
"pc1","4cpu-i7",0.09,"stine",1,21.02
"pc1","4cpu-i7",0.09,"stine",4,20.05
"pc1","4cpu-i7",0.09,"stine",1,20.87
"pc1","4cpu-i7",0.09,"stine",3,20.96
"pc1","4cpu-i7",0.09,"stine",2,21.07
"pc1","4cpu-i7",0.09,"stine",4,18.47
"pc1","4cpu-i7",0.09,"stine",3,19.08
"pc1","4cpu-i7",0.09,"stine",1,19.49
"pc1","4cpu-i7",0.09,"stine",2,19.58
"pc1","4cpu-i7",0.09,"stine",3,18.95
"pc1","4cpu-i7",0.09,"stine",2,19.06
"pc1","4cpu-i7",0.09,"stine",4,19.26
"pc1","4cpu-i7",0.09,"stine",1,19.38
"pc1","4cpu-i7",0.09,"stine",4,18.66
"pc1","4cpu-i7",0.09,"stine",1,18.79
"pc1","4cpu-i7",0.09,"stine",3,18.87
"pc1","4cpu-i7",0.09,"stine",2,18.98
"pc1","4cpu-i7",0.09,"stine",1,17.68
"pc1","4cpu-i7",0.09,"stine",4,18.36
"pc1","4cpu-i7",0.09,"stine",3,18.46
"pc1","4cpu-i7",0.09,"stine",2,18.57
"pc1","4cpu-i7",0.09,"stine",3,17.44
"pc1","4cpu-i7",0.09,"stine",4,17.53
"pc1","4cpu-i7",0.09,"stine",2,17.65
"pc1","4cpu-i7",0.09,"stine",1,17.86
"pc1","4cpu-i7",0.09,"stine",1,19.16
"pc1","4cpu-i7",0.09,"stine",4,19.16
"pc1","4cpu-i7",0.09,"stine",3,19.27
"pc1","4cpu-i7",0.09,"stine",2,19.38
"pc1","4cpu-i7",0.09,"stine",4,18.37
"pc1","4cpu-i7",0.09,"stine",2,18.48
"pc1","4cpu-i7",0.09,"stine",3,18.57
"pc1","4cpu-i7",0.09,"stine",1,18.79
"pc1","4cpu-i7",0.09,"stine",2,17.22
"pc1","4cpu-i7",0.09,"stine",1,17.22
"pc1","4cpu-i7",0.09,"stine",4,17.22
"pc1","4cpu-i7",0.09,"stine",3,17.53
"pc1","4cpu-i7",0.09,"stine",4,16.93
"pc1","4cpu-i7",0.09,"stine",1,17.97
"pc1","4cpu-i7",0.09,"stine",2,18.15
"pc1","4cpu-i7",0.09,"stine",3,18.35
"pc1","4cpu-i7",0.09,"stine",1,18.35
"pc1","4cpu-i7",0.09,"stine",2,18.54
"pc1","4cpu-i7",0.09,"stine",3,18.54
"pc1","4cpu-i7",0.09,"stine",4,18.82
"pc1","4cpu-i7",0.09,"stine",3,18.04
"pc1","4cpu-i7",0.09,"stine",1,18.17
"pc1","4cpu-i7",0.09,"stine",4,18.84
"pc1","4cpu-i7",0.09,"stine",2,18.95
"pc1","4cpu-i7",0.09,"stine",4,18.36
"pc1","4cpu-i7",0.09,"stine",1,18.49
"pc1","4cpu-i7",0.09,"stine",2,18.88
"pc1","4cpu-i7",0.09,"stine",3,18.88
"pc1","4cpu-i7",0.09,"stine",2,17.65
"pc1","4cpu-i7",0.09,"stine",1,18.26
"pc1","4cpu-i7",0.09,"stine",4,18.33
"pc1","4cpu-i7",0.09,"stine",3,18.54
"pc1","4cpu-i7",0.09,"stine",2,17.34
"pc1","4cpu-i7",0.09,"stine",1,17.85
"pc1","4cpu-i7",0.09,"stine",4,17.92
"pc1","4cpu-i7",0.09,"stine",3,18.12
"pc1","4cpu-i7",0.09,"stine",2,18.27
"pc1","4cpu-i7",0.09,"stine",1,18.27
"pc1","4cpu-i7",0.09,"stine",3,18.34
"pc1","4cpu-i7",0.09,"stine",4,18.43
"pc1","4cpu-i7",0.09,"stine",2,20.08
"pc1","4cpu-i7",0.09,"stine",1,20.29
"pc1","4cpu-i7",0.09,"stine",4,20.48
"pc1","4cpu-i7",0.09,"stine",3,20.78
"pc1","4cpu-i7",0.09,"stine",1,18.76
"pc1","4cpu-i7",0.09,"stine",4,18.83
"pc1","4cpu-i7",0.09,"stine",2,18.94
"pc1","4cpu-i7",0.09,"stine",3,19.33
"pc1","4cpu-i7",0.09,"stine",3,18.48
"pc1","4cpu-i7",0.09,"stine",1,18.67
"pc1","4cpu-i7",0.09,"stine",2,18.67
"pc1","4cpu-i7",0.09,"stine",4,18.67
"pc1","4cpu-i7",0.09,"stine",1,18.86
"pc1","4cpu-i7",0.09,"stine",2,19.16
"pc1","4cpu-i7",0.09,"stine",3,19.54
"pc1","4cpu-i7",0.09,"stine",4,19.54
"pc1","4cpu-i7",0.09,"stine",2,19.58
"pc1","4cpu-i7",0.09,"stine",4,19.67
"pc1","4cpu-i7",0.09,"stine",1,19.88
"pc1","4cpu-i7",0.09,"stine",3,20.07
"pc1","4cpu-i7",0.09,"stine",2,18.33
"pc1","4cpu-i7",0.09,"stine",4,18.33
"pc1","4cpu-i7",0.09,"stine",1,18.56
"pc1","4cpu-i7",0.09,"stine",3,18.74
"pc1","4cpu-i7",0.09,"stine",4,18.53
"pc1","4cpu-i7",0.09,"stine",1,19.26
"pc1","4cpu-i7",0.09,"stine",2,19.65
"pc1","4cpu-i7",0.09,"stine",3,19.64
"pc1","4cpu-i7",0.09,"stine",1,18.97
"pc1","4cpu-i7",0.09,"stine",4,19.04
"pc1","4cpu-i7",0.09,"stine",2,19.65
"pc1","4cpu-i7",0.09,"stine",3,19.84
"pc1","4cpu-i7",0.09,"stine",4,19.03
"pc1","4cpu-i7",0.09,"stine",2,19.24
"pc1","4cpu-i7",0.09,"stine",3,19.53
"pc1","4cpu-i7",0.09,"stine",1,19.57
"pc1","4cpu-i7",0.09,"stine",3,19.12
"pc1","4cpu-i7",0.09,"stine",4,19.21
"pc1","4cpu-i7",0.09,"stine",1,19.24
"pc1","4cpu-i7",0.09,"stine",2,19.44
"pc1","4cpu-i7",0.09,"stine",3,18.53
"pc1","4cpu-i7",0.09,"stine",4,18.53
"pc1","4cpu-i7",0.09,"stine",1,18.75
"pc1","4cpu-i7",0.09,"stine",2,18.84
"pc1","4cpu-i7",0.09,"stine",4,19.57
"pc1","4cpu-i7",0.09,"stine",1,19.79
"pc1","4cpu-i7",0.09,"stine",3,19.98
"pc1","4cpu-i7",0.09,"stine",2,20.28
"pc1","4cpu-i7",0.09,"stine",3,18.96
"pc1","4cpu-i7",0.09,"stine",4,19.28
"pc1","4cpu-i7",0.09,"stine",1,19.28
"pc1","4cpu-i7",0.09,"stine",2,19.67
"pc1","4cpu-i7",0.11,"stine",4,13.8
"pc1","4cpu-i7",0.11,"stine",2,14.12
"pc1","4cpu-i7",0.11,"stine",3,14.31
"pc1","4cpu-i7",0.11,"stine",1,14.72
"pc1","4cpu-i7",0.11,"stine",4,14.03
"pc1","4cpu-i7",0.11,"stine",1,14.36
"pc1","4cpu-i7",0.11,"stine",2,14.54
"pc1","4cpu-i7",0.11,"stine",3,14.63
"pc1","4cpu-i7",0.11,"stine",2,13.98
"pc1","4cpu-i7",0.11,"stine",4,14.27
"pc1","4cpu-i7",0.11,"stine",3,14.47
"pc1","4cpu-i7",0.11,"stine",1,14.6
"pc1","4cpu-i7",0.11,"stine",3,13.36
"pc1","4cpu-i7",0.11,"stine",2,13.45
"pc1","4cpu-i7",0.11,"stine",4,13.55
"pc1","4cpu-i7",0.11,"stine",1,13.78
"pc1","4cpu-i7",0.11,"stine",1,13.97
"pc1","4cpu-i7",0.11,"stine",4,14.17
"pc1","4cpu-i7",0.11,"stine",2,14.37
"pc1","4cpu-i7",0.11,"stine",3,14.36
"pc1","4cpu-i7",0.11,"stine",2,13.98
"pc1","4cpu-i7",0.11,"stine",4,14.19
"pc1","4cpu-i7",0.11,"stine",1,14.19
"pc1","4cpu-i7",0.11,"stine",3,14.26
"pc1","4cpu-i7",0.11,"stine",4,14.17
"pc1","4cpu-i7",0.11,"stine",2,14.38
"pc1","4cpu-i7",0.11,"stine",1,14.4
"pc1","4cpu-i7",0.11,"stine",3,14.48
"pc1","4cpu-i7",0.11,"stine",2,13.76
"pc1","4cpu-i7",0.11,"stine",1,14.07
"pc1","4cpu-i7",0.11,"stine",4,14.35
"pc1","4cpu-i7",0.11,"stine",3,14.35
"pc1","4cpu-i7",0.11,"stine",2,13.06
"pc1","4cpu-i7",0.11,"stine",1,13.26
"pc1","4cpu-i7",0.11,"stine",4,13.63
"pc1","4cpu-i7",0.11,"stine",3,13.83
"pc1","4cpu-i7",0.11,"stine",3,13.11
"pc1","4cpu-i7",0.11,"stine",4,13.4
"pc1","4cpu-i7",0.11,"stine",1,13.56
"pc1","4cpu-i7",0.11,"stine",2,13.62
"pc1","4cpu-i7",0.11,"stine",3,13.77
"pc1","4cpu-i7",0.11,"stine",4,14.26
"pc1","4cpu-i7",0.11,"stine",2,14.57
"pc1","4cpu-i7",0.11,"stine",1,14.69
"pc1","4cpu-i7",0.11,"stine",2,13.48
"pc1","4cpu-i7",0.11,"stine",4,13.56
"pc1","4cpu-i7",0.11,"stine",3,13.99
"pc1","4cpu-i7",0.11,"stine",1,13.99
"pc1","4cpu-i7",0.11,"stine",4,12.73
"pc1","4cpu-i7",0.11,"stine",3,13.25
"pc1","4cpu-i7",0.11,"stine",2,13.25
"pc1","4cpu-i7",0.11,"stine",1,13.86
"pc1","4cpu-i7",0.11,"stine",1,13.86
"pc1","4cpu-i7",0.11,"stine",3,14.06
"pc1","4cpu-i7",0.11,"stine",2,14.06
"pc1","4cpu-i7",0.11,"stine",4,14.44
"pc1","4cpu-i7",0.11,"stine",2,13.34
"pc1","4cpu-i7",0.11,"stine",1,13.66
"pc1","4cpu-i7",0.11,"stine",4,13.72
"pc1","4cpu-i7",0.11,"stine",3,13.74
"pc1","4cpu-i7",0.11,"stine",2,14.48
"pc1","4cpu-i7",0.11,"stine",4,14.59
"pc1","4cpu-i7",0.11,"stine",1,14.57
"pc1","4cpu-i7",0.11,"stine",3,14.57
"pc1","4cpu-i7",0.11,"stine",2,13.25
"pc1","4cpu-i7",0.11,"stine",1,13.46
"pc1","4cpu-i7",0.11,"stine",4,13.63
"pc1","4cpu-i7",0.11,"stine",3,13.63
"pc1","4cpu-i7",0.11,"stine",2,13.25
"pc1","4cpu-i7",0.11,"stine",1,13.46
"pc1","4cpu-i7",0.11,"stine",3,13.74
"pc1","4cpu-i7",0.11,"stine",4,13.83
"pc1","4cpu-i7",0.11,"stine",1,13.68
"pc1","4cpu-i7",0.11,"stine",3,13.88
"pc1","4cpu-i7",0.11,"stine",4,14.36
"pc1","4cpu-i7",0.11,"stine",2,14.58
"pc1","4cpu-i7",0.11,"stine",1,13.78
"pc1","4cpu-i7",0.11,"stine",3,14.06
"pc1","4cpu-i7",0.11,"stine",4,14.25
"pc1","4cpu-i7",0.11,"stine",2,14.47
"pc1","4cpu-i7",0.11,"stine",1,13.27
"pc1","4cpu-i7",0.11,"stine",4,13.54
"pc1","4cpu-i7",0.11,"stine",2,13.54
"pc1","4cpu-i7",0.11,"stine",3,13.54
"pc1","4cpu-i7",0.11,"stine",1,13.56
"pc1","4cpu-i7",0.11,"stine",2,13.65
"pc1","4cpu-i7",0.11,"stine",3,13.84
"pc1","4cpu-i7",0.11,"stine",4,13.93
"pc1","4cpu-i7",0.11,"stine",4,14.58
"pc1","4cpu-i7",0.11,"stine",2,14.89
"pc1","4cpu-i7",0.11,"stine",1,14.9
"pc1","4cpu-i7",0.11,"stine",3,14.98
"pc1","4cpu-i7",0.11,"stine",2,14.26
"pc1","4cpu-i7",0.11,"stine",4,14.26
"pc1","4cpu-i7",0.11,"stine",3,14.37
"pc1","4cpu-i7",0.11,"stine",1,14.38
"pc1","4cpu-i7",0.11,"stine",2,13.59
"pc1","4cpu-i7",0.11,"stine",1,13.78
"pc1","4cpu-i7",0.11,"stine",4,13.96
"pc1","4cpu-i7",0.11,"stine",3,14.27
"pc1","4cpu-i7",0.11,"stine",4,13.74
"pc1","4cpu-i7",0.11,"stine",2,13.85
"pc1","4cpu-i7",0.11,"stine",1,13.96
"pc1","4cpu-i7",0.11,"stine",3,13.94
"pc1","4cpu-i7",0.11,"stine",4,13.26
"pc1","4cpu-i7",0.11,"stine",2,13.67
"pc1","4cpu-i7",0.11,"stine",1,13.78
"pc1","4cpu-i7",0.11,"stine",3,13.86
"pc1","4cpu-i7",0.11,"stine",4,13.07
"pc1","4cpu-i7",0.11,"stine",2,13.09
"pc1","4cpu-i7",0.11,"stine",3,13.27
"pc1","4cpu-i7",0.11,"stine",1,13.49
"pc1","4cpu-i7",0.11,"stine",4,13.13
"pc1","4cpu-i7",0.11,"stine",3,13.14
"pc1","4cpu-i7",0.11,"stine",2,13.25
"pc1","4cpu-i7",0.11,"stine",1,13.36
"pc1","4cpu-i7",0.11,"stine",3,14.07
"pc1","4cpu-i7",0.11,"stine",4,14.26
"pc1","4cpu-i7",0.11,"stine",1,14.29
"pc1","4cpu-i7",0.11,"stine",2,14.29
"pc1","4cpu-i7",0.12,"stine",4,12.8
"pc1","4cpu-i7",0.12,"stine",3,12.8
"pc1","4cpu-i7",0.12,"stine",2,13
"pc1","4cpu-i7",0.12,"stine",1,13.33
"pc1","4cpu-i7",0.12,"stine",4,13.2
"pc1","4cpu-i7",0.12,"stine",3,13.52
"pc1","4cpu-i7",0.12,"stine",2,13.64
"pc1","4cpu-i7",0.12,"stine",1,13.95
"pc1","4cpu-i7",0.12,"stine",3,12.05
"pc1","4cpu-i7",0.12,"stine",4,12.05
"pc1","4cpu-i7",0.12,"stine",2,12.26
"pc1","4cpu-i7",0.12,"stine",1,12.26
"pc1","4cpu-i7",0.12,"stine",3,11.56
"pc1","4cpu-i7",0.12,"stine",1,11.56
"pc1","4cpu-i7",0.12,"stine",4,11.56
"pc1","4cpu-i7",0.12,"stine",2,11.77
"pc1","4cpu-i7",0.12,"stine",4,11.83
"pc1","4cpu-i7",0.12,"stine",1,11.87
"pc1","4cpu-i7",0.12,"stine",3,11.94
"pc1","4cpu-i7",0.12,"stine",2,12.15
"pc1","4cpu-i7",0.12,"stine",1,11.16
"pc1","4cpu-i7",0.12,"stine",2,11.34
"pc1","4cpu-i7",0.12,"stine",4,11.35
"pc1","4cpu-i7",0.12,"stine",3,11.35
"pc1","4cpu-i7",0.12,"stine",2,12.32
"pc1","4cpu-i7",0.12,"stine",4,12.31
"pc1","4cpu-i7",0.12,"stine",1,12.31
"pc1","4cpu-i7",0.12,"stine",3,12.31
"pc1","4cpu-i7",0.12,"stine",1,11.95
"pc1","4cpu-i7",0.12,"stine",4,12.11
"pc1","4cpu-i7",0.12,"stine",3,12.84
"pc1","4cpu-i7",0.12,"stine",2,12.84
"pc1","4cpu-i7",0.12,"stine",4,11.85
"pc1","4cpu-i7",0.12,"stine",3,11.85
"pc1","4cpu-i7",0.12,"stine",1,12.08
"pc1","4cpu-i7",0.12,"stine",2,12.37
"pc1","4cpu-i7",0.12,"stine",4,12.03
"pc1","4cpu-i7",0.12,"stine",2,12.13
"pc1","4cpu-i7",0.12,"stine",3,12.13
"pc1","4cpu-i7",0.12,"stine",1,12.16
"pc1","4cpu-i7",0.12,"stine",2,12.26
"pc1","4cpu-i7",0.12,"stine",4,12.35
"pc1","4cpu-i7",0.12,"stine",1,12.37
"pc1","4cpu-i7",0.12,"stine",3,12.36
"pc1","4cpu-i7",0.12,"stine",3,12.34
"pc1","4cpu-i7",0.12,"stine",4,12.34
"pc1","4cpu-i7",0.12,"stine",2,12.34
"pc1","4cpu-i7",0.12,"stine",1,12.34
"pc1","4cpu-i7",0.12,"stine",3,11.7
"pc1","4cpu-i7",0.12,"stine",4,12.1
"pc1","4cpu-i7",0.12,"stine",1,12.13
"pc1","4cpu-i7",0.12,"stine",2,12.31
"pc1","4cpu-i7",0.12,"stine",3,12.07
"pc1","4cpu-i7",0.12,"stine",1,12.09
"pc1","4cpu-i7",0.12,"stine",2,12.18
"pc1","4cpu-i7",0.12,"stine",4,12.36
"pc1","4cpu-i7",0.12,"stine",3,12.14
"pc1","4cpu-i7",0.12,"stine",2,12.25
"pc1","4cpu-i7",0.12,"stine",1,12.77
"pc1","4cpu-i7",0.12,"stine",4,12.93
"pc1","4cpu-i7",0.12,"stine",1,12.28
"pc1","4cpu-i7",0.12,"stine",3,12.27
"pc1","4cpu-i7",0.12,"stine",2,12.68
"pc1","4cpu-i7",0.12,"stine",4,12.75
"pc1","4cpu-i7",0.12,"stine",3,11.65
"pc1","4cpu-i7",0.12,"stine",2,11.65
"pc1","4cpu-i7",0.12,"stine",1,11.76
"pc1","4cpu-i7",0.12,"stine",4,11.95
"pc1","4cpu-i7",0.12,"stine",1,12.75
"pc1","4cpu-i7",0.12,"stine",2,12.99
"pc1","4cpu-i7",0.12,"stine",4,12.99
"pc1","4cpu-i7",0.12,"stine",3,13.1
"pc1","4cpu-i7",0.12,"stine",3,12.37
"pc1","4cpu-i7",0.12,"stine",4,12.47
"pc1","4cpu-i7",0.12,"stine",1,13.19
"pc1","4cpu-i7",0.12,"stine",2,13.39
"pc1","4cpu-i7",0.12,"stine",1,12.04
"pc1","4cpu-i7",0.12,"stine",2,12.04
"pc1","4cpu-i7",0.12,"stine",3,12.31
"pc1","4cpu-i7",0.12,"stine",4,12.32
"pc1","4cpu-i7",0.12,"stine",3,12.06
"pc1","4cpu-i7",0.12,"stine",1,12.16
"pc1","4cpu-i7",0.12,"stine",4,12.14
"pc1","4cpu-i7",0.12,"stine",2,12.15
"pc1","4cpu-i7",0.12,"stine",2,12.47
"pc1","4cpu-i7",0.12,"stine",3,12.46
"pc1","4cpu-i7",0.12,"stine",1,12.98
"pc1","4cpu-i7",0.12,"stine",4,13.16
"pc1","4cpu-i7",0.12,"stine",3,11.94
"pc1","4cpu-i7",0.12,"stine",4,12.03
"pc1","4cpu-i7",0.12,"stine",1,12.06
"pc1","4cpu-i7",0.12,"stine",2,12.06
"pc1","4cpu-i7",0.12,"stine",3,12.15
"pc1","4cpu-i7",0.12,"stine",2,12.18
"pc1","4cpu-i7",0.12,"stine",1,12.46
"pc1","4cpu-i7",0.12,"stine",4,12.46
"pc1","4cpu-i7",0.12,"stine",1,11.65
"pc1","4cpu-i7",0.12,"stine",2,11.74
"pc1","4cpu-i7",0.12,"stine",3,11.74
"pc1","4cpu-i7",0.12,"stine",4,11.74
"pc1","4cpu-i7",0.12,"stine",4,11.73
"pc1","4cpu-i7",0.12,"stine",3,11.82
"pc1","4cpu-i7",0.12,"stine",1,11.85
"pc1","4cpu-i7",0.12,"stine",2,11.94
"pc1","4cpu-i7",0.12,"stine",3,11.87
"pc1","4cpu-i7",0.12,"stine",1,12
"pc1","4cpu-i7",0.12,"stine",4,12.17
"pc1","4cpu-i7",0.12,"stine",2,12.49
"pc1","4cpu-i7",0.12,"stine",4,11.92
"pc1","4cpu-i7",0.12,"stine",3,12.14
"pc1","4cpu-i7",0.12,"stine",1,12.26
"pc1","4cpu-i7",0.12,"stine",2,12.25
"pc1","4cpu-i7",0.12,"stine",4,11.85
"pc1","4cpu-i7",0.12,"stine",3,12.36
"pc1","4cpu-i7",0.12,"stine",1,12.57
"pc1","4cpu-i7",0.12,"stine",2,12.57
"pc1","4cpu-i7",0.12,"stine",2,11.95
"pc1","4cpu-i7",0.12,"stine",3,11.95
"pc1","4cpu-i7",0.12,"stine",4,11.95
"pc1","4cpu-i7",0.12,"stine",1,12.09
"pc1","4cpu-i7",0.13,"stine",3,11.14
"pc1","4cpu-i7",0.13,"stine",4,11.22
"pc1","4cpu-i7",0.13,"stine",2,11.35
"pc1","4cpu-i7",0.13,"stine",1,11.46
"pc1","4cpu-i7",0.13,"stine",4,11.26
"pc1","4cpu-i7",0.13,"stine",1,11.68
"pc1","4cpu-i7",0.13,"stine",2,11.68
"pc1","4cpu-i7",0.13,"stine",3,11.68
"pc1","4cpu-i7",0.13,"stine",1,10.77
"pc1","4cpu-i7",0.13,"stine",3,10.85
"pc1","4cpu-i7",0.13,"stine",4,10.94
"pc1","4cpu-i7",0.13,"stine",2,11.05
"pc1","4cpu-i7",0.13,"stine",2,11.19
"pc1","4cpu-i7",0.13,"stine",3,11.27
"pc1","4cpu-i7",0.13,"stine",1,11.29
"pc1","4cpu-i7",0.13,"stine",4,11.28
"pc1","4cpu-i7",0.13,"stine",3,11.06
"pc1","4cpu-i7",0.13,"stine",4,11.07
"pc1","4cpu-i7",0.13,"stine",2,11.18
"pc1","4cpu-i7",0.13,"stine",1,11.27
"pc1","4cpu-i7",0.13,"stine",4,10.88
"pc1","4cpu-i7",0.13,"stine",3,10.88
"pc1","4cpu-i7",0.13,"stine",1,11.09
"pc1","4cpu-i7",0.13,"stine",2,11.09
"pc1","4cpu-i7",0.13,"stine",1,10.96
"pc1","4cpu-i7",0.13,"stine",3,11.04
"pc1","4cpu-i7",0.13,"stine",4,11.13
"pc1","4cpu-i7",0.13,"stine",2,11.25
"pc1","4cpu-i7",0.13,"stine",4,11.24
"pc1","4cpu-i7",0.13,"stine",3,11.46
"pc1","4cpu-i7",0.13,"stine",1,11.76
"pc1","4cpu-i7",0.13,"stine",2,11.76
"pc1","4cpu-i7",0.13,"stine",4,11.15
"pc1","4cpu-i7",0.13,"stine",1,11.26
"pc1","4cpu-i7",0.13,"stine",3,11.45
"pc1","4cpu-i7",0.13,"stine",2,11.66
"pc1","4cpu-i7",0.13,"stine",4,10.97
"pc1","4cpu-i7",0.13,"stine",1,11.08
"pc1","4cpu-i7",0.13,"stine",3,11.07
"pc1","4cpu-i7",0.13,"stine",2,11.08
"pc1","4cpu-i7",0.13,"stine",4,11.48
"pc1","4cpu-i7",0.13,"stine",2,11.48
"pc1","4cpu-i7",0.13,"stine",1,11.48
"pc1","4cpu-i7",0.13,"stine",3,11.55
"pc1","4cpu-i7",0.13,"stine",4,11.48
"pc1","4cpu-i7",0.13,"stine",3,11.48
"pc1","4cpu-i7",0.13,"stine",2,11.59
"pc1","4cpu-i7",0.13,"stine",1,11.68
"pc1","4cpu-i7",0.13,"stine",4,11.25
"pc1","4cpu-i7",0.13,"stine",3,11.36
"pc1","4cpu-i7",0.13,"stine",2,11.47
"pc1","4cpu-i7",0.13,"stine",1,11.57
"pc1","4cpu-i7",0.13,"stine",4,10.77
"pc1","4cpu-i7",0.13,"stine",3,11.07
"pc1","4cpu-i7",0.13,"stine",2,11.09
"pc1","4cpu-i7",0.13,"stine",1,11.17
"pc1","4cpu-i7",0.13,"stine",3,10.68
"pc1","4cpu-i7",0.13,"stine",4,11.05
"pc1","4cpu-i7",0.13,"stine",2,11.08
"pc1","4cpu-i7",0.13,"stine",1,11.18
"pc1","4cpu-i7",0.13,"stine",3,11.26
"pc1","4cpu-i7",0.13,"stine",1,11.48
"pc1","4cpu-i7",0.13,"stine",2,11.47
"pc1","4cpu-i7",0.13,"stine",4,11.47
"pc1","4cpu-i7",0.13,"stine",2,10.45
"pc1","4cpu-i7",0.13,"stine",3,10.46
"pc1","4cpu-i7",0.13,"stine",1,10.46
"pc1","4cpu-i7",0.13,"stine",4,10.55
"pc1","4cpu-i7",0.13,"stine",2,11.15
"pc1","4cpu-i7",0.13,"stine",1,11.25
"pc1","4cpu-i7",0.13,"stine",3,11.24
"pc1","4cpu-i7",0.13,"stine",4,11.54
"pc1","4cpu-i7",0.13,"stine",3,11.56
"pc1","4cpu-i7",0.13,"stine",1,11.67
"pc1","4cpu-i7",0.13,"stine",2,11.77
"pc1","4cpu-i7",0.13,"stine",4,11.85
"pc1","4cpu-i7",0.13,"stine",1,11.7
"pc1","4cpu-i7",0.13,"stine",3,11.97
"pc1","4cpu-i7",0.13,"stine",4,11.98
"pc1","4cpu-i7",0.13,"stine",2,11.98
"pc1","4cpu-i7",0.13,"stine",1,10.76
"pc1","4cpu-i7",0.13,"stine",3,10.85
"pc1","4cpu-i7",0.13,"stine",2,11.05
"pc1","4cpu-i7",0.13,"stine",4,11.05
"pc1","4cpu-i7",0.13,"stine",1,10.76
"pc1","4cpu-i7",0.13,"stine",3,11.35
"pc1","4cpu-i7",0.13,"stine",4,11.43
"pc1","4cpu-i7",0.13,"stine",2,11.54
"pc1","4cpu-i7",0.13,"stine",4,11.97
"pc1","4cpu-i7",0.13,"stine",3,12.07
"pc1","4cpu-i7",0.13,"stine",1,12.1
"pc1","4cpu-i7",0.13,"stine",2,12.18
"pc1","4cpu-i7",0.13,"stine",4,11.26
"pc1","4cpu-i7",0.13,"stine",3,11.38
"pc1","4cpu-i7",0.13,"stine",2,11.49
"pc1","4cpu-i7",0.13,"stine",1,11.49
"pc1","4cpu-i7",0.13,"stine",4,11.15
"pc1","4cpu-i7",0.13,"stine",3,11.16
"pc1","4cpu-i7",0.13,"stine",2,11.27
"pc1","4cpu-i7",0.13,"stine",1,11.27
"pc1","4cpu-i7",0.13,"stine",4,11.87
"pc1","4cpu-i7",0.13,"stine",3,11.87
"pc1","4cpu-i7",0.13,"stine",2,12.18
"pc1","4cpu-i7",0.13,"stine",1,12.28
"pc1","4cpu-i7",0.13,"stine",4,10.82
"pc1","4cpu-i7",0.13,"stine",3,10.84
"pc1","4cpu-i7",0.13,"stine",1,10.88
"pc1","4cpu-i7",0.13,"stine",2,10.84
"pc1","4cpu-i7",0.13,"stine",4,11.06
"pc1","4cpu-i7",0.13,"stine",3,11.06
"pc1","4cpu-i7",0.13,"stine",1,11.17
"pc1","4cpu-i7",0.13,"stine",2,11.27
"pc1","4cpu-i7",0.13,"stine",3,11.37
"pc1","4cpu-i7",0.13,"stine",4,11.45
"pc1","4cpu-i7",0.13,"stine",2,11.48
"pc1","4cpu-i7",0.13,"stine",1,11.49
"pc1","4cpu-i7",0.13,"stine",4,11.22
"pc1","4cpu-i7",0.13,"stine",3,11.35
"pc1","4cpu-i7",0.13,"stine",1,11.48
"pc1","4cpu-i7",0.13,"stine",2,11.67
"pc1","4cpu-i7",0.14,"stine",2,11.04
"pc1","4cpu-i7",0.14,"stine",3,11.14
"pc1","4cpu-i7",0.14,"stine",4,11.23
"pc1","4cpu-i7",0.14,"stine",1,11.36
"pc1","4cpu-i7",0.14,"stine",4,11.02
"pc1","4cpu-i7",0.14,"stine",1,11.34
"pc1","4cpu-i7",0.14,"stine",3,11.34
"pc1","4cpu-i7",0.14,"stine",2,11.34
"pc1","4cpu-i7",0.14,"stine",4,10.44
"pc1","4cpu-i7",0.14,"stine",2,10.55
"pc1","4cpu-i7",0.14,"stine",1,10.66
"pc1","4cpu-i7",0.14,"stine",3,10.65
"pc1","4cpu-i7",0.14,"stine",1,10.57
"pc1","4cpu-i7",0.14,"stine",4,10.55
"pc1","4cpu-i7",0.14,"stine",2,10.66
"pc1","4cpu-i7",0.14,"stine",3,10.75
"pc1","4cpu-i7",0.14,"stine",2,10.27
"pc1","4cpu-i7",0.14,"stine",1,10.29
"pc1","4cpu-i7",0.14,"stine",4,10.45
"pc1","4cpu-i7",0.14,"stine",3,10.57
"pc1","4cpu-i7",0.14,"stine",4,10.36
"pc1","4cpu-i7",0.14,"stine",3,10.48
"pc1","4cpu-i7",0.14,"stine",2,10.48
"pc1","4cpu-i7",0.14,"stine",1,10.58
"pc1","4cpu-i7",0.14,"stine",2,10.08
"pc1","4cpu-i7",0.14,"stine",3,10.08
"pc1","4cpu-i7",0.14,"stine",4,10.08
"pc1","4cpu-i7",0.14,"stine",1,10.38
"pc1","4cpu-i7",0.14,"stine",2,9.96
"pc1","4cpu-i7",0.14,"stine",4,10.07
"pc1","4cpu-i7",0.14,"stine",1,10.07
"pc1","4cpu-i7",0.14,"stine",3,10.23
"pc1","4cpu-i7",0.14,"stine",4,10.16
"pc1","4cpu-i7",0.14,"stine",2,10.16
"pc1","4cpu-i7",0.14,"stine",1,10.26
"pc1","4cpu-i7",0.14,"stine",3,10.34
"pc1","4cpu-i7",0.14,"stine",4,10.46
"pc1","4cpu-i7",0.14,"stine",3,10.69
"pc1","4cpu-i7",0.14,"stine",1,10.69
"pc1","4cpu-i7",0.14,"stine",2,10.77
"pc1","4cpu-i7",0.14,"stine",3,10.08
"pc1","4cpu-i7",0.14,"stine",4,10.16
"pc1","4cpu-i7",0.14,"stine",1,10.29
"pc1","4cpu-i7",0.14,"stine",2,10.29
"pc1","4cpu-i7",0.14,"stine",3,10.15
"pc1","4cpu-i7",0.14,"stine",4,10.36
"pc1","4cpu-i7",0.14,"stine",2,10.36
"pc1","4cpu-i7",0.14,"stine",1,10.47
"pc1","4cpu-i7",0.14,"stine",4,10.17
"pc1","4cpu-i7",0.14,"stine",1,10.28
"pc1","4cpu-i7",0.14,"stine",2,10.28
"pc1","4cpu-i7",0.14,"stine",3,10.48
"pc1","4cpu-i7",0.14,"stine",1,10.26
"pc1","4cpu-i7",0.14,"stine",2,10.24
"pc1","4cpu-i7",0.14,"stine",3,10.24
"pc1","4cpu-i7",0.14,"stine",4,10.33
"pc1","4cpu-i7",0.14,"stine",3,10.27
"pc1","4cpu-i7",0.14,"stine",4,10.28
"pc1","4cpu-i7",0.14,"stine",1,10.28
"pc1","4cpu-i7",0.14,"stine",2,10.38
"pc1","4cpu-i7",0.14,"stine",1,11.1
"pc1","4cpu-i7",0.14,"stine",3,11.28
"pc1","4cpu-i7",0.14,"stine",2,11.28
"pc1","4cpu-i7",0.14,"stine",4,11.28
"pc1","4cpu-i7",0.14,"stine",1,10.54
"pc1","4cpu-i7",0.14,"stine",4,10.54
"pc1","4cpu-i7",0.14,"stine",3,10.63
"pc1","4cpu-i7",0.14,"stine",2,10.64
"pc1","4cpu-i7",0.14,"stine",2,10.38
"pc1","4cpu-i7",0.14,"stine",1,10.68
"pc1","4cpu-i7",0.14,"stine",3,10.67
"pc1","4cpu-i7",0.14,"stine",4,10.77
"pc1","4cpu-i7",0.14,"stine",2,11.77
"pc1","4cpu-i7",0.14,"stine",1,11.79
"pc1","4cpu-i7",0.14,"stine",4,11.98
"pc1","4cpu-i7",0.14,"stine",3,11.98
"pc1","4cpu-i7",0.14,"stine",4,10.85
"pc1","4cpu-i7",0.14,"stine",2,10.85
"pc1","4cpu-i7",0.14,"stine",1,10.95
"pc1","4cpu-i7",0.14,"stine",3,11.03
"pc1","4cpu-i7",0.14,"stine",4,10.87
"pc1","4cpu-i7",0.14,"stine",1,10.99
"pc1","4cpu-i7",0.14,"stine",2,11.08
"pc1","4cpu-i7",0.14,"stine",3,11.28
"pc1","4cpu-i7",0.14,"stine",1,10.56
"pc1","4cpu-i7",0.14,"stine",2,10.55
"pc1","4cpu-i7",0.14,"stine",4,10.53
"pc1","4cpu-i7",0.14,"stine",3,10.74
"pc1","4cpu-i7",0.14,"stine",1,10.47
"pc1","4cpu-i7",0.14,"stine",2,10.64
"pc1","4cpu-i7",0.14,"stine",4,10.64
"pc1","4cpu-i7",0.14,"stine",3,10.64
"pc1","4cpu-i7",0.14,"stine",1,10.28
"pc1","4cpu-i7",0.14,"stine",4,10.26
"pc1","4cpu-i7",0.14,"stine",2,10.47
"pc1","4cpu-i7",0.14,"stine",3,10.57
"pc1","4cpu-i7",0.14,"stine",4,10.17
"pc1","4cpu-i7",0.14,"stine",1,10.16
"pc1","4cpu-i7",0.14,"stine",2,10.16
"pc1","4cpu-i7",0.14,"stine",3,10.45
"pc1","4cpu-i7",0.14,"stine",4,10.91
"pc1","4cpu-i7",0.14,"stine",2,10.93
"pc1","4cpu-i7",0.14,"stine",3,11.03
"pc1","4cpu-i7",0.14,"stine",1,11.16
"pc1","4cpu-i7",0.14,"stine",4,10.94
"pc1","4cpu-i7",0.14,"stine",3,11.04
"pc1","4cpu-i7",0.14,"stine",1,11.06
"pc1","4cpu-i7",0.14,"stine",2,11.06
"pc1","4cpu-i7",0.14,"stine",3,10.87
"pc1","4cpu-i7",0.14,"stine",4,11.06
"pc1","4cpu-i7",0.14,"stine",2,11.17
"pc1","4cpu-i7",0.14,"stine",1,11.18
"pc1","4cpu-i7",0.14,"stine",4,11.27
"pc1","4cpu-i7",0.14,"stine",3,11.58
"pc1","4cpu-i7",0.14,"stine",2,11.67
"pc1","4cpu-i7",0.14,"stine",1,11.68
"pc1","4cpu-i7",0.14,"stine",4,10.85
"pc1","4cpu-i7",0.14,"stine",3,10.95
"pc1","4cpu-i7",0.14,"stine",2,11.06
"pc1","4cpu-i7",0.14,"stine",1,11.08
"pc1","4cpu-i7",0.16,"stine",1,9.04
"pc1","4cpu-i7",0.16,"stine",4,9.19
"pc1","4cpu-i7",0.16,"stine",2,9.23
"pc1","4cpu-i7",0.16,"stine",3,9.3
"pc1","4cpu-i7",0.16,"stine",3,8.88
"pc1","4cpu-i7",0.16,"stine",1,8.99
"pc1","4cpu-i7",0.16,"stine",4,9.18
"pc1","4cpu-i7",0.16,"stine",2,9.38
"pc1","4cpu-i7",0.16,"stine",4,8.16
"pc1","4cpu-i7",0.16,"stine",3,8.16
"pc1","4cpu-i7",0.16,"stine",2,8.27
"pc1","4cpu-i7",0.16,"stine",1,8.98
"pc1","4cpu-i7",0.16,"stine",3,7.93
"pc1","4cpu-i7",0.16,"stine",2,8.05
"pc1","4cpu-i7",0.16,"stine",4,8.03
"pc1","4cpu-i7",0.16,"stine",1,8.46
"pc1","4cpu-i7",0.16,"stine",3,8.77
"pc1","4cpu-i7",0.16,"stine",2,8.87
"pc1","4cpu-i7",0.16,"stine",4,8.98
"pc1","4cpu-i7",0.16,"stine",1,8.98
"pc1","4cpu-i7",0.16,"stine",2,8.75
"pc1","4cpu-i7",0.16,"stine",3,8.83
"pc1","4cpu-i7",0.16,"stine",1,8.84
"pc1","4cpu-i7",0.16,"stine",4,8.91
"pc1","4cpu-i7",0.16,"stine",3,8.47
"pc1","4cpu-i7",0.16,"stine",1,8.58
"pc1","4cpu-i7",0.16,"stine",2,8.69
"pc1","4cpu-i7",0.16,"stine",4,8.76
"pc1","4cpu-i7",0.16,"stine",2,8.38
"pc1","4cpu-i7",0.16,"stine",4,8.48
"pc1","4cpu-i7",0.16,"stine",3,8.48
"pc1","4cpu-i7",0.16,"stine",1,8.69
"pc1","4cpu-i7",0.16,"stine",3,8.57
"pc1","4cpu-i7",0.16,"stine",1,8.59
"pc1","4cpu-i7",0.16,"stine",4,9.15
"pc1","4cpu-i7",0.16,"stine",2,9.27
"pc1","4cpu-i7",0.16,"stine",4,8.05
"pc1","4cpu-i7",0.16,"stine",1,8.16
"pc1","4cpu-i7",0.16,"stine",3,8.46
"pc1","4cpu-i7",0.16,"stine",2,8.86
"pc1","4cpu-i7",0.16,"stine",2,8.97
"pc1","4cpu-i7",0.16,"stine",4,8.97
"pc1","4cpu-i7",0.16,"stine",3,8.97
"pc1","4cpu-i7",0.16,"stine",1,9.07
"pc1","4cpu-i7",0.16,"stine",2,8.98
"pc1","4cpu-i7",0.16,"stine",3,8.98
"pc1","4cpu-i7",0.16,"stine",4,8.98
"pc1","4cpu-i7",0.16,"stine",1,9.08
"pc1","4cpu-i7",0.16,"stine",4,7.98
"pc1","4cpu-i7",0.16,"stine",2,8.09
"pc1","4cpu-i7",0.16,"stine",3,8.28
"pc1","4cpu-i7",0.16,"stine",1,8.39
"pc1","4cpu-i7",0.16,"stine",2,8.28
"pc1","4cpu-i7",0.16,"stine",3,8.37
"pc1","4cpu-i7",0.16,"stine",4,8.68
"pc1","4cpu-i7",0.16,"stine",1,8.68
"pc1","4cpu-i7",0.16,"stine",2,8.27
"pc1","4cpu-i7",0.16,"stine",1,8.48
"pc1","4cpu-i7",0.16,"stine",3,8.46
"pc1","4cpu-i7",0.16,"stine",4,8.73
"pc1","4cpu-i7",0.16,"stine",3,8.86
"pc1","4cpu-i7",0.16,"stine",1,8.88
"pc1","4cpu-i7",0.16,"stine",2,8.88
"pc1","4cpu-i7",0.16,"stine",4,8.97
"pc1","4cpu-i7",0.16,"stine",2,8.48
"pc1","4cpu-i7",0.16,"stine",1,8.48
"pc1","4cpu-i7",0.16,"stine",3,8.76
"pc1","4cpu-i7",0.16,"stine",4,8.86
"pc1","4cpu-i7",0.16,"stine",2,8.78
"pc1","4cpu-i7",0.16,"stine",1,8.87
"pc1","4cpu-i7",0.16,"stine",3,8.87
"pc1","4cpu-i7",0.16,"stine",4,8.96
"pc1","4cpu-i7",0.16,"stine",2,8.37
"pc1","4cpu-i7",0.16,"stine",1,8.48
"pc1","4cpu-i7",0.16,"stine",3,8.45
"pc1","4cpu-i7",0.16,"stine",4,8.55
"pc1","4cpu-i7",0.16,"stine",2,8.58
"pc1","4cpu-i7",0.16,"stine",4,8.89
"pc1","4cpu-i7",0.16,"stine",1,8.89
"pc1","4cpu-i7",0.16,"stine",3,9.06
"pc1","4cpu-i7",0.16,"stine",1,8.26
"pc1","4cpu-i7",0.16,"stine",2,8.55
"pc1","4cpu-i7",0.16,"stine",3,8.72
"pc1","4cpu-i7",0.16,"stine",4,8.72
"pc1","4cpu-i7",0.16,"stine",1,8.37
"pc1","4cpu-i7",0.16,"stine",2,8.46
"pc1","4cpu-i7",0.16,"stine",3,8.55
"pc1","4cpu-i7",0.16,"stine",4,8.64
"pc1","4cpu-i7",0.16,"stine",1,8.48
"pc1","4cpu-i7",0.16,"stine",2,8.78
"pc1","4cpu-i7",0.16,"stine",3,8.78
"pc1","4cpu-i7",0.16,"stine",4,8.98
"pc1","4cpu-i7",0.16,"stine",1,8.26
"pc1","4cpu-i7",0.16,"stine",2,8.54
"pc1","4cpu-i7",0.16,"stine",3,8.63
"pc1","4cpu-i7",0.16,"stine",4,8.8
"pc1","4cpu-i7",0.16,"stine",1,8.55
"pc1","4cpu-i7",0.16,"stine",2,8.54
"pc1","4cpu-i7",0.16,"stine",3,8.54
"pc1","4cpu-i7",0.16,"stine",4,8.63
"pc1","4cpu-i7",0.16,"stine",2,8.28
"pc1","4cpu-i7",0.16,"stine",3,8.37
"pc1","4cpu-i7",0.16,"stine",4,8.45
"pc1","4cpu-i7",0.16,"stine",1,8.58
"pc1","4cpu-i7",0.16,"stine",3,7.99
"pc1","4cpu-i7",0.16,"stine",2,8.07
"pc1","4cpu-i7",0.16,"stine",4,8.06
"pc1","4cpu-i7",0.16,"stine",1,8.1
"pc1","4cpu-i7",0.16,"stine",3,7.97
"pc1","4cpu-i7",0.16,"stine",1,8.28
"pc1","4cpu-i7",0.16,"stine",2,8.47
"pc1","4cpu-i7",0.16,"stine",4,8.47
"pc1","4cpu-i7",0.16,"stine",2,7.95
"pc1","4cpu-i7",0.16,"stine",1,8.07
"pc1","4cpu-i7",0.16,"stine",3,8.13
"pc1","4cpu-i7",0.16,"stine",4,8.13
"pc1","4cpu-i7",0.16,"stine",1,8.77
"pc1","4cpu-i7",0.16,"stine",3,8.84
"pc1","4cpu-i7",0.16,"stine",2,8.85
"pc1","4cpu-i7",0.16,"stine",4,8.92
"pc1","4cpu-i7",0.17,"stine",2,8.71
"pc1","4cpu-i7",0.17,"stine",1,8.71
"pc1","4cpu-i7",0.17,"stine",3,8.71
"pc1","4cpu-i7",0.17,"stine",4,8.78
"pc1","4cpu-i7",0.17,"stine",4,8.87
"pc1","4cpu-i7",0.17,"stine",3,8.98
"pc1","4cpu-i7",0.17,"stine",2,9.07
"pc1","4cpu-i7",0.17,"stine",1,9.08
"pc1","4cpu-i7",0.17,"stine",3,7.78
"pc1","4cpu-i7",0.17,"stine",2,7.88
"pc1","4cpu-i7",0.17,"stine",4,7.87
"pc1","4cpu-i7",0.17,"stine",1,8.29
"pc1","4cpu-i7",0.17,"stine",4,7.97
"pc1","4cpu-i7",0.17,"stine",3,8.06
"pc1","4cpu-i7",0.17,"stine",2,8.08
"pc1","4cpu-i7",0.17,"stine",1,8.18
"pc1","4cpu-i7",0.17,"stine",3,7.54
"pc1","4cpu-i7",0.17,"stine",4,7.54
"pc1","4cpu-i7",0.17,"stine",2,7.66
"pc1","4cpu-i7",0.17,"stine",1,7.66
"pc1","4cpu-i7",0.17,"stine",3,7.84
"pc1","4cpu-i7",0.17,"stine",2,7.84
"pc1","4cpu-i7",0.17,"stine",4,7.83
"pc1","4cpu-i7",0.17,"stine",1,7.87
"pc1","4cpu-i7",0.17,"stine",3,7.57
"pc1","4cpu-i7",0.17,"stine",1,7.77
"pc1","4cpu-i7",0.17,"stine",4,7.84
"pc1","4cpu-i7",0.17,"stine",2,7.95
"pc1","4cpu-i7",0.17,"stine",4,8.07
"pc1","4cpu-i7",0.17,"stine",2,8.28
"pc1","4cpu-i7",0.17,"stine",3,8.28
"pc1","4cpu-i7",0.17,"stine",1,8.39
"pc1","4cpu-i7",0.17,"stine",4,8.66
"pc1","4cpu-i7",0.17,"stine",3,8.68
"pc1","4cpu-i7",0.17,"stine",2,8.68
"pc1","4cpu-i7",0.17,"stine",1,8.79
"pc1","4cpu-i7",0.17,"stine",2,8.02
"pc1","4cpu-i7",0.17,"stine",4,8.08
"pc1","4cpu-i7",0.17,"stine",1,8.14
"pc1","4cpu-i7",0.17,"stine",3,8.1
"pc1","4cpu-i7",0.17,"stine",2,7.96
"pc1","4cpu-i7",0.17,"stine",1,8.08
"pc1","4cpu-i7",0.17,"stine",4,8.13
"pc1","4cpu-i7",0.17,"stine",3,8.15
"pc1","4cpu-i7",0.17,"stine",1,8.08
"pc1","4cpu-i7",0.17,"stine",2,8.17
"pc1","4cpu-i7",0.17,"stine",3,8.17
"pc1","4cpu-i7",0.17,"stine",4,8.17
"pc1","4cpu-i7",0.17,"stine",1,7.97
"pc1","4cpu-i7",0.17,"stine",2,8.16
"pc1","4cpu-i7",0.17,"stine",3,8.26
"pc1","4cpu-i7",0.17,"stine",4,8.35
"pc1","4cpu-i7",0.17,"stine",3,8.29
"pc1","4cpu-i7",0.17,"stine",1,8.29
"pc1","4cpu-i7",0.17,"stine",2,8.29
"pc1","4cpu-i7",0.17,"stine",4,8.37
"pc1","4cpu-i7",0.17,"stine",3,8.08
"pc1","4cpu-i7",0.17,"stine",1,8.08
"pc1","4cpu-i7",0.17,"stine",2,8.08
"pc1","4cpu-i7",0.17,"stine",4,8.36
"pc1","4cpu-i7",0.17,"stine",1,7.68
"pc1","4cpu-i7",0.17,"stine",2,7.75
"pc1","4cpu-i7",0.17,"stine",3,7.74
"pc1","4cpu-i7",0.17,"stine",4,8.02
"pc1","4cpu-i7",0.17,"stine",2,7.63
"pc1","4cpu-i7",0.17,"stine",1,7.77
"pc1","4cpu-i7",0.17,"stine",3,7.94
"pc1","4cpu-i7",0.17,"stine",4,7.94
"pc1","4cpu-i7",0.17,"stine",2,8.04
"pc1","4cpu-i7",0.17,"stine",1,8.13
"pc1","4cpu-i7",0.17,"stine",3,8.13
"pc1","4cpu-i7",0.17,"stine",4,8.33
"pc1","4cpu-i7",0.17,"stine",2,7.74
"pc1","4cpu-i7",0.17,"stine",1,7.85
"pc1","4cpu-i7",0.17,"stine",3,8.02
"pc1","4cpu-i7",0.17,"stine",4,8.02
"pc1","4cpu-i7",0.17,"stine",3,7.85
"pc1","4cpu-i7",0.17,"stine",1,7.88
"pc1","4cpu-i7",0.17,"stine",2,8.07
"pc1","4cpu-i7",0.17,"stine",4,8.14
"pc1","4cpu-i7",0.17,"stine",4,8.25
"pc1","4cpu-i7",0.17,"stine",3,8.34
"pc1","4cpu-i7",0.17,"stine",2,8.35
"pc1","4cpu-i7",0.17,"stine",1,8.45
"pc1","4cpu-i7",0.17,"stine",1,8.28
"pc1","4cpu-i7",0.17,"stine",2,8.27
"pc1","4cpu-i7",0.17,"stine",3,8.36
"pc1","4cpu-i7",0.17,"stine",4,8.44
"pc1","4cpu-i7",0.17,"stine",1,8.2
"pc1","4cpu-i7",0.17,"stine",4,8.27
"pc1","4cpu-i7",0.17,"stine",2,8.38
"pc1","4cpu-i7",0.17,"stine",3,8.38
"pc1","4cpu-i7",0.17,"stine",3,7.56
"pc1","4cpu-i7",0.17,"stine",4,7.77
"pc1","4cpu-i7",0.17,"stine",1,7.77
"pc1","4cpu-i7",0.17,"stine",2,7.77
"pc1","4cpu-i7",0.17,"stine",3,8.48
"pc1","4cpu-i7",0.17,"stine",4,8.48
"pc1","4cpu-i7",0.17,"stine",1,8.58
"pc1","4cpu-i7",0.17,"stine",2,8.58
"pc1","4cpu-i7",0.17,"stine",3,7.86
"pc1","4cpu-i7",0.17,"stine",2,7.97
"pc1","4cpu-i7",0.17,"stine",4,8.05
"pc1","4cpu-i7",0.17,"stine",1,8.17
"pc1","4cpu-i7",0.17,"stine",4,8.17
"pc1","4cpu-i7",0.17,"stine",3,8.17
"pc1","4cpu-i7",0.17,"stine",2,8.28
"pc1","4cpu-i7",0.17,"stine",1,8.38
"pc1","4cpu-i7",0.17,"stine",2,7.94
"pc1","4cpu-i7",0.17,"stine",3,7.94
"pc1","4cpu-i7",0.17,"stine",4,7.94
"pc1","4cpu-i7",0.17,"stine",1,8.07
"pc1","4cpu-i7",0.17,"stine",4,7.87
"pc1","4cpu-i7",0.17,"stine",3,8.18
"pc1","4cpu-i7",0.17,"stine",1,8.19
"pc1","4cpu-i7",0.17,"stine",2,8.19
"pc1","4cpu-i7",0.17,"stine",3,7.66
"pc1","4cpu-i7",0.17,"stine",4,7.74
"pc1","4cpu-i7",0.17,"stine",1,7.96
"pc1","4cpu-i7",0.17,"stine",2,8.04
"pc1","4cpu-i7",0.18,"stine",4,8.34
"pc1","4cpu-i7",0.18,"stine",2,8.34
"pc1","4cpu-i7",0.18,"stine",3,8.52
"pc1","4cpu-i7",0.18,"stine",1,8.56
"pc1","4cpu-i7",0.18,"stine",3,8.21
"pc1","4cpu-i7",0.18,"stine",2,8.21
"pc1","4cpu-i7",0.18,"stine",4,8.45
"pc1","4cpu-i7",0.18,"stine",1,8.45
"pc1","4cpu-i7",0.18,"stine",2,7.15
"pc1","4cpu-i7",0.18,"stine",4,7.15
"pc1","4cpu-i7",0.18,"stine",3,7.15
"pc1","4cpu-i7",0.18,"stine",1,7.56
"pc1","4cpu-i7",0.18,"stine",4,7.03
"pc1","4cpu-i7",0.18,"stine",2,7.14
"pc1","4cpu-i7",0.18,"stine",1,7.14
"pc1","4cpu-i7",0.18,"stine",3,7.14
"pc1","4cpu-i7",0.18,"stine",4,7.35
"pc1","4cpu-i7",0.18,"stine",2,7.35
"pc1","4cpu-i7",0.18,"stine",1,7.45
"pc1","4cpu-i7",0.18,"stine",3,7.45
"pc1","4cpu-i7",0.18,"stine",4,7.46
"pc1","4cpu-i7",0.18,"stine",2,7.56
"pc1","4cpu-i7",0.18,"stine",1,7.58
"pc1","4cpu-i7",0.18,"stine",3,7.65
"pc1","4cpu-i7",0.18,"stine",3,7.69
"pc1","4cpu-i7",0.18,"stine",1,7.68
"pc1","4cpu-i7",0.18,"stine",4,7.68
"pc1","4cpu-i7",0.18,"stine",2,7.78
"pc1","4cpu-i7",0.18,"stine",4,7.57
"pc1","4cpu-i7",0.18,"stine",3,7.58
"pc1","4cpu-i7",0.18,"stine",2,7.59
"pc1","4cpu-i7",0.18,"stine",1,7.59
"pc1","4cpu-i7",0.18,"stine",4,7.26
"pc1","4cpu-i7",0.18,"stine",2,7.48
"pc1","4cpu-i7",0.18,"stine",1,7.48
"pc1","4cpu-i7",0.18,"stine",3,7.55
"pc1","4cpu-i7",0.18,"stine",4,7.79
"pc1","4cpu-i7",0.18,"stine",2,7.79
"pc1","4cpu-i7",0.18,"stine",1,7.98
"pc1","4cpu-i7",0.18,"stine",3,7.98
"pc1","4cpu-i7",0.18,"stine",4,7.56
"pc1","4cpu-i7",0.18,"stine",2,7.77
"pc1","4cpu-i7",0.18,"stine",1,7.78
"pc1","4cpu-i7",0.18,"stine",3,7.85
"pc1","4cpu-i7",0.18,"stine",2,7.46
"pc1","4cpu-i7",0.18,"stine",4,7.54
"pc1","4cpu-i7",0.18,"stine",3,7.56
"pc1","4cpu-i7",0.18,"stine",1,7.58
"pc1","4cpu-i7",0.18,"stine",4,7.46
"pc1","4cpu-i7",0.18,"stine",2,7.57
"pc1","4cpu-i7",0.18,"stine",3,7.66
"pc1","4cpu-i7",0.18,"stine",1,7.68
"pc1","4cpu-i7",0.18,"stine",2,7.49
"pc1","4cpu-i7",0.18,"stine",4,7.49
"pc1","4cpu-i7",0.18,"stine",1,7.59
"pc1","4cpu-i7",0.18,"stine",3,7.58
"pc1","4cpu-i7",0.18,"stine",2,7.95
"pc1","4cpu-i7",0.18,"stine",3,7.96
"pc1","4cpu-i7",0.18,"stine",1,8.08
"pc1","4cpu-i7",0.18,"stine",4,8.06
"pc1","4cpu-i7",0.18,"stine",2,7.87
"pc1","4cpu-i7",0.18,"stine",3,7.87
"pc1","4cpu-i7",0.18,"stine",1,7.96
"pc1","4cpu-i7",0.18,"stine",4,7.95
"pc1","4cpu-i7",0.18,"stine",2,7.49
"pc1","4cpu-i7",0.18,"stine",3,7.67
"pc1","4cpu-i7",0.18,"stine",1,7.78
"pc1","4cpu-i7",0.18,"stine",4,7.85
"pc1","4cpu-i7",0.18,"stine",2,8.17
"pc1","4cpu-i7",0.18,"stine",1,8.18
"pc1","4cpu-i7",0.18,"stine",4,8.17
"pc1","4cpu-i7",0.18,"stine",3,8.28
"pc1","4cpu-i7",0.18,"stine",2,7.56
"pc1","4cpu-i7",0.18,"stine",4,7.64
"pc1","4cpu-i7",0.18,"stine",1,7.68
"pc1","4cpu-i7",0.18,"stine",3,7.76
"pc1","4cpu-i7",0.18,"stine",2,7.66
"pc1","4cpu-i7",0.18,"stine",1,7.66
"pc1","4cpu-i7",0.18,"stine",3,7.73
"pc1","4cpu-i7",0.18,"stine",4,7.73
"pc1","4cpu-i7",0.18,"stine",3,7.77
"pc1","4cpu-i7",0.18,"stine",1,7.77
"pc1","4cpu-i7",0.18,"stine",2,7.77
"pc1","4cpu-i7",0.18,"stine",4,7.85
"pc1","4cpu-i7",0.18,"stine",2,7.88
"pc1","4cpu-i7",0.18,"stine",1,7.97
"pc1","4cpu-i7",0.18,"stine",3,7.97
"pc1","4cpu-i7",0.18,"stine",4,8.25
"pc1","4cpu-i7",0.18,"stine",2,7.68
"pc1","4cpu-i7",0.18,"stine",4,7.65
"pc1","4cpu-i7",0.18,"stine",1,7.76
"pc1","4cpu-i7",0.18,"stine",3,7.76
"pc1","4cpu-i7",0.18,"stine",4,7.63
"pc1","4cpu-i7",0.18,"stine",3,7.75
"pc1","4cpu-i7",0.18,"stine",1,7.95
"pc1","4cpu-i7",0.18,"stine",2,7.95
"pc1","4cpu-i7",0.18,"stine",3,7.46
"pc1","4cpu-i7",0.18,"stine",4,7.67
"pc1","4cpu-i7",0.18,"stine",2,7.77
"pc1","4cpu-i7",0.18,"stine",1,7.78
"pc1","4cpu-i7",0.18,"stine",4,7.55
"pc1","4cpu-i7",0.18,"stine",2,7.67
"pc1","4cpu-i7",0.18,"stine",3,7.67
"pc1","4cpu-i7",0.18,"stine",1,7.78
"pc1","4cpu-i7",0.18,"stine",4,7.55
"pc1","4cpu-i7",0.18,"stine",2,7.67
"pc1","4cpu-i7",0.18,"stine",3,7.67
"pc1","4cpu-i7",0.18,"stine",1,7.79
"pc1","4cpu-i7",0.18,"stine",4,7.87
"pc1","4cpu-i7",0.18,"stine",3,7.96
"pc1","4cpu-i7",0.18,"stine",2,7.97
"pc1","4cpu-i7",0.18,"stine",1,7.99
"pc1","4cpu-i7",0.18,"stine",4,7.65
"pc1","4cpu-i7",0.18,"stine",3,7.76
"pc1","4cpu-i7",0.18,"stine",2,7.77
"pc1","4cpu-i7",0.18,"stine",1,7.87
"pc1","4cpu-i7",0.18,"stine",4,7.49
"pc1","4cpu-i7",0.18,"stine",3,7.49
"pc1","4cpu-i7",0.18,"stine",1,7.6
"pc1","4cpu-i7",0.18,"stine",2,7.68
"pc1","4cpu-i7",0.19,"stine",3,7.26
"pc1","4cpu-i7",0.19,"stine",4,7.26
"pc1","4cpu-i7",0.19,"stine",2,7.59
"pc1","4cpu-i7",0.19,"stine",1,7.63
"pc1","4cpu-i7",0.19,"stine",4,7.44
"pc1","4cpu-i7",0.19,"stine",1,7.64
"pc1","4cpu-i7",0.19,"stine",3,7.64
"pc1","4cpu-i7",0.19,"stine",2,7.67
"pc1","4cpu-i7",0.19,"stine",4,6.62
"pc1","4cpu-i7",0.19,"stine",1,6.66
"pc1","4cpu-i7",0.19,"stine",3,6.73
"pc1","4cpu-i7",0.19,"stine",2,6.75
"pc1","4cpu-i7",0.19,"stine",4,6.66
"pc1","4cpu-i7",0.19,"stine",1,6.88
"pc1","4cpu-i7",0.19,"stine",3,6.87
"pc1","4cpu-i7",0.19,"stine",2,6.97
"pc1","4cpu-i7",0.19,"stine",3,6.79
"pc1","4cpu-i7",0.19,"stine",1,6.79
"pc1","4cpu-i7",0.19,"stine",4,6.85
"pc1","4cpu-i7",0.19,"stine",2,6.98
"pc1","4cpu-i7",0.19,"stine",4,7.04
"pc1","4cpu-i7",0.19,"stine",1,7.15
"pc1","4cpu-i7",0.19,"stine",2,7.14
"pc1","4cpu-i7",0.19,"stine",3,7.14
"pc1","4cpu-i7",0.19,"stine",4,6.75
"pc1","4cpu-i7",0.19,"stine",2,6.87
"pc1","4cpu-i7",0.19,"stine",1,6.88
"pc1","4cpu-i7",0.19,"stine",3,6.95
"pc1","4cpu-i7",0.19,"stine",4,6.66
"pc1","4cpu-i7",0.19,"stine",3,6.76
"pc1","4cpu-i7",0.19,"stine",2,6.76
"pc1","4cpu-i7",0.19,"stine",1,6.87
"pc1","4cpu-i7",0.19,"stine",2,6.7
"pc1","4cpu-i7",0.19,"stine",4,6.76
"pc1","4cpu-i7",0.19,"stine",3,6.78
"pc1","4cpu-i7",0.19,"stine",1,6.89
"pc1","4cpu-i7",0.19,"stine",4,6.55
"pc1","4cpu-i7",0.19,"stine",3,6.57
"pc1","4cpu-i7",0.19,"stine",2,6.87
"pc1","4cpu-i7",0.19,"stine",1,6.98
"pc1","4cpu-i7",0.19,"stine",4,7.06
"pc1","4cpu-i7",0.19,"stine",3,7.16
"pc1","4cpu-i7",0.19,"stine",2,7.18
"pc1","4cpu-i7",0.19,"stine",1,7.19
"pc1","4cpu-i7",0.19,"stine",4,6.65
"pc1","4cpu-i7",0.19,"stine",2,6.96
"pc1","4cpu-i7",0.19,"stine",3,7.06
"pc1","4cpu-i7",0.19,"stine",1,7.17
"pc1","4cpu-i7",0.19,"stine",4,6.67
"pc1","4cpu-i7",0.19,"stine",2,6.77
"pc1","4cpu-i7",0.19,"stine",3,6.78
"pc1","4cpu-i7",0.19,"stine",1,6.9
"pc1","4cpu-i7",0.19,"stine",3,6.63
"pc1","4cpu-i7",0.19,"stine",2,6.67
"pc1","4cpu-i7",0.19,"stine",4,6.77
"pc1","4cpu-i7",0.19,"stine",1,6.77
"pc1","4cpu-i7",0.19,"stine",3,6.67
"pc1","4cpu-i7",0.19,"stine",2,6.77
"pc1","4cpu-i7",0.19,"stine",1,6.78
"pc1","4cpu-i7",0.19,"stine",4,6.85
"pc1","4cpu-i7",0.19,"stine",3,6.45
"pc1","4cpu-i7",0.19,"stine",1,6.68
"pc1","4cpu-i7",0.19,"stine",2,6.74
"pc1","4cpu-i7",0.19,"stine",4,6.83
"pc1","4cpu-i7",0.19,"stine",2,6.77
"pc1","4cpu-i7",0.19,"stine",1,6.97
"pc1","4cpu-i7",0.19,"stine",3,6.96
"pc1","4cpu-i7",0.19,"stine",4,7.05
"pc1","4cpu-i7",0.19,"stine",2,6.89
"pc1","4cpu-i7",0.19,"stine",4,6.99
"pc1","4cpu-i7",0.19,"stine",1,6.99
"pc1","4cpu-i7",0.19,"stine",3,7.07
"pc1","4cpu-i7",0.19,"stine",2,6.78
"pc1","4cpu-i7",0.19,"stine",1,6.9
"pc1","4cpu-i7",0.19,"stine",4,7.08
"pc1","4cpu-i7",0.19,"stine",3,7.18
"pc1","4cpu-i7",0.19,"stine",1,7.09
"pc1","4cpu-i7",0.19,"stine",4,7.17
"pc1","4cpu-i7",0.19,"stine",3,7.17
"pc1","4cpu-i7",0.19,"stine",2,7.27
"pc1","4cpu-i7",0.19,"stine",3,7.39
"pc1","4cpu-i7",0.19,"stine",1,7.38
"pc1","4cpu-i7",0.19,"stine",4,7.38
"pc1","4cpu-i7",0.19,"stine",2,7.48
"pc1","4cpu-i7",0.19,"stine",1,6.89
"pc1","4cpu-i7",0.19,"stine",4,6.96
"pc1","4cpu-i7",0.19,"stine",3,7.17
"pc1","4cpu-i7",0.19,"stine",2,7.17
"pc1","4cpu-i7",0.19,"stine",2,6.95
"pc1","4cpu-i7",0.19,"stine",1,6.96
"pc1","4cpu-i7",0.19,"stine",4,6.96
"pc1","4cpu-i7",0.19,"stine",3,7.04
"pc1","4cpu-i7",0.19,"stine",4,6.77
"pc1","4cpu-i7",0.19,"stine",3,6.77
"pc1","4cpu-i7",0.19,"stine",2,6.87
"pc1","4cpu-i7",0.19,"stine",1,6.88
"pc1","4cpu-i7",0.19,"stine",3,6.87
"pc1","4cpu-i7",0.19,"stine",4,6.95
"pc1","4cpu-i7",0.19,"stine",1,7.07
"pc1","4cpu-i7",0.19,"stine",2,7.07
"pc1","4cpu-i7",0.19,"stine",3,6.66
"pc1","4cpu-i7",0.19,"stine",4,6.75
"pc1","4cpu-i7",0.19,"stine",2,6.96
"pc1","4cpu-i7",0.19,"stine",1,6.97
"pc1","4cpu-i7",0.19,"stine",3,6.87
"pc1","4cpu-i7",0.19,"stine",4,6.87
"pc1","4cpu-i7",0.19,"stine",2,7.18
"pc1","4cpu-i7",0.19,"stine",1,7.28
"pc1","4cpu-i7",0.19,"stine",2,6.96
"pc1","4cpu-i7",0.19,"stine",4,6.96
"pc1","4cpu-i7",0.19,"stine",1,7.08
"pc1","4cpu-i7",0.19,"stine",3,7.08
"pc1","4cpu-i7",0.19,"stine",3,7.06
"pc1","4cpu-i7",0.19,"stine",4,7.06
"pc1","4cpu-i7",0.19,"stine",2,7.18
"pc1","4cpu-i7",0.19,"stine",1,7.19
"pc1","4cpu-i7",0.19,"stine",4,6.96
"pc1","4cpu-i7",0.19,"stine",3,6.96
"pc1","4cpu-i7",0.19,"stine",2,7.09
"pc1","4cpu-i7",0.19,"stine",1,7.18
"pc1","4cpu-i7",0.06,"locf",3,37.36
"pc1","4cpu-i7",0.06,"locf",4,37.56
"pc1","4cpu-i7",0.06,"locf",1,38.07
"pc1","4cpu-i7",0.06,"locf",2,38.27
"pc1","4cpu-i7",0.06,"locf",4,36.13
"pc1","4cpu-i7",0.06,"locf",3,36.93
"pc1","4cpu-i7",0.06,"locf",1,37.06
"pc1","4cpu-i7",0.06,"locf",2,37.15
"pc1","4cpu-i7",0.06,"locf",2,34.37
"pc1","4cpu-i7",0.06,"locf",1,34.48
"pc1","4cpu-i7",0.06,"locf",3,34.67
"pc1","4cpu-i7",0.06,"locf",4,34.85
"pc1","4cpu-i7",0.06,"locf",3,33.53
"pc1","4cpu-i7",0.06,"locf",4,33.62
"pc1","4cpu-i7",0.06,"locf",1,34.16
"pc1","4cpu-i7",0.06,"locf",2,34.24
"pc1","4cpu-i7",0.06,"locf",1,33.87
"pc1","4cpu-i7",0.06,"locf",3,34.04
"pc1","4cpu-i7",0.06,"locf",2,34.35
"pc1","4cpu-i7",0.06,"locf",4,34.53
"pc1","4cpu-i7",0.06,"locf",2,31.57
"pc1","4cpu-i7",0.06,"locf",1,32.87
"pc1","4cpu-i7",0.06,"locf",4,32.95
"pc1","4cpu-i7",0.06,"locf",3,33.66
"pc1","4cpu-i7",0.06,"locf",1,34.86
"pc1","4cpu-i7",0.06,"locf",2,34.95
"pc1","4cpu-i7",0.06,"locf",4,35.14
"pc1","4cpu-i7",0.06,"locf",3,35.95
"pc1","4cpu-i7",0.06,"locf",1,35.06
"pc1","4cpu-i7",0.06,"locf",4,35.28
"pc1","4cpu-i7",0.06,"locf",2,35.53
"pc1","4cpu-i7",0.06,"locf",3,36.01
"pc1","4cpu-i7",0.06,"locf",1,34.17
"pc1","4cpu-i7",0.06,"locf",4,34.94
"pc1","4cpu-i7",0.06,"locf",2,35.06
"pc1","4cpu-i7",0.06,"locf",3,35.65
"pc1","4cpu-i7",0.06,"locf",1,35.18
"pc1","4cpu-i7",0.06,"locf",4,35.72
"pc1","4cpu-i7",0.06,"locf",3,36.46
"pc1","4cpu-i7",0.06,"locf",2,36.46
"pc1","4cpu-i7",0.06,"locf",2,33.94
"pc1","4cpu-i7",0.06,"locf",4,34.93
"pc1","4cpu-i7",0.06,"locf",3,35.13
"pc1","4cpu-i7",0.06,"locf",1,35.45
"pc1","4cpu-i7",0.06,"locf",1,37.19
"pc1","4cpu-i7",0.06,"locf",4,37.25
"pc1","4cpu-i7",0.06,"locf",2,37.77
"pc1","4cpu-i7",0.06,"locf",3,37.86
"pc1","4cpu-i7",0.06,"locf",4,33.66
"pc1","4cpu-i7",0.06,"locf",2,33.66
"pc1","4cpu-i7",0.06,"locf",3,33.87
"pc1","4cpu-i7",0.06,"locf",1,34.28
"pc1","4cpu-i7",0.06,"locf",4,33.81
"pc1","4cpu-i7",0.06,"locf",1,34.44
"pc1","4cpu-i7",0.06,"locf",2,34.44
"pc1","4cpu-i7",0.06,"locf",3,34.52
"pc1","4cpu-i7",0.06,"locf",4,32.54
"pc1","4cpu-i7",0.06,"locf",2,33.38
"pc1","4cpu-i7",0.06,"locf",3,33.45
"pc1","4cpu-i7",0.06,"locf",1,33.68
"pc1","4cpu-i7",0.06,"locf",1,31.78
"pc1","4cpu-i7",0.06,"locf",4,31.96
"pc1","4cpu-i7",0.06,"locf",3,32.47
"pc1","4cpu-i7",0.06,"locf",2,32.98
"pc1","4cpu-i7",0.06,"locf",1,32.58
"pc1","4cpu-i7",0.06,"locf",3,32.86
"pc1","4cpu-i7",0.06,"locf",4,33.05
"pc1","4cpu-i7",0.06,"locf",2,33.16
"pc1","4cpu-i7",0.06,"locf",4,35.56
"pc1","4cpu-i7",0.06,"locf",3,36.17
"pc1","4cpu-i7",0.06,"locf",1,36.17
"pc1","4cpu-i7",0.06,"locf",2,36.28
"pc1","4cpu-i7",0.06,"locf",4,34.33
"pc1","4cpu-i7",0.06,"locf",2,34.56
"pc1","4cpu-i7",0.06,"locf",3,34.74
"pc1","4cpu-i7",0.06,"locf",1,34.89
"pc1","4cpu-i7",0.06,"locf",2,32.21
"pc1","4cpu-i7",0.06,"locf",4,32.49
"pc1","4cpu-i7",0.06,"locf",3,32.7
"pc1","4cpu-i7",0.06,"locf",1,33.15
"pc1","4cpu-i7",0.06,"locf",4,34.85
"pc1","4cpu-i7",0.06,"locf",3,35.56
"pc1","4cpu-i7",0.06,"locf",1,35.69
"pc1","4cpu-i7",0.06,"locf",2,35.69
"pc1","4cpu-i7",0.06,"locf",3,34.85
"pc1","4cpu-i7",0.06,"locf",2,35.06
"pc1","4cpu-i7",0.06,"locf",1,35.04
"pc1","4cpu-i7",0.06,"locf",4,35.32
"pc1","4cpu-i7",0.06,"locf",2,33.17
"pc1","4cpu-i7",0.06,"locf",4,33.15
"pc1","4cpu-i7",0.06,"locf",1,33.48
"pc1","4cpu-i7",0.06,"locf",3,33.76
"pc1","4cpu-i7",0.06,"locf",4,33.96
"pc1","4cpu-i7",0.06,"locf",2,34.48
"pc1","4cpu-i7",0.06,"locf",3,35.07
"pc1","4cpu-i7",0.06,"locf",1,35.18
"pc1","4cpu-i7",0.06,"locf",4,33.64
"pc1","4cpu-i7",0.06,"locf",1,33.78
"pc1","4cpu-i7",0.06,"locf",3,34.36
"pc1","4cpu-i7",0.06,"locf",2,34.46
"pc1","4cpu-i7",0.06,"locf",4,33.93
"pc1","4cpu-i7",0.06,"locf",3,34.25
"pc1","4cpu-i7",0.06,"locf",1,34.39
"pc1","4cpu-i7",0.06,"locf",2,34.57
"pc1","4cpu-i7",0.06,"locf",4,33.55
"pc1","4cpu-i7",0.06,"locf",2,33.77
"pc1","4cpu-i7",0.06,"locf",1,33.97
"pc1","4cpu-i7",0.06,"locf",3,34.15
"pc1","4cpu-i7",0.06,"locf",3,33.34
"pc1","4cpu-i7",0.06,"locf",4,33.34
"pc1","4cpu-i7",0.06,"locf",1,33.86
"pc1","4cpu-i7",0.06,"locf",2,33.86
"pc1","4cpu-i7",0.06,"locf",1,33.96
"pc1","4cpu-i7",0.06,"locf",2,34.13
"pc1","4cpu-i7",0.06,"locf",4,34.13
"pc1","4cpu-i7",0.06,"locf",3,34.34
"pc1","4cpu-i7",0.06,"locf",2,34.84
"pc1","4cpu-i7",0.06,"locf",4,34.84
"pc1","4cpu-i7",0.06,"locf",1,34.96
"pc1","4cpu-i7",0.06,"locf",3,34.94
"pc1","4cpu-i7",0.07,"locf",3,26.06
"pc1","4cpu-i7",0.07,"locf",4,26.36
"pc1","4cpu-i7",0.07,"locf",1,27.59
"pc1","4cpu-i7",0.07,"locf",2,28.18
"pc1","4cpu-i7",0.07,"locf",4,27.24
"pc1","4cpu-i7",0.07,"locf",2,27.86
"pc1","4cpu-i7",0.07,"locf",3,28.35
"pc1","4cpu-i7",0.07,"locf",1,29.28
"pc1","4cpu-i7",0.07,"locf",2,24.28
"pc1","4cpu-i7",0.07,"locf",3,24.66
"pc1","4cpu-i7",0.07,"locf",1,24.98
"pc1","4cpu-i7",0.07,"locf",4,25.15
"pc1","4cpu-i7",0.07,"locf",1,25.77
"pc1","4cpu-i7",0.07,"locf",2,25.76
"pc1","4cpu-i7",0.07,"locf",3,25.95
"pc1","4cpu-i7",0.07,"locf",4,26.33
"pc1","4cpu-i7",0.07,"locf",4,25.05
"pc1","4cpu-i7",0.07,"locf",2,25.47
"pc1","4cpu-i7",0.07,"locf",1,25.99
"pc1","4cpu-i7",0.07,"locf",3,26.44
"pc1","4cpu-i7",0.07,"locf",1,25.78
"pc1","4cpu-i7",0.07,"locf",4,26.03
"pc1","4cpu-i7",0.07,"locf",2,26.15
"pc1","4cpu-i7",0.07,"locf",3,26.15
"pc1","4cpu-i7",0.07,"locf",2,24.97
"pc1","4cpu-i7",0.07,"locf",4,25.02
"pc1","4cpu-i7",0.07,"locf",1,25.48
"pc1","4cpu-i7",0.07,"locf",3,25.83
"pc1","4cpu-i7",0.07,"locf",2,25.07
"pc1","4cpu-i7",0.07,"locf",4,25.1
"pc1","4cpu-i7",0.07,"locf",3,25.27
"pc1","4cpu-i7",0.07,"locf",1,25.38
"pc1","4cpu-i7",0.07,"locf",4,24.63
"pc1","4cpu-i7",0.07,"locf",1,25.38
"pc1","4cpu-i7",0.07,"locf",2,25.76
"pc1","4cpu-i7",0.07,"locf",3,25.76
"pc1","4cpu-i7",0.07,"locf",2,25.18
"pc1","4cpu-i7",0.07,"locf",4,25.28
"pc1","4cpu-i7",0.07,"locf",1,25.28
"pc1","4cpu-i7",0.07,"locf",3,25.36
"pc1","4cpu-i7",0.07,"locf",3,25.13
"pc1","4cpu-i7",0.07,"locf",1,25.38
"pc1","4cpu-i7",0.07,"locf",4,25.53
"pc1","4cpu-i7",0.07,"locf",2,25.66
"pc1","4cpu-i7",0.07,"locf",3,24.14
"pc1","4cpu-i7",0.07,"locf",1,24.97
"pc1","4cpu-i7",0.07,"locf",4,24.97
"pc1","4cpu-i7",0.07,"locf",2,24.97
"pc1","4cpu-i7",0.07,"locf",1,25.88
"pc1","4cpu-i7",0.07,"locf",2,26.07
"pc1","4cpu-i7",0.07,"locf",3,26.46
"pc1","4cpu-i7",0.07,"locf",4,26.76
"pc1","4cpu-i7",0.07,"locf",3,25.44
"pc1","4cpu-i7",0.07,"locf",1,25.65
"pc1","4cpu-i7",0.07,"locf",2,25.65
"pc1","4cpu-i7",0.07,"locf",4,26.03
"pc1","4cpu-i7",0.07,"locf",2,24.05
"pc1","4cpu-i7",0.07,"locf",1,24.57
"pc1","4cpu-i7",0.07,"locf",3,25.04
"pc1","4cpu-i7",0.07,"locf",4,25.33
"pc1","4cpu-i7",0.07,"locf",1,24.95
"pc1","4cpu-i7",0.07,"locf",2,24.95
"pc1","4cpu-i7",0.07,"locf",3,25.24
"pc1","4cpu-i7",0.07,"locf",4,25.64
"pc1","4cpu-i7",0.07,"locf",1,26.26
"pc1","4cpu-i7",0.07,"locf",4,26.74
"pc1","4cpu-i7",0.07,"locf",3,26.74
"pc1","4cpu-i7",0.07,"locf",2,26.85
"pc1","4cpu-i7",0.07,"locf",4,24.07
"pc1","4cpu-i7",0.07,"locf",2,24.68
"pc1","4cpu-i7",0.07,"locf",1,24.99
"pc1","4cpu-i7",0.07,"locf",3,25.37
"pc1","4cpu-i7",0.07,"locf",2,25.05
"pc1","4cpu-i7",0.07,"locf",1,25.46
"pc1","4cpu-i7",0.07,"locf",3,25.94
"pc1","4cpu-i7",0.07,"locf",4,26.03
"pc1","4cpu-i7",0.07,"locf",4,25.47
"pc1","4cpu-i7",0.07,"locf",1,25.59
"pc1","4cpu-i7",0.07,"locf",2,25.98
"pc1","4cpu-i7",0.07,"locf",3,26.07
"pc1","4cpu-i7",0.07,"locf",1,26.58
"pc1","4cpu-i7",0.07,"locf",4,27.07
"pc1","4cpu-i7",0.07,"locf",3,27.27
"pc1","4cpu-i7",0.07,"locf",2,27.58
"pc1","4cpu-i7",0.07,"locf",2,24.75
"pc1","4cpu-i7",0.07,"locf",1,24.83
"pc1","4cpu-i7",0.07,"locf",4,24.83
"pc1","4cpu-i7",0.07,"locf",3,26.44
"pc1","4cpu-i7",0.07,"locf",1,23.56
"pc1","4cpu-i7",0.07,"locf",4,23.64
"pc1","4cpu-i7",0.07,"locf",3,23.74
"pc1","4cpu-i7",0.07,"locf",2,24.15
"pc1","4cpu-i7",0.07,"locf",3,24.71
"pc1","4cpu-i7",0.07,"locf",4,24.99
"pc1","4cpu-i7",0.07,"locf",1,24.99
"pc1","4cpu-i7",0.07,"locf",2,25.64
"pc1","4cpu-i7",0.07,"locf",3,22.44
"pc1","4cpu-i7",0.07,"locf",2,23.44
"pc1","4cpu-i7",0.07,"locf",4,23.44
"pc1","4cpu-i7",0.07,"locf",1,23.87
"pc1","4cpu-i7",0.07,"locf",4,24.14
"pc1","4cpu-i7",0.07,"locf",3,24.66
"pc1","4cpu-i7",0.07,"locf",2,24.87
"pc1","4cpu-i7",0.07,"locf",1,24.87
"pc1","4cpu-i7",0.07,"locf",4,24.93
"pc1","4cpu-i7",0.07,"locf",2,26.05
"pc1","4cpu-i7",0.07,"locf",3,26.14
"pc1","4cpu-i7",0.07,"locf",1,26.16
"pc1","4cpu-i7",0.07,"locf",3,24.84
"pc1","4cpu-i7",0.07,"locf",1,25.97
"pc1","4cpu-i7",0.07,"locf",2,25.95
"pc1","4cpu-i7",0.07,"locf",4,26.21
"pc1","4cpu-i7",0.07,"locf",3,24.55
"pc1","4cpu-i7",0.07,"locf",1,24.67
"pc1","4cpu-i7",0.07,"locf",2,24.66
"pc1","4cpu-i7",0.07,"locf",4,24.85
"pc1","4cpu-i7",0.07,"locf",3,24.64
"pc1","4cpu-i7",0.07,"locf",4,24.92
"pc1","4cpu-i7",0.07,"locf",2,25.04
"pc1","4cpu-i7",0.07,"locf",1,25.37
"pc1","4cpu-i7",0.08,"locf",1,21.41
"pc1","4cpu-i7",0.08,"locf",3,21.42
"pc1","4cpu-i7",0.08,"locf",4,21.41
"pc1","4cpu-i7",0.08,"locf",2,21.51
"pc1","4cpu-i7",0.08,"locf",1,22.76
"pc1","4cpu-i7",0.08,"locf",3,22.76
"pc1","4cpu-i7",0.08,"locf",2,23.06
"pc1","4cpu-i7",0.08,"locf",4,23.06
"pc1","4cpu-i7",0.08,"locf",1,20.46
"pc1","4cpu-i7",0.08,"locf",3,20.75
"pc1","4cpu-i7",0.08,"locf",4,20.93
"pc1","4cpu-i7",0.08,"locf",2,21.25
"pc1","4cpu-i7",0.08,"locf",1,20.28
"pc1","4cpu-i7",0.08,"locf",3,20.35
"pc1","4cpu-i7",0.08,"locf",4,21.15
"pc1","4cpu-i7",0.08,"locf",2,21.57
"pc1","4cpu-i7",0.08,"locf",2,18.95
"pc1","4cpu-i7",0.08,"locf",1,19.36
"pc1","4cpu-i7",0.08,"locf",4,19.95
"pc1","4cpu-i7",0.08,"locf",3,19.95
"pc1","4cpu-i7",0.08,"locf",1,19.66
"pc1","4cpu-i7",0.08,"locf",2,19.75
"pc1","4cpu-i7",0.08,"locf",4,19.84
"pc1","4cpu-i7",0.08,"locf",3,20.54
"pc1","4cpu-i7",0.08,"locf",4,20.83
"pc1","4cpu-i7",0.08,"locf",1,21.17
"pc1","4cpu-i7",0.08,"locf",3,21.34
"pc1","4cpu-i7",0.08,"locf",2,21.46
"pc1","4cpu-i7",0.08,"locf",1,21.47
"pc1","4cpu-i7",0.08,"locf",4,21.47
"pc1","4cpu-i7",0.08,"locf",3,21.87
"pc1","4cpu-i7",0.08,"locf",2,22.18
"pc1","4cpu-i7",0.08,"locf",3,21.5
"pc1","4cpu-i7",0.08,"locf",4,21.69
"pc1","4cpu-i7",0.08,"locf",1,22.34
"pc1","4cpu-i7",0.08,"locf",2,22.41
"pc1","4cpu-i7",0.08,"locf",3,20.77
"pc1","4cpu-i7",0.08,"locf",1,21.09
"pc1","4cpu-i7",0.08,"locf",4,21.46
"pc1","4cpu-i7",0.08,"locf",2,21.48
"pc1","4cpu-i7",0.08,"locf",3,20.67
"pc1","4cpu-i7",0.08,"locf",4,20.98
"pc1","4cpu-i7",0.08,"locf",2,20.98
"pc1","4cpu-i7",0.08,"locf",1,21.18
"pc1","4cpu-i7",0.08,"locf",4,20.84
"pc1","4cpu-i7",0.08,"locf",1,21.07
"pc1","4cpu-i7",0.08,"locf",3,21.75
"pc1","4cpu-i7",0.08,"locf",2,21.75
"pc1","4cpu-i7",0.08,"locf",2,19.35
"pc1","4cpu-i7",0.08,"locf",1,20.66
"pc1","4cpu-i7",0.08,"locf",4,20.73
"pc1","4cpu-i7",0.08,"locf",3,21.25
"pc1","4cpu-i7",0.08,"locf",2,20.24
"pc1","4cpu-i7",0.08,"locf",4,20.33
"pc1","4cpu-i7",0.08,"locf",3,20.74
"pc1","4cpu-i7",0.08,"locf",1,20.96
"pc1","4cpu-i7",0.08,"locf",2,19.74
"pc1","4cpu-i7",0.08,"locf",1,20.36
"pc1","4cpu-i7",0.08,"locf",3,20.54
"pc1","4cpu-i7",0.08,"locf",4,20.62
"pc1","4cpu-i7",0.08,"locf",2,21.38
"pc1","4cpu-i7",0.08,"locf",1,21.59
"pc1","4cpu-i7",0.08,"locf",3,21.78
"pc1","4cpu-i7",0.08,"locf",4,21.78
"pc1","4cpu-i7",0.08,"locf",2,20.15
"pc1","4cpu-i7",0.08,"locf",3,20.44
"pc1","4cpu-i7",0.08,"locf",4,20.44
"pc1","4cpu-i7",0.08,"locf",1,20.66
"pc1","4cpu-i7",0.08,"locf",3,22.44
"pc1","4cpu-i7",0.08,"locf",1,22.46
"pc1","4cpu-i7",0.08,"locf",2,22.86
"pc1","4cpu-i7",0.08,"locf",4,22.86
"pc1","4cpu-i7",0.08,"locf",2,20.34
"pc1","4cpu-i7",0.08,"locf",4,20.38
"pc1","4cpu-i7",0.08,"locf",1,20.96
"pc1","4cpu-i7",0.08,"locf",3,21
"pc1","4cpu-i7",0.08,"locf",1,21.88
"pc1","4cpu-i7",0.08,"locf",3,22.18
"pc1","4cpu-i7",0.08,"locf",2,22.78
"pc1","4cpu-i7",0.08,"locf",4,23.07
"pc1","4cpu-i7",0.08,"locf",1,21.95
"pc1","4cpu-i7",0.08,"locf",2,21.95
"pc1","4cpu-i7",0.08,"locf",3,22.94
"pc1","4cpu-i7",0.08,"locf",4,23.03
"pc1","4cpu-i7",0.08,"locf",3,21.08
"pc1","4cpu-i7",0.08,"locf",1,21.39
"pc1","4cpu-i7",0.08,"locf",2,21.59
"pc1","4cpu-i7",0.08,"locf",4,21.67
"pc1","4cpu-i7",0.08,"locf",3,21.17
"pc1","4cpu-i7",0.08,"locf",4,21.26
"pc1","4cpu-i7",0.08,"locf",1,21.29
"pc1","4cpu-i7",0.08,"locf",2,21.78
"pc1","4cpu-i7",0.08,"locf",2,19.88
"pc1","4cpu-i7",0.08,"locf",3,20.49
"pc1","4cpu-i7",0.08,"locf",1,20.49
"pc1","4cpu-i7",0.08,"locf",4,20.64
"pc1","4cpu-i7",0.08,"locf",3,20.54
"pc1","4cpu-i7",0.08,"locf",4,21.03
"pc1","4cpu-i7",0.08,"locf",1,21.56
"pc1","4cpu-i7",0.08,"locf",2,21.85
"pc1","4cpu-i7",0.08,"locf",4,21.62
"pc1","4cpu-i7",0.08,"locf",3,21.82
"pc1","4cpu-i7",0.08,"locf",2,21.95
"pc1","4cpu-i7",0.08,"locf",1,22.16
"pc1","4cpu-i7",0.08,"locf",2,21.75
"pc1","4cpu-i7",0.08,"locf",3,22.14
"pc1","4cpu-i7",0.08,"locf",4,22.64
"pc1","4cpu-i7",0.08,"locf",1,22.97
"pc1","4cpu-i7",0.08,"locf",3,19.74
"pc1","4cpu-i7",0.08,"locf",1,20.56
"pc1","4cpu-i7",0.08,"locf",4,20.93
"pc1","4cpu-i7",0.08,"locf",2,21.25
"pc1","4cpu-i7",0.08,"locf",2,19.15
"pc1","4cpu-i7",0.08,"locf",4,19.44
"pc1","4cpu-i7",0.08,"locf",3,19.44
"pc1","4cpu-i7",0.08,"locf",1,19.66
"pc1","4cpu-i7",0.08,"locf",2,20.45
"pc1","4cpu-i7",0.08,"locf",3,20.45
"pc1","4cpu-i7",0.08,"locf",4,20.66
"pc1","4cpu-i7",0.08,"locf",1,20.66
"pc1","4cpu-i7",0.09,"locf",4,19.8
"pc1","4cpu-i7",0.09,"locf",2,19.8
"pc1","4cpu-i7",0.09,"locf",3,20.09
"pc1","4cpu-i7",0.09,"locf",1,20.21
"pc1","4cpu-i7",0.09,"locf",4,18.06
"pc1","4cpu-i7",0.09,"locf",1,18.59
"pc1","4cpu-i7",0.09,"locf",3,18.68
"pc1","4cpu-i7",0.09,"locf",2,18.78
"pc1","4cpu-i7",0.09,"locf",1,18.99
"pc1","4cpu-i7",0.09,"locf",2,18.98
"pc1","4cpu-i7",0.09,"locf",3,19.06
"pc1","4cpu-i7",0.09,"locf",4,19.06
"pc1","4cpu-i7",0.09,"locf",4,18.76
"pc1","4cpu-i7",0.09,"locf",2,19.08
"pc1","4cpu-i7",0.09,"locf",1,19.28
"pc1","4cpu-i7",0.09,"locf",3,19.28
"pc1","4cpu-i7",0.09,"locf",4,20.01
"pc1","4cpu-i7",0.09,"locf",2,20.34
"pc1","4cpu-i7",0.09,"locf",1,20.33
"pc1","4cpu-i7",0.09,"locf",3,20.33
"pc1","4cpu-i7",0.09,"locf",3,19.43
"pc1","4cpu-i7",0.09,"locf",4,19.54
"pc1","4cpu-i7",0.09,"locf",2,19.54
"pc1","4cpu-i7",0.09,"locf",1,19.75
"pc1","4cpu-i7",0.09,"locf",2,17.95
"pc1","4cpu-i7",0.09,"locf",1,18.36
"pc1","4cpu-i7",0.09,"locf",3,18.45
"pc1","4cpu-i7",0.09,"locf",4,18.64
"pc1","4cpu-i7",0.09,"locf",3,19.17
"pc1","4cpu-i7",0.09,"locf",2,19.57
"pc1","4cpu-i7",0.09,"locf",1,19.69
"pc1","4cpu-i7",0.09,"locf",4,19.95
"pc1","4cpu-i7",0.09,"locf",3,18.86
"pc1","4cpu-i7",0.09,"locf",2,19.07
"pc1","4cpu-i7",0.09,"locf",1,19.26
"pc1","4cpu-i7",0.09,"locf",4,19.26
"pc1","4cpu-i7",0.09,"locf",2,18.87
"pc1","4cpu-i7",0.09,"locf",3,19.16
"pc1","4cpu-i7",0.09,"locf",1,19.39
"pc1","4cpu-i7",0.09,"locf",4,19.75
"pc1","4cpu-i7",0.09,"locf",3,18.32
"pc1","4cpu-i7",0.09,"locf",1,18.64
"pc1","4cpu-i7",0.09,"locf",2,18.64
"pc1","4cpu-i7",0.09,"locf",4,18.81
"pc1","4cpu-i7",0.09,"locf",3,18.84
"pc1","4cpu-i7",0.09,"locf",4,19.23
"pc1","4cpu-i7",0.09,"locf",1,19.25
"pc1","4cpu-i7",0.09,"locf",2,19.25
"pc1","4cpu-i7",0.09,"locf",2,19.37
"pc1","4cpu-i7",0.09,"locf",1,19.37
"pc1","4cpu-i7",0.09,"locf",3,19.45
"pc1","4cpu-i7",0.09,"locf",4,19.45
"pc1","4cpu-i7",0.09,"locf",2,17.15
"pc1","4cpu-i7",0.09,"locf",1,17.77
"pc1","4cpu-i7",0.09,"locf",3,18.35
"pc1","4cpu-i7",0.09,"locf",4,18.44
"pc1","4cpu-i7",0.09,"locf",3,18.58
"pc1","4cpu-i7",0.09,"locf",2,18.59
"pc1","4cpu-i7",0.09,"locf",1,19.1
"pc1","4cpu-i7",0.09,"locf",4,19.27
"pc1","4cpu-i7",0.09,"locf",2,19.05
"pc1","4cpu-i7",0.09,"locf",3,19.24
"pc1","4cpu-i7",0.09,"locf",4,19.33
"pc1","4cpu-i7",0.09,"locf",1,19.36
"pc1","4cpu-i7",0.09,"locf",2,18.49
"pc1","4cpu-i7",0.09,"locf",1,18.98
"pc1","4cpu-i7",0.09,"locf",4,19.26
"pc1","4cpu-i7",0.09,"locf",3,19.36
"pc1","4cpu-i7",0.09,"locf",2,19.29
"pc1","4cpu-i7",0.09,"locf",4,19.47
"pc1","4cpu-i7",0.09,"locf",3,19.48
"pc1","4cpu-i7",0.09,"locf",1,19.89
"pc1","4cpu-i7",0.09,"locf",1,17.85
"pc1","4cpu-i7",0.09,"locf",2,17.85
"pc1","4cpu-i7",0.09,"locf",3,17.94
"pc1","4cpu-i7",0.09,"locf",4,18.13
"pc1","4cpu-i7",0.09,"locf",4,17.73
"pc1","4cpu-i7",0.09,"locf",1,18.56
"pc1","4cpu-i7",0.09,"locf",3,18.84
"pc1","4cpu-i7",0.09,"locf",2,19.74
"pc1","4cpu-i7",0.09,"locf",1,18.96
"pc1","4cpu-i7",0.09,"locf",4,19.14
"pc1","4cpu-i7",0.09,"locf",3,19.14
"pc1","4cpu-i7",0.09,"locf",2,19.65
"pc1","4cpu-i7",0.09,"locf",1,18.47
"pc1","4cpu-i7",0.09,"locf",4,18.53
"pc1","4cpu-i7",0.09,"locf",3,18.64
"pc1","4cpu-i7",0.09,"locf",2,18.75
"pc1","4cpu-i7",0.09,"locf",1,19.73
"pc1","4cpu-i7",0.09,"locf",4,19.73
"pc1","4cpu-i7",0.09,"locf",2,19.95
"pc1","4cpu-i7",0.09,"locf",3,19.95
"pc1","4cpu-i7",0.09,"locf",4,20.24
"pc1","4cpu-i7",0.09,"locf",3,20.25
"pc1","4cpu-i7",0.09,"locf",2,20.47
"pc1","4cpu-i7",0.09,"locf",1,20.47
"pc1","4cpu-i7",0.09,"locf",3,18.34
"pc1","4cpu-i7",0.09,"locf",4,18.93
"pc1","4cpu-i7",0.09,"locf",1,19.16
"pc1","4cpu-i7",0.09,"locf",2,19.45
"pc1","4cpu-i7",0.09,"locf",4,18.47
"pc1","4cpu-i7",0.09,"locf",1,18.47
"pc1","4cpu-i7",0.09,"locf",3,18.64
"pc1","4cpu-i7",0.09,"locf",2,18.75
"pc1","4cpu-i7",0.09,"locf",4,19.65
"pc1","4cpu-i7",0.09,"locf",1,19.79
"pc1","4cpu-i7",0.09,"locf",3,20.26
"pc1","4cpu-i7",0.09,"locf",2,20.38
"pc1","4cpu-i7",0.09,"locf",3,19.57
"pc1","4cpu-i7",0.09,"locf",4,19.76
"pc1","4cpu-i7",0.09,"locf",2,19.97
"pc1","4cpu-i7",0.09,"locf",1,20.09
"pc1","4cpu-i7",0.09,"locf",3,18.16
"pc1","4cpu-i7",0.09,"locf",4,18.45
"pc1","4cpu-i7",0.09,"locf",2,18.78
"pc1","4cpu-i7",0.09,"locf",1,19.18
"pc1","4cpu-i7",0.09,"locf",4,17.63
"pc1","4cpu-i7",0.09,"locf",3,18.05
"pc1","4cpu-i7",0.09,"locf",2,18.05
"pc1","4cpu-i7",0.09,"locf",1,18.46
"pc1","4cpu-i7",0.11,"locf",4,13.83
"pc1","4cpu-i7",0.11,"locf",3,14.04
"pc1","4cpu-i7",0.11,"locf",2,14.15
"pc1","4cpu-i7",0.11,"locf",1,14.25
"pc1","4cpu-i7",0.11,"locf",4,13.75
"pc1","4cpu-i7",0.11,"locf",3,13.85
"pc1","4cpu-i7",0.11,"locf",2,14.07
"pc1","4cpu-i7",0.11,"locf",1,14.37
"pc1","4cpu-i7",0.11,"locf",2,12.54
"pc1","4cpu-i7",0.11,"locf",4,12.54
"pc1","4cpu-i7",0.11,"locf",3,12.84
"pc1","4cpu-i7",0.11,"locf",1,12.96
"pc1","4cpu-i7",0.11,"locf",4,13.66
"pc1","4cpu-i7",0.11,"locf",2,13.98
"pc1","4cpu-i7",0.11,"locf",3,13.98
"pc1","4cpu-i7",0.11,"locf",1,14.19
"pc1","4cpu-i7",0.11,"locf",3,12.45
"pc1","4cpu-i7",0.11,"locf",4,12.53
"pc1","4cpu-i7",0.11,"locf",2,12.86
"pc1","4cpu-i7",0.11,"locf",1,12.97
"pc1","4cpu-i7",0.11,"locf",2,12.49
"pc1","4cpu-i7",0.11,"locf",4,12.54
"pc1","4cpu-i7",0.11,"locf",1,13.09
"pc1","4cpu-i7",0.11,"locf",3,13.15
"pc1","4cpu-i7",0.11,"locf",4,12.73
"pc1","4cpu-i7",0.11,"locf",2,12.96
"pc1","4cpu-i7",0.11,"locf",1,13.18
"pc1","4cpu-i7",0.11,"locf",3,13.24
"pc1","4cpu-i7",0.11,"locf",3,14.17
"pc1","4cpu-i7",0.11,"locf",2,14.28
"pc1","4cpu-i7",0.11,"locf",4,14.36
"pc1","4cpu-i7",0.11,"locf",1,14.49
"pc1","4cpu-i7",0.11,"locf",4,13.37
"pc1","4cpu-i7",0.11,"locf",3,13.66
"pc1","4cpu-i7",0.11,"locf",2,13.67
"pc1","4cpu-i7",0.11,"locf",1,13.79
"pc1","4cpu-i7",0.11,"locf",2,12.75
"pc1","4cpu-i7",0.11,"locf",4,12.82
"pc1","4cpu-i7",0.11,"locf",3,13.14
"pc1","4cpu-i7",0.11,"locf",1,13.46
"pc1","4cpu-i7",0.11,"locf",4,13.4
"pc1","4cpu-i7",0.11,"locf",2,13.62
"pc1","4cpu-i7",0.11,"locf",3,13.82
"pc1","4cpu-i7",0.11,"locf",1,14.05
"pc1","4cpu-i7",0.11,"locf",4,13.4
"pc1","4cpu-i7",0.11,"locf",3,13.52
"pc1","4cpu-i7",0.11,"locf",1,13.66
"pc1","4cpu-i7",0.11,"locf",2,13.72
"pc1","4cpu-i7",0.11,"locf",2,13.37
"pc1","4cpu-i7",0.11,"locf",1,13.58
"pc1","4cpu-i7",0.11,"locf",4,14.06
"pc1","4cpu-i7",0.11,"locf",3,14.06
"pc1","4cpu-i7",0.11,"locf",2,13.46
"pc1","4cpu-i7",0.11,"locf",3,13.86
"pc1","4cpu-i7",0.11,"locf",1,13.88
"pc1","4cpu-i7",0.11,"locf",4,14.15
"pc1","4cpu-i7",0.11,"locf",1,13.98
"pc1","4cpu-i7",0.11,"locf",2,13.97
"pc1","4cpu-i7",0.11,"locf",3,13.97
"pc1","4cpu-i7",0.11,"locf",4,14.06
"pc1","4cpu-i7",0.11,"locf",1,12.78
"pc1","4cpu-i7",0.11,"locf",2,12.88
"pc1","4cpu-i7",0.11,"locf",4,12.98
"pc1","4cpu-i7",0.11,"locf",3,13.07
"pc1","4cpu-i7",0.11,"locf",2,13.48
"pc1","4cpu-i7",0.11,"locf",3,13.7
"pc1","4cpu-i7",0.11,"locf",1,13.7
"pc1","4cpu-i7",0.11,"locf",4,13.97
"pc1","4cpu-i7",0.11,"locf",2,13.78
"pc1","4cpu-i7",0.11,"locf",1,13.88
"pc1","4cpu-i7",0.11,"locf",4,14.07
"pc1","4cpu-i7",0.11,"locf",3,14.28
"pc1","4cpu-i7",0.11,"locf",3,12.54
"pc1","4cpu-i7",0.11,"locf",2,12.95
"pc1","4cpu-i7",0.11,"locf",1,12.97
"pc1","4cpu-i7",0.11,"locf",4,13.03
"pc1","4cpu-i7",0.11,"locf",4,13.99
"pc1","4cpu-i7",0.11,"locf",2,13.99
"pc1","4cpu-i7",0.11,"locf",1,14.28
"pc1","4cpu-i7",0.11,"locf",3,14.28
"pc1","4cpu-i7",0.11,"locf",3,13.44
"pc1","4cpu-i7",0.11,"locf",1,13.56
"pc1","4cpu-i7",0.11,"locf",4,13.53
"pc1","4cpu-i7",0.11,"locf",2,13.75
"pc1","4cpu-i7",0.11,"locf",1,13.06
"pc1","4cpu-i7",0.11,"locf",3,13.24
"pc1","4cpu-i7",0.11,"locf",2,13.35
"pc1","4cpu-i7",0.11,"locf",4,13.42
"pc1","4cpu-i7",0.11,"locf",2,14.48
"pc1","4cpu-i7",0.11,"locf",4,14.57
"pc1","4cpu-i7",0.11,"locf",3,14.67
"pc1","4cpu-i7",0.11,"locf",1,14.79
"pc1","4cpu-i7",0.11,"locf",2,13.87
"pc1","4cpu-i7",0.11,"locf",4,13.87
"pc1","4cpu-i7",0.11,"locf",3,14.48
"pc1","4cpu-i7",0.11,"locf",1,14.59
"pc1","4cpu-i7",0.11,"locf",3,14.06
"pc1","4cpu-i7",0.11,"locf",2,14.09
"pc1","4cpu-i7",0.11,"locf",4,14.09
"pc1","4cpu-i7",0.11,"locf",1,14.58
"pc1","4cpu-i7",0.11,"locf",3,13.35
"pc1","4cpu-i7",0.11,"locf",2,13.55
"pc1","4cpu-i7",0.11,"locf",4,13.54
"pc1","4cpu-i7",0.11,"locf",1,13.97
"pc1","4cpu-i7",0.11,"locf",3,13.59
"pc1","4cpu-i7",0.11,"locf",4,13.88
"pc1","4cpu-i7",0.11,"locf",1,14.06
"pc1","4cpu-i7",0.11,"locf",2,14.11
"pc1","4cpu-i7",0.11,"locf",2,14.16
"pc1","4cpu-i7",0.11,"locf",4,14.16
"pc1","4cpu-i7",0.11,"locf",1,14.16
"pc1","4cpu-i7",0.11,"locf",3,14.25
"pc1","4cpu-i7",0.11,"locf",2,13.27
"pc1","4cpu-i7",0.11,"locf",3,13.67
"pc1","4cpu-i7",0.11,"locf",4,13.85
"pc1","4cpu-i7",0.11,"locf",1,14.07
"pc1","4cpu-i7",0.11,"locf",4,14.17
"pc1","4cpu-i7",0.11,"locf",2,14.39
"pc1","4cpu-i7",0.11,"locf",3,14.47
"pc1","4cpu-i7",0.11,"locf",1,14.59
"pc1","4cpu-i7",0.12,"locf",3,13.45
"pc1","4cpu-i7",0.12,"locf",2,13.45
"pc1","4cpu-i7",0.12,"locf",4,13.52
"pc1","4cpu-i7",0.12,"locf",1,13.85
"pc1","4cpu-i7",0.12,"locf",2,13.26
"pc1","4cpu-i7",0.12,"locf",3,13.35
"pc1","4cpu-i7",0.12,"locf",4,13.55
"pc1","4cpu-i7",0.12,"locf",1,13.67
"pc1","4cpu-i7",0.12,"locf",4,12.27
"pc1","4cpu-i7",0.12,"locf",3,12.37
"pc1","4cpu-i7",0.12,"locf",1,12.49
"pc1","4cpu-i7",0.12,"locf",2,12.58
"pc1","4cpu-i7",0.12,"locf",4,12.37
"pc1","4cpu-i7",0.12,"locf",2,12.37
"pc1","4cpu-i7",0.12,"locf",1,12.48
"pc1","4cpu-i7",0.12,"locf",3,12.66
"pc1","4cpu-i7",0.12,"locf",2,11.98
"pc1","4cpu-i7",0.12,"locf",4,12.16
"pc1","4cpu-i7",0.12,"locf",1,12.28
"pc1","4cpu-i7",0.12,"locf",3,12.46
"pc1","4cpu-i7",0.12,"locf",1,12.07
"pc1","4cpu-i7",0.12,"locf",2,12.16
"pc1","4cpu-i7",0.12,"locf",3,12.15
"pc1","4cpu-i7",0.12,"locf",4,12.24
"pc1","4cpu-i7",0.12,"locf",2,11.76
"pc1","4cpu-i7",0.12,"locf",3,11.86
"pc1","4cpu-i7",0.12,"locf",4,12.35
"pc1","4cpu-i7",0.12,"locf",1,12.35
"pc1","4cpu-i7",0.12,"locf",1,12.59
"pc1","4cpu-i7",0.12,"locf",3,12.77
"pc1","4cpu-i7",0.12,"locf",2,12.86
"pc1","4cpu-i7",0.12,"locf",4,12.86
"pc1","4cpu-i7",0.12,"locf",3,11.96
"pc1","4cpu-i7",0.12,"locf",1,12.09
"pc1","4cpu-i7",0.12,"locf",2,12.17
"pc1","4cpu-i7",0.12,"locf",4,12.26
"pc1","4cpu-i7",0.12,"locf",2,11.37
"pc1","4cpu-i7",0.12,"locf",1,11.48
"pc1","4cpu-i7",0.12,"locf",3,11.96
"pc1","4cpu-i7",0.12,"locf",4,12.05
"pc1","4cpu-i7",0.12,"locf",3,12.08
"pc1","4cpu-i7",0.12,"locf",2,12.39
"pc1","4cpu-i7",0.12,"locf",1,12.38
"pc1","4cpu-i7",0.12,"locf",4,12.38
"pc1","4cpu-i7",0.12,"locf",1,11.26
"pc1","4cpu-i7",0.12,"locf",2,11.35
"pc1","4cpu-i7",0.12,"locf",3,11.43
"pc1","4cpu-i7",0.12,"locf",4,11.63
"pc1","4cpu-i7",0.12,"locf",3,11.14
"pc1","4cpu-i7",0.12,"locf",1,11.36
"pc1","4cpu-i7",0.12,"locf",2,11.56
"pc1","4cpu-i7",0.12,"locf",4,11.84
"pc1","4cpu-i7",0.12,"locf",3,11.15
"pc1","4cpu-i7",0.12,"locf",2,11.53
"pc1","4cpu-i7",0.12,"locf",4,11.53
"pc1","4cpu-i7",0.12,"locf",1,11.87
"pc1","4cpu-i7",0.12,"locf",2,11.65
"pc1","4cpu-i7",0.12,"locf",3,11.94
"pc1","4cpu-i7",0.12,"locf",1,12.06
"pc1","4cpu-i7",0.12,"locf",4,12.23
"pc1","4cpu-i7",0.12,"locf",1,11.76
"pc1","4cpu-i7",0.12,"locf",2,11.85
"pc1","4cpu-i7",0.12,"locf",3,12.05
"pc1","4cpu-i7",0.12,"locf",4,12.24
"pc1","4cpu-i7",0.12,"locf",1,11.46
"pc1","4cpu-i7",0.12,"locf",2,11.54
"pc1","4cpu-i7",0.12,"locf",3,11.93
"pc1","4cpu-i7",0.12,"locf",4,12.03
"pc1","4cpu-i7",0.12,"locf",2,12.38
"pc1","4cpu-i7",0.12,"locf",3,12.56
"pc1","4cpu-i7",0.12,"locf",1,12.67
"pc1","4cpu-i7",0.12,"locf",4,13.16
"pc1","4cpu-i7",0.12,"locf",3,12.27
"pc1","4cpu-i7",0.12,"locf",1,12.59
"pc1","4cpu-i7",0.12,"locf",4,12.56
"pc1","4cpu-i7",0.12,"locf",2,12.68
"pc1","4cpu-i7",0.12,"locf",4,11.47
"pc1","4cpu-i7",0.12,"locf",3,11.57
"pc1","4cpu-i7",0.12,"locf",1,12.1
"pc1","4cpu-i7",0.12,"locf",2,12.18
"pc1","4cpu-i7",0.12,"locf",1,12.68
"pc1","4cpu-i7",0.12,"locf",2,12.68
"pc1","4cpu-i7",0.12,"locf",3,12.97
"pc1","4cpu-i7",0.12,"locf",4,12.97
"pc1","4cpu-i7",0.12,"locf",3,12.07
"pc1","4cpu-i7",0.12,"locf",2,12.18
"pc1","4cpu-i7",0.12,"locf",1,12.28
"pc1","4cpu-i7",0.12,"locf",4,12.36
"pc1","4cpu-i7",0.12,"locf",2,12.58
"pc1","4cpu-i7",0.12,"locf",1,12.69
"pc1","4cpu-i7",0.12,"locf",3,12.67
"pc1","4cpu-i7",0.12,"locf",4,12.78
"pc1","4cpu-i7",0.12,"locf",2,12.57
"pc1","4cpu-i7",0.12,"locf",1,12.97
"pc1","4cpu-i7",0.12,"locf",3,12.97
"pc1","4cpu-i7",0.12,"locf",4,13.05
"pc1","4cpu-i7",0.12,"locf",1,11.39
"pc1","4cpu-i7",0.12,"locf",3,11.58
"pc1","4cpu-i7",0.12,"locf",2,11.67
"pc1","4cpu-i7",0.12,"locf",4,11.67
"pc1","4cpu-i7",0.12,"locf",1,12.19
"pc1","4cpu-i7",0.12,"locf",4,12.56
"pc1","4cpu-i7",0.12,"locf",3,12.66
"pc1","4cpu-i7",0.12,"locf",2,12.86
"pc1","4cpu-i7",0.12,"locf",3,12.05
"pc1","4cpu-i7",0.12,"locf",4,12.14
"pc1","4cpu-i7",0.12,"locf",1,12.18
"pc1","4cpu-i7",0.12,"locf",2,12.55
"pc1","4cpu-i7",0.12,"locf",3,11.25
"pc1","4cpu-i7",0.12,"locf",2,11.35
"pc1","4cpu-i7",0.12,"locf",4,11.64
"pc1","4cpu-i7",0.12,"locf",1,11.87
"pc1","4cpu-i7",0.12,"locf",2,11.96
"pc1","4cpu-i7",0.12,"locf",3,11.96
"pc1","4cpu-i7",0.12,"locf",4,12.13
"pc1","4cpu-i7",0.12,"locf",1,12.18
"pc1","4cpu-i7",0.12,"locf",2,12.05
"pc1","4cpu-i7",0.12,"locf",4,12.24
"pc1","4cpu-i7",0.12,"locf",3,12.24
"pc1","4cpu-i7",0.12,"locf",1,12.46
"pc1","4cpu-i7",0.13,"locf",4,11.65
"pc1","4cpu-i7",0.13,"locf",3,11.97
"pc1","4cpu-i7",0.13,"locf",1,11.98
"pc1","4cpu-i7",0.13,"locf",2,12.16
"pc1","4cpu-i7",0.13,"locf",4,11.53
"pc1","4cpu-i7",0.13,"locf",3,11.54
"pc1","4cpu-i7",0.13,"locf",2,11.88
"pc1","4cpu-i7",0.13,"locf",1,11.88
"pc1","4cpu-i7",0.13,"locf",1,10.95
"pc1","4cpu-i7",0.13,"locf",3,11.03
"pc1","4cpu-i7",0.13,"locf",4,11.03
"pc1","4cpu-i7",0.13,"locf",2,11.14
"pc1","4cpu-i7",0.13,"locf",3,10.67
"pc1","4cpu-i7",0.13,"locf",4,10.77
"pc1","4cpu-i7",0.13,"locf",2,10.98
"pc1","4cpu-i7",0.13,"locf",1,10.98
"pc1","4cpu-i7",0.13,"locf",3,11.66
"pc1","4cpu-i7",0.13,"locf",4,11.76
"pc1","4cpu-i7",0.13,"locf",2,11.76
"pc1","4cpu-i7",0.13,"locf",1,11.77
"pc1","4cpu-i7",0.13,"locf",3,10.57
"pc1","4cpu-i7",0.13,"locf",1,10.77
"pc1","4cpu-i7",0.13,"locf",4,10.96
"pc1","4cpu-i7",0.13,"locf",2,11.06
"pc1","4cpu-i7",0.13,"locf",3,11.27
"pc1","4cpu-i7",0.13,"locf",4,11.37
"pc1","4cpu-i7",0.13,"locf",2,11.48
"pc1","4cpu-i7",0.13,"locf",1,11.5
"pc1","4cpu-i7",0.13,"locf",4,11.87
"pc1","4cpu-i7",0.13,"locf",1,11.97
"pc1","4cpu-i7",0.13,"locf",3,11.97
"pc1","4cpu-i7",0.13,"locf",2,11.98
"pc1","4cpu-i7",0.13,"locf",4,11.55
"pc1","4cpu-i7",0.13,"locf",2,11.67
"pc1","4cpu-i7",0.13,"locf",1,11.66
"pc1","4cpu-i7",0.13,"locf",3,11.66
"pc1","4cpu-i7",0.13,"locf",4,11.67
"pc1","4cpu-i7",0.13,"locf",2,11.88
"pc1","4cpu-i7",0.13,"locf",3,11.96
"pc1","4cpu-i7",0.13,"locf",1,11.98
"pc1","4cpu-i7",0.13,"locf",4,11.79
"pc1","4cpu-i7",0.13,"locf",2,11.79
"pc1","4cpu-i7",0.13,"locf",1,11.89
"pc1","4cpu-i7",0.13,"locf",3,11.98
"pc1","4cpu-i7",0.13,"locf",4,11.25
"pc1","4cpu-i7",0.13,"locf",1,11.38
"pc1","4cpu-i7",0.13,"locf",2,11.47
"pc1","4cpu-i7",0.13,"locf",3,11.66
"pc1","4cpu-i7",0.13,"locf",1,11
"pc1","4cpu-i7",0.13,"locf",3,11.29
"pc1","4cpu-i7",0.13,"locf",2,11.29
"pc1","4cpu-i7",0.13,"locf",4,11.37
"pc1","4cpu-i7",0.13,"locf",1,11.4
"pc1","4cpu-i7",0.13,"locf",2,11.58
"pc1","4cpu-i7",0.13,"locf",3,11.67
"pc1","4cpu-i7",0.13,"locf",4,11.67
"pc1","4cpu-i7",0.13,"locf",1,12.28
"pc1","4cpu-i7",0.13,"locf",2,12.28
"pc1","4cpu-i7",0.13,"locf",3,12.37
"pc1","4cpu-i7",0.13,"locf",4,12.47
"pc1","4cpu-i7",0.13,"locf",2,11.68
"pc1","4cpu-i7",0.13,"locf",3,11.77
"pc1","4cpu-i7",0.13,"locf",1,11.89
"pc1","4cpu-i7",0.13,"locf",4,12.36
"pc1","4cpu-i7",0.13,"locf",2,11.37
"pc1","4cpu-i7",0.13,"locf",3,11.45
"pc1","4cpu-i7",0.13,"locf",1,11.67
"pc1","4cpu-i7",0.13,"locf",4,11.65
"pc1","4cpu-i7",0.13,"locf",2,10.36
"pc1","4cpu-i7",0.13,"locf",3,10.64
"pc1","4cpu-i7",0.13,"locf",4,10.64
"pc1","4cpu-i7",0.13,"locf",1,10.64
"pc1","4cpu-i7",0.13,"locf",2,11.15
"pc1","4cpu-i7",0.13,"locf",1,11.27
"pc1","4cpu-i7",0.13,"locf",4,11.46
"pc1","4cpu-i7",0.13,"locf",3,11.46
"pc1","4cpu-i7",0.13,"locf",2,10.65
"pc1","4cpu-i7",0.13,"locf",1,10.75
"pc1","4cpu-i7",0.13,"locf",3,11.13
"pc1","4cpu-i7",0.13,"locf",4,11.13
"pc1","4cpu-i7",0.13,"locf",1,11.48
"pc1","4cpu-i7",0.13,"locf",4,11.47
"pc1","4cpu-i7",0.13,"locf",2,11.58
"pc1","4cpu-i7",0.13,"locf",3,11.57
"pc1","4cpu-i7",0.13,"locf",1,11.58
"pc1","4cpu-i7",0.13,"locf",4,11.75
"pc1","4cpu-i7",0.13,"locf",3,11.95
"pc1","4cpu-i7",0.13,"locf",2,11.97
"pc1","4cpu-i7",0.13,"locf",3,11.04
"pc1","4cpu-i7",0.13,"locf",4,11.05
"pc1","4cpu-i7",0.13,"locf",1,11.17
"pc1","4cpu-i7",0.13,"locf",2,11.35
"pc1","4cpu-i7",0.13,"locf",3,11.78
"pc1","4cpu-i7",0.13,"locf",2,11.78
"pc1","4cpu-i7",0.13,"locf",1,11.78
"pc1","4cpu-i7",0.13,"locf",4,11.82
"pc1","4cpu-i7",0.13,"locf",2,11.38
"pc1","4cpu-i7",0.13,"locf",1,11.68
"pc1","4cpu-i7",0.13,"locf",4,11.75
"pc1","4cpu-i7",0.13,"locf",3,11.87
"pc1","4cpu-i7",0.13,"locf",4,11.27
"pc1","4cpu-i7",0.13,"locf",1,11.69
"pc1","4cpu-i7",0.13,"locf",2,11.77
"pc1","4cpu-i7",0.13,"locf",3,11.86
"pc1","4cpu-i7",0.13,"locf",1,11.9
"pc1","4cpu-i7",0.13,"locf",3,11.97
"pc1","4cpu-i7",0.13,"locf",4,11.97
"pc1","4cpu-i7",0.13,"locf",2,12.08
"pc1","4cpu-i7",0.13,"locf",3,11.68
"pc1","4cpu-i7",0.13,"locf",2,11.8
"pc1","4cpu-i7",0.13,"locf",1,11.8
"pc1","4cpu-i7",0.13,"locf",4,11.87
"pc1","4cpu-i7",0.13,"locf",3,11.57
"pc1","4cpu-i7",0.13,"locf",4,11.88
"pc1","4cpu-i7",0.13,"locf",1,11.88
"pc1","4cpu-i7",0.13,"locf",2,11.97
"pc1","4cpu-i7",0.13,"locf",4,11.58
"pc1","4cpu-i7",0.13,"locf",3,11.77
"pc1","4cpu-i7",0.13,"locf",2,11.88
"pc1","4cpu-i7",0.13,"locf",1,11.97
"pc1","4cpu-i7",0.14,"locf",4,10.91
"pc1","4cpu-i7",0.14,"locf",1,11.14
"pc1","4cpu-i7",0.14,"locf",3,11.42
"pc1","4cpu-i7",0.14,"locf",2,11.54
"pc1","4cpu-i7",0.14,"locf",1,11.07
"pc1","4cpu-i7",0.14,"locf",2,11.09
"pc1","4cpu-i7",0.14,"locf",3,11.18
"pc1","4cpu-i7",0.14,"locf",4,11.27
"pc1","4cpu-i7",0.14,"locf",4,10.35
"pc1","4cpu-i7",0.14,"locf",2,10.38
"pc1","4cpu-i7",0.14,"locf",3,10.38
"pc1","4cpu-i7",0.14,"locf",1,10.57
"pc1","4cpu-i7",0.14,"locf",3,9.85
"pc1","4cpu-i7",0.14,"locf",4,9.96
"pc1","4cpu-i7",0.14,"locf",1,10.08
"pc1","4cpu-i7",0.14,"locf",2,10.16
"pc1","4cpu-i7",0.14,"locf",2,10.55
"pc1","4cpu-i7",0.14,"locf",1,10.58
"pc1","4cpu-i7",0.14,"locf",4,10.64
"pc1","4cpu-i7",0.14,"locf",3,10.65
"pc1","4cpu-i7",0.14,"locf",4,10.75
"pc1","4cpu-i7",0.14,"locf",1,10.79
"pc1","4cpu-i7",0.14,"locf",3,10.85
"pc1","4cpu-i7",0.14,"locf",2,10.88
"pc1","4cpu-i7",0.14,"locf",4,10.86
"pc1","4cpu-i7",0.14,"locf",2,10.86
"pc1","4cpu-i7",0.14,"locf",3,10.97
"pc1","4cpu-i7",0.14,"locf",1,10.97
"pc1","4cpu-i7",0.14,"locf",4,10.35
"pc1","4cpu-i7",0.14,"locf",2,10.66
"pc1","4cpu-i7",0.14,"locf",1,10.68
"pc1","4cpu-i7",0.14,"locf",3,10.68
"pc1","4cpu-i7",0.14,"locf",3,10.14
"pc1","4cpu-i7",0.14,"locf",1,10.25
"pc1","4cpu-i7",0.14,"locf",2,10.34
"pc1","4cpu-i7",0.14,"locf",4,10.34
"pc1","4cpu-i7",0.14,"locf",3,10.48
"pc1","4cpu-i7",0.14,"locf",2,10.48
"pc1","4cpu-i7",0.14,"locf",1,10.48
"pc1","4cpu-i7",0.14,"locf",4,10.56
"pc1","4cpu-i7",0.14,"locf",4,10.37
"pc1","4cpu-i7",0.14,"locf",3,10.47
"pc1","4cpu-i7",0.14,"locf",1,10.58
"pc1","4cpu-i7",0.14,"locf",2,10.58
"pc1","4cpu-i7",0.14,"locf",4,9.74
"pc1","4cpu-i7",0.14,"locf",3,10.16
"pc1","4cpu-i7",0.14,"locf",2,10.27
"pc1","4cpu-i7",0.14,"locf",1,10.38
"pc1","4cpu-i7",0.14,"locf",4,11.36
"pc1","4cpu-i7",0.14,"locf",3,11.59
"pc1","4cpu-i7",0.14,"locf",2,11.59
"pc1","4cpu-i7",0.14,"locf",1,11.68
"pc1","4cpu-i7",0.14,"locf",4,10.47
"pc1","4cpu-i7",0.14,"locf",3,10.67
"pc1","4cpu-i7",0.14,"locf",2,10.79
"pc1","4cpu-i7",0.14,"locf",1,11
"pc1","4cpu-i7",0.14,"locf",3,10.14
"pc1","4cpu-i7",0.14,"locf",1,10.16
"pc1","4cpu-i7",0.14,"locf",2,10.24
"pc1","4cpu-i7",0.14,"locf",4,10.22
"pc1","4cpu-i7",0.14,"locf",3,10.37
"pc1","4cpu-i7",0.14,"locf",1,10.59
"pc1","4cpu-i7",0.14,"locf",4,10.67
"pc1","4cpu-i7",0.14,"locf",2,10.78
"pc1","4cpu-i7",0.14,"locf",3,10.28
"pc1","4cpu-i7",0.14,"locf",1,10.68
"pc1","4cpu-i7",0.14,"locf",4,10.67
"pc1","4cpu-i7",0.14,"locf",2,10.67
"pc1","4cpu-i7",0.14,"locf",2,10.28
"pc1","4cpu-i7",0.14,"locf",4,10.46
"pc1","4cpu-i7",0.14,"locf",1,10.57
"pc1","4cpu-i7",0.14,"locf",3,10.75
"pc1","4cpu-i7",0.14,"locf",1,10.6
"pc1","4cpu-i7",0.14,"locf",4,10.68
"pc1","4cpu-i7",0.14,"locf",2,10.68
"pc1","4cpu-i7",0.14,"locf",3,10.68
"pc1","4cpu-i7",0.14,"locf",1,10.78
"pc1","4cpu-i7",0.14,"locf",4,10.86
"pc1","4cpu-i7",0.14,"locf",2,10.98
"pc1","4cpu-i7",0.14,"locf",3,10.98
"pc1","4cpu-i7",0.14,"locf",1,10.17
"pc1","4cpu-i7",0.14,"locf",4,10.24
"pc1","4cpu-i7",0.14,"locf",3,10.45
"pc1","4cpu-i7",0.14,"locf",2,10.65
"pc1","4cpu-i7",0.14,"locf",1,10.47
"pc1","4cpu-i7",0.14,"locf",4,10.55
"pc1","4cpu-i7",0.14,"locf",3,10.55
"pc1","4cpu-i7",0.14,"locf",2,10.65
"pc1","4cpu-i7",0.14,"locf",1,10.79
"pc1","4cpu-i7",0.14,"locf",4,10.76
"pc1","4cpu-i7",0.14,"locf",3,10.87
"pc1","4cpu-i7",0.14,"locf",2,10.88
"pc1","4cpu-i7",0.14,"locf",4,10.55
"pc1","4cpu-i7",0.14,"locf",1,10.67
"pc1","4cpu-i7",0.14,"locf",3,10.76
"pc1","4cpu-i7",0.14,"locf",2,10.77
"pc1","4cpu-i7",0.14,"locf",4,11.15
"pc1","4cpu-i7",0.14,"locf",2,11.37
"pc1","4cpu-i7",0.14,"locf",1,11.58
"pc1","4cpu-i7",0.14,"locf",3,11.65
"pc1","4cpu-i7",0.14,"locf",4,10.37
"pc1","4cpu-i7",0.14,"locf",2,10.59
"pc1","4cpu-i7",0.14,"locf",3,10.68
"pc1","4cpu-i7",0.14,"locf",1,10.69
"pc1","4cpu-i7",0.14,"locf",4,10.85
"pc1","4cpu-i7",0.14,"locf",1,10.97
"pc1","4cpu-i7",0.14,"locf",2,10.97
"pc1","4cpu-i7",0.14,"locf",3,10.96
"pc1","4cpu-i7",0.14,"locf",4,9.77
"pc1","4cpu-i7",0.14,"locf",3,10.37
"pc1","4cpu-i7",0.14,"locf",2,10.47
"pc1","4cpu-i7",0.14,"locf",1,10.59
"pc1","4cpu-i7",0.14,"locf",4,10.47
"pc1","4cpu-i7",0.14,"locf",3,10.57
"pc1","4cpu-i7",0.14,"locf",1,10.59
"pc1","4cpu-i7",0.14,"locf",2,10.67
"pc1","4cpu-i7",0.14,"locf",4,10.38
"pc1","4cpu-i7",0.14,"locf",3,10.48
"pc1","4cpu-i7",0.14,"locf",2,10.89
"pc1","4cpu-i7",0.14,"locf",1,10.9
"pc1","4cpu-i7",0.16,"locf",2,9.08
"pc1","4cpu-i7",0.16,"locf",4,9.12
"pc1","4cpu-i7",0.16,"locf",1,9.69
"pc1","4cpu-i7",0.16,"locf",3,9.73
"pc1","4cpu-i7",0.16,"locf",4,8.79
"pc1","4cpu-i7",0.16,"locf",2,8.98
"pc1","4cpu-i7",0.16,"locf",1,9.21
"pc1","4cpu-i7",0.16,"locf",3,9.27
"pc1","4cpu-i7",0.16,"locf",4,8.16
"pc1","4cpu-i7",0.16,"locf",2,8.17
"pc1","4cpu-i7",0.16,"locf",1,8.28
"pc1","4cpu-i7",0.16,"locf",3,8.26
"pc1","4cpu-i7",0.16,"locf",2,8.78
"pc1","4cpu-i7",0.16,"locf",4,8.85
"pc1","4cpu-i7",0.16,"locf",1,8.88
"pc1","4cpu-i7",0.16,"locf",3,8.97
"pc1","4cpu-i7",0.16,"locf",2,7.87
"pc1","4cpu-i7",0.16,"locf",1,8.16
"pc1","4cpu-i7",0.16,"locf",3,8.16
"pc1","4cpu-i7",0.16,"locf",4,8.23
"pc1","4cpu-i7",0.16,"locf",2,8.38
"pc1","4cpu-i7",0.16,"locf",3,8.47
"pc1","4cpu-i7",0.16,"locf",4,8.66
"pc1","4cpu-i7",0.16,"locf",1,8.68
"pc1","4cpu-i7",0.16,"locf",2,8.06
"pc1","4cpu-i7",0.16,"locf",4,8.05
"pc1","4cpu-i7",0.16,"locf",1,8.29
"pc1","4cpu-i7",0.16,"locf",3,8.36
"pc1","4cpu-i7",0.16,"locf",1,8.48
"pc1","4cpu-i7",0.16,"locf",2,8.49
"pc1","4cpu-i7",0.16,"locf",4,8.57
"pc1","4cpu-i7",0.16,"locf",3,8.66
"pc1","4cpu-i7",0.16,"locf",3,8.36
"pc1","4cpu-i7",0.16,"locf",2,8.46
"pc1","4cpu-i7",0.16,"locf",1,8.67
"pc1","4cpu-i7",0.16,"locf",4,8.75
"pc1","4cpu-i7",0.16,"locf",3,8.77
"pc1","4cpu-i7",0.16,"locf",2,9.06
"pc1","4cpu-i7",0.16,"locf",1,9.08
"pc1","4cpu-i7",0.16,"locf",4,9.15
"pc1","4cpu-i7",0.16,"locf",1,8.37
"pc1","4cpu-i7",0.16,"locf",2,8.45
"pc1","4cpu-i7",0.16,"locf",4,8.54
"pc1","4cpu-i7",0.16,"locf",3,8.54
"pc1","4cpu-i7",0.16,"locf",2,8.38
"pc1","4cpu-i7",0.16,"locf",1,8.67
"pc1","4cpu-i7",0.16,"locf",4,8.66
"pc1","4cpu-i7",0.16,"locf",3,8.86
"pc1","4cpu-i7",0.16,"locf",2,8.87
"pc1","4cpu-i7",0.16,"locf",3,8.96
"pc1","4cpu-i7",0.16,"locf",4,9.06
"pc1","4cpu-i7",0.16,"locf",1,9.28
"pc1","4cpu-i7",0.16,"locf",2,8.66
"pc1","4cpu-i7",0.16,"locf",4,8.65
"pc1","4cpu-i7",0.16,"locf",1,8.74
"pc1","4cpu-i7",0.16,"locf",3,8.74
"pc1","4cpu-i7",0.16,"locf",3,7.95
"pc1","4cpu-i7",0.16,"locf",2,7.98
"pc1","4cpu-i7",0.16,"locf",1,8.46
"pc1","4cpu-i7",0.16,"locf",4,8.46
"pc1","4cpu-i7",0.16,"locf",2,8.25
"pc1","4cpu-i7",0.16,"locf",3,8.34
"pc1","4cpu-i7",0.16,"locf",1,8.46
"pc1","4cpu-i7",0.16,"locf",4,8.44
"pc1","4cpu-i7",0.16,"locf",2,8.68
"pc1","4cpu-i7",0.16,"locf",1,8.88
"pc1","4cpu-i7",0.16,"locf",3,8.87
"pc1","4cpu-i7",0.16,"locf",4,8.95
"pc1","4cpu-i7",0.16,"locf",4,8.97
"pc1","4cpu-i7",0.16,"locf",3,8.97
"pc1","4cpu-i7",0.16,"locf",1,9.09
"pc1","4cpu-i7",0.16,"locf",2,9.08
"pc1","4cpu-i7",0.16,"locf",4,8.47
"pc1","4cpu-i7",0.16,"locf",3,8.67
"pc1","4cpu-i7",0.16,"locf",2,8.68
"pc1","4cpu-i7",0.16,"locf",1,8.78
"pc1","4cpu-i7",0.16,"locf",3,8.26
"pc1","4cpu-i7",0.16,"locf",2,8.37
"pc1","4cpu-i7",0.16,"locf",1,8.58
"pc1","4cpu-i7",0.16,"locf",4,8.65
"pc1","4cpu-i7",0.16,"locf",2,7.87
"pc1","4cpu-i7",0.16,"locf",3,7.88
"pc1","4cpu-i7",0.16,"locf",1,8.27
"pc1","4cpu-i7",0.16,"locf",4,8.46
"pc1","4cpu-i7",0.16,"locf",2,8.28
"pc1","4cpu-i7",0.16,"locf",3,8.38
"pc1","4cpu-i7",0.16,"locf",1,8.49
"pc1","4cpu-i7",0.16,"locf",4,8.57
"pc1","4cpu-i7",0.16,"locf",1,8.26
"pc1","4cpu-i7",0.16,"locf",3,8.26
"pc1","4cpu-i7",0.16,"locf",2,8.48
"pc1","4cpu-i7",0.16,"locf",4,8.75
"pc1","4cpu-i7",0.16,"locf",4,8.54
"pc1","4cpu-i7",0.16,"locf",2,8.66
"pc1","4cpu-i7",0.16,"locf",1,8.78
"pc1","4cpu-i7",0.16,"locf",3,8.84
"pc1","4cpu-i7",0.16,"locf",2,8.98
"pc1","4cpu-i7",0.16,"locf",1,9
"pc1","4cpu-i7",0.16,"locf",4,9.27
"pc1","4cpu-i7",0.16,"locf",3,9.39
"pc1","4cpu-i7",0.16,"locf",4,8.58
"pc1","4cpu-i7",0.16,"locf",2,8.58
"pc1","4cpu-i7",0.16,"locf",3,8.89
"pc1","4cpu-i7",0.16,"locf",1,8.89
"pc1","4cpu-i7",0.16,"locf",4,8.23
"pc1","4cpu-i7",0.16,"locf",2,8.36
"pc1","4cpu-i7",0.16,"locf",3,8.36
"pc1","4cpu-i7",0.16,"locf",1,8.36
"pc1","4cpu-i7",0.16,"locf",4,8.46
"pc1","4cpu-i7",0.16,"locf",2,8.67
"pc1","4cpu-i7",0.16,"locf",3,9.06
"pc1","4cpu-i7",0.16,"locf",1,9.18
"pc1","4cpu-i7",0.16,"locf",3,8.57
"pc1","4cpu-i7",0.16,"locf",4,8.57
"pc1","4cpu-i7",0.16,"locf",1,8.76
"pc1","4cpu-i7",0.16,"locf",2,8.86
"pc1","4cpu-i7",0.16,"locf",4,9.29
"pc1","4cpu-i7",0.16,"locf",1,9.31
"pc1","4cpu-i7",0.16,"locf",3,9.31
"pc1","4cpu-i7",0.16,"locf",2,9.31
"pc1","4cpu-i7",0.17,"locf",4,8.88
"pc1","4cpu-i7",0.17,"locf",2,8.88
"pc1","4cpu-i7",0.17,"locf",1,8.98
"pc1","4cpu-i7",0.17,"locf",3,9.05
"pc1","4cpu-i7",0.17,"locf",4,8.74
"pc1","4cpu-i7",0.17,"locf",3,8.85
"pc1","4cpu-i7",0.17,"locf",2,8.88
"pc1","4cpu-i7",0.17,"locf",1,8.88
"pc1","4cpu-i7",0.17,"locf",4,7.65
"pc1","4cpu-i7",0.17,"locf",3,7.76
"pc1","4cpu-i7",0.17,"locf",1,7.87
"pc1","4cpu-i7",0.17,"locf",2,7.87
"pc1","4cpu-i7",0.17,"locf",3,7.76
"pc1","4cpu-i7",0.17,"locf",4,7.76
"pc1","4cpu-i7",0.17,"locf",1,7.98
"pc1","4cpu-i7",0.17,"locf",2,8.17
"pc1","4cpu-i7",0.17,"locf",3,7.67
"pc1","4cpu-i7",0.17,"locf",1,7.67
"pc1","4cpu-i7",0.17,"locf",2,7.75
"pc1","4cpu-i7",0.17,"locf",4,7.82
"pc1","4cpu-i7",0.17,"locf",2,8.08
"pc1","4cpu-i7",0.17,"locf",3,8.17
"pc1","4cpu-i7",0.17,"locf",4,8.17
"pc1","4cpu-i7",0.17,"locf",1,8.29
"pc1","4cpu-i7",0.17,"locf",3,7.77
"pc1","4cpu-i7",0.17,"locf",4,7.77
"pc1","4cpu-i7",0.17,"locf",1,7.88
"pc1","4cpu-i7",0.17,"locf",2,7.88
"pc1","4cpu-i7",0.17,"locf",3,8.07
"pc1","4cpu-i7",0.17,"locf",4,8.09
"pc1","4cpu-i7",0.17,"locf",1,8.09
"pc1","4cpu-i7",0.17,"locf",2,8.18
"pc1","4cpu-i7",0.17,"locf",4,8.46
"pc1","4cpu-i7",0.17,"locf",3,8.47
"pc1","4cpu-i7",0.17,"locf",1,8.78
"pc1","4cpu-i7",0.17,"locf",2,8.78
"pc1","4cpu-i7",0.17,"locf",4,7.73
"pc1","4cpu-i7",0.17,"locf",1,7.84
"pc1","4cpu-i7",0.17,"locf",3,7.84
"pc1","4cpu-i7",0.17,"locf",2,8.04
"pc1","4cpu-i7",0.17,"locf",3,8.38
"pc1","4cpu-i7",0.17,"locf",2,8.47
"pc1","4cpu-i7",0.17,"locf",1,8.49
"pc1","4cpu-i7",0.17,"locf",4,8.46
"pc1","4cpu-i7",0.17,"locf",3,7.67
"pc1","4cpu-i7",0.17,"locf",1,7.88
"pc1","4cpu-i7",0.17,"locf",4,7.87
"pc1","4cpu-i7",0.17,"locf",2,7.97
"pc1","4cpu-i7",0.17,"locf",1,8.29
"pc1","4cpu-i7",0.17,"locf",3,8.29
"pc1","4cpu-i7",0.17,"locf",2,8.38
"pc1","4cpu-i7",0.17,"locf",4,8.38
"pc1","4cpu-i7",0.17,"locf",4,8.54
"pc1","4cpu-i7",0.17,"locf",3,8.57
"pc1","4cpu-i7",0.17,"locf",1,8.57
"pc1","4cpu-i7",0.17,"locf",2,8.76
"pc1","4cpu-i7",0.17,"locf",1,8
"pc1","4cpu-i7",0.17,"locf",3,8.06
"pc1","4cpu-i7",0.17,"locf",2,8.07
"pc1","4cpu-i7",0.17,"locf",4,8.16
"pc1","4cpu-i7",0.17,"locf",3,8.27
"pc1","4cpu-i7",0.17,"locf",2,8.37
"pc1","4cpu-i7",0.17,"locf",1,8.38
"pc1","4cpu-i7",0.17,"locf",4,8.46
"pc1","4cpu-i7",0.17,"locf",3,7.85
"pc1","4cpu-i7",0.17,"locf",1,7.89
"pc1","4cpu-i7",0.17,"locf",2,7.89
"pc1","4cpu-i7",0.17,"locf",4,8.05
"pc1","4cpu-i7",0.17,"locf",1,7.68
"pc1","4cpu-i7",0.17,"locf",2,7.86
"pc1","4cpu-i7",0.17,"locf",3,7.85
"pc1","4cpu-i7",0.17,"locf",4,7.94
"pc1","4cpu-i7",0.17,"locf",1,7.58
"pc1","4cpu-i7",0.17,"locf",2,7.59
"pc1","4cpu-i7",0.17,"locf",4,7.78
"pc1","4cpu-i7",0.17,"locf",3,7.87
"pc1","4cpu-i7",0.17,"locf",4,8.27
"pc1","4cpu-i7",0.17,"locf",3,8.38
"pc1","4cpu-i7",0.17,"locf",1,8.39
"pc1","4cpu-i7",0.17,"locf",2,8.47
"pc1","4cpu-i7",0.17,"locf",1,8.28
"pc1","4cpu-i7",0.17,"locf",3,8.28
"pc1","4cpu-i7",0.17,"locf",2,8.48
"pc1","4cpu-i7",0.17,"locf",4,8.66
"pc1","4cpu-i7",0.17,"locf",1,7.99
"pc1","4cpu-i7",0.17,"locf",3,8.06
"pc1","4cpu-i7",0.17,"locf",2,8.27
"pc1","4cpu-i7",0.17,"locf",4,8.27
"pc1","4cpu-i7",0.17,"locf",3,8.14
"pc1","4cpu-i7",0.17,"locf",1,8.26
"pc1","4cpu-i7",0.17,"locf",2,8.35
"pc1","4cpu-i7",0.17,"locf",4,8.44
"pc1","4cpu-i7",0.17,"locf",2,7.56
"pc1","4cpu-i7",0.17,"locf",1,7.58
"pc1","4cpu-i7",0.17,"locf",3,7.74
"pc1","4cpu-i7",0.17,"locf",4,7.75
"pc1","4cpu-i7",0.17,"locf",2,7.77
"pc1","4cpu-i7",0.17,"locf",1,7.86
"pc1","4cpu-i7",0.17,"locf",4,7.95
"pc1","4cpu-i7",0.17,"locf",3,7.97
"pc1","4cpu-i7",0.17,"locf",3,7.86
"pc1","4cpu-i7",0.17,"locf",2,7.97
"pc1","4cpu-i7",0.17,"locf",4,8.05
"pc1","4cpu-i7",0.17,"locf",1,8.16
"pc1","4cpu-i7",0.17,"locf",1,7.99
"pc1","4cpu-i7",0.17,"locf",4,8.05
"pc1","4cpu-i7",0.17,"locf",3,8.07
"pc1","4cpu-i7",0.17,"locf",2,8.18
"pc1","4cpu-i7",0.17,"locf",4,7.63
"pc1","4cpu-i7",0.17,"locf",3,7.74
"pc1","4cpu-i7",0.17,"locf",1,7.86
"pc1","4cpu-i7",0.17,"locf",2,7.95
"pc1","4cpu-i7",0.17,"locf",3,7.65
"pc1","4cpu-i7",0.17,"locf",4,7.73
"pc1","4cpu-i7",0.17,"locf",1,7.86
"pc1","4cpu-i7",0.17,"locf",2,7.86
"pc1","4cpu-i7",0.17,"locf",3,8.06
"pc1","4cpu-i7",0.17,"locf",1,8.09
"pc1","4cpu-i7",0.17,"locf",4,8.09
"pc1","4cpu-i7",0.17,"locf",2,8.17
"pc1","4cpu-i7",0.18,"locf",4,8.3
"pc1","4cpu-i7",0.18,"locf",3,8.4
"pc1","4cpu-i7",0.18,"locf",1,8.42
"pc1","4cpu-i7",0.18,"locf",2,8.51
"pc1","4cpu-i7",0.18,"locf",4,7.97
"pc1","4cpu-i7",0.18,"locf",1,8.19
"pc1","4cpu-i7",0.18,"locf",2,8.19
"pc1","4cpu-i7",0.18,"locf",3,8.27
"pc1","4cpu-i7",0.18,"locf",2,7.59
"pc1","4cpu-i7",0.18,"locf",4,7.58
"pc1","4cpu-i7",0.18,"locf",3,7.67
"pc1","4cpu-i7",0.18,"locf",1,7.69
"pc1","4cpu-i7",0.18,"locf",2,7.37
"pc1","4cpu-i7",0.18,"locf",1,7.39
"pc1","4cpu-i7",0.18,"locf",3,7.47
"pc1","4cpu-i7",0.18,"locf",4,7.46
"pc1","4cpu-i7",0.18,"locf",4,7.55
"pc1","4cpu-i7",0.18,"locf",2,7.57
"pc1","4cpu-i7",0.18,"locf",1,7.59
"pc1","4cpu-i7",0.18,"locf",3,7.67
"pc1","4cpu-i7",0.18,"locf",4,7.76
"pc1","4cpu-i7",0.18,"locf",2,7.99
"pc1","4cpu-i7",0.18,"locf",3,7.99
"pc1","4cpu-i7",0.18,"locf",1,7.99
"pc1","4cpu-i7",0.18,"locf",2,7.84
"pc1","4cpu-i7",0.18,"locf",1,7.87
"pc1","4cpu-i7",0.18,"locf",4,7.92
"pc1","4cpu-i7",0.18,"locf",3,8.03
"pc1","4cpu-i7",0.18,"locf",2,7.26
"pc1","4cpu-i7",0.18,"locf",3,7.55
"pc1","4cpu-i7",0.18,"locf",4,7.55
"pc1","4cpu-i7",0.18,"locf",1,7.66
"pc1","4cpu-i7",0.18,"locf",4,7.57
"pc1","4cpu-i7",0.18,"locf",3,7.57
"pc1","4cpu-i7",0.18,"locf",2,7.66
"pc1","4cpu-i7",0.18,"locf",1,7.78
"pc1","4cpu-i7",0.18,"locf",2,7.53
"pc1","4cpu-i7",0.18,"locf",1,7.59
"pc1","4cpu-i7",0.18,"locf",4,7.59
"pc1","4cpu-i7",0.18,"locf",3,7.61
"pc1","4cpu-i7",0.18,"locf",2,7.14
"pc1","4cpu-i7",0.18,"locf",1,7.24
"pc1","4cpu-i7",0.18,"locf",3,7.23
"pc1","4cpu-i7",0.18,"locf",4,7.32
"pc1","4cpu-i7",0.18,"locf",2,7.6
"pc1","4cpu-i7",0.18,"locf",1,7.6
"pc1","4cpu-i7",0.18,"locf",3,7.68
"pc1","4cpu-i7",0.18,"locf",4,7.68
"pc1","4cpu-i7",0.18,"locf",2,7.78
"pc1","4cpu-i7",0.18,"locf",3,7.97
"pc1","4cpu-i7",0.18,"locf",4,7.97
"pc1","4cpu-i7",0.18,"locf",1,8.07
"pc1","4cpu-i7",0.18,"locf",4,7.78
"pc1","4cpu-i7",0.18,"locf",2,7.99
"pc1","4cpu-i7",0.18,"locf",1,7.99
"pc1","4cpu-i7",0.18,"locf",3,7.99
"pc1","4cpu-i7",0.18,"locf",1,7.44
"pc1","4cpu-i7",0.18,"locf",4,7.42
"pc1","4cpu-i7",0.18,"locf",2,7.43
"pc1","4cpu-i7",0.18,"locf",3,7.43
"pc1","4cpu-i7",0.18,"locf",4,7.71
"pc1","4cpu-i7",0.18,"locf",2,7.99
"pc1","4cpu-i7",0.18,"locf",1,8
"pc1","4cpu-i7",0.18,"locf",3,8.01
"pc1","4cpu-i7",0.18,"locf",2,7.55
"pc1","4cpu-i7",0.18,"locf",4,7.54
"pc1","4cpu-i7",0.18,"locf",1,7.65
"pc1","4cpu-i7",0.18,"locf",3,7.76
"pc1","4cpu-i7",0.18,"locf",1,7.27
"pc1","4cpu-i7",0.18,"locf",4,7.47
"pc1","4cpu-i7",0.18,"locf",2,7.47
"pc1","4cpu-i7",0.18,"locf",3,7.55
"pc1","4cpu-i7",0.18,"locf",2,7.37
"pc1","4cpu-i7",0.18,"locf",4,7.55
"pc1","4cpu-i7",0.18,"locf",1,7.58
"pc1","4cpu-i7",0.18,"locf",3,7.57
"pc1","4cpu-i7",0.18,"locf",2,7.38
"pc1","4cpu-i7",0.18,"locf",4,7.46
"pc1","4cpu-i7",0.18,"locf",1,7.48
"pc1","4cpu-i7",0.18,"locf",3,7.58
"pc1","4cpu-i7",0.18,"locf",1,7.17
"pc1","4cpu-i7",0.18,"locf",4,7.24
"pc1","4cpu-i7",0.18,"locf",2,7.35
"pc1","4cpu-i7",0.18,"locf",3,7.54
"pc1","4cpu-i7",0.18,"locf",1,7.37
"pc1","4cpu-i7",0.18,"locf",4,7.44
"pc1","4cpu-i7",0.18,"locf",3,7.65
"pc1","4cpu-i7",0.18,"locf",2,7.75
"pc1","4cpu-i7",0.18,"locf",4,7.47
"pc1","4cpu-i7",0.18,"locf",2,7.59
"pc1","4cpu-i7",0.18,"locf",3,7.67
"pc1","4cpu-i7",0.18,"locf",1,7.78
"pc1","4cpu-i7",0.18,"locf",2,7.59
"pc1","4cpu-i7",0.18,"locf",4,7.58
"pc1","4cpu-i7",0.18,"locf",3,7.67
"pc1","4cpu-i7",0.18,"locf",1,7.7
"pc1","4cpu-i7",0.18,"locf",4,7.46
"pc1","4cpu-i7",0.18,"locf",2,7.67
"pc1","4cpu-i7",0.18,"locf",3,7.67
"pc1","4cpu-i7",0.18,"locf",1,7.78
"pc1","4cpu-i7",0.18,"locf",3,7.57
"pc1","4cpu-i7",0.18,"locf",4,7.66
"pc1","4cpu-i7",0.18,"locf",2,7.68
"pc1","4cpu-i7",0.18,"locf",1,7.69
"pc1","4cpu-i7",0.18,"locf",2,7.68
"pc1","4cpu-i7",0.18,"locf",4,7.75
"pc1","4cpu-i7",0.18,"locf",1,7.88
"pc1","4cpu-i7",0.18,"locf",3,7.95
"pc1","4cpu-i7",0.18,"locf",4,8.06
"pc1","4cpu-i7",0.18,"locf",3,8.16
"pc1","4cpu-i7",0.18,"locf",2,8.17
"pc1","4cpu-i7",0.18,"locf",1,8.27
"pc1","4cpu-i7",0.18,"locf",3,7.48
"pc1","4cpu-i7",0.18,"locf",4,7.48
"pc1","4cpu-i7",0.18,"locf",2,7.59
"pc1","4cpu-i7",0.18,"locf",1,7.69
"pc1","4cpu-i7",0.18,"locf",1,7.47
"pc1","4cpu-i7",0.18,"locf",3,7.48
"pc1","4cpu-i7",0.18,"locf",4,7.48
"pc1","4cpu-i7",0.18,"locf",2,7.48
"pc1","4cpu-i7",0.19,"locf",3,7.99
"pc1","4cpu-i7",0.19,"locf",4,7.99
"pc1","4cpu-i7",0.19,"locf",2,8.02
"pc1","4cpu-i7",0.19,"locf",1,8.04
"pc1","4cpu-i7",0.19,"locf",3,7.56
"pc1","4cpu-i7",0.19,"locf",4,7.59
"pc1","4cpu-i7",0.19,"locf",1,7.59
"pc1","4cpu-i7",0.19,"locf",2,7.67
"pc1","4cpu-i7",0.19,"locf",3,6.88
"pc1","4cpu-i7",0.19,"locf",4,6.95
"pc1","4cpu-i7",0.19,"locf",1,6.98
"pc1","4cpu-i7",0.19,"locf",2,7.08
"pc1","4cpu-i7",0.19,"locf",3,6.85
"pc1","4cpu-i7",0.19,"locf",2,6.86
"pc1","4cpu-i7",0.19,"locf",1,6.96
"pc1","4cpu-i7",0.19,"locf",4,6.96
"pc1","4cpu-i7",0.19,"locf",3,6.36
"pc1","4cpu-i7",0.19,"locf",2,6.36
"pc1","4cpu-i7",0.19,"locf",1,6.36
"pc1","4cpu-i7",0.19,"locf",4,6.36
"pc1","4cpu-i7",0.19,"locf",2,6.36
"pc1","4cpu-i7",0.19,"locf",3,6.53
"pc1","4cpu-i7",0.19,"locf",4,6.54
"pc1","4cpu-i7",0.19,"locf",1,6.67
"pc1","4cpu-i7",0.19,"locf",4,6.56
"pc1","4cpu-i7",0.19,"locf",2,6.69
"pc1","4cpu-i7",0.19,"locf",3,6.69
"pc1","4cpu-i7",0.19,"locf",1,6.78
"pc1","4cpu-i7",0.19,"locf",4,6.98
"pc1","4cpu-i7",0.19,"locf",3,7.07
"pc1","4cpu-i7",0.19,"locf",2,7.08
"pc1","4cpu-i7",0.19,"locf",1,7.09
"pc1","4cpu-i7",0.19,"locf",3,6.98
"pc1","4cpu-i7",0.19,"locf",4,7.06
"pc1","4cpu-i7",0.19,"locf",2,7.18
"pc1","4cpu-i7",0.19,"locf",1,7.28
"pc1","4cpu-i7",0.19,"locf",3,6.67
"pc1","4cpu-i7",0.19,"locf",4,6.75
"pc1","4cpu-i7",0.19,"locf",1,6.78
"pc1","4cpu-i7",0.19,"locf",2,6.88
"pc1","4cpu-i7",0.19,"locf",3,6.69
"pc1","4cpu-i7",0.19,"locf",1,6.69
"pc1","4cpu-i7",0.19,"locf",4,6.76
"pc1","4cpu-i7",0.19,"locf",2,6.89
"pc1","4cpu-i7",0.19,"locf",3,6.66
"pc1","4cpu-i7",0.19,"locf",4,6.75
"pc1","4cpu-i7",0.19,"locf",1,6.79
"pc1","4cpu-i7",0.19,"locf",2,6.87
"pc1","4cpu-i7",0.19,"locf",4,6.96
"pc1","4cpu-i7",0.19,"locf",2,6.98
"pc1","4cpu-i7",0.19,"locf",1,6.99
"pc1","4cpu-i7",0.19,"locf",3,6.98
"pc1","4cpu-i7",0.19,"locf",3,6.84
"pc1","4cpu-i7",0.19,"locf",4,6.84
"pc1","4cpu-i7",0.19,"locf",2,6.87
"pc1","4cpu-i7",0.19,"locf",1,6.96
"pc1","4cpu-i7",0.19,"locf",1,6.9
"pc1","4cpu-i7",0.19,"locf",2,6.89
"pc1","4cpu-i7",0.19,"locf",4,6.96
"pc1","4cpu-i7",0.19,"locf",3,6.97
"pc1","4cpu-i7",0.19,"locf",2,6.58
"pc1","4cpu-i7",0.19,"locf",3,6.76
"pc1","4cpu-i7",0.19,"locf",4,6.96
"pc1","4cpu-i7",0.19,"locf",1,7
"pc1","4cpu-i7",0.19,"locf",3,6.67
"pc1","4cpu-i7",0.19,"locf",2,6.78
"pc1","4cpu-i7",0.19,"locf",1,6.88
"pc1","4cpu-i7",0.19,"locf",4,6.86
"pc1","4cpu-i7",0.19,"locf",2,6.98
"pc1","4cpu-i7",0.19,"locf",3,7.06
"pc1","4cpu-i7",0.19,"locf",1,7.17
"pc1","4cpu-i7",0.19,"locf",4,7.17
"pc1","4cpu-i7",0.19,"locf",3,6.96
"pc1","4cpu-i7",0.19,"locf",2,6.97
"pc1","4cpu-i7",0.19,"locf",1,7.26
"pc1","4cpu-i7",0.19,"locf",4,7.44
"pc1","4cpu-i7",0.19,"locf",4,6.85
"pc1","4cpu-i7",0.19,"locf",1,6.96
"pc1","4cpu-i7",0.19,"locf",2,7.05
"pc1","4cpu-i7",0.19,"locf",3,7.14
"pc1","4cpu-i7",0.19,"locf",4,6.88
"pc1","4cpu-i7",0.19,"locf",3,6.98
"pc1","4cpu-i7",0.19,"locf",2,7
"pc1","4cpu-i7",0.19,"locf",1,7.09
"pc1","4cpu-i7",0.19,"locf",3,7.08
"pc1","4cpu-i7",0.19,"locf",1,7.19
"pc1","4cpu-i7",0.19,"locf",2,7.19
"pc1","4cpu-i7",0.19,"locf",4,7.26
"pc1","4cpu-i7",0.19,"locf",1,6.8
"pc1","4cpu-i7",0.19,"locf",3,6.78
"pc1","4cpu-i7",0.19,"locf",2,6.89
"pc1","4cpu-i7",0.19,"locf",4,6.88
"pc1","4cpu-i7",0.19,"locf",3,6.46
"pc1","4cpu-i7",0.19,"locf",1,6.67
"pc1","4cpu-i7",0.19,"locf",2,6.68
"pc1","4cpu-i7",0.19,"locf",4,6.76
"pc1","4cpu-i7",0.19,"locf",1,6.77
"pc1","4cpu-i7",0.19,"locf",3,6.88
"pc1","4cpu-i7",0.19,"locf",2,6.88
"pc1","4cpu-i7",0.19,"locf",4,6.87
"pc1","4cpu-i7",0.19,"locf",4,6.96
"pc1","4cpu-i7",0.19,"locf",3,6.96
"pc1","4cpu-i7",0.19,"locf",1,7.06
"pc1","4cpu-i7",0.19,"locf",2,7.06
"pc1","4cpu-i7",0.19,"locf",4,7.16
"pc1","4cpu-i7",0.19,"locf",3,7.26
"pc1","4cpu-i7",0.19,"locf",2,7.39
"pc1","4cpu-i7",0.19,"locf",1,7.39
"pc1","4cpu-i7",0.19,"locf",3,6.64
"pc1","4cpu-i7",0.19,"locf",1,6.86
"pc1","4cpu-i7",0.19,"locf",4,6.93
"pc1","4cpu-i7",0.19,"locf",2,6.95
"pc1","4cpu-i7",0.19,"locf",3,6.67
"pc1","4cpu-i7",0.19,"locf",4,6.95
"pc1","4cpu-i7",0.19,"locf",1,6.99
"pc1","4cpu-i7",0.19,"locf",2,7.07
"pc1","4cpu-i7",0.19,"locf",3,6.67
"pc1","4cpu-i7",0.19,"locf",4,6.67
"pc1","4cpu-i7",0.19,"locf",1,6.99
"pc1","4cpu-i7",0.19,"locf",2,7.06
"pc1","4cpu-i7",0.06,"ssa",2,62.58
"pc1","4cpu-i7",0.06,"ssa",3,64.27
"pc1","4cpu-i7",0.06,"ssa",1,70.69
"pc1","4cpu-i7",0.06,"ssa",4,71.37
"pc1","4cpu-i7",0.06,"ssa",1,66.46
"pc1","4cpu-i7",0.06,"ssa",2,67.15
"pc1","4cpu-i7",0.06,"ssa",3,68.84
"pc1","4cpu-i7",0.06,"ssa",4,72.83
"pc1","4cpu-i7",0.06,"ssa",3,61.57
"pc1","4cpu-i7",0.06,"ssa",4,69.86
"pc1","4cpu-i7",0.06,"ssa",2,70.97
"pc1","4cpu-i7",0.06,"ssa",1,91.27
"pc1","4cpu-i7",0.06,"ssa",4,66.54
"pc1","4cpu-i7",0.06,"ssa",1,72.46
"pc1","4cpu-i7",0.06,"ssa",2,73.66
"pc1","4cpu-i7",0.06,"ssa",3,79.94
"pc1","4cpu-i7",0.06,"ssa",3,55.34
"pc1","4cpu-i7",0.06,"ssa",1,60.56
"pc1","4cpu-i7",0.06,"ssa",2,66.85
"pc1","4cpu-i7",0.06,"ssa",4,78.03
"pc1","4cpu-i7",0.06,"ssa",3,66.07
"pc1","4cpu-i7",0.06,"ssa",2,68.07
"pc1","4cpu-i7",0.06,"ssa",4,69.15
"pc1","4cpu-i7",0.06,"ssa",1,69.79
"pc1","4cpu-i7",0.06,"ssa",3,61.54
"pc1","4cpu-i7",0.06,"ssa",4,62.64
"pc1","4cpu-i7",0.06,"ssa",2,68.05
"pc1","4cpu-i7",0.06,"ssa",1,73.16
"pc1","4cpu-i7",0.06,"ssa",3,57.73
"pc1","4cpu-i7",0.06,"ssa",4,62.42
"pc1","4cpu-i7",0.06,"ssa",2,62.54
"pc1","4cpu-i7",0.06,"ssa",1,65.76
"pc1","4cpu-i7",0.06,"ssa",3,46.43
"pc1","4cpu-i7",0.06,"ssa",4,54.42
"pc1","4cpu-i7",0.06,"ssa",1,62.96
"pc1","4cpu-i7",0.06,"ssa",2,67.94
"pc1","4cpu-i7",0.06,"ssa",3,53.54
"pc1","4cpu-i7",0.06,"ssa",1,61.17
"pc1","4cpu-i7",0.06,"ssa",2,63.75
"pc1","4cpu-i7",0.06,"ssa",4,64.43
"pc1","4cpu-i7",0.06,"ssa",3,66.24
"pc1","4cpu-i7",0.06,"ssa",2,66.96
"pc1","4cpu-i7",0.06,"ssa",1,70.07
"pc1","4cpu-i7",0.06,"ssa",4,73.04
"pc1","4cpu-i7",0.06,"ssa",3,61.23
"pc1","4cpu-i7",0.06,"ssa",4,62.52
"pc1","4cpu-i7",0.06,"ssa",2,69.05
"pc1","4cpu-i7",0.06,"ssa",1,73.07
"pc1","4cpu-i7",0.06,"ssa",4,54.84
"pc1","4cpu-i7",0.06,"ssa",3,64.84
"pc1","4cpu-i7",0.06,"ssa",1,68.06
"pc1","4cpu-i7",0.06,"ssa",2,68.85
"pc1","4cpu-i7",0.06,"ssa",3,59.25
"pc1","4cpu-i7",0.06,"ssa",4,59.34
"pc1","4cpu-i7",0.06,"ssa",1,61.77
"pc1","4cpu-i7",0.06,"ssa",2,61.85
"pc1","4cpu-i7",0.06,"ssa",4,66.75
"pc1","4cpu-i7",0.06,"ssa",2,68.67
"pc1","4cpu-i7",0.06,"ssa",3,68.97
"pc1","4cpu-i7",0.06,"ssa",1,70.99
"pc1","4cpu-i7",0.06,"ssa",3,66.76
"pc1","4cpu-i7",0.06,"ssa",1,69.37
"pc1","4cpu-i7",0.06,"ssa",4,70.35
"pc1","4cpu-i7",0.06,"ssa",2,70.77
"pc1","4cpu-i7",0.06,"ssa",4,58.41
"pc1","4cpu-i7",0.06,"ssa",3,59.12
"pc1","4cpu-i7",0.06,"ssa",1,61.17
"pc1","4cpu-i7",0.06,"ssa",2,66.04
"pc1","4cpu-i7",0.06,"ssa",4,58.56
"pc1","4cpu-i7",0.06,"ssa",3,60.47
"pc1","4cpu-i7",0.06,"ssa",1,62.49
"pc1","4cpu-i7",0.06,"ssa",2,66.88
"pc1","4cpu-i7",0.06,"ssa",4,59.04
"pc1","4cpu-i7",0.06,"ssa",3,61.74
"pc1","4cpu-i7",0.06,"ssa",2,65.46
"pc1","4cpu-i7",0.06,"ssa",1,69.87
"pc1","4cpu-i7",0.06,"ssa",3,63.47
"pc1","4cpu-i7",0.06,"ssa",1,68.49
"pc1","4cpu-i7",0.06,"ssa",4,71.66
"pc1","4cpu-i7",0.06,"ssa",2,74.28
"pc1","4cpu-i7",0.06,"ssa",4,54.16
"pc1","4cpu-i7",0.06,"ssa",3,61.66
"pc1","4cpu-i7",0.06,"ssa",2,62.57
"pc1","4cpu-i7",0.06,"ssa",1,68.18
"pc1","4cpu-i7",0.06,"ssa",4,56.35
"pc1","4cpu-i7",0.06,"ssa",1,66.07
"pc1","4cpu-i7",0.06,"ssa",3,66.36
"pc1","4cpu-i7",0.06,"ssa",2,72.76
"pc1","4cpu-i7",0.06,"ssa",4,65.94
"pc1","4cpu-i7",0.06,"ssa",3,66.35
"pc1","4cpu-i7",0.06,"ssa",2,66.45
"pc1","4cpu-i7",0.06,"ssa",1,70.27
"pc1","4cpu-i7",0.06,"ssa",3,64.24
"pc1","4cpu-i7",0.06,"ssa",4,68.33
"pc1","4cpu-i7",0.06,"ssa",1,69.26
"pc1","4cpu-i7",0.06,"ssa",2,70.34
"pc1","4cpu-i7",0.06,"ssa",4,65.16
"pc1","4cpu-i7",0.06,"ssa",3,65.27
"pc1","4cpu-i7",0.06,"ssa",1,67.98
"pc1","4cpu-i7",0.06,"ssa",2,68.48
"pc1","4cpu-i7",0.06,"ssa",3,61.57
"pc1","4cpu-i7",0.06,"ssa",2,65.18
"pc1","4cpu-i7",0.06,"ssa",4,66.16
"pc1","4cpu-i7",0.06,"ssa",1,71.08
"pc1","4cpu-i7",0.06,"ssa",4,63.82
"pc1","4cpu-i7",0.06,"ssa",3,65.92
"pc1","4cpu-i7",0.06,"ssa",1,69.26
"pc1","4cpu-i7",0.06,"ssa",2,74.55
"pc1","4cpu-i7",0.06,"ssa",1,63.57
"pc1","4cpu-i7",0.06,"ssa",4,65.85
"pc1","4cpu-i7",0.06,"ssa",2,67.57
"pc1","4cpu-i7",0.06,"ssa",3,69.66
"pc1","4cpu-i7",0.06,"ssa",4,62.25
"pc1","4cpu-i7",0.06,"ssa",3,62.36
"pc1","4cpu-i7",0.06,"ssa",1,67.88
"pc1","4cpu-i7",0.06,"ssa",2,72.46
"pc1","4cpu-i7",0.06,"ssa",4,61.74
"pc1","4cpu-i7",0.06,"ssa",3,64.75
"pc1","4cpu-i7",0.06,"ssa",2,71.26
"pc1","4cpu-i7",0.06,"ssa",1,74.17
"pc1","4cpu-i7",0.07,"ssa",4,41
"pc1","4cpu-i7",0.07,"ssa",2,49.01
"pc1","4cpu-i7",0.07,"ssa",1,51.32
"pc1","4cpu-i7",0.07,"ssa",3,52.01
"pc1","4cpu-i7",0.07,"ssa",2,50.48
"pc1","4cpu-i7",0.07,"ssa",1,51.69
"pc1","4cpu-i7",0.07,"ssa",4,53.87
"pc1","4cpu-i7",0.07,"ssa",3,68.37
"pc1","4cpu-i7",0.07,"ssa",2,48.95
"pc1","4cpu-i7",0.07,"ssa",1,50.16
"pc1","4cpu-i7",0.07,"ssa",3,51.04
"pc1","4cpu-i7",0.07,"ssa",4,53.73
"pc1","4cpu-i7",0.07,"ssa",4,47.71
"pc1","4cpu-i7",0.07,"ssa",2,50.24
"pc1","4cpu-i7",0.07,"ssa",3,54.54
"pc1","4cpu-i7",0.07,"ssa",1,54.97
"pc1","4cpu-i7",0.07,"ssa",4,50.03
"pc1","4cpu-i7",0.07,"ssa",3,51.34
"pc1","4cpu-i7",0.07,"ssa",1,53.57
"pc1","4cpu-i7",0.07,"ssa",2,53.65
"pc1","4cpu-i7",0.07,"ssa",1,48.89
"pc1","4cpu-i7",0.07,"ssa",3,51.43
"pc1","4cpu-i7",0.07,"ssa",2,53.36
"pc1","4cpu-i7",0.07,"ssa",4,58.99
"pc1","4cpu-i7",0.07,"ssa",2,43.66
"pc1","4cpu-i7",0.07,"ssa",4,46.24
"pc1","4cpu-i7",0.07,"ssa",1,55.06
"pc1","4cpu-i7",0.07,"ssa",3,55.25
"pc1","4cpu-i7",0.07,"ssa",4,46.93
"pc1","4cpu-i7",0.07,"ssa",2,49.75
"pc1","4cpu-i7",0.07,"ssa",1,51.17
"pc1","4cpu-i7",0.07,"ssa",3,54.74
"pc1","4cpu-i7",0.07,"ssa",3,49.14
"pc1","4cpu-i7",0.07,"ssa",4,54.04
"pc1","4cpu-i7",0.07,"ssa",1,56.26
"pc1","4cpu-i7",0.07,"ssa",2,57.65
"pc1","4cpu-i7",0.07,"ssa",3,46.17
"pc1","4cpu-i7",0.07,"ssa",2,47.17
"pc1","4cpu-i7",0.07,"ssa",4,48.25
"pc1","4cpu-i7",0.07,"ssa",1,59.87
"pc1","4cpu-i7",0.07,"ssa",4,45.31
"pc1","4cpu-i7",0.07,"ssa",2,48.24
"pc1","4cpu-i7",0.07,"ssa",1,49.67
"pc1","4cpu-i7",0.07,"ssa",3,61.33
"pc1","4cpu-i7",0.07,"ssa",3,44.16
"pc1","4cpu-i7",0.07,"ssa",1,52.78
"pc1","4cpu-i7",0.07,"ssa",2,56.16
"pc1","4cpu-i7",0.07,"ssa",4,56.46
"pc1","4cpu-i7",0.07,"ssa",2,45.68
"pc1","4cpu-i7",0.07,"ssa",1,49.39
"pc1","4cpu-i7",0.07,"ssa",4,52.06
"pc1","4cpu-i7",0.07,"ssa",3,55.06
"pc1","4cpu-i7",0.07,"ssa",2,40.75
"pc1","4cpu-i7",0.07,"ssa",4,47.04
"pc1","4cpu-i7",0.07,"ssa",1,48.57
"pc1","4cpu-i7",0.07,"ssa",3,51.25
"pc1","4cpu-i7",0.07,"ssa",1,48.14
"pc1","4cpu-i7",0.07,"ssa",2,50.34
"pc1","4cpu-i7",0.07,"ssa",3,53.44
"pc1","4cpu-i7",0.07,"ssa",4,58.55
"pc1","4cpu-i7",0.07,"ssa",2,47.35
"pc1","4cpu-i7",0.07,"ssa",4,48.73
"pc1","4cpu-i7",0.07,"ssa",3,51.14
"pc1","4cpu-i7",0.07,"ssa",1,53.16
"pc1","4cpu-i7",0.07,"ssa",2,42.94
"pc1","4cpu-i7",0.07,"ssa",4,44.41
"pc1","4cpu-i7",0.07,"ssa",1,47.17
"pc1","4cpu-i7",0.07,"ssa",3,50.53
"pc1","4cpu-i7",0.07,"ssa",4,43.45
"pc1","4cpu-i7",0.07,"ssa",2,49.47
"pc1","4cpu-i7",0.07,"ssa",1,59.77
"pc1","4cpu-i7",0.07,"ssa",3,59.85
"pc1","4cpu-i7",0.07,"ssa",4,41.27
"pc1","4cpu-i7",0.07,"ssa",2,48.98
"pc1","4cpu-i7",0.07,"ssa",3,53.47
"pc1","4cpu-i7",0.07,"ssa",1,54.19
"pc1","4cpu-i7",0.07,"ssa",1,45.98
"pc1","4cpu-i7",0.07,"ssa",2,46.87
"pc1","4cpu-i7",0.07,"ssa",4,55.16
"pc1","4cpu-i7",0.07,"ssa",3,57.57
"pc1","4cpu-i7",0.07,"ssa",3,50.55
"pc1","4cpu-i7",0.07,"ssa",1,53.97
"pc1","4cpu-i7",0.07,"ssa",4,55.43
"pc1","4cpu-i7",0.07,"ssa",2,56.26
"pc1","4cpu-i7",0.07,"ssa",2,41.74
"pc1","4cpu-i7",0.07,"ssa",4,41.83
"pc1","4cpu-i7",0.07,"ssa",3,49.94
"pc1","4cpu-i7",0.07,"ssa",1,90.46
"pc1","4cpu-i7",0.07,"ssa",2,48.74
"pc1","4cpu-i7",0.07,"ssa",4,48.81
"pc1","4cpu-i7",0.07,"ssa",1,52.57
"pc1","4cpu-i7",0.07,"ssa",3,56.13
"pc1","4cpu-i7",0.07,"ssa",1,42.15
"pc1","4cpu-i7",0.07,"ssa",3,47.92
"pc1","4cpu-i7",0.07,"ssa",2,49.54
"pc1","4cpu-i7",0.07,"ssa",4,50.1
"pc1","4cpu-i7",0.07,"ssa",2,41.85
"pc1","4cpu-i7",0.07,"ssa",4,49.04
"pc1","4cpu-i7",0.07,"ssa",3,50.25
"pc1","4cpu-i7",0.07,"ssa",1,90.87
"pc1","4cpu-i7",0.07,"ssa",1,42.68
"pc1","4cpu-i7",0.07,"ssa",3,45.87
"pc1","4cpu-i7",0.07,"ssa",4,46.66
"pc1","4cpu-i7",0.07,"ssa",2,49.37
"pc1","4cpu-i7",0.07,"ssa",1,46.37
"pc1","4cpu-i7",0.07,"ssa",3,53.83
"pc1","4cpu-i7",0.07,"ssa",4,53.92
"pc1","4cpu-i7",0.07,"ssa",2,55.25
"pc1","4cpu-i7",0.07,"ssa",4,46.9
"pc1","4cpu-i7",0.07,"ssa",2,52.04
"pc1","4cpu-i7",0.07,"ssa",1,56.16
"pc1","4cpu-i7",0.07,"ssa",3,60.12
"pc1","4cpu-i7",0.07,"ssa",1,44.46
"pc1","4cpu-i7",0.07,"ssa",4,46.03
"pc1","4cpu-i7",0.07,"ssa",2,48.15
"pc1","4cpu-i7",0.07,"ssa",3,51.94
"pc1","4cpu-i7",0.07,"ssa",2,52.85
"pc1","4cpu-i7",0.07,"ssa",1,53.06
"pc1","4cpu-i7",0.07,"ssa",3,54.14
"pc1","4cpu-i7",0.07,"ssa",4,56.73
"pc1","4cpu-i7",0.08,"ssa",1,29.76
"pc1","4cpu-i7",0.08,"ssa",2,39.04
"pc1","4cpu-i7",0.08,"ssa",3,43.31
"pc1","4cpu-i7",0.08,"ssa",4,46
"pc1","4cpu-i7",0.08,"ssa",3,29.63
"pc1","4cpu-i7",0.08,"ssa",2,43.64
"pc1","4cpu-i7",0.08,"ssa",1,45.27
"pc1","4cpu-i7",0.08,"ssa",4,50.92
"pc1","4cpu-i7",0.08,"ssa",1,39.48
"pc1","4cpu-i7",0.08,"ssa",2,45.17
"pc1","4cpu-i7",0.08,"ssa",3,47.07
"pc1","4cpu-i7",0.08,"ssa",4,48.06
"pc1","4cpu-i7",0.08,"ssa",1,31.89
"pc1","4cpu-i7",0.08,"ssa",4,43.45
"pc1","4cpu-i7",0.08,"ssa",2,44.16
"pc1","4cpu-i7",0.08,"ssa",3,46.66
"pc1","4cpu-i7",0.08,"ssa",1,36.95
"pc1","4cpu-i7",0.08,"ssa",3,45.92
"pc1","4cpu-i7",0.08,"ssa",2,48.03
"pc1","4cpu-i7",0.08,"ssa",4,48.51
"pc1","4cpu-i7",0.08,"ssa",1,33.67
"pc1","4cpu-i7",0.08,"ssa",3,35.05
"pc1","4cpu-i7",0.08,"ssa",2,35.05
"pc1","4cpu-i7",0.08,"ssa",4,40.02
"pc1","4cpu-i7",0.08,"ssa",2,38.27
"pc1","4cpu-i7",0.08,"ssa",4,40.56
"pc1","4cpu-i7",0.08,"ssa",3,44.76
"pc1","4cpu-i7",0.08,"ssa",1,46.38
"pc1","4cpu-i7",0.08,"ssa",3,39.04
"pc1","4cpu-i7",0.08,"ssa",2,47.05
"pc1","4cpu-i7",0.08,"ssa",1,48.16
"pc1","4cpu-i7",0.08,"ssa",4,53.33
"pc1","4cpu-i7",0.08,"ssa",1,41.07
"pc1","4cpu-i7",0.08,"ssa",2,41.97
"pc1","4cpu-i7",0.08,"ssa",4,43.16
"pc1","4cpu-i7",0.08,"ssa",3,44.26
"pc1","4cpu-i7",0.08,"ssa",3,40.34
"pc1","4cpu-i7",0.08,"ssa",2,41.14
"pc1","4cpu-i7",0.08,"ssa",4,42.63
"pc1","4cpu-i7",0.08,"ssa",1,43.26
"pc1","4cpu-i7",0.08,"ssa",1,34.05
"pc1","4cpu-i7",0.08,"ssa",2,34.95
"pc1","4cpu-i7",0.08,"ssa",4,38.83
"pc1","4cpu-i7",0.08,"ssa",3,42.34
"pc1","4cpu-i7",0.08,"ssa",4,44.94
"pc1","4cpu-i7",0.08,"ssa",2,45.59
"pc1","4cpu-i7",0.08,"ssa",1,45.59
"pc1","4cpu-i7",0.08,"ssa",3,46.56
"pc1","4cpu-i7",0.08,"ssa",3,39.65
"pc1","4cpu-i7",0.08,"ssa",1,41.57
"pc1","4cpu-i7",0.08,"ssa",4,44.54
"pc1","4cpu-i7",0.08,"ssa",2,48.76
"pc1","4cpu-i7",0.08,"ssa",2,40.92
"pc1","4cpu-i7",0.08,"ssa",4,43.71
"pc1","4cpu-i7",0.08,"ssa",1,47.05
"pc1","4cpu-i7",0.08,"ssa",3,48.61
"pc1","4cpu-i7",0.08,"ssa",2,35.38
"pc1","4cpu-i7",0.08,"ssa",4,36.95
"pc1","4cpu-i7",0.08,"ssa",3,38.86
"pc1","4cpu-i7",0.08,"ssa",1,43.77
"pc1","4cpu-i7",0.08,"ssa",3,40.93
"pc1","4cpu-i7",0.08,"ssa",1,41.87
"pc1","4cpu-i7",0.08,"ssa",2,42.85
"pc1","4cpu-i7",0.08,"ssa",4,47.31
"pc1","4cpu-i7",0.08,"ssa",3,43.28
"pc1","4cpu-i7",0.08,"ssa",2,44.08
"pc1","4cpu-i7",0.08,"ssa",1,45.28
"pc1","4cpu-i7",0.08,"ssa",4,47.77
"pc1","4cpu-i7",0.08,"ssa",3,37.05
"pc1","4cpu-i7",0.08,"ssa",1,38.97
"pc1","4cpu-i7",0.08,"ssa",4,40.44
"pc1","4cpu-i7",0.08,"ssa",2,42.35
"pc1","4cpu-i7",0.08,"ssa",1,41.47
"pc1","4cpu-i7",0.08,"ssa",2,41.96
"pc1","4cpu-i7",0.08,"ssa",4,45.84
"pc1","4cpu-i7",0.08,"ssa",3,46.65
"pc1","4cpu-i7",0.08,"ssa",2,40.64
"pc1","4cpu-i7",0.08,"ssa",1,41.36
"pc1","4cpu-i7",0.08,"ssa",4,45.93
"pc1","4cpu-i7",0.08,"ssa",3,48.13
"pc1","4cpu-i7",0.08,"ssa",3,37.98
"pc1","4cpu-i7",0.08,"ssa",1,39.87
"pc1","4cpu-i7",0.08,"ssa",2,45.83
"pc1","4cpu-i7",0.08,"ssa",4,46.97
"pc1","4cpu-i7",0.08,"ssa",3,35.86
"pc1","4cpu-i7",0.08,"ssa",1,39.88
"pc1","4cpu-i7",0.08,"ssa",2,42.77
"pc1","4cpu-i7",0.08,"ssa",4,43.76
"pc1","4cpu-i7",0.08,"ssa",4,36.5
"pc1","4cpu-i7",0.08,"ssa",2,42.55
"pc1","4cpu-i7",0.08,"ssa",3,45.13
"pc1","4cpu-i7",0.08,"ssa",1,54.06
"pc1","4cpu-i7",0.08,"ssa",3,42.85
"pc1","4cpu-i7",0.08,"ssa",4,43.84
"pc1","4cpu-i7",0.08,"ssa",2,44.65
"pc1","4cpu-i7",0.08,"ssa",2,42.33
"pc1","4cpu-i7",0.08,"ssa",3,44.22
"pc1","4cpu-i7",0.08,"ssa",4,44.51
"pc1","4cpu-i7",0.08,"ssa",1,46.33
"pc1","4cpu-i7",0.08,"ssa",3,36.96
"pc1","4cpu-i7",0.08,"ssa",4,44.96
"pc1","4cpu-i7",0.08,"ssa",2,45.07
"pc1","4cpu-i7",0.08,"ssa",1,48.39
"pc1","4cpu-i7",0.08,"ssa",4,31.53
"pc1","4cpu-i7",0.08,"ssa",1,34.76
"pc1","4cpu-i7",0.08,"ssa",2,34.84
"pc1","4cpu-i7",0.08,"ssa",3,40.03
"pc1","4cpu-i7",0.08,"ssa",1,39.58
"pc1","4cpu-i7",0.08,"ssa",2,40.06
"pc1","4cpu-i7",0.08,"ssa",4,41.15
"pc1","4cpu-i7",0.08,"ssa",3,43.06
"pc1","4cpu-i7",0.08,"ssa",1,38.77
"pc1","4cpu-i7",0.08,"ssa",3,42.74
"pc1","4cpu-i7",0.08,"ssa",2,43.85
"pc1","4cpu-i7",0.08,"ssa",4,45.24
"pc1","4cpu-i7",0.08,"ssa",4,31.14
"pc1","4cpu-i7",0.08,"ssa",3,31.74
"pc1","4cpu-i7",0.08,"ssa",2,35.97
"pc1","4cpu-i7",0.08,"ssa",1,43.77
"pc1","4cpu-i7",0.09,"ssa",4,39.24
"pc1","4cpu-i7",0.09,"ssa",3,45.35
"pc1","4cpu-i7",0.09,"ssa",2,47.65
"pc1","4cpu-i7",0.09,"ssa",1,49.47
"pc1","4cpu-i7",0.09,"ssa",3,37.96
"pc1","4cpu-i7",0.09,"ssa",4,40.34
"pc1","4cpu-i7",0.09,"ssa",1,42.58
"pc1","4cpu-i7",0.09,"ssa",2,47.54
"pc1","4cpu-i7",0.09,"ssa",4,34.73
"pc1","4cpu-i7",0.09,"ssa",2,37.07
"pc1","4cpu-i7",0.09,"ssa",3,41.55
"pc1","4cpu-i7",0.09,"ssa",1,42.98
"pc1","4cpu-i7",0.09,"ssa",4,31.44
"pc1","4cpu-i7",0.09,"ssa",1,36.89
"pc1","4cpu-i7",0.09,"ssa",2,39.48
"pc1","4cpu-i7",0.09,"ssa",3,39.67
"pc1","4cpu-i7",0.09,"ssa",4,35.14
"pc1","4cpu-i7",0.09,"ssa",3,39.26
"pc1","4cpu-i7",0.09,"ssa",1,40.39
"pc1","4cpu-i7",0.09,"ssa",2,49.77
"pc1","4cpu-i7",0.09,"ssa",3,34.16
"pc1","4cpu-i7",0.09,"ssa",4,35.05
"pc1","4cpu-i7",0.09,"ssa",2,36.58
"pc1","4cpu-i7",0.09,"ssa",1,38.29
"pc1","4cpu-i7",0.09,"ssa",4,23.13
"pc1","4cpu-i7",0.09,"ssa",3,26.64
"pc1","4cpu-i7",0.09,"ssa",1,37.86
"pc1","4cpu-i7",0.09,"ssa",2,46.65
"pc1","4cpu-i7",0.09,"ssa",4,33.33
"pc1","4cpu-i7",0.09,"ssa",2,41.85
"pc1","4cpu-i7",0.09,"ssa",1,43.46
"pc1","4cpu-i7",0.09,"ssa",3,44.94
"pc1","4cpu-i7",0.09,"ssa",2,29.95
"pc1","4cpu-i7",0.09,"ssa",4,31.13
"pc1","4cpu-i7",0.09,"ssa",1,33.97
"pc1","4cpu-i7",0.09,"ssa",3,49.34
"pc1","4cpu-i7",0.09,"ssa",3,31.23
"pc1","4cpu-i7",0.09,"ssa",4,34.32
"pc1","4cpu-i7",0.09,"ssa",2,38.14
"pc1","4cpu-i7",0.09,"ssa",1,46.73
"pc1","4cpu-i7",0.09,"ssa",3,33.34
"pc1","4cpu-i7",0.09,"ssa",2,38.95
"pc1","4cpu-i7",0.09,"ssa",1,42.77
"pc1","4cpu-i7",0.09,"ssa",4,90.84
"pc1","4cpu-i7",0.09,"ssa",4,33.19
"pc1","4cpu-i7",0.09,"ssa",3,36.11
"pc1","4cpu-i7",0.09,"ssa",1,39.16
"pc1","4cpu-i7",0.09,"ssa",2,41.75
"pc1","4cpu-i7",0.09,"ssa",1,30.66
"pc1","4cpu-i7",0.09,"ssa",4,34.94
"pc1","4cpu-i7",0.09,"ssa",2,38.95
"pc1","4cpu-i7",0.09,"ssa",3,39.44
"pc1","4cpu-i7",0.09,"ssa",1,30.86
"pc1","4cpu-i7",0.09,"ssa",3,33.52
"pc1","4cpu-i7",0.09,"ssa",4,34.5
"pc1","4cpu-i7",0.09,"ssa",2,40.74
"pc1","4cpu-i7",0.09,"ssa",4,34.63
"pc1","4cpu-i7",0.09,"ssa",1,39.66
"pc1","4cpu-i7",0.09,"ssa",3,40.14
"pc1","4cpu-i7",0.09,"ssa",2,40.45
"pc1","4cpu-i7",0.09,"ssa",1,25.76
"pc1","4cpu-i7",0.09,"ssa",4,34.62
"pc1","4cpu-i7",0.09,"ssa",3,41.52
"pc1","4cpu-i7",0.09,"ssa",2,43.75
"pc1","4cpu-i7",0.09,"ssa",4,35.55
"pc1","4cpu-i7",0.09,"ssa",2,36.88
"pc1","4cpu-i7",0.09,"ssa",3,40.87
"pc1","4cpu-i7",0.09,"ssa",1,45.07
"pc1","4cpu-i7",0.09,"ssa",4,28.93
"pc1","4cpu-i7",0.09,"ssa",1,32.77
"pc1","4cpu-i7",0.09,"ssa",3,41.45
"pc1","4cpu-i7",0.09,"ssa",2,41.55
"pc1","4cpu-i7",0.09,"ssa",4,34.14
"pc1","4cpu-i7",0.09,"ssa",2,36.95
"pc1","4cpu-i7",0.09,"ssa",3,38.24
"pc1","4cpu-i7",0.09,"ssa",1,41.49
"pc1","4cpu-i7",0.09,"ssa",1,28.45
"pc1","4cpu-i7",0.09,"ssa",3,33.92
"pc1","4cpu-i7",0.09,"ssa",4,37
"pc1","4cpu-i7",0.09,"ssa",2,43.34
"pc1","4cpu-i7",0.09,"ssa",2,31.25
"pc1","4cpu-i7",0.09,"ssa",4,34.03
"pc1","4cpu-i7",0.09,"ssa",3,35.43
"pc1","4cpu-i7",0.09,"ssa",1,44.37
"pc1","4cpu-i7",0.09,"ssa",1,34.25
"pc1","4cpu-i7",0.09,"ssa",4,36.23
"pc1","4cpu-i7",0.09,"ssa",3,43.23
"pc1","4cpu-i7",0.09,"ssa",2,44.44
"pc1","4cpu-i7",0.09,"ssa",2,33.88
"pc1","4cpu-i7",0.09,"ssa",3,34.58
"pc1","4cpu-i7",0.09,"ssa",4,36.67
"pc1","4cpu-i7",0.09,"ssa",1,46.19
"pc1","4cpu-i7",0.09,"ssa",4,29.33
"pc1","4cpu-i7",0.09,"ssa",3,29.45
"pc1","4cpu-i7",0.09,"ssa",2,39.75
"pc1","4cpu-i7",0.09,"ssa",1,51.17
"pc1","4cpu-i7",0.09,"ssa",3,35.94
"pc1","4cpu-i7",0.09,"ssa",4,37.23
"pc1","4cpu-i7",0.09,"ssa",2,39.14
"pc1","4cpu-i7",0.09,"ssa",1,46.97
"pc1","4cpu-i7",0.09,"ssa",4,36.51
"pc1","4cpu-i7",0.09,"ssa",2,41.34
"pc1","4cpu-i7",0.09,"ssa",1,41.87
"pc1","4cpu-i7",0.09,"ssa",3,43.82
"pc1","4cpu-i7",0.09,"ssa",4,35.73
"pc1","4cpu-i7",0.09,"ssa",1,38.66
"pc1","4cpu-i7",0.09,"ssa",3,39.94
"pc1","4cpu-i7",0.09,"ssa",2,45.36
"pc1","4cpu-i7",0.09,"ssa",4,24.84
"pc1","4cpu-i7",0.09,"ssa",2,36.67
"pc1","4cpu-i7",0.09,"ssa",3,45.05
"pc1","4cpu-i7",0.09,"ssa",1,47.58
"pc1","4cpu-i7",0.09,"ssa",4,33.33
"pc1","4cpu-i7",0.09,"ssa",3,39.74
"pc1","4cpu-i7",0.09,"ssa",2,42.45
"pc1","4cpu-i7",0.09,"ssa",1,44.88
"pc1","4cpu-i7",0.09,"ssa",4,31.51
"pc1","4cpu-i7",0.09,"ssa",2,43.15
"pc1","4cpu-i7",0.09,"ssa",3,43.82
"pc1","4cpu-i7",0.09,"ssa",1,45.96
"pc1","4cpu-i7",0.11,"ssa",2,24.54
"pc1","4cpu-i7",0.11,"ssa",4,26.61
"pc1","4cpu-i7",0.11,"ssa",1,28.05
"pc1","4cpu-i7",0.11,"ssa",3,28.42
"pc1","4cpu-i7",0.11,"ssa",3,23.27
"pc1","4cpu-i7",0.11,"ssa",4,25.37
"pc1","4cpu-i7",0.11,"ssa",2,26.18
"pc1","4cpu-i7",0.11,"ssa",1,27.68
"pc1","4cpu-i7",0.11,"ssa",4,19.14
"pc1","4cpu-i7",0.11,"ssa",3,22.15
"pc1","4cpu-i7",0.11,"ssa",2,23.35
"pc1","4cpu-i7",0.11,"ssa",1,28.66
"pc1","4cpu-i7",0.11,"ssa",3,21.27
"pc1","4cpu-i7",0.11,"ssa",4,23.97
"pc1","4cpu-i7",0.11,"ssa",1,24.5
"pc1","4cpu-i7",0.11,"ssa",2,26.18
"pc1","4cpu-i7",0.11,"ssa",2,20.96
"pc1","4cpu-i7",0.11,"ssa",4,21.64
"pc1","4cpu-i7",0.11,"ssa",3,22.76
"pc1","4cpu-i7",0.11,"ssa",1,24.37
"pc1","4cpu-i7",0.11,"ssa",3,19.35
"pc1","4cpu-i7",0.11,"ssa",1,24.17
"pc1","4cpu-i7",0.11,"ssa",4,24.43
"pc1","4cpu-i7",0.11,"ssa",2,27.25
"pc1","4cpu-i7",0.11,"ssa",4,22.57
"pc1","4cpu-i7",0.11,"ssa",1,24.89
"pc1","4cpu-i7",0.11,"ssa",2,25.18
"pc1","4cpu-i7",0.11,"ssa",3,28.17
"pc1","4cpu-i7",0.11,"ssa",2,27.08
"pc1","4cpu-i7",0.11,"ssa",4,27.37
"pc1","4cpu-i7",0.11,"ssa",1,29.29
"pc1","4cpu-i7",0.11,"ssa",3,29.57
"pc1","4cpu-i7",0.11,"ssa",2,21.04
"pc1","4cpu-i7",0.11,"ssa",4,25.32
"pc1","4cpu-i7",0.11,"ssa",3,25.53
"pc1","4cpu-i7",0.11,"ssa",1,27.26
"pc1","4cpu-i7",0.11,"ssa",3,20.45
"pc1","4cpu-i7",0.11,"ssa",4,22.74
"pc1","4cpu-i7",0.11,"ssa",1,25.57
"pc1","4cpu-i7",0.11,"ssa",2,26.76
"pc1","4cpu-i7",0.11,"ssa",2,20.95
"pc1","4cpu-i7",0.11,"ssa",3,22.04
"pc1","4cpu-i7",0.11,"ssa",4,22.93
"pc1","4cpu-i7",0.11,"ssa",1,30.85
"pc1","4cpu-i7",0.11,"ssa",2,21.36
"pc1","4cpu-i7",0.11,"ssa",3,22.25
"pc1","4cpu-i7",0.11,"ssa",1,23.67
"pc1","4cpu-i7",0.11,"ssa",4,28.24
"pc1","4cpu-i7",0.11,"ssa",3,23.1
"pc1","4cpu-i7",0.11,"ssa",2,24.51
"pc1","4cpu-i7",0.11,"ssa",4,25.6
"pc1","4cpu-i7",0.11,"ssa",1,27.1
"pc1","4cpu-i7",0.11,"ssa",2,21.08
"pc1","4cpu-i7",0.11,"ssa",3,23.66
"pc1","4cpu-i7",0.11,"ssa",4,25.16
"pc1","4cpu-i7",0.11,"ssa",1,25.99
"pc1","4cpu-i7",0.11,"ssa",2,18.16
"pc1","4cpu-i7",0.11,"ssa",4,21.04
"pc1","4cpu-i7",0.11,"ssa",3,25.84
"pc1","4cpu-i7",0.11,"ssa",1,26.67
"pc1","4cpu-i7",0.11,"ssa",3,23.15
"pc1","4cpu-i7",0.11,"ssa",1,24.58
"pc1","4cpu-i7",0.11,"ssa",2,28.45
"pc1","4cpu-i7",0.11,"ssa",4,30.54
"pc1","4cpu-i7",0.11,"ssa",3,17.83
"pc1","4cpu-i7",0.11,"ssa",4,22.31
"pc1","4cpu-i7",0.11,"ssa",2,23.95
"pc1","4cpu-i7",0.11,"ssa",1,30.86
"pc1","4cpu-i7",0.11,"ssa",3,25.77
"pc1","4cpu-i7",0.11,"ssa",1,25.99
"pc1","4cpu-i7",0.11,"ssa",2,26.89
"pc1","4cpu-i7",0.11,"ssa",4,29.27
"pc1","4cpu-i7",0.11,"ssa",2,22.06
"pc1","4cpu-i7",0.11,"ssa",4,23.24
"pc1","4cpu-i7",0.11,"ssa",3,23.34
"pc1","4cpu-i7",0.11,"ssa",1,26.57
"pc1","4cpu-i7",0.11,"ssa",3,22.96
"pc1","4cpu-i7",0.11,"ssa",1,25.68
"pc1","4cpu-i7",0.11,"ssa",2,26.76
"pc1","4cpu-i7",0.11,"ssa",4,27.25
"pc1","4cpu-i7",0.11,"ssa",3,19.93
"pc1","4cpu-i7",0.11,"ssa",2,20.74
"pc1","4cpu-i7",0.11,"ssa",4,21.52
"pc1","4cpu-i7",0.11,"ssa",1,26.27
"pc1","4cpu-i7",0.11,"ssa",1,26.86
"pc1","4cpu-i7",0.11,"ssa",3,27.04
"pc1","4cpu-i7",0.11,"ssa",4,29.53
"pc1","4cpu-i7",0.11,"ssa",2,30.75
"pc1","4cpu-i7",0.11,"ssa",4,23.25
"pc1","4cpu-i7",0.11,"ssa",3,23.55
"pc1","4cpu-i7",0.11,"ssa",1,23.66
"pc1","4cpu-i7",0.11,"ssa",2,26.76
"pc1","4cpu-i7",0.11,"ssa",2,24.07
"pc1","4cpu-i7",0.11,"ssa",1,24.38
"pc1","4cpu-i7",0.11,"ssa",3,24.77
"pc1","4cpu-i7",0.11,"ssa",4,28.06
"pc1","4cpu-i7",0.11,"ssa",2,21.36
"pc1","4cpu-i7",0.11,"ssa",4,22.64
"pc1","4cpu-i7",0.11,"ssa",3,22.85
"pc1","4cpu-i7",0.11,"ssa",1,25.57
"pc1","4cpu-i7",0.11,"ssa",3,22.88
"pc1","4cpu-i7",0.11,"ssa",2,24.58
"pc1","4cpu-i7",0.11,"ssa",4,27.47
"pc1","4cpu-i7",0.11,"ssa",1,27.59
"pc1","4cpu-i7",0.11,"ssa",3,18.16
"pc1","4cpu-i7",0.11,"ssa",2,20.78
"pc1","4cpu-i7",0.11,"ssa",4,23.18
"pc1","4cpu-i7",0.11,"ssa",1,23.18
"pc1","4cpu-i7",0.11,"ssa",3,24.93
"pc1","4cpu-i7",0.11,"ssa",1,25.67
"pc1","4cpu-i7",0.11,"ssa",2,26.05
"pc1","4cpu-i7",0.11,"ssa",4,29.01
"pc1","4cpu-i7",0.11,"ssa",4,20.04
"pc1","4cpu-i7",0.11,"ssa",3,21.34
"pc1","4cpu-i7",0.11,"ssa",2,23.16
"pc1","4cpu-i7",0.11,"ssa",1,31.97
"pc1","4cpu-i7",0.11,"ssa",3,22.56
"pc1","4cpu-i7",0.11,"ssa",1,23.47
"pc1","4cpu-i7",0.11,"ssa",4,25.45
"pc1","4cpu-i7",0.11,"ssa",2,26.16
"pc1","4cpu-i7",0.12,"ssa",1,19.7
"pc1","4cpu-i7",0.12,"ssa",4,19.98
"pc1","4cpu-i7",0.12,"ssa",3,21.09
"pc1","4cpu-i7",0.12,"ssa",2,22.3
"pc1","4cpu-i7",0.12,"ssa",1,18.46
"pc1","4cpu-i7",0.12,"ssa",2,18.85
"pc1","4cpu-i7",0.12,"ssa",3,20.74
"pc1","4cpu-i7",0.12,"ssa",4,21.24
"pc1","4cpu-i7",0.12,"ssa",2,18.95
"pc1","4cpu-i7",0.12,"ssa",1,19.08
"pc1","4cpu-i7",0.12,"ssa",3,19.45
"pc1","4cpu-i7",0.12,"ssa",4,22.73
"pc1","4cpu-i7",0.12,"ssa",4,17.78
"pc1","4cpu-i7",0.12,"ssa",1,19.18
"pc1","4cpu-i7",0.12,"ssa",3,19.27
"pc1","4cpu-i7",0.12,"ssa",2,20.08
"pc1","4cpu-i7",0.12,"ssa",1,20.09
"pc1","4cpu-i7",0.12,"ssa",2,22.57
"pc1","4cpu-i7",0.12,"ssa",3,22.76
"pc1","4cpu-i7",0.12,"ssa",4,24.66
"pc1","4cpu-i7",0.12,"ssa",3,17.66
"pc1","4cpu-i7",0.12,"ssa",2,17.97
"pc1","4cpu-i7",0.12,"ssa",4,19.76
"pc1","4cpu-i7",0.12,"ssa",1,20.58
"pc1","4cpu-i7",0.12,"ssa",4,17.86
"pc1","4cpu-i7",0.12,"ssa",3,20.57
"pc1","4cpu-i7",0.12,"ssa",1,22.38
"pc1","4cpu-i7",0.12,"ssa",2,23.97
"pc1","4cpu-i7",0.12,"ssa",3,17.36
"pc1","4cpu-i7",0.12,"ssa",2,17.47
"pc1","4cpu-i7",0.12,"ssa",4,17.75
"pc1","4cpu-i7",0.12,"ssa",1,29.18
"pc1","4cpu-i7",0.12,"ssa",2,17.27
"pc1","4cpu-i7",0.12,"ssa",4,19.25
"pc1","4cpu-i7",0.12,"ssa",1,19.57
"pc1","4cpu-i7",0.12,"ssa",3,20.95
"pc1","4cpu-i7",0.12,"ssa",3,16.32
"pc1","4cpu-i7",0.12,"ssa",2,16.94
"pc1","4cpu-i7",0.12,"ssa",4,17.19
"pc1","4cpu-i7",0.12,"ssa",1,29.06
"pc1","4cpu-i7",0.12,"ssa",1,17.29
"pc1","4cpu-i7",0.12,"ssa",4,18.04
"pc1","4cpu-i7",0.12,"ssa",2,18.38
"pc1","4cpu-i7",0.12,"ssa",3,19.66
"pc1","4cpu-i7",0.12,"ssa",2,18.35
"pc1","4cpu-i7",0.12,"ssa",3,19.04
"pc1","4cpu-i7",0.12,"ssa",1,21.28
"pc1","4cpu-i7",0.12,"ssa",4,22.22
"pc1","4cpu-i7",0.12,"ssa",4,18.25
"pc1","4cpu-i7",0.12,"ssa",2,18.77
"pc1","4cpu-i7",0.12,"ssa",1,18.88
"pc1","4cpu-i7",0.12,"ssa",3,28.46
"pc1","4cpu-i7",0.12,"ssa",3,17.54
"pc1","4cpu-i7",0.12,"ssa",2,17.85
"pc1","4cpu-i7",0.12,"ssa",1,20.27
"pc1","4cpu-i7",0.12,"ssa",4,21.54
"pc1","4cpu-i7",0.12,"ssa",4,18.46
"pc1","4cpu-i7",0.12,"ssa",2,18.46
"pc1","4cpu-i7",0.12,"ssa",1,20.17
"pc1","4cpu-i7",0.12,"ssa",3,22.64
"pc1","4cpu-i7",0.12,"ssa",4,16.91
"pc1","4cpu-i7",0.12,"ssa",3,17.34
"pc1","4cpu-i7",0.12,"ssa",2,17.55
"pc1","4cpu-i7",0.12,"ssa",1,29.06
"pc1","4cpu-i7",0.12,"ssa",4,18.34
"pc1","4cpu-i7",0.12,"ssa",3,18.45
"pc1","4cpu-i7",0.12,"ssa",1,18.86
"pc1","4cpu-i7",0.12,"ssa",2,19.65
"pc1","4cpu-i7",0.12,"ssa",4,17.16
"pc1","4cpu-i7",0.12,"ssa",3,18.06
"pc1","4cpu-i7",0.12,"ssa",2,18.27
"pc1","4cpu-i7",0.12,"ssa",1,24.98
"pc1","4cpu-i7",0.12,"ssa",1,17.16
"pc1","4cpu-i7",0.12,"ssa",2,17.66
"pc1","4cpu-i7",0.12,"ssa",4,20.44
"pc1","4cpu-i7",0.12,"ssa",3,21.24
"pc1","4cpu-i7",0.12,"ssa",2,18.98
"pc1","4cpu-i7",0.12,"ssa",1,19.59
"pc1","4cpu-i7",0.12,"ssa",4,19.87
"pc1","4cpu-i7",0.12,"ssa",3,22.37
"pc1","4cpu-i7",0.12,"ssa",3,16.23
"pc1","4cpu-i7",0.12,"ssa",1,17.57
"pc1","4cpu-i7",0.12,"ssa",2,18.26
"pc1","4cpu-i7",0.12,"ssa",4,22.24
"pc1","4cpu-i7",0.12,"ssa",3,17.65
"pc1","4cpu-i7",0.12,"ssa",4,18.84
"pc1","4cpu-i7",0.12,"ssa",2,19.66
"pc1","4cpu-i7",0.12,"ssa",1,21.16
"pc1","4cpu-i7",0.12,"ssa",1,20.08
"pc1","4cpu-i7",0.12,"ssa",3,20.08
"pc1","4cpu-i7",0.12,"ssa",2,20.27
"pc1","4cpu-i7",0.12,"ssa",4,22.25
"pc1","4cpu-i7",0.12,"ssa",2,20.67
"pc1","4cpu-i7",0.12,"ssa",4,22.02
"pc1","4cpu-i7",0.12,"ssa",1,22.17
"pc1","4cpu-i7",0.12,"ssa",3,22.15
"pc1","4cpu-i7",0.12,"ssa",4,19.34
"pc1","4cpu-i7",0.12,"ssa",2,20.95
"pc1","4cpu-i7",0.12,"ssa",3,21.05
"pc1","4cpu-i7",0.12,"ssa",1,23.76
"pc1","4cpu-i7",0.12,"ssa",4,18.65
"pc1","4cpu-i7",0.12,"ssa",1,21.27
"pc1","4cpu-i7",0.12,"ssa",2,22.76
"pc1","4cpu-i7",0.12,"ssa",3,23.15
"pc1","4cpu-i7",0.12,"ssa",3,18.66
"pc1","4cpu-i7",0.12,"ssa",2,19.77
"pc1","4cpu-i7",0.12,"ssa",4,19.86
"pc1","4cpu-i7",0.12,"ssa",1,21.89
"pc1","4cpu-i7",0.12,"ssa",2,17.88
"pc1","4cpu-i7",0.12,"ssa",3,20.07
"pc1","4cpu-i7",0.12,"ssa",4,21.95
"pc1","4cpu-i7",0.12,"ssa",1,22.28
"pc1","4cpu-i7",0.12,"ssa",2,19.1
"pc1","4cpu-i7",0.12,"ssa",1,19.13
"pc1","4cpu-i7",0.12,"ssa",4,20.76
"pc1","4cpu-i7",0.12,"ssa",3,17.83
"pc1","4cpu-i7",0.12,"ssa",2,18.24
"pc1","4cpu-i7",0.12,"ssa",1,19.96
"pc1","4cpu-i7",0.12,"ssa",4,21.93
"pc1","4cpu-i7",0.13,"ssa",4,17.82
"pc1","4cpu-i7",0.13,"ssa",2,19.23
"pc1","4cpu-i7",0.13,"ssa",1,19.94
"pc1","4cpu-i7",0.13,"ssa",3,23.93
"pc1","4cpu-i7",0.13,"ssa",3,15.94
"pc1","4cpu-i7",0.13,"ssa",4,17.03
"pc1","4cpu-i7",0.13,"ssa",2,17.25
"pc1","4cpu-i7",0.13,"ssa",1,19.07
"pc1","4cpu-i7",0.13,"ssa",1,20.37
"pc1","4cpu-i7",0.13,"ssa",4,20.65
"pc1","4cpu-i7",0.13,"ssa",2,20.96
"pc1","4cpu-i7",0.13,"ssa",3,21.14
"pc1","4cpu-i7",0.13,"ssa",1,18.98
"pc1","4cpu-i7",0.13,"ssa",2,19.68
"pc1","4cpu-i7",0.13,"ssa",4,20.67
"pc1","4cpu-i7",0.13,"ssa",3,21.67
"pc1","4cpu-i7",0.13,"ssa",4,15.85
"pc1","4cpu-i7",0.13,"ssa",1,16.87
"pc1","4cpu-i7",0.13,"ssa",3,17.75
"pc1","4cpu-i7",0.13,"ssa",2,21.06
"pc1","4cpu-i7",0.13,"ssa",4,15.23
"pc1","4cpu-i7",0.13,"ssa",3,16.74
"pc1","4cpu-i7",0.13,"ssa",2,17.75
"pc1","4cpu-i7",0.13,"ssa",1,18.96
"pc1","4cpu-i7",0.13,"ssa",4,15.23
"pc1","4cpu-i7",0.13,"ssa",1,17.47
"pc1","4cpu-i7",0.13,"ssa",3,20.14
"pc1","4cpu-i7",0.13,"ssa",2,22.55
"pc1","4cpu-i7",0.13,"ssa",4,16.73
"pc1","4cpu-i7",0.13,"ssa",2,16.73
"pc1","4cpu-i7",0.13,"ssa",3,17.5
"pc1","4cpu-i7",0.13,"ssa",1,19
"pc1","4cpu-i7",0.13,"ssa",3,16.32
"pc1","4cpu-i7",0.13,"ssa",2,17.15
"pc1","4cpu-i7",0.13,"ssa",1,20.16
"pc1","4cpu-i7",0.13,"ssa",4,20.31
"pc1","4cpu-i7",0.13,"ssa",4,16.26
"pc1","4cpu-i7",0.13,"ssa",3,21.39
"pc1","4cpu-i7",0.13,"ssa",2,23.49
"pc1","4cpu-i7",0.13,"ssa",1,24
"pc1","4cpu-i7",0.13,"ssa",2,17.15
"pc1","4cpu-i7",0.13,"ssa",4,19.24
"pc1","4cpu-i7",0.13,"ssa",1,21.66
"pc1","4cpu-i7",0.13,"ssa",3,22.95
"pc1","4cpu-i7",0.13,"ssa",2,16.47
"pc1","4cpu-i7",0.13,"ssa",4,17.08
"pc1","4cpu-i7",0.13,"ssa",3,17.08
"pc1","4cpu-i7",0.13,"ssa",1,19.28
"pc1","4cpu-i7",0.13,"ssa",1,14.67
"pc1","4cpu-i7",0.13,"ssa",4,16.83
"pc1","4cpu-i7",0.13,"ssa",3,17.74
"pc1","4cpu-i7",0.13,"ssa",2,19.25
"pc1","4cpu-i7",0.13,"ssa",4,16.31
"pc1","4cpu-i7",0.13,"ssa",1,19.97
"pc1","4cpu-i7",0.13,"ssa",3,19.94
"pc1","4cpu-i7",0.13,"ssa",2,20.74
"pc1","4cpu-i7",0.13,"ssa",4,15.61
"pc1","4cpu-i7",0.13,"ssa",1,16.57
"pc1","4cpu-i7",0.13,"ssa",3,18.12
"pc1","4cpu-i7",0.13,"ssa",2,21.43
"pc1","4cpu-i7",0.13,"ssa",4,14.24
"pc1","4cpu-i7",0.13,"ssa",1,15.47
"pc1","4cpu-i7",0.13,"ssa",3,16.15
"pc1","4cpu-i7",0.13,"ssa",2,18.16
"pc1","4cpu-i7",0.13,"ssa",4,20.11
"pc1","4cpu-i7",0.13,"ssa",1,21.05
"pc1","4cpu-i7",0.13,"ssa",2,21.74
"pc1","4cpu-i7",0.13,"ssa",3,22.12
"pc1","4cpu-i7",0.13,"ssa",4,14.94
"pc1","4cpu-i7",0.13,"ssa",2,17.26
"pc1","4cpu-i7",0.13,"ssa",1,18.37
"pc1","4cpu-i7",0.13,"ssa",3,21.34
"pc1","4cpu-i7",0.13,"ssa",2,15.35
"pc1","4cpu-i7",0.13,"ssa",4,15.64
"pc1","4cpu-i7",0.13,"ssa",3,18.65
"pc1","4cpu-i7",0.13,"ssa",1,21.57
"pc1","4cpu-i7",0.13,"ssa",4,15.76
"pc1","4cpu-i7",0.13,"ssa",2,16.97
"pc1","4cpu-i7",0.13,"ssa",1,19.87
"pc1","4cpu-i7",0.13,"ssa",3,21.17
"pc1","4cpu-i7",0.13,"ssa",2,15.78
"pc1","4cpu-i7",0.13,"ssa",4,16.55
"pc1","4cpu-i7",0.13,"ssa",1,18.98
"pc1","4cpu-i7",0.13,"ssa",3,19.75
"pc1","4cpu-i7",0.13,"ssa",4,16.45
"pc1","4cpu-i7",0.13,"ssa",2,16.76
"pc1","4cpu-i7",0.13,"ssa",3,17.66
"pc1","4cpu-i7",0.13,"ssa",1,21.48
"pc1","4cpu-i7",0.13,"ssa",4,16.19
"pc1","4cpu-i7",0.13,"ssa",1,16.66
"pc1","4cpu-i7",0.13,"ssa",2,17.25
"pc1","4cpu-i7",0.13,"ssa",3,25.23
"pc1","4cpu-i7",0.13,"ssa",4,16.63
"pc1","4cpu-i7",0.13,"ssa",1,16.86
"pc1","4cpu-i7",0.13,"ssa",3,20.33
"pc1","4cpu-i7",0.13,"ssa",2,21.04
"pc1","4cpu-i7",0.13,"ssa",4,15.84
"pc1","4cpu-i7",0.13,"ssa",2,16.45
"pc1","4cpu-i7",0.13,"ssa",3,19.45
"pc1","4cpu-i7",0.13,"ssa",1,21.98
"pc1","4cpu-i7",0.13,"ssa",2,15.23
"pc1","4cpu-i7",0.13,"ssa",1,16.16
"pc1","4cpu-i7",0.13,"ssa",4,17.9
"pc1","4cpu-i7",0.13,"ssa",3,19.42
"pc1","4cpu-i7",0.13,"ssa",3,15.23
"pc1","4cpu-i7",0.13,"ssa",4,15.73
"pc1","4cpu-i7",0.13,"ssa",1,16.15
"pc1","4cpu-i7",0.13,"ssa",2,17.54
"pc1","4cpu-i7",0.13,"ssa",2,17.68
"pc1","4cpu-i7",0.13,"ssa",4,17.96
"pc1","4cpu-i7",0.13,"ssa",3,20.16
"pc1","4cpu-i7",0.13,"ssa",1,23.78
"pc1","4cpu-i7",0.13,"ssa",3,17.36
"pc1","4cpu-i7",0.13,"ssa",2,18.08
"pc1","4cpu-i7",0.13,"ssa",1,18.78
"pc1","4cpu-i7",0.13,"ssa",4,20.35
"pc1","4cpu-i7",0.13,"ssa",2,16.45
"pc1","4cpu-i7",0.13,"ssa",1,18.06
"pc1","4cpu-i7",0.13,"ssa",4,20.53
"pc1","4cpu-i7",0.13,"ssa",3,22.24
"pc1","4cpu-i7",0.14,"ssa",3,15.21
"pc1","4cpu-i7",0.14,"ssa",2,16.21
"pc1","4cpu-i7",0.14,"ssa",4,16.9
"pc1","4cpu-i7",0.14,"ssa",1,17.11
"pc1","4cpu-i7",0.14,"ssa",4,15.44
"pc1","4cpu-i7",0.14,"ssa",1,16.37
"pc1","4cpu-i7",0.14,"ssa",3,17.44
"pc1","4cpu-i7",0.14,"ssa",2,19.65
"pc1","4cpu-i7",0.14,"ssa",4,14.44
"pc1","4cpu-i7",0.14,"ssa",1,14.87
"pc1","4cpu-i7",0.14,"ssa",3,16.14
"pc1","4cpu-i7",0.14,"ssa",2,17.56
"pc1","4cpu-i7",0.14,"ssa",4,14.15
"pc1","4cpu-i7",0.14,"ssa",3,15.56
"pc1","4cpu-i7",0.14,"ssa",1,15.97
"pc1","4cpu-i7",0.14,"ssa",2,23.47
"pc1","4cpu-i7",0.14,"ssa",4,14.93
"pc1","4cpu-i7",0.14,"ssa",3,15.34
"pc1","4cpu-i7",0.14,"ssa",2,15.86
"pc1","4cpu-i7",0.14,"ssa",1,15.86
"pc1","4cpu-i7",0.14,"ssa",1,14.46
"pc1","4cpu-i7",0.14,"ssa",3,14.95
"pc1","4cpu-i7",0.14,"ssa",4,15.15
"pc1","4cpu-i7",0.14,"ssa",2,18.85
"pc1","4cpu-i7",0.14,"ssa",4,14.96
"pc1","4cpu-i7",0.14,"ssa",3,16.57
"pc1","4cpu-i7",0.14,"ssa",2,16.99
"pc1","4cpu-i7",0.14,"ssa",1,19.28
"pc1","4cpu-i7",0.14,"ssa",3,17.43
"pc1","4cpu-i7",0.14,"ssa",1,18.26
"pc1","4cpu-i7",0.14,"ssa",2,18.65
"pc1","4cpu-i7",0.14,"ssa",4,21.63
"pc1","4cpu-i7",0.14,"ssa",3,15.76
"pc1","4cpu-i7",0.14,"ssa",4,16.57
"pc1","4cpu-i7",0.14,"ssa",2,16.97
"pc1","4cpu-i7",0.14,"ssa",1,22.88
"pc1","4cpu-i7",0.14,"ssa",1,14.99
"pc1","4cpu-i7",0.14,"ssa",4,15.86
"pc1","4cpu-i7",0.14,"ssa",2,17.27
"pc1","4cpu-i7",0.14,"ssa",3,21.27
"pc1","4cpu-i7",0.14,"ssa",1,16.86
"pc1","4cpu-i7",0.14,"ssa",4,19.13
"pc1","4cpu-i7",0.14,"ssa",2,19.84
"pc1","4cpu-i7",0.14,"ssa",3,20.33
"pc1","4cpu-i7",0.14,"ssa",4,15.14
"pc1","4cpu-i7",0.14,"ssa",3,16.76
"pc1","4cpu-i7",0.14,"ssa",1,17.66
"pc1","4cpu-i7",0.14,"ssa",2,17.66
"pc1","4cpu-i7",0.14,"ssa",3,15.09
"pc1","4cpu-i7",0.14,"ssa",4,15.26
"pc1","4cpu-i7",0.14,"ssa",1,16.29
"pc1","4cpu-i7",0.14,"ssa",2,20.48
"pc1","4cpu-i7",0.14,"ssa",3,15.55
"pc1","4cpu-i7",0.14,"ssa",2,15.76
"pc1","4cpu-i7",0.14,"ssa",1,16.18
"pc1","4cpu-i7",0.14,"ssa",4,17.64
"pc1","4cpu-i7",0.14,"ssa",4,15.04
"pc1","4cpu-i7",0.14,"ssa",3,15.45
"pc1","4cpu-i7",0.14,"ssa",2,15.57
"pc1","4cpu-i7",0.14,"ssa",1,19.57
"pc1","4cpu-i7",0.14,"ssa",1,14.89
"pc1","4cpu-i7",0.14,"ssa",3,15.47
"pc1","4cpu-i7",0.14,"ssa",4,16.26
"pc1","4cpu-i7",0.14,"ssa",2,25.48
"pc1","4cpu-i7",0.14,"ssa",3,13.61
"pc1","4cpu-i7",0.14,"ssa",1,14.68
"pc1","4cpu-i7",0.14,"ssa",2,15.72
"pc1","4cpu-i7",0.14,"ssa",4,18.39
"pc1","4cpu-i7",0.14,"ssa",1,14.89
"pc1","4cpu-i7",0.14,"ssa",3,15.38
"pc1","4cpu-i7",0.14,"ssa",4,17.67
"pc1","4cpu-i7",0.14,"ssa",2,19.19
"pc1","4cpu-i7",0.14,"ssa",3,14.67
"pc1","4cpu-i7",0.14,"ssa",1,15.59
"pc1","4cpu-i7",0.14,"ssa",2,16.99
"pc1","4cpu-i7",0.14,"ssa",4,21.67
"pc1","4cpu-i7",0.14,"ssa",1,15.37
"pc1","4cpu-i7",0.14,"ssa",3,18.04
"pc1","4cpu-i7",0.14,"ssa",2,19.56
"pc1","4cpu-i7",0.14,"ssa",4,25.33
"pc1","4cpu-i7",0.14,"ssa",1,14.49
"pc1","4cpu-i7",0.14,"ssa",3,14.89
"pc1","4cpu-i7",0.14,"ssa",2,16.18
"pc1","4cpu-i7",0.14,"ssa",4,23.87
"pc1","4cpu-i7",0.14,"ssa",2,15.67
"pc1","4cpu-i7",0.14,"ssa",3,16.75
"pc1","4cpu-i7",0.14,"ssa",1,16.87
"pc1","4cpu-i7",0.14,"ssa",4,20.24
"pc1","4cpu-i7",0.14,"ssa",3,13.96
"pc1","4cpu-i7",0.14,"ssa",1,14.77
"pc1","4cpu-i7",0.14,"ssa",2,15.85
"pc1","4cpu-i7",0.14,"ssa",4,20.74
"pc1","4cpu-i7",0.14,"ssa",3,17.79
"pc1","4cpu-i7",0.14,"ssa",1,17.99
"pc1","4cpu-i7",0.14,"ssa",4,19.07
"pc1","4cpu-i7",0.14,"ssa",2,19.09
"pc1","4cpu-i7",0.14,"ssa",4,14.76
"pc1","4cpu-i7",0.14,"ssa",1,15.09
"pc1","4cpu-i7",0.14,"ssa",3,15.96
"pc1","4cpu-i7",0.14,"ssa",2,18.18
"pc1","4cpu-i7",0.14,"ssa",1,15.72
"pc1","4cpu-i7",0.14,"ssa",4,17.79
"pc1","4cpu-i7",0.14,"ssa",2,18.1
"pc1","4cpu-i7",0.14,"ssa",3,19.71
"pc1","4cpu-i7",0.14,"ssa",3,14.24
"pc1","4cpu-i7",0.14,"ssa",4,16.03
"pc1","4cpu-i7",0.14,"ssa",2,17.55
"pc1","4cpu-i7",0.14,"ssa",1,18.96
"pc1","4cpu-i7",0.14,"ssa",2,16.26
"pc1","4cpu-i7",0.14,"ssa",1,17.68
"pc1","4cpu-i7",0.14,"ssa",3,19.52
"pc1","4cpu-i7",0.14,"ssa",4,20.72
"pc1","4cpu-i7",0.14,"ssa",4,14.26
"pc1","4cpu-i7",0.14,"ssa",1,15.59
"pc1","4cpu-i7",0.14,"ssa",2,16.68
"pc1","4cpu-i7",0.14,"ssa",3,18.77
"pc1","4cpu-i7",0.14,"ssa",3,14.97
"pc1","4cpu-i7",0.14,"ssa",4,15.96
"pc1","4cpu-i7",0.14,"ssa",1,20.88
"pc1","4cpu-i7",0.14,"ssa",2,21.57
"pc1","4cpu-i7",0.16,"ssa",2,13.74
"pc1","4cpu-i7",0.16,"ssa",3,15.32
"pc1","4cpu-i7",0.16,"ssa",4,15.4
"pc1","4cpu-i7",0.16,"ssa",1,17.74
"pc1","4cpu-i7",0.16,"ssa",3,12.88
"pc1","4cpu-i7",0.16,"ssa",2,13.18
"pc1","4cpu-i7",0.16,"ssa",4,13.86
"pc1","4cpu-i7",0.16,"ssa",1,16.38
"pc1","4cpu-i7",0.16,"ssa",4,13.33
"pc1","4cpu-i7",0.16,"ssa",3,15.94
"pc1","4cpu-i7",0.16,"ssa",2,16.56
"pc1","4cpu-i7",0.16,"ssa",1,17.26
"pc1","4cpu-i7",0.16,"ssa",4,11.34
"pc1","4cpu-i7",0.16,"ssa",2,13.65
"pc1","4cpu-i7",0.16,"ssa",1,14.16
"pc1","4cpu-i7",0.16,"ssa",3,16.03
"pc1","4cpu-i7",0.16,"ssa",1,12.57
"pc1","4cpu-i7",0.16,"ssa",2,12.77
"pc1","4cpu-i7",0.16,"ssa",3,19.55
"pc1","4cpu-i7",0.16,"ssa",4,21.14
"pc1","4cpu-i7",0.16,"ssa",3,10.97
"pc1","4cpu-i7",0.16,"ssa",2,13.86
"pc1","4cpu-i7",0.16,"ssa",4,16.84
"pc1","4cpu-i7",0.16,"ssa",1,16.88
"pc1","4cpu-i7",0.16,"ssa",1,11.57
"pc1","4cpu-i7",0.16,"ssa",3,12.35
"pc1","4cpu-i7",0.16,"ssa",4,14.54
"pc1","4cpu-i7",0.16,"ssa",2,14.65
"pc1","4cpu-i7",0.16,"ssa",3,13.58
"pc1","4cpu-i7",0.16,"ssa",2,14.69
"pc1","4cpu-i7",0.16,"ssa",1,16.19
"pc1","4cpu-i7",0.16,"ssa",4,19.07
"pc1","4cpu-i7",0.16,"ssa",4,11.84
"pc1","4cpu-i7",0.16,"ssa",1,13.87
"pc1","4cpu-i7",0.16,"ssa",2,14.15
"pc1","4cpu-i7",0.16,"ssa",3,15.44
"pc1","4cpu-i7",0.16,"ssa",2,11.85
"pc1","4cpu-i7",0.16,"ssa",1,12.56
"pc1","4cpu-i7",0.16,"ssa",3,13.54
"pc1","4cpu-i7",0.16,"ssa",4,15.43
"pc1","4cpu-i7",0.16,"ssa",2,12.46
"pc1","4cpu-i7",0.16,"ssa",4,13.24
"pc1","4cpu-i7",0.16,"ssa",1,13.57
"pc1","4cpu-i7",0.16,"ssa",3,14.83
"pc1","4cpu-i7",0.16,"ssa",2,11.88
"pc1","4cpu-i7",0.16,"ssa",1,13.29
"pc1","4cpu-i7",0.16,"ssa",3,15.08
"pc1","4cpu-i7",0.16,"ssa",4,15.86
"pc1","4cpu-i7",0.16,"ssa",4,12.07
"pc1","4cpu-i7",0.16,"ssa",1,13.4
"pc1","4cpu-i7",0.16,"ssa",3,13.47
"pc1","4cpu-i7",0.16,"ssa",2,14.18
"pc1","4cpu-i7",0.16,"ssa",3,11.87
"pc1","4cpu-i7",0.16,"ssa",4,12.37
"pc1","4cpu-i7",0.16,"ssa",2,12.88
"pc1","4cpu-i7",0.16,"ssa",1,13.78
"pc1","4cpu-i7",0.16,"ssa",1,12.7
"pc1","4cpu-i7",0.16,"ssa",3,13.38
"pc1","4cpu-i7",0.16,"ssa",4,13.97
"pc1","4cpu-i7",0.16,"ssa",2,16.4
"pc1","4cpu-i7",0.16,"ssa",3,11.32
"pc1","4cpu-i7",0.16,"ssa",2,11.33
"pc1","4cpu-i7",0.16,"ssa",4,11.51
"pc1","4cpu-i7",0.16,"ssa",1,13.34
"pc1","4cpu-i7",0.16,"ssa",3,11.83
"pc1","4cpu-i7",0.16,"ssa",1,12.06
"pc1","4cpu-i7",0.16,"ssa",2,13.35
"pc1","4cpu-i7",0.16,"ssa",4,14.44
"pc1","4cpu-i7",0.16,"ssa",3,12.07
"pc1","4cpu-i7",0.16,"ssa",4,13.76
"pc1","4cpu-i7",0.16,"ssa",1,15.26
"pc1","4cpu-i7",0.16,"ssa",2,17.37
"pc1","4cpu-i7",0.16,"ssa",1,12.66
"pc1","4cpu-i7",0.16,"ssa",3,14.84
"pc1","4cpu-i7",0.16,"ssa",2,15.45
"pc1","4cpu-i7",0.16,"ssa",4,18.22
"pc1","4cpu-i7",0.16,"ssa",2,12.16
"pc1","4cpu-i7",0.16,"ssa",4,12.91
"pc1","4cpu-i7",0.16,"ssa",3,14.13
"pc1","4cpu-i7",0.16,"ssa",1,14.77
"pc1","4cpu-i7",0.16,"ssa",4,12.64
"pc1","4cpu-i7",0.16,"ssa",3,13.85
"pc1","4cpu-i7",0.16,"ssa",2,14.05
"pc1","4cpu-i7",0.16,"ssa",1,16.37
"pc1","4cpu-i7",0.16,"ssa",3,11.84
"pc1","4cpu-i7",0.16,"ssa",2,12.14
"pc1","4cpu-i7",0.16,"ssa",4,12.72
"pc1","4cpu-i7",0.16,"ssa",1,14.86
"pc1","4cpu-i7",0.16,"ssa",1,12.17
"pc1","4cpu-i7",0.16,"ssa",2,12.56
"pc1","4cpu-i7",0.16,"ssa",3,13.75
"pc1","4cpu-i7",0.16,"ssa",4,20.53
"pc1","4cpu-i7",0.16,"ssa",3,12.87
"pc1","4cpu-i7",0.16,"ssa",4,13.56
"pc1","4cpu-i7",0.16,"ssa",1,13.69
"pc1","4cpu-i7",0.16,"ssa",2,14.58
"pc1","4cpu-i7",0.16,"ssa",4,11.73
"pc1","4cpu-i7",0.16,"ssa",2,13.15
"pc1","4cpu-i7",0.16,"ssa",3,16.24
"pc1","4cpu-i7",0.16,"ssa",1,16.94
"pc1","4cpu-i7",0.16,"ssa",3,11.97
"pc1","4cpu-i7",0.16,"ssa",4,13.06
"pc1","4cpu-i7",0.16,"ssa",2,13.25
"pc1","4cpu-i7",0.16,"ssa",1,15.48
"pc1","4cpu-i7",0.16,"ssa",4,12.05
"pc1","4cpu-i7",0.16,"ssa",3,14.66
"pc1","4cpu-i7",0.16,"ssa",2,17.46
"pc1","4cpu-i7",0.16,"ssa",1,21.28
"pc1","4cpu-i7",0.16,"ssa",3,11.75
"pc1","4cpu-i7",0.16,"ssa",2,12.07
"pc1","4cpu-i7",0.16,"ssa",1,14.07
"pc1","4cpu-i7",0.16,"ssa",4,15.35
"pc1","4cpu-i7",0.16,"ssa",2,12.86
"pc1","4cpu-i7",0.16,"ssa",3,13.07
"pc1","4cpu-i7",0.16,"ssa",1,13.07
"pc1","4cpu-i7",0.16,"ssa",4,14.34
"pc1","4cpu-i7",0.16,"ssa",2,12.58
"pc1","4cpu-i7",0.16,"ssa",3,12.75
"pc1","4cpu-i7",0.16,"ssa",4,16.56
"pc1","4cpu-i7",0.16,"ssa",1,19.68
"pc1","4cpu-i7",0.17,"ssa",4,11.8
"pc1","4cpu-i7",0.17,"ssa",1,13.15
"pc1","4cpu-i7",0.17,"ssa",2,13.32
"pc1","4cpu-i7",0.17,"ssa",3,14.7
"pc1","4cpu-i7",0.17,"ssa",4,12.24
"pc1","4cpu-i7",0.17,"ssa",2,12.76
"pc1","4cpu-i7",0.17,"ssa",1,13.18
"pc1","4cpu-i7",0.17,"ssa",3,15.06
"pc1","4cpu-i7",0.17,"ssa",4,11.82
"pc1","4cpu-i7",0.17,"ssa",3,11.85
"pc1","4cpu-i7",0.17,"ssa",2,12.95
"pc1","4cpu-i7",0.17,"ssa",1,14.85
"pc1","4cpu-i7",0.17,"ssa",3,11.85
"pc1","4cpu-i7",0.17,"ssa",4,12.43
"pc1","4cpu-i7",0.17,"ssa",2,12.85
"pc1","4cpu-i7",0.17,"ssa",1,13.35
"pc1","4cpu-i7",0.17,"ssa",2,11.49
"pc1","4cpu-i7",0.17,"ssa",3,11.97
"pc1","4cpu-i7",0.17,"ssa",4,11.98
"pc1","4cpu-i7",0.17,"ssa",1,16.69
"pc1","4cpu-i7",0.17,"ssa",4,11.47
"pc1","4cpu-i7",0.17,"ssa",3,12.07
"pc1","4cpu-i7",0.17,"ssa",2,13.77
"pc1","4cpu-i7",0.17,"ssa",1,14.78
"pc1","4cpu-i7",0.17,"ssa",4,10.67
"pc1","4cpu-i7",0.17,"ssa",2,12.47
"pc1","4cpu-i7",0.17,"ssa",3,13.47
"pc1","4cpu-i7",0.17,"ssa",1,14.39
"pc1","4cpu-i7",0.17,"ssa",3,12.07
"pc1","4cpu-i7",0.17,"ssa",4,12.47
"pc1","4cpu-i7",0.17,"ssa",2,12.98
"pc1","4cpu-i7",0.17,"ssa",1,13.79
"pc1","4cpu-i7",0.17,"ssa",1,12.06
"pc1","4cpu-i7",0.17,"ssa",4,13.03
"pc1","4cpu-i7",0.17,"ssa",2,13.15
"pc1","4cpu-i7",0.17,"ssa",3,15.14
"pc1","4cpu-i7",0.17,"ssa",4,10.72
"pc1","4cpu-i7",0.17,"ssa",1,11.57
"pc1","4cpu-i7",0.17,"ssa",2,11.57
"pc1","4cpu-i7",0.17,"ssa",3,13.54
"pc1","4cpu-i7",0.17,"ssa",4,11.35
"pc1","4cpu-i7",0.17,"ssa",1,13.95
"pc1","4cpu-i7",0.17,"ssa",2,14.04
"pc1","4cpu-i7",0.17,"ssa",3,14.14
"pc1","4cpu-i7",0.17,"ssa",4,10.96
"pc1","4cpu-i7",0.17,"ssa",1,12.19
"pc1","4cpu-i7",0.17,"ssa",3,14.56
"pc1","4cpu-i7",0.17,"ssa",2,15.76
"pc1","4cpu-i7",0.17,"ssa",2,11.17
"pc1","4cpu-i7",0.17,"ssa",1,11.97
"pc1","4cpu-i7",0.17,"ssa",4,13.34
"pc1","4cpu-i7",0.17,"ssa",3,14.55
"pc1","4cpu-i7",0.17,"ssa",1,11.67
"pc1","4cpu-i7",0.17,"ssa",3,13.67
"pc1","4cpu-i7",0.17,"ssa",2,14.37
"pc1","4cpu-i7",0.17,"ssa",4,14.37
"pc1","4cpu-i7",0.17,"ssa",1,11.57
"pc1","4cpu-i7",0.17,"ssa",3,11.83
"pc1","4cpu-i7",0.17,"ssa",2,12.55
"pc1","4cpu-i7",0.17,"ssa",4,14.84
"pc1","4cpu-i7",0.17,"ssa",4,10.96
"pc1","4cpu-i7",0.17,"ssa",2,11.66
"pc1","4cpu-i7",0.17,"ssa",3,12.33
"pc1","4cpu-i7",0.17,"ssa",1,12.44
"pc1","4cpu-i7",0.17,"ssa",2,11.79
"pc1","4cpu-i7",0.17,"ssa",4,12.27
"pc1","4cpu-i7",0.17,"ssa",3,12.67
"pc1","4cpu-i7",0.17,"ssa",1,14.3
"pc1","4cpu-i7",0.17,"ssa",2,11.28
"pc1","4cpu-i7",0.17,"ssa",1,11.57
"pc1","4cpu-i7",0.17,"ssa",3,11.77
"pc1","4cpu-i7",0.17,"ssa",4,14.05
"pc1","4cpu-i7",0.17,"ssa",4,11.27
"pc1","4cpu-i7",0.17,"ssa",2,12.17
"pc1","4cpu-i7",0.17,"ssa",1,12.59
"pc1","4cpu-i7",0.17,"ssa",3,13.68
"pc1","4cpu-i7",0.17,"ssa",4,11.56
"pc1","4cpu-i7",0.17,"ssa",3,12.67
"pc1","4cpu-i7",0.17,"ssa",1,13.39
"pc1","4cpu-i7",0.17,"ssa",2,13.47
"pc1","4cpu-i7",0.17,"ssa",1,11.39
"pc1","4cpu-i7",0.17,"ssa",4,13.36
"pc1","4cpu-i7",0.17,"ssa",2,13.78
"pc1","4cpu-i7",0.17,"ssa",3,15.87
"pc1","4cpu-i7",0.17,"ssa",3,11.55
"pc1","4cpu-i7",0.17,"ssa",4,11.73
"pc1","4cpu-i7",0.17,"ssa",1,13.27
"pc1","4cpu-i7",0.17,"ssa",2,14.76
"pc1","4cpu-i7",0.17,"ssa",2,11.15
"pc1","4cpu-i7",0.17,"ssa",4,11.74
"pc1","4cpu-i7",0.17,"ssa",1,12.08
"pc1","4cpu-i7",0.17,"ssa",3,15.74
"pc1","4cpu-i7",0.17,"ssa",2,12.15
"pc1","4cpu-i7",0.17,"ssa",1,12.36
"pc1","4cpu-i7",0.17,"ssa",4,12.83
"pc1","4cpu-i7",0.17,"ssa",3,13.25
"pc1","4cpu-i7",0.17,"ssa",2,10.85
"pc1","4cpu-i7",0.17,"ssa",4,11.03
"pc1","4cpu-i7",0.17,"ssa",1,13.57
"pc1","4cpu-i7",0.17,"ssa",3,16.04
"pc1","4cpu-i7",0.17,"ssa",4,12.63
"pc1","4cpu-i7",0.17,"ssa",1,12.97
"pc1","4cpu-i7",0.17,"ssa",2,13.84
"pc1","4cpu-i7",0.17,"ssa",3,13.84
"pc1","4cpu-i7",0.17,"ssa",3,11.95
"pc1","4cpu-i7",0.17,"ssa",1,11.95
"pc1","4cpu-i7",0.17,"ssa",2,12.16
"pc1","4cpu-i7",0.17,"ssa",4,13.45
"pc1","4cpu-i7",0.17,"ssa",3,11.27
"pc1","4cpu-i7",0.17,"ssa",4,11.46
"pc1","4cpu-i7",0.17,"ssa",2,11.87
"pc1","4cpu-i7",0.17,"ssa",1,13.76
"pc1","4cpu-i7",0.17,"ssa",2,12.18
"pc1","4cpu-i7",0.17,"ssa",3,13.58
"pc1","4cpu-i7",0.17,"ssa",4,13.58
"pc1","4cpu-i7",0.17,"ssa",1,13.7
"pc1","4cpu-i7",0.17,"ssa",4,11.95
"pc1","4cpu-i7",0.17,"ssa",2,12.47
"pc1","4cpu-i7",0.17,"ssa",1,13.39
"pc1","4cpu-i7",0.17,"ssa",3,15.97
"pc1","4cpu-i7",0.18,"ssa",1,11.61
"pc1","4cpu-i7",0.18,"ssa",3,11.84
"pc1","4cpu-i7",0.18,"ssa",2,12.79
"pc1","4cpu-i7",0.18,"ssa",4,14.13
"pc1","4cpu-i7",0.18,"ssa",3,11.25
"pc1","4cpu-i7",0.18,"ssa",4,11.66
"pc1","4cpu-i7",0.18,"ssa",1,11.66
"pc1","4cpu-i7",0.18,"ssa",2,12.65
"pc1","4cpu-i7",0.18,"ssa",4,10.46
"pc1","4cpu-i7",0.18,"ssa",2,10.57
"pc1","4cpu-i7",0.18,"ssa",1,11.17
"pc1","4cpu-i7",0.18,"ssa",3,12.46
"pc1","4cpu-i7",0.18,"ssa",3,10.91
"pc1","4cpu-i7",0.18,"ssa",1,12.07
"pc1","4cpu-i7",0.18,"ssa",4,12.1
"pc1","4cpu-i7",0.18,"ssa",2,13.54
"pc1","4cpu-i7",0.18,"ssa",3,11.07
"pc1","4cpu-i7",0.18,"ssa",1,11.47
"pc1","4cpu-i7",0.18,"ssa",4,11.75
"pc1","4cpu-i7",0.18,"ssa",2,12.07
"pc1","4cpu-i7",0.18,"ssa",3,10.04
"pc1","4cpu-i7",0.18,"ssa",2,10.45
"pc1","4cpu-i7",0.18,"ssa",1,11.67
"pc1","4cpu-i7",0.18,"ssa",4,12.03
"pc1","4cpu-i7",0.18,"ssa",2,11.16
"pc1","4cpu-i7",0.18,"ssa",1,11.58
"pc1","4cpu-i7",0.18,"ssa",3,12.02
"pc1","4cpu-i7",0.18,"ssa",4,12.83
"pc1","4cpu-i7",0.18,"ssa",1,11.45
"pc1","4cpu-i7",0.18,"ssa",2,11.64
"pc1","4cpu-i7",0.18,"ssa",3,11.83
"pc1","4cpu-i7",0.18,"ssa",4,15.02
"pc1","4cpu-i7",0.18,"ssa",3,10.87
"pc1","4cpu-i7",0.18,"ssa",2,12.07
"pc1","4cpu-i7",0.18,"ssa",1,13.08
"pc1","4cpu-i7",0.18,"ssa",4,15.36
"pc1","4cpu-i7",0.18,"ssa",3,10.95
"pc1","4cpu-i7",0.18,"ssa",1,11.67
"pc1","4cpu-i7",0.18,"ssa",2,12.26
"pc1","4cpu-i7",0.18,"ssa",4,15.01
"pc1","4cpu-i7",0.18,"ssa",3,11.25
"pc1","4cpu-i7",0.18,"ssa",1,11.68
"pc1","4cpu-i7",0.18,"ssa",2,12.47
"pc1","4cpu-i7",0.18,"ssa",4,17.55
"pc1","4cpu-i7",0.18,"ssa",3,11.62
"pc1","4cpu-i7",0.18,"ssa",2,11.83
"pc1","4cpu-i7",0.18,"ssa",1,11.93
"pc1","4cpu-i7",0.18,"ssa",4,16.21
"pc1","4cpu-i7",0.18,"ssa",3,10.54
"pc1","4cpu-i7",0.18,"ssa",4,10.94
"pc1","4cpu-i7",0.18,"ssa",2,11.65
"pc1","4cpu-i7",0.18,"ssa",1,11.97
"pc1","4cpu-i7",0.18,"ssa",2,11.34
"pc1","4cpu-i7",0.18,"ssa",3,12.43
"pc1","4cpu-i7",0.18,"ssa",1,12.68
"pc1","4cpu-i7",0.18,"ssa",4,12.83
"pc1","4cpu-i7",0.18,"ssa",1,10.87
"pc1","4cpu-i7",0.18,"ssa",3,10.84
"pc1","4cpu-i7",0.18,"ssa",2,11.45
"pc1","4cpu-i7",0.18,"ssa",4,14.13
"pc1","4cpu-i7",0.18,"ssa",3,11.45
"pc1","4cpu-i7",0.18,"ssa",1,11.96
"pc1","4cpu-i7",0.18,"ssa",4,11.94
"pc1","4cpu-i7",0.18,"ssa",2,12.66
"pc1","4cpu-i7",0.18,"ssa",3,10.66
"pc1","4cpu-i7",0.18,"ssa",2,11.27
"pc1","4cpu-i7",0.18,"ssa",1,12.48
"pc1","4cpu-i7",0.18,"ssa",4,16.97
"pc1","4cpu-i7",0.18,"ssa",3,11.92
"pc1","4cpu-i7",0.18,"ssa",1,12.42
"pc1","4cpu-i7",0.18,"ssa",2,12.52
"pc1","4cpu-i7",0.18,"ssa",4,14.62
"pc1","4cpu-i7",0.18,"ssa",3,12.14
"pc1","4cpu-i7",0.18,"ssa",4,13.23
"pc1","4cpu-i7",0.18,"ssa",1,13.54
"pc1","4cpu-i7",0.18,"ssa",2,13.85
"pc1","4cpu-i7",0.18,"ssa",2,10.33
"pc1","4cpu-i7",0.18,"ssa",4,10.9
"pc1","4cpu-i7",0.18,"ssa",3,11.91
"pc1","4cpu-i7",0.18,"ssa",1,13.06
"pc1","4cpu-i7",0.18,"ssa",4,10.56
"pc1","4cpu-i7",0.18,"ssa",1,11.68
"pc1","4cpu-i7",0.18,"ssa",2,12.07
"pc1","4cpu-i7",0.18,"ssa",3,12.77
"pc1","4cpu-i7",0.18,"ssa",2,11.88
"pc1","4cpu-i7",0.18,"ssa",3,12.07
"pc1","4cpu-i7",0.18,"ssa",4,12.46
"pc1","4cpu-i7",0.18,"ssa",1,14.98
"pc1","4cpu-i7",0.18,"ssa",2,11.26
"pc1","4cpu-i7",0.18,"ssa",3,11.46
"pc1","4cpu-i7",0.18,"ssa",1,11.87
"pc1","4cpu-i7",0.18,"ssa",4,14.16
"pc1","4cpu-i7",0.18,"ssa",3,11.05
"pc1","4cpu-i7",0.18,"ssa",2,11.45
"pc1","4cpu-i7",0.18,"ssa",1,11.86
"pc1","4cpu-i7",0.18,"ssa",4,13.73
"pc1","4cpu-i7",0.18,"ssa",3,11.36
"pc1","4cpu-i7",0.18,"ssa",2,11.96
"pc1","4cpu-i7",0.18,"ssa",1,12.26
"pc1","4cpu-i7",0.18,"ssa",4,13.04
"pc1","4cpu-i7",0.18,"ssa",3,11.67
"pc1","4cpu-i7",0.18,"ssa",1,12.2
"pc1","4cpu-i7",0.18,"ssa",4,12.37
"pc1","4cpu-i7",0.18,"ssa",2,12.79
"pc1","4cpu-i7",0.18,"ssa",1,11.47
"pc1","4cpu-i7",0.18,"ssa",3,11.74
"pc1","4cpu-i7",0.18,"ssa",4,11.74
"pc1","4cpu-i7",0.18,"ssa",2,13.76
"pc1","4cpu-i7",0.18,"ssa",3,11.43
"pc1","4cpu-i7",0.18,"ssa",2,11.54
"pc1","4cpu-i7",0.18,"ssa",1,11.65
"pc1","4cpu-i7",0.18,"ssa",4,13.82
"pc1","4cpu-i7",0.18,"ssa",3,11.12
"pc1","4cpu-i7",0.18,"ssa",2,11.25
"pc1","4cpu-i7",0.18,"ssa",1,12.07
"pc1","4cpu-i7",0.18,"ssa",4,13.1
"pc1","4cpu-i7",0.18,"ssa",2,11.55
"pc1","4cpu-i7",0.18,"ssa",3,11.55
"pc1","4cpu-i7",0.18,"ssa",1,12.28
"pc1","4cpu-i7",0.18,"ssa",4,13.73
"pc1","4cpu-i7",0.19,"ssa",3,10.18
"pc1","4cpu-i7",0.19,"ssa",2,10.28
"pc1","4cpu-i7",0.19,"ssa",4,10.77
"pc1","4cpu-i7",0.19,"ssa",1,12.79
"pc1","4cpu-i7",0.19,"ssa",2,10.37
"pc1","4cpu-i7",0.19,"ssa",4,10.85
"pc1","4cpu-i7",0.19,"ssa",3,11.26
"pc1","4cpu-i7",0.19,"ssa",1,11.58
"pc1","4cpu-i7",0.19,"ssa",4,9.42
"pc1","4cpu-i7",0.19,"ssa",2,9.65
"pc1","4cpu-i7",0.19,"ssa",3,10.67
"pc1","4cpu-i7",0.19,"ssa",1,10.67
"pc1","4cpu-i7",0.19,"ssa",4,9.61
"pc1","4cpu-i7",0.19,"ssa",3,10.32
"pc1","4cpu-i7",0.19,"ssa",1,11.25
"pc1","4cpu-i7",0.19,"ssa",2,11.33
"pc1","4cpu-i7",0.19,"ssa",2,9.94
"pc1","4cpu-i7",0.19,"ssa",1,10.05
"pc1","4cpu-i7",0.19,"ssa",3,10.24
"pc1","4cpu-i7",0.19,"ssa",4,11.22
"pc1","4cpu-i7",0.19,"ssa",3,9.67
"pc1","4cpu-i7",0.19,"ssa",2,9.98
"pc1","4cpu-i7",0.19,"ssa",4,10.8
"pc1","4cpu-i7",0.19,"ssa",1,10.8
"pc1","4cpu-i7",0.19,"ssa",4,9.72
"pc1","4cpu-i7",0.19,"ssa",3,10.23
"pc1","4cpu-i7",0.19,"ssa",2,11.14
"pc1","4cpu-i7",0.19,"ssa",1,11.65
"pc1","4cpu-i7",0.19,"ssa",4,10.28
"pc1","4cpu-i7",0.19,"ssa",2,10.28
"pc1","4cpu-i7",0.19,"ssa",1,10.78
"pc1","4cpu-i7",0.19,"ssa",3,11.27
"pc1","4cpu-i7",0.19,"ssa",2,9.66
"pc1","4cpu-i7",0.19,"ssa",4,10.41
"pc1","4cpu-i7",0.19,"ssa",3,10.84
"pc1","4cpu-i7",0.19,"ssa",1,11.85
"pc1","4cpu-i7",0.19,"ssa",1,10.18
"pc1","4cpu-i7",0.19,"ssa",4,10.79
"pc1","4cpu-i7",0.19,"ssa",3,11.39
"pc1","4cpu-i7",0.19,"ssa",2,12.66
"pc1","4cpu-i7",0.19,"ssa",4,9.34
"pc1","4cpu-i7",0.19,"ssa",2,10.37
"pc1","4cpu-i7",0.19,"ssa",1,10.87
"pc1","4cpu-i7",0.19,"ssa",3,11.35
"pc1","4cpu-i7",0.19,"ssa",4,8.71
"pc1","4cpu-i7",0.19,"ssa",3,9.12
"pc1","4cpu-i7",0.19,"ssa",2,10.86
"pc1","4cpu-i7",0.19,"ssa",1,12.78
"pc1","4cpu-i7",0.19,"ssa",4,9.93
"pc1","4cpu-i7",0.19,"ssa",1,10.27
"pc1","4cpu-i7",0.19,"ssa",2,10.85
"pc1","4cpu-i7",0.19,"ssa",3,10.85
"pc1","4cpu-i7",0.19,"ssa",4,9.73
"pc1","4cpu-i7",0.19,"ssa",2,9.76
"pc1","4cpu-i7",0.19,"ssa",3,10.55
"pc1","4cpu-i7",0.19,"ssa",1,12.16
"pc1","4cpu-i7",0.19,"ssa",2,9.65
"pc1","4cpu-i7",0.19,"ssa",3,10.76
"pc1","4cpu-i7",0.19,"ssa",1,10.78
"pc1","4cpu-i7",0.19,"ssa",4,11.45
"pc1","4cpu-i7",0.19,"ssa",4,9.91
"pc1","4cpu-i7",0.19,"ssa",3,10.34
"pc1","4cpu-i7",0.19,"ssa",1,10.87
"pc1","4cpu-i7",0.19,"ssa",2,10.96
"pc1","4cpu-i7",0.19,"ssa",2,9.35
"pc1","4cpu-i7",0.19,"ssa",3,9.65
"pc1","4cpu-i7",0.19,"ssa",4,10.44
"pc1","4cpu-i7",0.19,"ssa",1,11.75
"pc1","4cpu-i7",0.19,"ssa",3,9.67
"pc1","4cpu-i7",0.19,"ssa",2,10.09
"pc1","4cpu-i7",0.19,"ssa",4,10.85
"pc1","4cpu-i7",0.19,"ssa",1,11.78
"pc1","4cpu-i7",0.19,"ssa",3,9.53
"pc1","4cpu-i7",0.19,"ssa",1,9.98
"pc1","4cpu-i7",0.19,"ssa",4,10.23
"pc1","4cpu-i7",0.19,"ssa",2,11.34
"pc1","4cpu-i7",0.19,"ssa",2,9.99
"pc1","4cpu-i7",0.19,"ssa",1,10.1
"pc1","4cpu-i7",0.19,"ssa",4,10.77
"pc1","4cpu-i7",0.19,"ssa",3,12.77
"pc1","4cpu-i7",0.19,"ssa",4,9.38
"pc1","4cpu-i7",0.19,"ssa",1,10.39
"pc1","4cpu-i7",0.19,"ssa",2,10.79
"pc1","4cpu-i7",0.19,"ssa",3,13.08
"pc1","4cpu-i7",0.19,"ssa",4,10.11
"pc1","4cpu-i7",0.19,"ssa",3,10.72
"pc1","4cpu-i7",0.19,"ssa",2,10.94
"pc1","4cpu-i7",0.19,"ssa",1,11.16
"pc1","4cpu-i7",0.19,"ssa",2,10.45
"pc1","4cpu-i7",0.19,"ssa",1,10.67
"pc1","4cpu-i7",0.19,"ssa",4,12.13
"pc1","4cpu-i7",0.19,"ssa",3,12.83
"pc1","4cpu-i7",0.19,"ssa",4,10.64
"pc1","4cpu-i7",0.19,"ssa",3,10.64
"pc1","4cpu-i7",0.19,"ssa",2,10.95
"pc1","4cpu-i7",0.19,"ssa",1,11.76
"pc1","4cpu-i7",0.19,"ssa",3,9.57
"pc1","4cpu-i7",0.19,"ssa",2,9.98
"pc1","4cpu-i7",0.19,"ssa",1,10.59
"pc1","4cpu-i7",0.19,"ssa",4,12.35
"pc1","4cpu-i7",0.19,"ssa",2,9.87
"pc1","4cpu-i7",0.19,"ssa",4,10.45
"pc1","4cpu-i7",0.19,"ssa",1,10.78
"pc1","4cpu-i7",0.19,"ssa",3,13.36
"pc1","4cpu-i7",0.19,"ssa",3,10.03
"pc1","4cpu-i7",0.19,"ssa",4,10.29
"pc1","4cpu-i7",0.19,"ssa",2,10.65
"pc1","4cpu-i7",0.19,"ssa",1,11.07
"pc1","4cpu-i7",0.19,"ssa",4,9.73
"pc1","4cpu-i7",0.19,"ssa",1,10.25
"pc1","4cpu-i7",0.19,"ssa",3,10.54
"pc1","4cpu-i7",0.19,"ssa",2,12.14
"pc1","4cpu-i7",0.19,"ssa",4,9.82
"pc1","4cpu-i7",0.19,"ssa",2,10.05
"pc1","4cpu-i7",0.19,"ssa",3,10.53
"pc1","4cpu-i7",0.19,"ssa",1,11.34
"pc1","4cpu-i7",0.19,"ssa",2,9.66
"pc1","4cpu-i7",0.19,"ssa",4,10.16
"pc1","4cpu-i7",0.19,"ssa",3,10.66
"pc1","4cpu-i7",0.19,"ssa",1,12.99
"pc1","4cpu-i7",0.06,"seadec",4,36.04
"pc1","4cpu-i7",0.06,"seadec",3,36.44
"pc1","4cpu-i7",0.06,"seadec",1,36.56
"pc1","4cpu-i7",0.06,"seadec",2,36.75
"pc1","4cpu-i7",0.06,"seadec",3,38.34
"pc1","4cpu-i7",0.06,"seadec",1,38.38
"pc1","4cpu-i7",0.06,"seadec",2,38.55
"pc1","4cpu-i7",0.06,"seadec",4,38.73
"pc1","4cpu-i7",0.06,"seadec",2,31.96
"pc1","4cpu-i7",0.06,"seadec",1,32.07
"pc1","4cpu-i7",0.06,"seadec",3,32.35
"pc1","4cpu-i7",0.06,"seadec",4,32.44
"pc1","4cpu-i7",0.06,"seadec",1,33.08
"pc1","4cpu-i7",0.06,"seadec",2,33.18
"pc1","4cpu-i7",0.06,"seadec",3,33.48
"pc1","4cpu-i7",0.06,"seadec",4,33.87
"pc1","4cpu-i7",0.06,"seadec",2,34.56
"pc1","4cpu-i7",0.06,"seadec",3,34.64
"pc1","4cpu-i7",0.06,"seadec",1,34.85
"pc1","4cpu-i7",0.06,"seadec",4,35.24
"pc1","4cpu-i7",0.06,"seadec",4,35.04
"pc1","4cpu-i7",0.06,"seadec",1,35.37
"pc1","4cpu-i7",0.06,"seadec",3,35.75
"pc1","4cpu-i7",0.06,"seadec",2,35.75
"pc1","4cpu-i7",0.06,"seadec",1,34.86
"pc1","4cpu-i7",0.06,"seadec",2,35
"pc1","4cpu-i7",0.06,"seadec",4,35
"pc1","4cpu-i7",0.06,"seadec",3,35.32
"pc1","4cpu-i7",0.06,"seadec",4,33.54
"pc1","4cpu-i7",0.06,"seadec",1,33.66
"pc1","4cpu-i7",0.06,"seadec",2,34.15
"pc1","4cpu-i7",0.06,"seadec",3,34.34
"pc1","4cpu-i7",0.06,"seadec",2,34.06
"pc1","4cpu-i7",0.06,"seadec",1,34.57
"pc1","4cpu-i7",0.06,"seadec",3,34.64
"pc1","4cpu-i7",0.06,"seadec",4,35.13
"pc1","4cpu-i7",0.06,"seadec",4,34.83
"pc1","4cpu-i7",0.06,"seadec",3,35.14
"pc1","4cpu-i7",0.06,"seadec",2,35.45
"pc1","4cpu-i7",0.06,"seadec",1,35.55
"pc1","4cpu-i7",0.06,"seadec",4,35.77
"pc1","4cpu-i7",0.06,"seadec",3,35.78
"pc1","4cpu-i7",0.06,"seadec",2,35.78
"pc1","4cpu-i7",0.06,"seadec",1,36.08
"pc1","4cpu-i7",0.06,"seadec",2,36.05
"pc1","4cpu-i7",0.06,"seadec",1,36.37
"pc1","4cpu-i7",0.06,"seadec",3,36.54
"pc1","4cpu-i7",0.06,"seadec",4,36.54
"pc1","4cpu-i7",0.06,"seadec",1,33.62
"pc1","4cpu-i7",0.06,"seadec",3,33.62
"pc1","4cpu-i7",0.06,"seadec",4,33.84
"pc1","4cpu-i7",0.06,"seadec",2,33.84
"pc1","4cpu-i7",0.06,"seadec",3,36.25
"pc1","4cpu-i7",0.06,"seadec",2,36.25
"pc1","4cpu-i7",0.06,"seadec",4,36.32
"pc1","4cpu-i7",0.06,"seadec",1,36.46
"pc1","4cpu-i7",0.06,"seadec",3,36.76
"pc1","4cpu-i7",0.06,"seadec",4,37.33
"pc1","4cpu-i7",0.06,"seadec",1,37.39
"pc1","4cpu-i7",0.06,"seadec",2,37.47
"pc1","4cpu-i7",0.06,"seadec",4,31.55
"pc1","4cpu-i7",0.06,"seadec",2,31.77
"pc1","4cpu-i7",0.06,"seadec",3,31.96
"pc1","4cpu-i7",0.06,"seadec",1,32.28
"pc1","4cpu-i7",0.06,"seadec",2,33.25
"pc1","4cpu-i7",0.06,"seadec",3,33.94
"pc1","4cpu-i7",0.06,"seadec",1,34.17
"pc1","4cpu-i7",0.06,"seadec",4,34.43
"pc1","4cpu-i7",0.06,"seadec",3,33.44
"pc1","4cpu-i7",0.06,"seadec",4,33.44
"pc1","4cpu-i7",0.06,"seadec",2,33.66
"pc1","4cpu-i7",0.06,"seadec",1,33.67
"pc1","4cpu-i7",0.06,"seadec",4,33.76
"pc1","4cpu-i7",0.06,"seadec",1,34.47
"pc1","4cpu-i7",0.06,"seadec",3,34.56
"pc1","4cpu-i7",0.06,"seadec",2,34.77
"pc1","4cpu-i7",0.06,"seadec",3,34.64
"pc1","4cpu-i7",0.06,"seadec",4,34.73
"pc1","4cpu-i7",0.06,"seadec",1,34.77
"pc1","4cpu-i7",0.06,"seadec",2,34.85
"pc1","4cpu-i7",0.06,"seadec",3,30.74
"pc1","4cpu-i7",0.06,"seadec",1,30.87
"pc1","4cpu-i7",0.06,"seadec",2,31.25
"pc1","4cpu-i7",0.06,"seadec",4,31.63
"pc1","4cpu-i7",0.06,"seadec",2,32.96
"pc1","4cpu-i7",0.06,"seadec",1,33.17
"pc1","4cpu-i7",0.06,"seadec",3,33.35
"pc1","4cpu-i7",0.06,"seadec",4,33.35
"pc1","4cpu-i7",0.06,"seadec",2,34.15
"pc1","4cpu-i7",0.06,"seadec",3,34.43
"pc1","4cpu-i7",0.06,"seadec",4,34.63
"pc1","4cpu-i7",0.06,"seadec",1,34.76
"pc1","4cpu-i7",0.06,"seadec",3,33.18
"pc1","4cpu-i7",0.06,"seadec",4,33.57
"pc1","4cpu-i7",0.06,"seadec",2,33.79
"pc1","4cpu-i7",0.06,"seadec",1,34.09
"pc1","4cpu-i7",0.06,"seadec",3,35.94
"pc1","4cpu-i7",0.06,"seadec",2,36.05
"pc1","4cpu-i7",0.06,"seadec",4,36.13
"pc1","4cpu-i7",0.06,"seadec",1,36.67
"pc1","4cpu-i7",0.06,"seadec",2,35.75
"pc1","4cpu-i7",0.06,"seadec",1,35.86
"pc1","4cpu-i7",0.06,"seadec",3,35.94
"pc1","4cpu-i7",0.06,"seadec",4,35.94
"pc1","4cpu-i7",0.06,"seadec",1,34.28
"pc1","4cpu-i7",0.06,"seadec",2,34.57
"pc1","4cpu-i7",0.06,"seadec",4,34.65
"pc1","4cpu-i7",0.06,"seadec",3,34.76
"pc1","4cpu-i7",0.06,"seadec",2,35.68
"pc1","4cpu-i7",0.06,"seadec",4,35.96
"pc1","4cpu-i7",0.06,"seadec",1,35.99
"pc1","4cpu-i7",0.06,"seadec",3,36.06
"pc1","4cpu-i7",0.06,"seadec",2,33.88
"pc1","4cpu-i7",0.06,"seadec",3,34.47
"pc1","4cpu-i7",0.06,"seadec",1,34.79
"pc1","4cpu-i7",0.06,"seadec",4,35.26
"pc1","4cpu-i7",0.06,"seadec",3,33.75
"pc1","4cpu-i7",0.06,"seadec",2,33.96
"pc1","4cpu-i7",0.06,"seadec",1,34.14
"pc1","4cpu-i7",0.06,"seadec",4,34.14
"pc1","4cpu-i7",0.07,"seadec",2,26.52
"pc1","4cpu-i7",0.07,"seadec",1,27.24
"pc1","4cpu-i7",0.07,"seadec",4,27.31
"pc1","4cpu-i7",0.07,"seadec",3,27.51
"pc1","4cpu-i7",0.07,"seadec",4,26.03
"pc1","4cpu-i7",0.07,"seadec",2,27.05
"pc1","4cpu-i7",0.07,"seadec",3,27.34
"pc1","4cpu-i7",0.07,"seadec",1,28.27
"pc1","4cpu-i7",0.07,"seadec",3,26.04
"pc1","4cpu-i7",0.07,"seadec",2,26.24
"pc1","4cpu-i7",0.07,"seadec",1,26.46
"pc1","4cpu-i7",0.07,"seadec",4,26.53
"pc1","4cpu-i7",0.07,"seadec",1,25.59
"pc1","4cpu-i7",0.07,"seadec",2,25.78
"pc1","4cpu-i7",0.07,"seadec",3,26.18
"pc1","4cpu-i7",0.07,"seadec",4,26.87
"pc1","4cpu-i7",0.07,"seadec",3,26.43
"pc1","4cpu-i7",0.07,"seadec",2,26.95
"pc1","4cpu-i7",0.07,"seadec",1,27.07
"pc1","4cpu-i7",0.07,"seadec",4,27.31
"pc1","4cpu-i7",0.07,"seadec",2,25.56
"pc1","4cpu-i7",0.07,"seadec",1,25.97
"pc1","4cpu-i7",0.07,"seadec",3,26.25
"pc1","4cpu-i7",0.07,"seadec",4,26.45
"pc1","4cpu-i7",0.07,"seadec",1,25.66
"pc1","4cpu-i7",0.07,"seadec",4,25.92
"pc1","4cpu-i7",0.07,"seadec",3,26.02
"pc1","4cpu-i7",0.07,"seadec",2,26.35
"pc1","4cpu-i7",0.07,"seadec",3,23.64
"pc1","4cpu-i7",0.07,"seadec",4,23.83
"pc1","4cpu-i7",0.07,"seadec",1,24.16
"pc1","4cpu-i7",0.07,"seadec",2,24.64
"pc1","4cpu-i7",0.07,"seadec",1,25.68
"pc1","4cpu-i7",0.07,"seadec",2,25.87
"pc1","4cpu-i7",0.07,"seadec",3,25.96
"pc1","4cpu-i7",0.07,"seadec",4,26.36
"pc1","4cpu-i7",0.07,"seadec",2,24.36
"pc1","4cpu-i7",0.07,"seadec",1,24.47
"pc1","4cpu-i7",0.07,"seadec",4,24.63
"pc1","4cpu-i7",0.07,"seadec",3,25.54
"pc1","4cpu-i7",0.07,"seadec",2,25.68
"pc1","4cpu-i7",0.07,"seadec",3,26.07
"pc1","4cpu-i7",0.07,"seadec",4,26.36
"pc1","4cpu-i7",0.07,"seadec",1,26.59
"pc1","4cpu-i7",0.07,"seadec",4,25.02
"pc1","4cpu-i7",0.07,"seadec",3,25.24
"pc1","4cpu-i7",0.07,"seadec",1,25.46
"pc1","4cpu-i7",0.07,"seadec",2,25.64
"pc1","4cpu-i7",0.07,"seadec",1,25.86
"pc1","4cpu-i7",0.07,"seadec",4,26.35
"pc1","4cpu-i7",0.07,"seadec",2,26.35
"pc1","4cpu-i7",0.07,"seadec",3,26.35
"pc1","4cpu-i7",0.07,"seadec",4,25.63
"pc1","4cpu-i7",0.07,"seadec",2,25.95
"pc1","4cpu-i7",0.07,"seadec",1,26.25
"pc1","4cpu-i7",0.07,"seadec",3,26.73
"pc1","4cpu-i7",0.07,"seadec",2,27.45
"pc1","4cpu-i7",0.07,"seadec",1,27.56
"pc1","4cpu-i7",0.07,"seadec",3,28.04
"pc1","4cpu-i7",0.07,"seadec",4,28.23
"pc1","4cpu-i7",0.07,"seadec",1,25.56
"pc1","4cpu-i7",0.07,"seadec",3,25.64
"pc1","4cpu-i7",0.07,"seadec",2,25.85
"pc1","4cpu-i7",0.07,"seadec",4,26.84
"pc1","4cpu-i7",0.07,"seadec",3,25.07
"pc1","4cpu-i7",0.07,"seadec",1,25.19
"pc1","4cpu-i7",0.07,"seadec",2,25.38
"pc1","4cpu-i7",0.07,"seadec",4,25.76
"pc1","4cpu-i7",0.07,"seadec",4,26.54
"pc1","4cpu-i7",0.07,"seadec",2,26.65
"pc1","4cpu-i7",0.07,"seadec",1,26.67
"pc1","4cpu-i7",0.07,"seadec",3,27.15
"pc1","4cpu-i7",0.07,"seadec",4,26.24
"pc1","4cpu-i7",0.07,"seadec",2,26.45
"pc1","4cpu-i7",0.07,"seadec",3,26.64
"pc1","4cpu-i7",0.07,"seadec",1,27.06
"pc1","4cpu-i7",0.07,"seadec",4,25.33
"pc1","4cpu-i7",0.07,"seadec",3,25.44
"pc1","4cpu-i7",0.07,"seadec",2,25.75
"pc1","4cpu-i7",0.07,"seadec",1,26.17
"pc1","4cpu-i7",0.07,"seadec",3,26.36
"pc1","4cpu-i7",0.07,"seadec",4,26.54
"pc1","4cpu-i7",0.07,"seadec",2,26.65
"pc1","4cpu-i7",0.07,"seadec",1,26.67
"pc1","4cpu-i7",0.07,"seadec",4,24.95
"pc1","4cpu-i7",0.07,"seadec",2,25.16
"pc1","4cpu-i7",0.07,"seadec",3,25.16
"pc1","4cpu-i7",0.07,"seadec",1,25.38
"pc1","4cpu-i7",0.07,"seadec",3,24.04
"pc1","4cpu-i7",0.07,"seadec",1,24.47
"pc1","4cpu-i7",0.07,"seadec",2,24.94
"pc1","4cpu-i7",0.07,"seadec",4,24.94
"pc1","4cpu-i7",0.07,"seadec",4,25.07
"pc1","4cpu-i7",0.07,"seadec",3,25.27
"pc1","4cpu-i7",0.07,"seadec",2,26.48
"pc1","4cpu-i7",0.07,"seadec",1,27.09
"pc1","4cpu-i7",0.07,"seadec",2,23.35
"pc1","4cpu-i7",0.07,"seadec",3,23.64
"pc1","4cpu-i7",0.07,"seadec",4,23.83
"pc1","4cpu-i7",0.07,"seadec",1,23.96
"pc1","4cpu-i7",0.07,"seadec",2,26.38
"pc1","4cpu-i7",0.07,"seadec",1,26.68
"pc1","4cpu-i7",0.07,"seadec",4,26.96
"pc1","4cpu-i7",0.07,"seadec",3,27.17
"pc1","4cpu-i7",0.07,"seadec",4,26.58
"pc1","4cpu-i7",0.07,"seadec",1,27.15
"pc1","4cpu-i7",0.07,"seadec",2,27.15
"pc1","4cpu-i7",0.07,"seadec",3,28.02
"pc1","4cpu-i7",0.07,"seadec",3,25.97
"pc1","4cpu-i7",0.07,"seadec",4,26.16
"pc1","4cpu-i7",0.07,"seadec",2,26.38
"pc1","4cpu-i7",0.07,"seadec",1,26.48
"pc1","4cpu-i7",0.07,"seadec",2,23.58
"pc1","4cpu-i7",0.07,"seadec",1,24.59
"pc1","4cpu-i7",0.07,"seadec",4,25.37
"pc1","4cpu-i7",0.07,"seadec",3,25.97
"pc1","4cpu-i7",0.07,"seadec",4,24.66
"pc1","4cpu-i7",0.07,"seadec",2,25.07
"pc1","4cpu-i7",0.07,"seadec",3,25.17
"pc1","4cpu-i7",0.07,"seadec",1,25.38
"pc1","4cpu-i7",0.08,"seadec",4,23.09
"pc1","4cpu-i7",0.08,"seadec",1,23.3
"pc1","4cpu-i7",0.08,"seadec",3,23.39
"pc1","4cpu-i7",0.08,"seadec",2,23.49
"pc1","4cpu-i7",0.08,"seadec",4,21.46
"pc1","4cpu-i7",0.08,"seadec",1,21.98
"pc1","4cpu-i7",0.08,"seadec",3,22.38
"pc1","4cpu-i7",0.08,"seadec",2,22.38
"pc1","4cpu-i7",0.08,"seadec",3,20.68
"pc1","4cpu-i7",0.08,"seadec",1,20.68
"pc1","4cpu-i7",0.08,"seadec",2,20.98
"pc1","4cpu-i7",0.08,"seadec",4,21.16
"pc1","4cpu-i7",0.08,"seadec",3,22.77
"pc1","4cpu-i7",0.08,"seadec",2,22.79
"pc1","4cpu-i7",0.08,"seadec",1,23.39
"pc1","4cpu-i7",0.08,"seadec",4,23.46
"pc1","4cpu-i7",0.08,"seadec",1,21.29
"pc1","4cpu-i7",0.08,"seadec",2,21.47
"pc1","4cpu-i7",0.08,"seadec",3,21.47
"pc1","4cpu-i7",0.08,"seadec",4,22.16
"pc1","4cpu-i7",0.08,"seadec",2,21.66
"pc1","4cpu-i7",0.08,"seadec",3,21.95
"pc1","4cpu-i7",0.08,"seadec",4,22.04
"pc1","4cpu-i7",0.08,"seadec",1,22.97
"pc1","4cpu-i7",0.08,"seadec",3,21.97
"pc1","4cpu-i7",0.08,"seadec",4,22.06
"pc1","4cpu-i7",0.08,"seadec",2,22.08
"pc1","4cpu-i7",0.08,"seadec",1,22.49
"pc1","4cpu-i7",0.08,"seadec",4,19.43
"pc1","4cpu-i7",0.08,"seadec",3,20.04
"pc1","4cpu-i7",0.08,"seadec",1,20.86
"pc1","4cpu-i7",0.08,"seadec",2,20.95
"pc1","4cpu-i7",0.08,"seadec",3,20.65
"pc1","4cpu-i7",0.08,"seadec",2,20.96
"pc1","4cpu-i7",0.08,"seadec",1,21.07
"pc1","4cpu-i7",0.08,"seadec",4,21.05
"pc1","4cpu-i7",0.08,"seadec",2,20.27
"pc1","4cpu-i7",0.08,"seadec",3,20.48
"pc1","4cpu-i7",0.08,"seadec",1,21.29
"pc1","4cpu-i7",0.08,"seadec",4,21.57
"pc1","4cpu-i7",0.08,"seadec",1,21.47
"pc1","4cpu-i7",0.08,"seadec",2,21.56
"pc1","4cpu-i7",0.08,"seadec",4,21.94
"pc1","4cpu-i7",0.08,"seadec",3,22.35
"pc1","4cpu-i7",0.08,"seadec",2,21.55
"pc1","4cpu-i7",0.08,"seadec",3,21.93
"pc1","4cpu-i7",0.08,"seadec",4,21.93
"pc1","4cpu-i7",0.08,"seadec",1,22.06
"pc1","4cpu-i7",0.08,"seadec",3,20.87
"pc1","4cpu-i7",0.08,"seadec",1,20.87
"pc1","4cpu-i7",0.08,"seadec",2,21.16
"pc1","4cpu-i7",0.08,"seadec",4,21.64
"pc1","4cpu-i7",0.08,"seadec",2,21.35
"pc1","4cpu-i7",0.08,"seadec",3,21.84
"pc1","4cpu-i7",0.08,"seadec",4,21.93
"pc1","4cpu-i7",0.08,"seadec",1,22.06
"pc1","4cpu-i7",0.08,"seadec",4,21.86
"pc1","4cpu-i7",0.08,"seadec",3,21.98
"pc1","4cpu-i7",0.08,"seadec",2,22.08
"pc1","4cpu-i7",0.08,"seadec",1,22.68
"pc1","4cpu-i7",0.08,"seadec",4,20.73
"pc1","4cpu-i7",0.08,"seadec",2,20.95
"pc1","4cpu-i7",0.08,"seadec",3,21.04
"pc1","4cpu-i7",0.08,"seadec",1,21.17
"pc1","4cpu-i7",0.08,"seadec",1,21.27
"pc1","4cpu-i7",0.08,"seadec",4,21.34
"pc1","4cpu-i7",0.08,"seadec",3,21.35
"pc1","4cpu-i7",0.08,"seadec",2,21.96
"pc1","4cpu-i7",0.08,"seadec",1,21.63
"pc1","4cpu-i7",0.08,"seadec",3,21.63
"pc1","4cpu-i7",0.08,"seadec",2,21.84
"pc1","4cpu-i7",0.08,"seadec",4,21.91
"pc1","4cpu-i7",0.08,"seadec",2,22.09
"pc1","4cpu-i7",0.08,"seadec",3,22.99
"pc1","4cpu-i7",0.08,"seadec",1,22.99
"pc1","4cpu-i7",0.08,"seadec",4,23.58
"pc1","4cpu-i7",0.08,"seadec",4,22.56
"pc1","4cpu-i7",0.08,"seadec",3,22.87
"pc1","4cpu-i7",0.08,"seadec",2,23.08
"pc1","4cpu-i7",0.08,"seadec",1,23.39
"pc1","4cpu-i7",0.08,"seadec",3,21.44
"pc1","4cpu-i7",0.08,"seadec",4,21.53
"pc1","4cpu-i7",0.08,"seadec",1,21.67
"pc1","4cpu-i7",0.08,"seadec",2,22.05
"pc1","4cpu-i7",0.08,"seadec",3,20.75
"pc1","4cpu-i7",0.08,"seadec",4,21.34
"pc1","4cpu-i7",0.08,"seadec",2,22.05
"pc1","4cpu-i7",0.08,"seadec",1,22.57
"pc1","4cpu-i7",0.08,"seadec",3,22.25
"pc1","4cpu-i7",0.08,"seadec",4,22.44
"pc1","4cpu-i7",0.08,"seadec",2,22.84
"pc1","4cpu-i7",0.08,"seadec",1,23.06
"pc1","4cpu-i7",0.08,"seadec",2,21.36
"pc1","4cpu-i7",0.08,"seadec",3,21.54
"pc1","4cpu-i7",0.08,"seadec",1,21.97
"pc1","4cpu-i7",0.08,"seadec",4,22.04
"pc1","4cpu-i7",0.08,"seadec",2,20.78
"pc1","4cpu-i7",0.08,"seadec",4,20.87
"pc1","4cpu-i7",0.08,"seadec",3,21.17
"pc1","4cpu-i7",0.08,"seadec",1,21.89
"pc1","4cpu-i7",0.08,"seadec",4,20.73
"pc1","4cpu-i7",0.08,"seadec",2,21.45
"pc1","4cpu-i7",0.08,"seadec",1,21.66
"pc1","4cpu-i7",0.08,"seadec",3,22.15
"pc1","4cpu-i7",0.08,"seadec",4,19.62
"pc1","4cpu-i7",0.08,"seadec",1,20.15
"pc1","4cpu-i7",0.08,"seadec",2,20.64
"pc1","4cpu-i7",0.08,"seadec",3,20.73
"pc1","4cpu-i7",0.08,"seadec",2,20.68
"pc1","4cpu-i7",0.08,"seadec",4,20.76
"pc1","4cpu-i7",0.08,"seadec",1,20.99
"pc1","4cpu-i7",0.08,"seadec",3,21.07
"pc1","4cpu-i7",0.08,"seadec",1,20.89
"pc1","4cpu-i7",0.08,"seadec",2,21.18
"pc1","4cpu-i7",0.08,"seadec",4,22.37
"pc1","4cpu-i7",0.08,"seadec",3,22.48
"pc1","4cpu-i7",0.08,"seadec",2,19.65
"pc1","4cpu-i7",0.08,"seadec",1,20.37
"pc1","4cpu-i7",0.08,"seadec",4,20.94
"pc1","4cpu-i7",0.08,"seadec",3,21.04
"pc1","4cpu-i7",0.09,"seadec",2,18.64
"pc1","4cpu-i7",0.09,"seadec",1,19.15
"pc1","4cpu-i7",0.09,"seadec",3,19.43
"pc1","4cpu-i7",0.09,"seadec",4,19.71
"pc1","4cpu-i7",0.09,"seadec",4,18.62
"pc1","4cpu-i7",0.09,"seadec",3,19.04
"pc1","4cpu-i7",0.09,"seadec",2,19.46
"pc1","4cpu-i7",0.09,"seadec",1,19.66
"pc1","4cpu-i7",0.09,"seadec",4,17.13
"pc1","4cpu-i7",0.09,"seadec",2,17.25
"pc1","4cpu-i7",0.09,"seadec",1,17.36
"pc1","4cpu-i7",0.09,"seadec",3,17.44
"pc1","4cpu-i7",0.09,"seadec",4,18.44
"pc1","4cpu-i7",0.09,"seadec",2,18.56
"pc1","4cpu-i7",0.09,"seadec",1,19.07
"pc1","4cpu-i7",0.09,"seadec",3,19.24
"pc1","4cpu-i7",0.09,"seadec",4,17.14
"pc1","4cpu-i7",0.09,"seadec",3,17.44
"pc1","4cpu-i7",0.09,"seadec",2,17.55
"pc1","4cpu-i7",0.09,"seadec",1,18.26
"pc1","4cpu-i7",0.09,"seadec",1,17.96
"pc1","4cpu-i7",0.09,"seadec",4,18.13
"pc1","4cpu-i7",0.09,"seadec",3,18.14
"pc1","4cpu-i7",0.09,"seadec",2,18.34
"pc1","4cpu-i7",0.09,"seadec",3,19.46
"pc1","4cpu-i7",0.09,"seadec",4,19.47
"pc1","4cpu-i7",0.09,"seadec",2,19.68
"pc1","4cpu-i7",0.09,"seadec",1,19.89
"pc1","4cpu-i7",0.09,"seadec",3,18.37
"pc1","4cpu-i7",0.09,"seadec",4,18.47
"pc1","4cpu-i7",0.09,"seadec",1,18.78
"pc1","4cpu-i7",0.09,"seadec",2,18.87
"pc1","4cpu-i7",0.09,"seadec",1,20.09
"pc1","4cpu-i7",0.09,"seadec",3,20.47
"pc1","4cpu-i7",0.09,"seadec",4,20.56
"pc1","4cpu-i7",0.09,"seadec",2,20.68
"pc1","4cpu-i7",0.09,"seadec",3,18.38
"pc1","4cpu-i7",0.09,"seadec",1,18.59
"pc1","4cpu-i7",0.09,"seadec",2,19.07
"pc1","4cpu-i7",0.09,"seadec",4,19.07
"pc1","4cpu-i7",0.09,"seadec",1,18.56
"pc1","4cpu-i7",0.09,"seadec",2,18.65
"pc1","4cpu-i7",0.09,"seadec",4,18.94
"pc1","4cpu-i7",0.09,"seadec",3,19.04
"pc1","4cpu-i7",0.09,"seadec",2,18.29
"pc1","4cpu-i7",0.09,"seadec",4,19.36
"pc1","4cpu-i7",0.09,"seadec",1,19.58
"pc1","4cpu-i7",0.09,"seadec",3,19.58
"pc1","4cpu-i7",0.09,"seadec",2,19.41
"pc1","4cpu-i7",0.09,"seadec",1,19.74
"pc1","4cpu-i7",0.09,"seadec",4,19.99
"pc1","4cpu-i7",0.09,"seadec",3,20.19
"pc1","4cpu-i7",0.09,"seadec",2,18.74
"pc1","4cpu-i7",0.09,"seadec",4,18.91
"pc1","4cpu-i7",0.09,"seadec",3,18.93
"pc1","4cpu-i7",0.09,"seadec",1,19.07
"pc1","4cpu-i7",0.09,"seadec",4,19.26
"pc1","4cpu-i7",0.09,"seadec",2,19.26
"pc1","4cpu-i7",0.09,"seadec",1,19.37
"pc1","4cpu-i7",0.09,"seadec",3,19.55
"pc1","4cpu-i7",0.09,"seadec",1,19.37
"pc1","4cpu-i7",0.09,"seadec",3,19.45
"pc1","4cpu-i7",0.09,"seadec",2,19.66
"pc1","4cpu-i7",0.09,"seadec",4,19.83
"pc1","4cpu-i7",0.09,"seadec",1,18.57
"pc1","4cpu-i7",0.09,"seadec",4,18.74
"pc1","4cpu-i7",0.09,"seadec",3,18.85
"pc1","4cpu-i7",0.09,"seadec",2,18.95
"pc1","4cpu-i7",0.09,"seadec",1,19.39
"pc1","4cpu-i7",0.09,"seadec",3,19.58
"pc1","4cpu-i7",0.09,"seadec",2,20.18
"pc1","4cpu-i7",0.09,"seadec",4,20.27
"pc1","4cpu-i7",0.09,"seadec",3,18.94
"pc1","4cpu-i7",0.09,"seadec",1,19.07
"pc1","4cpu-i7",0.09,"seadec",4,19.14
"pc1","4cpu-i7",0.09,"seadec",2,19.36
"pc1","4cpu-i7",0.09,"seadec",1,18.97
"pc1","4cpu-i7",0.09,"seadec",4,19.13
"pc1","4cpu-i7",0.09,"seadec",3,19.14
"pc1","4cpu-i7",0.09,"seadec",2,19.35
"pc1","4cpu-i7",0.09,"seadec",4,19.16
"pc1","4cpu-i7",0.09,"seadec",1,19.28
"pc1","4cpu-i7",0.09,"seadec",3,19.66
"pc1","4cpu-i7",0.09,"seadec",2,19.77
"pc1","4cpu-i7",0.09,"seadec",1,20
"pc1","4cpu-i7",0.09,"seadec",3,20.07
"pc1","4cpu-i7",0.09,"seadec",2,20.18
"pc1","4cpu-i7",0.09,"seadec",4,20.18
"pc1","4cpu-i7",0.09,"seadec",2,20.07
"pc1","4cpu-i7",0.09,"seadec",1,20.18
"pc1","4cpu-i7",0.09,"seadec",4,20.55
"pc1","4cpu-i7",0.09,"seadec",3,20.66
"pc1","4cpu-i7",0.09,"seadec",1,20.58
"pc1","4cpu-i7",0.09,"seadec",4,20.58
"pc1","4cpu-i7",0.09,"seadec",3,20.58
"pc1","4cpu-i7",0.09,"seadec",2,20.78
"pc1","4cpu-i7",0.09,"seadec",3,18.95
"pc1","4cpu-i7",0.09,"seadec",1,19.06
"pc1","4cpu-i7",0.09,"seadec",4,19.44
"pc1","4cpu-i7",0.09,"seadec",2,19.66
"pc1","4cpu-i7",0.09,"seadec",4,18.44
"pc1","4cpu-i7",0.09,"seadec",3,18.75
"pc1","4cpu-i7",0.09,"seadec",2,18.95
"pc1","4cpu-i7",0.09,"seadec",1,19.06
"pc1","4cpu-i7",0.09,"seadec",4,19.07
"pc1","4cpu-i7",0.09,"seadec",2,19.29
"pc1","4cpu-i7",0.09,"seadec",3,19.37
"pc1","4cpu-i7",0.09,"seadec",1,19.99
"pc1","4cpu-i7",0.09,"seadec",3,18.73
"pc1","4cpu-i7",0.09,"seadec",4,18.92
"pc1","4cpu-i7",0.09,"seadec",2,19.14
"pc1","4cpu-i7",0.09,"seadec",1,19.34
"pc1","4cpu-i7",0.09,"seadec",1,19.09
"pc1","4cpu-i7",0.09,"seadec",3,19.09
"pc1","4cpu-i7",0.09,"seadec",2,19.16
"pc1","4cpu-i7",0.09,"seadec",4,19.13
"pc1","4cpu-i7",0.09,"seadec",4,18.73
"pc1","4cpu-i7",0.09,"seadec",1,19.17
"pc1","4cpu-i7",0.09,"seadec",3,19.16
"pc1","4cpu-i7",0.09,"seadec",2,19.26
"pc1","4cpu-i7",0.11,"seadec",4,14.1
"pc1","4cpu-i7",0.11,"seadec",1,14.32
"pc1","4cpu-i7",0.11,"seadec",3,14.61
"pc1","4cpu-i7",0.11,"seadec",2,14.81
"pc1","4cpu-i7",0.11,"seadec",4,14.21
"pc1","4cpu-i7",0.11,"seadec",1,14.47
"pc1","4cpu-i7",0.11,"seadec",2,14.46
"pc1","4cpu-i7",0.11,"seadec",3,14.56
"pc1","4cpu-i7",0.11,"seadec",4,13.23
"pc1","4cpu-i7",0.11,"seadec",1,13.38
"pc1","4cpu-i7",0.11,"seadec",2,13.37
"pc1","4cpu-i7",0.11,"seadec",3,13.74
"pc1","4cpu-i7",0.11,"seadec",4,14.28
"pc1","4cpu-i7",0.11,"seadec",1,14.28
"pc1","4cpu-i7",0.11,"seadec",2,14.27
"pc1","4cpu-i7",0.11,"seadec",3,14.37
"pc1","4cpu-i7",0.11,"seadec",1,13.38
"pc1","4cpu-i7",0.11,"seadec",3,13.45
"pc1","4cpu-i7",0.11,"seadec",4,13.54
"pc1","4cpu-i7",0.11,"seadec",2,14.07
"pc1","4cpu-i7",0.11,"seadec",1,13.29
"pc1","4cpu-i7",0.11,"seadec",3,13.47
"pc1","4cpu-i7",0.11,"seadec",2,13.97
"pc1","4cpu-i7",0.11,"seadec",4,13.94
"pc1","4cpu-i7",0.11,"seadec",2,13.16
"pc1","4cpu-i7",0.11,"seadec",3,13.37
"pc1","4cpu-i7",0.11,"seadec",1,13.49
"pc1","4cpu-i7",0.11,"seadec",4,13.75
"pc1","4cpu-i7",0.11,"seadec",4,12.92
"pc1","4cpu-i7",0.11,"seadec",1,13.18
"pc1","4cpu-i7",0.11,"seadec",2,13.48
"pc1","4cpu-i7",0.11,"seadec",3,13.74
"pc1","4cpu-i7",0.11,"seadec",4,13.15
"pc1","4cpu-i7",0.11,"seadec",2,13.36
"pc1","4cpu-i7",0.11,"seadec",3,13.46
"pc1","4cpu-i7",0.11,"seadec",1,13.46
"pc1","4cpu-i7",0.11,"seadec",1,13.75
"pc1","4cpu-i7",0.11,"seadec",2,13.75
"pc1","4cpu-i7",0.11,"seadec",4,13.75
"pc1","4cpu-i7",0.11,"seadec",3,13.86
"pc1","4cpu-i7",0.11,"seadec",3,14.17
"pc1","4cpu-i7",0.11,"seadec",2,14.47
"pc1","4cpu-i7",0.11,"seadec",1,14.49
"pc1","4cpu-i7",0.11,"seadec",4,14.66
"pc1","4cpu-i7",0.11,"seadec",2,13.46
"pc1","4cpu-i7",0.11,"seadec",1,13.56
"pc1","4cpu-i7",0.11,"seadec",3,13.55
"pc1","4cpu-i7",0.11,"seadec",4,13.74
"pc1","4cpu-i7",0.11,"seadec",1,13.16
"pc1","4cpu-i7",0.11,"seadec",3,13.14
"pc1","4cpu-i7",0.11,"seadec",2,13.25
"pc1","4cpu-i7",0.11,"seadec",4,13.73
"pc1","4cpu-i7",0.11,"seadec",2,13.32
"pc1","4cpu-i7",0.11,"seadec",3,13.32
"pc1","4cpu-i7",0.11,"seadec",1,13.46
"pc1","4cpu-i7",0.11,"seadec",4,13.7
"pc1","4cpu-i7",0.11,"seadec",1,13.99
"pc1","4cpu-i7",0.11,"seadec",2,14.18
"pc1","4cpu-i7",0.11,"seadec",4,14.36
"pc1","4cpu-i7",0.11,"seadec",3,14.87
"pc1","4cpu-i7",0.11,"seadec",1,13.47
"pc1","4cpu-i7",0.11,"seadec",2,13.54
"pc1","4cpu-i7",0.11,"seadec",3,13.65
"pc1","4cpu-i7",0.11,"seadec",4,13.93
"pc1","4cpu-i7",0.11,"seadec",3,13.94
"pc1","4cpu-i7",0.11,"seadec",1,13.97
"pc1","4cpu-i7",0.11,"seadec",2,14.13
"pc1","4cpu-i7",0.11,"seadec",4,14.13
"pc1","4cpu-i7",0.11,"seadec",1,14.18
"pc1","4cpu-i7",0.11,"seadec",3,14.35
"pc1","4cpu-i7",0.11,"seadec",2,14.75
"pc1","4cpu-i7",0.11,"seadec",4,14.75
"pc1","4cpu-i7",0.11,"seadec",1,13.17
"pc1","4cpu-i7",0.11,"seadec",4,13.24
"pc1","4cpu-i7",0.11,"seadec",3,13.55
"pc1","4cpu-i7",0.11,"seadec",2,13.76
"pc1","4cpu-i7",0.11,"seadec",3,14.24
"pc1","4cpu-i7",0.11,"seadec",4,14.33
"pc1","4cpu-i7",0.11,"seadec",1,14.36
"pc1","4cpu-i7",0.11,"seadec",2,14.35
"pc1","4cpu-i7",0.11,"seadec",4,13.67
"pc1","4cpu-i7",0.11,"seadec",1,13.8
"pc1","4cpu-i7",0.11,"seadec",3,14.18
"pc1","4cpu-i7",0.11,"seadec",2,14.27
"pc1","4cpu-i7",0.11,"seadec",2,14.18
"pc1","4cpu-i7",0.11,"seadec",1,14.19
"pc1","4cpu-i7",0.11,"seadec",4,14.19
"pc1","4cpu-i7",0.11,"seadec",3,14.18
"pc1","4cpu-i7",0.11,"seadec",3,13.37
"pc1","4cpu-i7",0.11,"seadec",2,13.68
"pc1","4cpu-i7",0.11,"seadec",4,13.79
"pc1","4cpu-i7",0.11,"seadec",1,13.79
"pc1","4cpu-i7",0.11,"seadec",3,13.86
"pc1","4cpu-i7",0.11,"seadec",2,13.97
"pc1","4cpu-i7",0.11,"seadec",4,14.27
"pc1","4cpu-i7",0.11,"seadec",1,14.47
"pc1","4cpu-i7",0.11,"seadec",3,13.26
"pc1","4cpu-i7",0.11,"seadec",1,13.37
"pc1","4cpu-i7",0.11,"seadec",2,13.65
"pc1","4cpu-i7",0.11,"seadec",4,13.74
"pc1","4cpu-i7",0.11,"seadec",3,13.67
"pc1","4cpu-i7",0.11,"seadec",2,13.77
"pc1","4cpu-i7",0.11,"seadec",1,14.08
"pc1","4cpu-i7",0.11,"seadec",4,14.17
"pc1","4cpu-i7",0.11,"seadec",2,13.69
"pc1","4cpu-i7",0.11,"seadec",3,14.07
"pc1","4cpu-i7",0.11,"seadec",4,14.07
"pc1","4cpu-i7",0.11,"seadec",1,14.39
"pc1","4cpu-i7",0.11,"seadec",3,13.56
"pc1","4cpu-i7",0.11,"seadec",4,13.65
"pc1","4cpu-i7",0.11,"seadec",2,13.97
"pc1","4cpu-i7",0.11,"seadec",1,14.18
"pc1","4cpu-i7",0.11,"seadec",4,13.04
"pc1","4cpu-i7",0.11,"seadec",3,13.04
"pc1","4cpu-i7",0.11,"seadec",2,13.14
"pc1","4cpu-i7",0.11,"seadec",1,13.25
"pc1","4cpu-i7",0.11,"seadec",3,13.98
"pc1","4cpu-i7",0.11,"seadec",2,14.38
"pc1","4cpu-i7",0.11,"seadec",4,14.97
"pc1","4cpu-i7",0.11,"seadec",1,15.08
"pc1","4cpu-i7",0.12,"seadec",3,12.84
"pc1","4cpu-i7",0.12,"seadec",4,13.22
"pc1","4cpu-i7",0.12,"seadec",2,13.35
"pc1","4cpu-i7",0.12,"seadec",1,13.44
"pc1","4cpu-i7",0.12,"seadec",2,12.97
"pc1","4cpu-i7",0.12,"seadec",4,13.05
"pc1","4cpu-i7",0.12,"seadec",3,13.05
"pc1","4cpu-i7",0.12,"seadec",1,13.18
"pc1","4cpu-i7",0.12,"seadec",4,12.26
"pc1","4cpu-i7",0.12,"seadec",3,12.27
"pc1","4cpu-i7",0.12,"seadec",1,12.48
"pc1","4cpu-i7",0.12,"seadec",2,12.87
"pc1","4cpu-i7",0.12,"seadec",4,12.57
"pc1","4cpu-i7",0.12,"seadec",1,12.69
"pc1","4cpu-i7",0.12,"seadec",3,12.67
"pc1","4cpu-i7",0.12,"seadec",2,12.78
"pc1","4cpu-i7",0.12,"seadec",3,11.95
"pc1","4cpu-i7",0.12,"seadec",1,11.98
"pc1","4cpu-i7",0.12,"seadec",4,12.23
"pc1","4cpu-i7",0.12,"seadec",2,12.26
"pc1","4cpu-i7",0.12,"seadec",4,12.75
"pc1","4cpu-i7",0.12,"seadec",3,12.86
"pc1","4cpu-i7",0.12,"seadec",2,12.87
"pc1","4cpu-i7",0.12,"seadec",1,12.98
"pc1","4cpu-i7",0.12,"seadec",2,12.28
"pc1","4cpu-i7",0.12,"seadec",4,12.46
"pc1","4cpu-i7",0.12,"seadec",3,12.47
"pc1","4cpu-i7",0.12,"seadec",1,12.58
"pc1","4cpu-i7",0.12,"seadec",4,12.37
"pc1","4cpu-i7",0.12,"seadec",3,12.48
"pc1","4cpu-i7",0.12,"seadec",2,12.59
"pc1","4cpu-i7",0.12,"seadec",1,12.79
"pc1","4cpu-i7",0.12,"seadec",3,12.26
"pc1","4cpu-i7",0.12,"seadec",4,12.26
"pc1","4cpu-i7",0.12,"seadec",2,12.68
"pc1","4cpu-i7",0.12,"seadec",1,12.88
"pc1","4cpu-i7",0.12,"seadec",3,11.75
"pc1","4cpu-i7",0.12,"seadec",4,11.83
"pc1","4cpu-i7",0.12,"seadec",2,12.05
"pc1","4cpu-i7",0.12,"seadec",1,12.17
"pc1","4cpu-i7",0.12,"seadec",2,12.69
"pc1","4cpu-i7",0.12,"seadec",3,12.88
"pc1","4cpu-i7",0.12,"seadec",1,12.9
"pc1","4cpu-i7",0.12,"seadec",4,12.97
"pc1","4cpu-i7",0.12,"seadec",2,11.68
"pc1","4cpu-i7",0.12,"seadec",3,11.88
"pc1","4cpu-i7",0.12,"seadec",1,12.38
"pc1","4cpu-i7",0.12,"seadec",4,12.57
"pc1","4cpu-i7",0.12,"seadec",1,11.36
"pc1","4cpu-i7",0.12,"seadec",2,11.55
"pc1","4cpu-i7",0.12,"seadec",3,11.64
"pc1","4cpu-i7",0.12,"seadec",4,12.13
"pc1","4cpu-i7",0.12,"seadec",2,12.68
"pc1","4cpu-i7",0.12,"seadec",1,12.79
"pc1","4cpu-i7",0.12,"seadec",4,12.98
"pc1","4cpu-i7",0.12,"seadec",3,13.08
"pc1","4cpu-i7",0.12,"seadec",1,11.68
"pc1","4cpu-i7",0.12,"seadec",2,11.76
"pc1","4cpu-i7",0.12,"seadec",3,11.96
"pc1","4cpu-i7",0.12,"seadec",4,12.06
"pc1","4cpu-i7",0.12,"seadec",3,12.46
"pc1","4cpu-i7",0.12,"seadec",2,12.48
"pc1","4cpu-i7",0.12,"seadec",4,12.57
"pc1","4cpu-i7",0.12,"seadec",1,12.68
"pc1","4cpu-i7",0.12,"seadec",2,12.59
"pc1","4cpu-i7",0.12,"seadec",1,12.6
"pc1","4cpu-i7",0.12,"seadec",4,12.67
"pc1","4cpu-i7",0.12,"seadec",3,12.77
"pc1","4cpu-i7",0.12,"seadec",3,12.68
"pc1","4cpu-i7",0.12,"seadec",2,12.78
"pc1","4cpu-i7",0.12,"seadec",1,12.79
"pc1","4cpu-i7",0.12,"seadec",4,12.97
"pc1","4cpu-i7",0.12,"seadec",2,12.56
"pc1","4cpu-i7",0.12,"seadec",1,12.67
"pc1","4cpu-i7",0.12,"seadec",4,12.85
"pc1","4cpu-i7",0.12,"seadec",3,12.95
"pc1","4cpu-i7",0.12,"seadec",2,12.36
"pc1","4cpu-i7",0.12,"seadec",1,12.38
"pc1","4cpu-i7",0.12,"seadec",3,12.76
"pc1","4cpu-i7",0.12,"seadec",4,12.76
"pc1","4cpu-i7",0.12,"seadec",2,11.35
"pc1","4cpu-i7",0.12,"seadec",1,11.55
"pc1","4cpu-i7",0.12,"seadec",4,11.82
"pc1","4cpu-i7",0.12,"seadec",3,12.12
"pc1","4cpu-i7",0.12,"seadec",2,12.15
"pc1","4cpu-i7",0.12,"seadec",3,12.15
"pc1","4cpu-i7",0.12,"seadec",4,12.23
"pc1","4cpu-i7",0.12,"seadec",1,12.77
"pc1","4cpu-i7",0.12,"seadec",2,11.64
"pc1","4cpu-i7",0.12,"seadec",4,11.82
"pc1","4cpu-i7",0.12,"seadec",1,12.27
"pc1","4cpu-i7",0.12,"seadec",3,12.53
"pc1","4cpu-i7",0.12,"seadec",4,11.65
"pc1","4cpu-i7",0.12,"seadec",2,12.05
"pc1","4cpu-i7",0.12,"seadec",1,12.46
"pc1","4cpu-i7",0.12,"seadec",3,12.45
"pc1","4cpu-i7",0.12,"seadec",4,12.06
"pc1","4cpu-i7",0.12,"seadec",1,12.17
"pc1","4cpu-i7",0.12,"seadec",2,12.18
"pc1","4cpu-i7",0.12,"seadec",3,12.26
"pc1","4cpu-i7",0.12,"seadec",4,11.97
"pc1","4cpu-i7",0.12,"seadec",1,12.19
"pc1","4cpu-i7",0.12,"seadec",3,12.58
"pc1","4cpu-i7",0.12,"seadec",2,12.58
"pc1","4cpu-i7",0.12,"seadec",4,11.74
"pc1","4cpu-i7",0.12,"seadec",3,11.84
"pc1","4cpu-i7",0.12,"seadec",2,11.85
"pc1","4cpu-i7",0.12,"seadec",1,12.18
"pc1","4cpu-i7",0.12,"seadec",3,11.25
"pc1","4cpu-i7",0.12,"seadec",4,11.74
"pc1","4cpu-i7",0.12,"seadec",1,11.77
"pc1","4cpu-i7",0.12,"seadec",2,11.95
"pc1","4cpu-i7",0.12,"seadec",4,11.74
"pc1","4cpu-i7",0.12,"seadec",3,11.74
"pc1","4cpu-i7",0.12,"seadec",2,12.25
"pc1","4cpu-i7",0.12,"seadec",1,12.37
"pc1","4cpu-i7",0.12,"seadec",4,12.46
"pc1","4cpu-i7",0.12,"seadec",3,12.59
"pc1","4cpu-i7",0.12,"seadec",1,12.59
"pc1","4cpu-i7",0.12,"seadec",2,12.68
"pc1","4cpu-i7",0.13,"seadec",3,11.65
"pc1","4cpu-i7",0.13,"seadec",4,11.65
"pc1","4cpu-i7",0.13,"seadec",1,11.79
"pc1","4cpu-i7",0.13,"seadec",2,11.86
"pc1","4cpu-i7",0.13,"seadec",4,11.66
"pc1","4cpu-i7",0.13,"seadec",2,11.87
"pc1","4cpu-i7",0.13,"seadec",3,11.87
"pc1","4cpu-i7",0.13,"seadec",1,11.89
"pc1","4cpu-i7",0.13,"seadec",2,10.95
"pc1","4cpu-i7",0.13,"seadec",4,10.96
"pc1","4cpu-i7",0.13,"seadec",1,10.94
"pc1","4cpu-i7",0.13,"seadec",3,10.94
"pc1","4cpu-i7",0.13,"seadec",3,11.58
"pc1","4cpu-i7",0.13,"seadec",4,11.58
"pc1","4cpu-i7",0.13,"seadec",1,11.58
"pc1","4cpu-i7",0.13,"seadec",2,11.67
"pc1","4cpu-i7",0.13,"seadec",1,10.87
"pc1","4cpu-i7",0.13,"seadec",3,10.87
"pc1","4cpu-i7",0.13,"seadec",2,10.95
"pc1","4cpu-i7",0.13,"seadec",4,10.95
"pc1","4cpu-i7",0.13,"seadec",2,12.09
"pc1","4cpu-i7",0.13,"seadec",3,12.18
"pc1","4cpu-i7",0.13,"seadec",1,12.29
"pc1","4cpu-i7",0.13,"seadec",4,12.46
"pc1","4cpu-i7",0.13,"seadec",3,10.75
"pc1","4cpu-i7",0.13,"seadec",2,10.85
"pc1","4cpu-i7",0.13,"seadec",1,10.97
"pc1","4cpu-i7",0.13,"seadec",4,11.03
"pc1","4cpu-i7",0.13,"seadec",1,11.48
"pc1","4cpu-i7",0.13,"seadec",2,11.69
"pc1","4cpu-i7",0.13,"seadec",4,11.69
"pc1","4cpu-i7",0.13,"seadec",3,11.88
"pc1","4cpu-i7",0.13,"seadec",1,10.36
"pc1","4cpu-i7",0.13,"seadec",2,10.64
"pc1","4cpu-i7",0.13,"seadec",3,10.73
"pc1","4cpu-i7",0.13,"seadec",4,10.72
"pc1","4cpu-i7",0.13,"seadec",1,11.68
"pc1","4cpu-i7",0.13,"seadec",2,11.89
"pc1","4cpu-i7",0.13,"seadec",4,11.97
"pc1","4cpu-i7",0.13,"seadec",3,12.07
"pc1","4cpu-i7",0.13,"seadec",3,11.38
"pc1","4cpu-i7",0.13,"seadec",2,11.38
"pc1","4cpu-i7",0.13,"seadec",1,11.86
"pc1","4cpu-i7",0.13,"seadec",4,11.86
"pc1","4cpu-i7",0.13,"seadec",3,11.07
"pc1","4cpu-i7",0.13,"seadec",2,11.18
"pc1","4cpu-i7",0.13,"seadec",4,11.26
"pc1","4cpu-i7",0.13,"seadec",1,11.39
"pc1","4cpu-i7",0.13,"seadec",1,11.36
"pc1","4cpu-i7",0.13,"seadec",4,11.36
"pc1","4cpu-i7",0.13,"seadec",2,11.36
"pc1","4cpu-i7",0.13,"seadec",3,11.36
"pc1","4cpu-i7",0.13,"seadec",2,10.84
"pc1","4cpu-i7",0.13,"seadec",4,11.04
"pc1","4cpu-i7",0.13,"seadec",1,11.04
"pc1","4cpu-i7",0.13,"seadec",3,11.23
"pc1","4cpu-i7",0.13,"seadec",2,10.96
"pc1","4cpu-i7",0.13,"seadec",1,11.25
"pc1","4cpu-i7",0.13,"seadec",3,11.25
"pc1","4cpu-i7",0.13,"seadec",4,11.53
"pc1","4cpu-i7",0.13,"seadec",1,11.47
"pc1","4cpu-i7",0.13,"seadec",2,11.56
"pc1","4cpu-i7",0.13,"seadec",3,11.75
"pc1","4cpu-i7",0.13,"seadec",4,11.94
"pc1","4cpu-i7",0.13,"seadec",1,11.67
"pc1","4cpu-i7",0.13,"seadec",3,11.95
"pc1","4cpu-i7",0.13,"seadec",2,11.96
"pc1","4cpu-i7",0.13,"seadec",4,12.04
"pc1","4cpu-i7",0.13,"seadec",1,11.69
"pc1","4cpu-i7",0.13,"seadec",3,11.77
"pc1","4cpu-i7",0.13,"seadec",2,11.89
"pc1","4cpu-i7",0.13,"seadec",4,11.96
"pc1","4cpu-i7",0.13,"seadec",1,12.1
"pc1","4cpu-i7",0.13,"seadec",2,12.29
"pc1","4cpu-i7",0.13,"seadec",3,12.37
"pc1","4cpu-i7",0.13,"seadec",4,12.47
"pc1","4cpu-i7",0.13,"seadec",3,12.28
"pc1","4cpu-i7",0.13,"seadec",1,12.5
"pc1","4cpu-i7",0.13,"seadec",2,12.59
"pc1","4cpu-i7",0.13,"seadec",4,12.58
"pc1","4cpu-i7",0.13,"seadec",3,11.37
"pc1","4cpu-i7",0.13,"seadec",4,11.37
"pc1","4cpu-i7",0.13,"seadec",1,11.59
"pc1","4cpu-i7",0.13,"seadec",2,11.77
"pc1","4cpu-i7",0.13,"seadec",4,12.06
"pc1","4cpu-i7",0.13,"seadec",3,12.37
"pc1","4cpu-i7",0.13,"seadec",2,12.38
"pc1","4cpu-i7",0.13,"seadec",1,12.49
"pc1","4cpu-i7",0.13,"seadec",4,11.47
"pc1","4cpu-i7",0.13,"seadec",3,11.58
"pc1","4cpu-i7",0.13,"seadec",1,11.78
"pc1","4cpu-i7",0.13,"seadec",2,11.78
"pc1","4cpu-i7",0.13,"seadec",3,10.95
"pc1","4cpu-i7",0.13,"seadec",4,11.15
"pc1","4cpu-i7",0.13,"seadec",2,11.35
"pc1","4cpu-i7",0.13,"seadec",1,11.77
"pc1","4cpu-i7",0.13,"seadec",3,10.65
"pc1","4cpu-i7",0.13,"seadec",4,10.74
"pc1","4cpu-i7",0.13,"seadec",2,10.94
"pc1","4cpu-i7",0.13,"seadec",1,11.06
"pc1","4cpu-i7",0.13,"seadec",1,11.8
"pc1","4cpu-i7",0.13,"seadec",4,12.08
"pc1","4cpu-i7",0.13,"seadec",3,12.08
"pc1","4cpu-i7",0.13,"seadec",2,12.38
"pc1","4cpu-i7",0.13,"seadec",3,11.15
"pc1","4cpu-i7",0.13,"seadec",1,11.47
"pc1","4cpu-i7",0.13,"seadec",4,11.54
"pc1","4cpu-i7",0.13,"seadec",2,11.66
"pc1","4cpu-i7",0.13,"seadec",4,11.55
"pc1","4cpu-i7",0.13,"seadec",3,11.55
"pc1","4cpu-i7",0.13,"seadec",2,11.67
"pc1","4cpu-i7",0.13,"seadec",1,11.77
"pc1","4cpu-i7",0.13,"seadec",4,11.68
"pc1","4cpu-i7",0.13,"seadec",2,11.79
"pc1","4cpu-i7",0.13,"seadec",1,12.07
"pc1","4cpu-i7",0.13,"seadec",3,12.07
"pc1","4cpu-i7",0.13,"seadec",2,11.56
"pc1","4cpu-i7",0.13,"seadec",4,11.65
"pc1","4cpu-i7",0.13,"seadec",3,11.85
"pc1","4cpu-i7",0.13,"seadec",1,12.07
"pc1","4cpu-i7",0.14,"seadec",4,11.27
"pc1","4cpu-i7",0.14,"seadec",1,11.5
"pc1","4cpu-i7",0.14,"seadec",3,11.68
"pc1","4cpu-i7",0.14,"seadec",2,11.69
"pc1","4cpu-i7",0.14,"seadec",4,10.94
"pc1","4cpu-i7",0.14,"seadec",1,11.26
"pc1","4cpu-i7",0.14,"seadec",2,11.26
"pc1","4cpu-i7",0.14,"seadec",3,11.34
"pc1","4cpu-i7",0.14,"seadec",4,10.6
"pc1","4cpu-i7",0.14,"seadec",1,10.6
"pc1","4cpu-i7",0.14,"seadec",2,10.69
"pc1","4cpu-i7",0.14,"seadec",3,10.77
"pc1","4cpu-i7",0.14,"seadec",2,10.38
"pc1","4cpu-i7",0.14,"seadec",4,10.57
"pc1","4cpu-i7",0.14,"seadec",3,10.57
"pc1","4cpu-i7",0.14,"seadec",1,10.69
"pc1","4cpu-i7",0.14,"seadec",4,10.55
"pc1","4cpu-i7",0.14,"seadec",2,10.77
"pc1","4cpu-i7",0.14,"seadec",1,10.85
"pc1","4cpu-i7",0.14,"seadec",3,10.85
"pc1","4cpu-i7",0.14,"seadec",4,10.77
"pc1","4cpu-i7",0.14,"seadec",2,10.89
"pc1","4cpu-i7",0.14,"seadec",1,10.99
"pc1","4cpu-i7",0.14,"seadec",3,11.08
"pc1","4cpu-i7",0.14,"seadec",3,9.75
"pc1","4cpu-i7",0.14,"seadec",2,9.88
"pc1","4cpu-i7",0.14,"seadec",1,9.88
"pc1","4cpu-i7",0.14,"seadec",4,9.84
"pc1","4cpu-i7",0.14,"seadec",1,10.67
"pc1","4cpu-i7",0.14,"seadec",2,10.76
"pc1","4cpu-i7",0.14,"seadec",4,10.76
"pc1","4cpu-i7",0.14,"seadec",3,10.76
"pc1","4cpu-i7",0.14,"seadec",2,10.26
"pc1","4cpu-i7",0.14,"seadec",3,10.36
"pc1","4cpu-i7",0.14,"seadec",4,10.36
"pc1","4cpu-i7",0.14,"seadec",1,10.46
"pc1","4cpu-i7",0.14,"seadec",2,10.79
"pc1","4cpu-i7",0.14,"seadec",3,10.79
"pc1","4cpu-i7",0.14,"seadec",4,10.79
"pc1","4cpu-i7",0.14,"seadec",1,10.89
"pc1","4cpu-i7",0.14,"seadec",2,10.67
"pc1","4cpu-i7",0.14,"seadec",3,10.67
"pc1","4cpu-i7",0.14,"seadec",4,10.75
"pc1","4cpu-i7",0.14,"seadec",1,10.78
"pc1","4cpu-i7",0.14,"seadec",3,11.16
"pc1","4cpu-i7",0.14,"seadec",4,11.17
"pc1","4cpu-i7",0.14,"seadec",2,11.39
"pc1","4cpu-i7",0.14,"seadec",1,11.39
"pc1","4cpu-i7",0.14,"seadec",3,10.26
"pc1","4cpu-i7",0.14,"seadec",4,10.46
"pc1","4cpu-i7",0.14,"seadec",2,10.46
"pc1","4cpu-i7",0.14,"seadec",1,10.56
"pc1","4cpu-i7",0.14,"seadec",2,10.89
"pc1","4cpu-i7",0.14,"seadec",4,10.97
"pc1","4cpu-i7",0.14,"seadec",1,11.09
"pc1","4cpu-i7",0.14,"seadec",3,11.08
"pc1","4cpu-i7",0.14,"seadec",1,9.97
"pc1","4cpu-i7",0.14,"seadec",2,10.09
"pc1","4cpu-i7",0.14,"seadec",4,10.27
"pc1","4cpu-i7",0.14,"seadec",3,10.58
"pc1","4cpu-i7",0.14,"seadec",2,9.74
"pc1","4cpu-i7",0.14,"seadec",4,9.82
"pc1","4cpu-i7",0.14,"seadec",1,9.96
"pc1","4cpu-i7",0.14,"seadec",3,10.04
"pc1","4cpu-i7",0.14,"seadec",4,10.26
"pc1","4cpu-i7",0.14,"seadec",2,10.37
"pc1","4cpu-i7",0.14,"seadec",1,10.48
"pc1","4cpu-i7",0.14,"seadec",3,10.47
"pc1","4cpu-i7",0.14,"seadec",2,11.58
"pc1","4cpu-i7",0.14,"seadec",1,11.68
"pc1","4cpu-i7",0.14,"seadec",4,11.85
"pc1","4cpu-i7",0.14,"seadec",3,12.06
"pc1","4cpu-i7",0.14,"seadec",1,11.2
"pc1","4cpu-i7",0.14,"seadec",4,11.28
"pc1","4cpu-i7",0.14,"seadec",2,11.28
"pc1","4cpu-i7",0.14,"seadec",3,11.47
"pc1","4cpu-i7",0.14,"seadec",2,10.61
"pc1","4cpu-i7",0.14,"seadec",1,10.61
"pc1","4cpu-i7",0.14,"seadec",4,10.61
"pc1","4cpu-i7",0.14,"seadec",3,10.72
"pc1","4cpu-i7",0.14,"seadec",2,10.56
"pc1","4cpu-i7",0.14,"seadec",1,10.67
"pc1","4cpu-i7",0.14,"seadec",4,10.64
"pc1","4cpu-i7",0.14,"seadec",3,10.75
"pc1","4cpu-i7",0.14,"seadec",3,11.16
"pc1","4cpu-i7",0.14,"seadec",2,11.27
"pc1","4cpu-i7",0.14,"seadec",1,11.28
"pc1","4cpu-i7",0.14,"seadec",4,11.45
"pc1","4cpu-i7",0.14,"seadec",4,10.85
"pc1","4cpu-i7",0.14,"seadec",2,11.16
"pc1","4cpu-i7",0.14,"seadec",1,11.38
"pc1","4cpu-i7",0.14,"seadec",3,11.36
"pc1","4cpu-i7",0.14,"seadec",4,10.35
"pc1","4cpu-i7",0.14,"seadec",1,10.69
"pc1","4cpu-i7",0.14,"seadec",2,10.87
"pc1","4cpu-i7",0.14,"seadec",3,10.97
"pc1","4cpu-i7",0.14,"seadec",4,10.35
"pc1","4cpu-i7",0.14,"seadec",2,10.47
"pc1","4cpu-i7",0.14,"seadec",3,10.56
"pc1","4cpu-i7",0.14,"seadec",1,10.58
"pc1","4cpu-i7",0.14,"seadec",4,11.87
"pc1","4cpu-i7",0.14,"seadec",3,11.98
"pc1","4cpu-i7",0.14,"seadec",1,12.08
"pc1","4cpu-i7",0.14,"seadec",2,12.07
"pc1","4cpu-i7",0.14,"seadec",4,10.05
"pc1","4cpu-i7",0.14,"seadec",1,10.38
"pc1","4cpu-i7",0.14,"seadec",2,10.47
"pc1","4cpu-i7",0.14,"seadec",3,10.46
"pc1","4cpu-i7",0.14,"seadec",4,10.76
"pc1","4cpu-i7",0.14,"seadec",3,10.97
"pc1","4cpu-i7",0.14,"seadec",2,10.97
"pc1","4cpu-i7",0.14,"seadec",1,11.18
"pc1","4cpu-i7",0.14,"seadec",2,10.44
"pc1","4cpu-i7",0.14,"seadec",4,10.44
"pc1","4cpu-i7",0.14,"seadec",1,10.65
"pc1","4cpu-i7",0.14,"seadec",3,10.65
"pc1","4cpu-i7",0.14,"seadec",4,10.62
"pc1","4cpu-i7",0.14,"seadec",3,10.64
"pc1","4cpu-i7",0.14,"seadec",2,10.74
"pc1","4cpu-i7",0.14,"seadec",1,10.86
"pc1","4cpu-i7",0.16,"seadec",3,8.97
"pc1","4cpu-i7",0.16,"seadec",4,9.15
"pc1","4cpu-i7",0.16,"seadec",2,9.26
"pc1","4cpu-i7",0.16,"seadec",1,9.58
"pc1","4cpu-i7",0.16,"seadec",2,9.25
"pc1","4cpu-i7",0.16,"seadec",3,9.44
"pc1","4cpu-i7",0.16,"seadec",4,9.53
"pc1","4cpu-i7",0.16,"seadec",1,9.66
"pc1","4cpu-i7",0.16,"seadec",2,8.27
"pc1","4cpu-i7",0.16,"seadec",3,8.37
"pc1","4cpu-i7",0.16,"seadec",1,8.59
"pc1","4cpu-i7",0.16,"seadec",4,8.59
"pc1","4cpu-i7",0.16,"seadec",3,7.84
"pc1","4cpu-i7",0.16,"seadec",2,7.95
"pc1","4cpu-i7",0.16,"seadec",1,8.26
"pc1","4cpu-i7",0.16,"seadec",4,8.34
"pc1","4cpu-i7",0.16,"seadec",2,8.37
"pc1","4cpu-i7",0.16,"seadec",3,8.37
"pc1","4cpu-i7",0.16,"seadec",4,8.67
"pc1","4cpu-i7",0.16,"seadec",1,8.78
"pc1","4cpu-i7",0.16,"seadec",4,8.26
"pc1","4cpu-i7",0.16,"seadec",2,8.37
"pc1","4cpu-i7",0.16,"seadec",3,8.4
"pc1","4cpu-i7",0.16,"seadec",1,8.4
"pc1","4cpu-i7",0.16,"seadec",4,7.94
"pc1","4cpu-i7",0.16,"seadec",2,8.35
"pc1","4cpu-i7",0.16,"seadec",3,8.45
"pc1","4cpu-i7",0.16,"seadec",1,8.57
"pc1","4cpu-i7",0.16,"seadec",3,8.76
"pc1","4cpu-i7",0.16,"seadec",4,8.76
"pc1","4cpu-i7",0.16,"seadec",2,8.88
"pc1","4cpu-i7",0.16,"seadec",1,8.88
"pc1","4cpu-i7",0.16,"seadec",4,8.36
"pc1","4cpu-i7",0.16,"seadec",1,8.47
"pc1","4cpu-i7",0.16,"seadec",3,8.47
"pc1","4cpu-i7",0.16,"seadec",2,8.57
"pc1","4cpu-i7",0.16,"seadec",2,8.39
"pc1","4cpu-i7",0.16,"seadec",4,8.47
"pc1","4cpu-i7",0.16,"seadec",3,8.47
"pc1","4cpu-i7",0.16,"seadec",1,8.49
"pc1","4cpu-i7",0.16,"seadec",1,8.48
"pc1","4cpu-i7",0.16,"seadec",3,8.47
"pc1","4cpu-i7",0.16,"seadec",4,8.55
"pc1","4cpu-i7",0.16,"seadec",2,8.58
"pc1","4cpu-i7",0.16,"seadec",1,8.98
"pc1","4cpu-i7",0.16,"seadec",3,9.06
"pc1","4cpu-i7",0.16,"seadec",2,9.17
"pc1","4cpu-i7",0.16,"seadec",4,9.45
"pc1","4cpu-i7",0.16,"seadec",2,7.86
"pc1","4cpu-i7",0.16,"seadec",1,8.36
"pc1","4cpu-i7",0.16,"seadec",3,8.35
"pc1","4cpu-i7",0.16,"seadec",4,8.53
"pc1","4cpu-i7",0.16,"seadec",1,8.35
"pc1","4cpu-i7",0.16,"seadec",2,8.54
"pc1","4cpu-i7",0.16,"seadec",3,8.53
"pc1","4cpu-i7",0.16,"seadec",4,8.72
"pc1","4cpu-i7",0.16,"seadec",2,8.05
"pc1","4cpu-i7",0.16,"seadec",4,8.05
"pc1","4cpu-i7",0.16,"seadec",1,8.37
"pc1","4cpu-i7",0.16,"seadec",3,8.45
"pc1","4cpu-i7",0.16,"seadec",4,9.16
"pc1","4cpu-i7",0.16,"seadec",2,9.19
"pc1","4cpu-i7",0.16,"seadec",1,9.19
"pc1","4cpu-i7",0.16,"seadec",3,9.37
"pc1","4cpu-i7",0.16,"seadec",1,8.6
"pc1","4cpu-i7",0.16,"seadec",2,8.77
"pc1","4cpu-i7",0.16,"seadec",4,8.77
"pc1","4cpu-i7",0.16,"seadec",3,8.88
"pc1","4cpu-i7",0.16,"seadec",3,9.07
"pc1","4cpu-i7",0.16,"seadec",2,9.16
"pc1","4cpu-i7",0.16,"seadec",4,9.16
"pc1","4cpu-i7",0.16,"seadec",1,9.18
"pc1","4cpu-i7",0.16,"seadec",1,8.39
"pc1","4cpu-i7",0.16,"seadec",3,8.46
"pc1","4cpu-i7",0.16,"seadec",2,8.68
"pc1","4cpu-i7",0.16,"seadec",4,8.76
"pc1","4cpu-i7",0.16,"seadec",1,8.79
"pc1","4cpu-i7",0.16,"seadec",3,8.97
"pc1","4cpu-i7",0.16,"seadec",4,9.07
"pc1","4cpu-i7",0.16,"seadec",2,9.17
"pc1","4cpu-i7",0.16,"seadec",2,8.49
"pc1","4cpu-i7",0.16,"seadec",3,8.77
"pc1","4cpu-i7",0.16,"seadec",1,8.8
"pc1","4cpu-i7",0.16,"seadec",4,9.07
"pc1","4cpu-i7",0.16,"seadec",3,8.23
"pc1","4cpu-i7",0.16,"seadec",4,8.24
"pc1","4cpu-i7",0.16,"seadec",2,8.36
"pc1","4cpu-i7",0.16,"seadec",1,8.45
"pc1","4cpu-i7",0.16,"seadec",4,8.47
"pc1","4cpu-i7",0.16,"seadec",2,8.59
"pc1","4cpu-i7",0.16,"seadec",1,8.7
"pc1","4cpu-i7",0.16,"seadec",3,8.88
"pc1","4cpu-i7",0.16,"seadec",2,8.66
"pc1","4cpu-i7",0.16,"seadec",3,8.74
"pc1","4cpu-i7",0.16,"seadec",4,8.74
"pc1","4cpu-i7",0.16,"seadec",1,8.86
"pc1","4cpu-i7",0.16,"seadec",3,8.78
"pc1","4cpu-i7",0.16,"seadec",4,8.77
"pc1","4cpu-i7",0.16,"seadec",1,8.89
"pc1","4cpu-i7",0.16,"seadec",2,8.89
"pc1","4cpu-i7",0.16,"seadec",4,8.56
"pc1","4cpu-i7",0.16,"seadec",3,8.65
"pc1","4cpu-i7",0.16,"seadec",1,8.86
"pc1","4cpu-i7",0.16,"seadec",2,8.86
"pc1","4cpu-i7",0.16,"seadec",1,8.27
"pc1","4cpu-i7",0.16,"seadec",3,8.35
"pc1","4cpu-i7",0.16,"seadec",4,8.45
"pc1","4cpu-i7",0.16,"seadec",2,8.56
"pc1","4cpu-i7",0.16,"seadec",4,8.86
"pc1","4cpu-i7",0.16,"seadec",3,8.96
"pc1","4cpu-i7",0.16,"seadec",1,8.98
"pc1","4cpu-i7",0.16,"seadec",2,9.08
"pc1","4cpu-i7",0.16,"seadec",3,8.68
"pc1","4cpu-i7",0.16,"seadec",1,8.68
"pc1","4cpu-i7",0.16,"seadec",4,8.74
"pc1","4cpu-i7",0.16,"seadec",2,8.85
"pc1","4cpu-i7",0.16,"seadec",3,8.97
"pc1","4cpu-i7",0.16,"seadec",4,8.97
"pc1","4cpu-i7",0.16,"seadec",2,9.07
"pc1","4cpu-i7",0.16,"seadec",1,9.19
"pc1","4cpu-i7",0.17,"seadec",4,8.69
"pc1","4cpu-i7",0.17,"seadec",2,8.89
"pc1","4cpu-i7",0.17,"seadec",3,8.89
"pc1","4cpu-i7",0.17,"seadec",1,8.91
"pc1","4cpu-i7",0.17,"seadec",2,9.09
"pc1","4cpu-i7",0.17,"seadec",3,9.16
"pc1","4cpu-i7",0.17,"seadec",1,9.25
"pc1","4cpu-i7",0.17,"seadec",4,9.25
"pc1","4cpu-i7",0.17,"seadec",1,8.5
"pc1","4cpu-i7",0.17,"seadec",3,8.57
"pc1","4cpu-i7",0.17,"seadec",2,8.58
"pc1","4cpu-i7",0.17,"seadec",4,8.66
"pc1","4cpu-i7",0.17,"seadec",3,8.1
"pc1","4cpu-i7",0.17,"seadec",4,8.1
"pc1","4cpu-i7",0.17,"seadec",2,8.1
"pc1","4cpu-i7",0.17,"seadec",1,8.19
"pc1","4cpu-i7",0.17,"seadec",4,8.16
"pc1","4cpu-i7",0.17,"seadec",2,8.18
"pc1","4cpu-i7",0.17,"seadec",3,8.17
"pc1","4cpu-i7",0.17,"seadec",1,8.19
"pc1","4cpu-i7",0.17,"seadec",2,7.98
"pc1","4cpu-i7",0.17,"seadec",1,8.08
"pc1","4cpu-i7",0.17,"seadec",3,8.06
"pc1","4cpu-i7",0.17,"seadec",4,8.16
"pc1","4cpu-i7",0.17,"seadec",3,8.15
"pc1","4cpu-i7",0.17,"seadec",2,8.25
"pc1","4cpu-i7",0.17,"seadec",1,8.28
"pc1","4cpu-i7",0.17,"seadec",4,8.33
"pc1","4cpu-i7",0.17,"seadec",3,7.76
"pc1","4cpu-i7",0.17,"seadec",2,7.86
"pc1","4cpu-i7",0.17,"seadec",4,7.94
"pc1","4cpu-i7",0.17,"seadec",1,7.99
"pc1","4cpu-i7",0.17,"seadec",2,8.05
"pc1","4cpu-i7",0.17,"seadec",4,8.03
"pc1","4cpu-i7",0.17,"seadec",3,8.03
"pc1","4cpu-i7",0.17,"seadec",1,8.07
"pc1","4cpu-i7",0.17,"seadec",2,7.78
"pc1","4cpu-i7",0.17,"seadec",4,7.85
"pc1","4cpu-i7",0.17,"seadec",3,7.86
"pc1","4cpu-i7",0.17,"seadec",1,7.88
"pc1","4cpu-i7",0.17,"seadec",2,7.64
"pc1","4cpu-i7",0.17,"seadec",4,7.64
"pc1","4cpu-i7",0.17,"seadec",1,7.87
"pc1","4cpu-i7",0.17,"seadec",3,7.86
"pc1","4cpu-i7",0.17,"seadec",2,7.86
"pc1","4cpu-i7",0.17,"seadec",4,7.86
"pc1","4cpu-i7",0.17,"seadec",1,7.97
"pc1","4cpu-i7",0.17,"seadec",3,8.07
"pc1","4cpu-i7",0.17,"seadec",1,7.76
"pc1","4cpu-i7",0.17,"seadec",2,7.85
"pc1","4cpu-i7",0.17,"seadec",4,8.04
"pc1","4cpu-i7",0.17,"seadec",3,8.04
"pc1","4cpu-i7",0.17,"seadec",2,7.96
"pc1","4cpu-i7",0.17,"seadec",1,8.06
"pc1","4cpu-i7",0.17,"seadec",3,8.15
"pc1","4cpu-i7",0.17,"seadec",4,8.24
"pc1","4cpu-i7",0.17,"seadec",1,8.28
"pc1","4cpu-i7",0.17,"seadec",2,8.29
"pc1","4cpu-i7",0.17,"seadec",3,8.47
"pc1","4cpu-i7",0.17,"seadec",4,8.55
"pc1","4cpu-i7",0.17,"seadec",1,7.99
"pc1","4cpu-i7",0.17,"seadec",2,7.99
"pc1","4cpu-i7",0.17,"seadec",3,8.08
"pc1","4cpu-i7",0.17,"seadec",4,8.27
"pc1","4cpu-i7",0.17,"seadec",1,7.85
"pc1","4cpu-i7",0.17,"seadec",3,7.85
"pc1","4cpu-i7",0.17,"seadec",4,7.92
"pc1","4cpu-i7",0.17,"seadec",2,8.03
"pc1","4cpu-i7",0.17,"seadec",1,8.09
"pc1","4cpu-i7",0.17,"seadec",4,8.08
"pc1","4cpu-i7",0.17,"seadec",3,8.17
"pc1","4cpu-i7",0.17,"seadec",2,8.19
"pc1","4cpu-i7",0.17,"seadec",4,7.76
"pc1","4cpu-i7",0.17,"seadec",2,7.87
"pc1","4cpu-i7",0.17,"seadec",1,7.88
"pc1","4cpu-i7",0.17,"seadec",3,7.87
"pc1","4cpu-i7",0.17,"seadec",1,7.98
"pc1","4cpu-i7",0.17,"seadec",4,8.06
"pc1","4cpu-i7",0.17,"seadec",3,8.07
"pc1","4cpu-i7",0.17,"seadec",2,8.18
"pc1","4cpu-i7",0.17,"seadec",4,8.27
"pc1","4cpu-i7",0.17,"seadec",2,8.48
"pc1","4cpu-i7",0.17,"seadec",1,8.68
"pc1","4cpu-i7",0.17,"seadec",3,8.67
"pc1","4cpu-i7",0.17,"seadec",4,7.66
"pc1","4cpu-i7",0.17,"seadec",2,7.88
"pc1","4cpu-i7",0.17,"seadec",3,8.09
"pc1","4cpu-i7",0.17,"seadec",1,8.09
"pc1","4cpu-i7",0.17,"seadec",3,7.74
"pc1","4cpu-i7",0.17,"seadec",2,7.85
"pc1","4cpu-i7",0.17,"seadec",4,7.84
"pc1","4cpu-i7",0.17,"seadec",1,7.97
"pc1","4cpu-i7",0.17,"seadec",3,8.66
"pc1","4cpu-i7",0.17,"seadec",4,8.85
"pc1","4cpu-i7",0.17,"seadec",2,8.88
"pc1","4cpu-i7",0.17,"seadec",1,8.97
"pc1","4cpu-i7",0.17,"seadec",3,8.06
"pc1","4cpu-i7",0.17,"seadec",2,8.28
"pc1","4cpu-i7",0.17,"seadec",4,8.35
"pc1","4cpu-i7",0.17,"seadec",1,8.59
"pc1","4cpu-i7",0.17,"seadec",2,7.75
"pc1","4cpu-i7",0.17,"seadec",4,7.81
"pc1","4cpu-i7",0.17,"seadec",3,7.92
"pc1","4cpu-i7",0.17,"seadec",1,8.04
"pc1","4cpu-i7",0.17,"seadec",3,7.66
"pc1","4cpu-i7",0.17,"seadec",2,7.86
"pc1","4cpu-i7",0.17,"seadec",4,7.84
"pc1","4cpu-i7",0.17,"seadec",1,7.97
"pc1","4cpu-i7",0.17,"seadec",2,8.37
"pc1","4cpu-i7",0.17,"seadec",4,8.36
"pc1","4cpu-i7",0.17,"seadec",3,8.56
"pc1","4cpu-i7",0.17,"seadec",1,8.69
"pc1","4cpu-i7",0.17,"seadec",4,7.84
"pc1","4cpu-i7",0.17,"seadec",2,7.94
"pc1","4cpu-i7",0.17,"seadec",3,7.94
"pc1","4cpu-i7",0.17,"seadec",1,7.97
"pc1","4cpu-i7",0.17,"seadec",1,8.45
"pc1","4cpu-i7",0.17,"seadec",4,8.45
"pc1","4cpu-i7",0.17,"seadec",2,8.56
"pc1","4cpu-i7",0.17,"seadec",3,8.56
"pc1","4cpu-i7",0.18,"seadec",3,8.81
"pc1","4cpu-i7",0.18,"seadec",2,8.81
"pc1","4cpu-i7",0.18,"seadec",4,8.81
"pc1","4cpu-i7",0.18,"seadec",1,8.83
"pc1","4cpu-i7",0.18,"seadec",2,8.28
"pc1","4cpu-i7",0.18,"seadec",1,8.38
"pc1","4cpu-i7",0.18,"seadec",4,8.45
"pc1","4cpu-i7",0.18,"seadec",3,8.55
"pc1","4cpu-i7",0.18,"seadec",3,7.48
"pc1","4cpu-i7",0.18,"seadec",1,7.67
"pc1","4cpu-i7",0.18,"seadec",2,7.67
"pc1","4cpu-i7",0.18,"seadec",4,7.67
"pc1","4cpu-i7",0.18,"seadec",4,7.54
"pc1","4cpu-i7",0.18,"seadec",2,7.56
"pc1","4cpu-i7",0.18,"seadec",1,7.68
"pc1","4cpu-i7",0.18,"seadec",3,7.66
"pc1","4cpu-i7",0.18,"seadec",4,7.65
"pc1","4cpu-i7",0.18,"seadec",1,7.68
"pc1","4cpu-i7",0.18,"seadec",3,7.77
"pc1","4cpu-i7",0.18,"seadec",2,7.87
"pc1","4cpu-i7",0.18,"seadec",3,7.48
"pc1","4cpu-i7",0.18,"seadec",1,7.58
"pc1","4cpu-i7",0.18,"seadec",4,7.66
"pc1","4cpu-i7",0.18,"seadec",2,7.78
"pc1","4cpu-i7",0.18,"seadec",4,7.46
"pc1","4cpu-i7",0.18,"seadec",1,7.49
"pc1","4cpu-i7",0.18,"seadec",2,7.49
"pc1","4cpu-i7",0.18,"seadec",3,7.58
"pc1","4cpu-i7",0.18,"seadec",1,7.68
"pc1","4cpu-i7",0.18,"seadec",3,7.66
"pc1","4cpu-i7",0.18,"seadec",4,7.66
"pc1","4cpu-i7",0.18,"seadec",2,7.77
"pc1","4cpu-i7",0.18,"seadec",4,8.17
"pc1","4cpu-i7",0.18,"seadec",3,8.19
"pc1","4cpu-i7",0.18,"seadec",2,8.28
"pc1","4cpu-i7",0.18,"seadec",1,8.29
"pc1","4cpu-i7",0.18,"seadec",3,7.35
"pc1","4cpu-i7",0.18,"seadec",2,7.38
"pc1","4cpu-i7",0.18,"seadec",4,7.5
"pc1","4cpu-i7",0.18,"seadec",1,7.5
"pc1","4cpu-i7",0.18,"seadec",3,7.54
"pc1","4cpu-i7",0.18,"seadec",1,7.66
"pc1","4cpu-i7",0.18,"seadec",4,7.65
"pc1","4cpu-i7",0.18,"seadec",2,7.75
"pc1","4cpu-i7",0.18,"seadec",3,7.38
"pc1","4cpu-i7",0.18,"seadec",1,7.48
"pc1","4cpu-i7",0.18,"seadec",4,7.68
"pc1","4cpu-i7",0.18,"seadec",2,7.68
"pc1","4cpu-i7",0.18,"seadec",3,7.73
"pc1","4cpu-i7",0.18,"seadec",1,7.75
"pc1","4cpu-i7",0.18,"seadec",2,7.75
"pc1","4cpu-i7",0.18,"seadec",4,7.83
"pc1","4cpu-i7",0.18,"seadec",1,7.68
"pc1","4cpu-i7",0.18,"seadec",3,7.69
"pc1","4cpu-i7",0.18,"seadec",2,7.69
"pc1","4cpu-i7",0.18,"seadec",4,7.69
"pc1","4cpu-i7",0.18,"seadec",2,7.44
"pc1","4cpu-i7",0.18,"seadec",1,7.55
"pc1","4cpu-i7",0.18,"seadec",4,7.53
"pc1","4cpu-i7",0.18,"seadec",3,7.53
"pc1","4cpu-i7",0.18,"seadec",2,7.17
"pc1","4cpu-i7",0.18,"seadec",1,7.38
"pc1","4cpu-i7",0.18,"seadec",3,7.55
"pc1","4cpu-i7",0.18,"seadec",4,7.61
"pc1","4cpu-i7",0.18,"seadec",1,7.79
"pc1","4cpu-i7",0.18,"seadec",3,7.87
"pc1","4cpu-i7",0.18,"seadec",4,7.87
"pc1","4cpu-i7",0.18,"seadec",2,7.89
"pc1","4cpu-i7",0.18,"seadec",1,7.68
"pc1","4cpu-i7",0.18,"seadec",4,7.75
"pc1","4cpu-i7",0.18,"seadec",3,7.85
"pc1","4cpu-i7",0.18,"seadec",2,7.87
"pc1","4cpu-i7",0.18,"seadec",1,7.69
"pc1","4cpu-i7",0.18,"seadec",2,7.88
"pc1","4cpu-i7",0.18,"seadec",3,7.97
"pc1","4cpu-i7",0.18,"seadec",4,8.05
"pc1","4cpu-i7",0.18,"seadec",1,8.19
"pc1","4cpu-i7",0.18,"seadec",2,8.28
"pc1","4cpu-i7",0.18,"seadec",4,8.38
"pc1","4cpu-i7",0.18,"seadec",3,8.39
"pc1","4cpu-i7",0.18,"seadec",2,7.95
"pc1","4cpu-i7",0.18,"seadec",4,7.96
"pc1","4cpu-i7",0.18,"seadec",3,7.96
"pc1","4cpu-i7",0.18,"seadec",1,8.08
"pc1","4cpu-i7",0.18,"seadec",4,7.72
"pc1","4cpu-i7",0.18,"seadec",3,7.84
"pc1","4cpu-i7",0.18,"seadec",1,7.88
"pc1","4cpu-i7",0.18,"seadec",2,7.95
"pc1","4cpu-i7",0.18,"seadec",3,7.46
"pc1","4cpu-i7",0.18,"seadec",4,7.63
"pc1","4cpu-i7",0.18,"seadec",1,7.68
"pc1","4cpu-i7",0.18,"seadec",2,7.75
"pc1","4cpu-i7",0.18,"seadec",3,7.87
"pc1","4cpu-i7",0.18,"seadec",2,7.87
"pc1","4cpu-i7",0.18,"seadec",4,7.87
"pc1","4cpu-i7",0.18,"seadec",1,7.99
"pc1","4cpu-i7",0.18,"seadec",4,8.06
"pc1","4cpu-i7",0.18,"seadec",3,8.16
"pc1","4cpu-i7",0.18,"seadec",1,8.18
"pc1","4cpu-i7",0.18,"seadec",2,8.18
"pc1","4cpu-i7",0.18,"seadec",4,7.55
"pc1","4cpu-i7",0.18,"seadec",3,7.67
"pc1","4cpu-i7",0.18,"seadec",1,7.77
"pc1","4cpu-i7",0.18,"seadec",2,7.77
"pc1","4cpu-i7",0.18,"seadec",4,7.55
"pc1","4cpu-i7",0.18,"seadec",3,7.77
"pc1","4cpu-i7",0.18,"seadec",1,7.99
"pc1","4cpu-i7",0.18,"seadec",2,8.08
"pc1","4cpu-i7",0.18,"seadec",4,7.96
"pc1","4cpu-i7",0.18,"seadec",3,8.16
"pc1","4cpu-i7",0.18,"seadec",2,8.18
"pc1","4cpu-i7",0.18,"seadec",1,8.27
"pc1","4cpu-i7",0.18,"seadec",3,7.37
"pc1","4cpu-i7",0.18,"seadec",4,7.37
"pc1","4cpu-i7",0.18,"seadec",2,7.48
"pc1","4cpu-i7",0.18,"seadec",1,7.59
"pc1","4cpu-i7",0.18,"seadec",4,8.26
"pc1","4cpu-i7",0.18,"seadec",1,8.38
"pc1","4cpu-i7",0.18,"seadec",3,8.39
"pc1","4cpu-i7",0.18,"seadec",2,8.39
"pc1","4cpu-i7",0.19,"seadec",1,7.74
"pc1","4cpu-i7",0.19,"seadec",4,7.81
"pc1","4cpu-i7",0.19,"seadec",3,7.92
"pc1","4cpu-i7",0.19,"seadec",2,7.92
"pc1","4cpu-i7",0.19,"seadec",4,7.67
"pc1","4cpu-i7",0.19,"seadec",1,7.66
"pc1","4cpu-i7",0.19,"seadec",3,7.66
"pc1","4cpu-i7",0.19,"seadec",2,7.76
"pc1","4cpu-i7",0.19,"seadec",4,6.97
"pc1","4cpu-i7",0.19,"seadec",3,7.07
"pc1","4cpu-i7",0.19,"seadec",1,7.2
"pc1","4cpu-i7",0.19,"seadec",2,7.29
"pc1","4cpu-i7",0.19,"seadec",4,6.56
"pc1","4cpu-i7",0.19,"seadec",1,6.68
"pc1","4cpu-i7",0.19,"seadec",3,6.76
"pc1","4cpu-i7",0.19,"seadec",2,6.96
"pc1","4cpu-i7",0.19,"seadec",3,6.78
"pc1","4cpu-i7",0.19,"seadec",4,6.87
"pc1","4cpu-i7",0.19,"seadec",1,6.98
"pc1","4cpu-i7",0.19,"seadec",2,6.98
"pc1","4cpu-i7",0.19,"seadec",3,6.97
"pc1","4cpu-i7",0.19,"seadec",4,7.04
"pc1","4cpu-i7",0.19,"seadec",1,7.08
"pc1","4cpu-i7",0.19,"seadec",2,7.16
"pc1","4cpu-i7",0.19,"seadec",4,6.88
"pc1","4cpu-i7",0.19,"seadec",1,6.98
"pc1","4cpu-i7",0.19,"seadec",3,6.98
"pc1","4cpu-i7",0.19,"seadec",2,6.98
"pc1","4cpu-i7",0.19,"seadec",3,7.16
"pc1","4cpu-i7",0.19,"seadec",1,7.25
"pc1","4cpu-i7",0.19,"seadec",4,7.23
"pc1","4cpu-i7",0.19,"seadec",2,7.26
"pc1","4cpu-i7",0.19,"seadec",3,6.86
"pc1","4cpu-i7",0.19,"seadec",4,6.88
"pc1","4cpu-i7",0.19,"seadec",2,6.88
"pc1","4cpu-i7",0.19,"seadec",1,6.99
"pc1","4cpu-i7",0.19,"seadec",3,6.96
"pc1","4cpu-i7",0.19,"seadec",2,6.98
"pc1","4cpu-i7",0.19,"seadec",4,7.05
"pc1","4cpu-i7",0.19,"seadec",1,7.08
"pc1","4cpu-i7",0.19,"seadec",4,6.86
"pc1","4cpu-i7",0.19,"seadec",2,7.07
"pc1","4cpu-i7",0.19,"seadec",3,7.09
"pc1","4cpu-i7",0.19,"seadec",1,7.09
"pc1","4cpu-i7",0.19,"seadec",4,7.02
"pc1","4cpu-i7",0.19,"seadec",1,7.05
"pc1","4cpu-i7",0.19,"seadec",3,7.15
"pc1","4cpu-i7",0.19,"seadec",2,7.15
"pc1","4cpu-i7",0.19,"seadec",4,6.76
"pc1","4cpu-i7",0.19,"seadec",2,6.86
"pc1","4cpu-i7",0.19,"seadec",3,6.96
"pc1","4cpu-i7",0.19,"seadec",1,6.98
"pc1","4cpu-i7",0.19,"seadec",4,7.19
"pc1","4cpu-i7",0.19,"seadec",1,7.19
"pc1","4cpu-i7",0.19,"seadec",2,7.19
"pc1","4cpu-i7",0.19,"seadec",3,7.26
"pc1","4cpu-i7",0.19,"seadec",4,6.48
"pc1","4cpu-i7",0.19,"seadec",2,6.48
"pc1","4cpu-i7",0.19,"seadec",1,6.79
"pc1","4cpu-i7",0.19,"seadec",3,6.87
"pc1","4cpu-i7",0.19,"seadec",2,6.67
"pc1","4cpu-i7",0.19,"seadec",4,6.84
"pc1","4cpu-i7",0.19,"seadec",1,6.88
"pc1","4cpu-i7",0.19,"seadec",3,6.96
"pc1","4cpu-i7",0.19,"seadec",2,6.76
"pc1","4cpu-i7",0.19,"seadec",4,6.75
"pc1","4cpu-i7",0.19,"seadec",1,6.87
"pc1","4cpu-i7",0.19,"seadec",3,6.95
"pc1","4cpu-i7",0.19,"seadec",4,6.85
"pc1","4cpu-i7",0.19,"seadec",1,6.89
"pc1","4cpu-i7",0.19,"seadec",2,6.98
"pc1","4cpu-i7",0.19,"seadec",3,7.06
"pc1","4cpu-i7",0.19,"seadec",2,6.79
"pc1","4cpu-i7",0.19,"seadec",4,6.79
"pc1","4cpu-i7",0.19,"seadec",1,6.89
"pc1","4cpu-i7",0.19,"seadec",3,6.89
"pc1","4cpu-i7",0.19,"seadec",2,6.68
"pc1","4cpu-i7",0.19,"seadec",4,6.76
"pc1","4cpu-i7",0.19,"seadec",1,6.87
"pc1","4cpu-i7",0.19,"seadec",3,6.86
"pc1","4cpu-i7",0.19,"seadec",4,7.16
"pc1","4cpu-i7",0.19,"seadec",1,7.19
"pc1","4cpu-i7",0.19,"seadec",2,7.26
"pc1","4cpu-i7",0.19,"seadec",3,7.27
"pc1","4cpu-i7",0.19,"seadec",1,6.86
"pc1","4cpu-i7",0.19,"seadec",2,6.95
"pc1","4cpu-i7",0.19,"seadec",3,7.04
"pc1","4cpu-i7",0.19,"seadec",4,7.11
"pc1","4cpu-i7",0.19,"seadec",2,6.99
"pc1","4cpu-i7",0.19,"seadec",3,6.99
"pc1","4cpu-i7",0.19,"seadec",1,7.09
"pc1","4cpu-i7",0.19,"seadec",4,7.08
"pc1","4cpu-i7",0.19,"seadec",3,6.87
"pc1","4cpu-i7",0.19,"seadec",2,6.98
"pc1","4cpu-i7",0.19,"seadec",1,6.98
"pc1","4cpu-i7",0.19,"seadec",4,6.96
"pc1","4cpu-i7",0.19,"seadec",1,7.29
"pc1","4cpu-i7",0.19,"seadec",4,7.37
"pc1","4cpu-i7",0.19,"seadec",2,7.38
"pc1","4cpu-i7",0.19,"seadec",3,7.38
"pc1","4cpu-i7",0.19,"seadec",1,7.07
"pc1","4cpu-i7",0.19,"seadec",4,7.07
"pc1","4cpu-i7",0.19,"seadec",3,7.07
"pc1","4cpu-i7",0.19,"seadec",2,7.17
"pc1","4cpu-i7",0.19,"seadec",3,6.78
"pc1","4cpu-i7",0.19,"seadec",4,6.78
"pc1","4cpu-i7",0.19,"seadec",2,7.09
"pc1","4cpu-i7",0.19,"seadec",1,7.09
"pc1","4cpu-i7",0.19,"seadec",3,6.86
"pc1","4cpu-i7",0.19,"seadec",4,6.86
"pc1","4cpu-i7",0.19,"seadec",2,6.88
"pc1","4cpu-i7",0.19,"seadec",1,6.99
"pc1","4cpu-i7",0.19,"seadec",3,6.96
"pc1","4cpu-i7",0.19,"seadec",4,7.16
"pc1","4cpu-i7",0.19,"seadec",2,7.2
"pc1","4cpu-i7",0.19,"seadec",1,7.19
"pc1","4cpu-i7",0.19,"seadec",4,7.02
"pc1","4cpu-i7",0.19,"seadec",2,7.12
"pc1","4cpu-i7",0.19,"seadec",3,7.13
"pc1","4cpu-i7",0.19,"seadec",1,7.25
"pc1","4cpu-i7",0.06,"SMA",3,37.07
"pc1","4cpu-i7",0.06,"SMA",4,37.46
"pc1","4cpu-i7",0.06,"SMA",2,37.68
"pc1","4cpu-i7",0.06,"SMA",1,37.97
"pc1","4cpu-i7",0.06,"SMA",2,37.05
"pc1","4cpu-i7",0.06,"SMA",3,37.05
"pc1","4cpu-i7",0.06,"SMA",4,37.34
"pc1","4cpu-i7",0.06,"SMA",1,37.57
"pc1","4cpu-i7",0.06,"SMA",3,35.27
"pc1","4cpu-i7",0.06,"SMA",2,35.27
"pc1","4cpu-i7",0.06,"SMA",1,35.38
"pc1","4cpu-i7",0.06,"SMA",4,36.24
"pc1","4cpu-i7",0.06,"SMA",3,33.45
"pc1","4cpu-i7",0.06,"SMA",2,33.87
"pc1","4cpu-i7",0.06,"SMA",1,33.97
"pc1","4cpu-i7",0.06,"SMA",4,34.84
"pc1","4cpu-i7",0.06,"SMA",1,34.89
"pc1","4cpu-i7",0.06,"SMA",2,35.08
"pc1","4cpu-i7",0.06,"SMA",3,35.36
"pc1","4cpu-i7",0.06,"SMA",4,35.74
"pc1","4cpu-i7",0.06,"SMA",1,34.76
"pc1","4cpu-i7",0.06,"SMA",2,35.26
"pc1","4cpu-i7",0.06,"SMA",3,36.05
"pc1","4cpu-i7",0.06,"SMA",4,36.84
"pc1","4cpu-i7",0.06,"SMA",2,34.44
"pc1","4cpu-i7",0.06,"SMA",1,34.87
"pc1","4cpu-i7",0.06,"SMA",3,35.53
"pc1","4cpu-i7",0.06,"SMA",4,35.61
"pc1","4cpu-i7",0.06,"SMA",1,34.98
"pc1","4cpu-i7",0.06,"SMA",4,35.67
"pc1","4cpu-i7",0.06,"SMA",2,36.59
"pc1","4cpu-i7",0.06,"SMA",3,37.08
"pc1","4cpu-i7",0.06,"SMA",1,35.97
"pc1","4cpu-i7",0.06,"SMA",3,36.96
"pc1","4cpu-i7",0.06,"SMA",4,36.97
"pc1","4cpu-i7",0.06,"SMA",2,36.97
"pc1","4cpu-i7",0.06,"SMA",1,36.98
"pc1","4cpu-i7",0.06,"SMA",2,37.18
"pc1","4cpu-i7",0.06,"SMA",3,37.37
"pc1","4cpu-i7",0.06,"SMA",4,37.76
"pc1","4cpu-i7",0.06,"SMA",1,35.76
"pc1","4cpu-i7",0.06,"SMA",2,35.85
"pc1","4cpu-i7",0.06,"SMA",3,36.54
"pc1","4cpu-i7",0.06,"SMA",4,36.94
"pc1","4cpu-i7",0.06,"SMA",1,34.47
"pc1","4cpu-i7",0.06,"SMA",3,34.95
"pc1","4cpu-i7",0.06,"SMA",2,35.14
"pc1","4cpu-i7",0.06,"SMA",4,35.14
"pc1","4cpu-i7",0.06,"SMA",4,36.14
"pc1","4cpu-i7",0.06,"SMA",3,36.34
"pc1","4cpu-i7",0.06,"SMA",1,36.34
"pc1","4cpu-i7",0.06,"SMA",2,36.45
"pc1","4cpu-i7",0.06,"SMA",4,35.07
"pc1","4cpu-i7",0.06,"SMA",3,35.59
"pc1","4cpu-i7",0.06,"SMA",2,35.59
"pc1","4cpu-i7",0.06,"SMA",1,35.79
"pc1","4cpu-i7",0.06,"SMA",4,34.65
"pc1","4cpu-i7",0.06,"SMA",2,34.78
"pc1","4cpu-i7",0.06,"SMA",3,34.86
"pc1","4cpu-i7",0.06,"SMA",1,35.29
"pc1","4cpu-i7",0.06,"SMA",4,33.34
"pc1","4cpu-i7",0.06,"SMA",1,33.56
"pc1","4cpu-i7",0.06,"SMA",3,33.64
"pc1","4cpu-i7",0.06,"SMA",2,33.95
"pc1","4cpu-i7",0.06,"SMA",3,32.74
"pc1","4cpu-i7",0.06,"SMA",1,33.34
"pc1","4cpu-i7",0.06,"SMA",4,33.34
"pc1","4cpu-i7",0.06,"SMA",2,33.44
"pc1","4cpu-i7",0.06,"SMA",2,34.68
"pc1","4cpu-i7",0.06,"SMA",3,34.88
"pc1","4cpu-i7",0.06,"SMA",4,34.98
"pc1","4cpu-i7",0.06,"SMA",1,34.98
"pc1","4cpu-i7",0.06,"SMA",3,33.94
"pc1","4cpu-i7",0.06,"SMA",2,34.23
"pc1","4cpu-i7",0.06,"SMA",4,34.23
"pc1","4cpu-i7",0.06,"SMA",1,34.46
"pc1","4cpu-i7",0.06,"SMA",3,34.05
"pc1","4cpu-i7",0.06,"SMA",2,34.35
"pc1","4cpu-i7",0.06,"SMA",1,34.87
"pc1","4cpu-i7",0.06,"SMA",4,34.84
"pc1","4cpu-i7",0.06,"SMA",2,35.93
"pc1","4cpu-i7",0.06,"SMA",3,36.41
"pc1","4cpu-i7",0.06,"SMA",1,36.45
"pc1","4cpu-i7",0.06,"SMA",4,36.5
"pc1","4cpu-i7",0.06,"SMA",1,35.96
"pc1","4cpu-i7",0.06,"SMA",4,35.94
"pc1","4cpu-i7",0.06,"SMA",3,35.95
"pc1","4cpu-i7",0.06,"SMA",2,36.06
"pc1","4cpu-i7",0.06,"SMA",3,35.36
"pc1","4cpu-i7",0.06,"SMA",1,35.48
"pc1","4cpu-i7",0.06,"SMA",2,35.55
"pc1","4cpu-i7",0.06,"SMA",4,35.55
"pc1","4cpu-i7",0.06,"SMA",1,33.28
"pc1","4cpu-i7",0.06,"SMA",4,33.45
"pc1","4cpu-i7",0.06,"SMA",2,33.67
"pc1","4cpu-i7",0.06,"SMA",3,34.26
"pc1","4cpu-i7",0.06,"SMA",2,34.19
"pc1","4cpu-i7",0.06,"SMA",4,35.27
"pc1","4cpu-i7",0.06,"SMA",1,35.49
"pc1","4cpu-i7",0.06,"SMA",3,35.88
"pc1","4cpu-i7",0.06,"SMA",4,36.66
"pc1","4cpu-i7",0.06,"SMA",1,37.08
"pc1","4cpu-i7",0.06,"SMA",2,37.08
"pc1","4cpu-i7",0.06,"SMA",3,37.26
"pc1","4cpu-i7",0.06,"SMA",4,33.54
"pc1","4cpu-i7",0.06,"SMA",2,33.65
"pc1","4cpu-i7",0.06,"SMA",3,34.25
"pc1","4cpu-i7",0.06,"SMA",1,34.37
"pc1","4cpu-i7",0.06,"SMA",2,34.98
"pc1","4cpu-i7",0.06,"SMA",4,35.07
"pc1","4cpu-i7",0.06,"SMA",3,35.47
"pc1","4cpu-i7",0.06,"SMA",1,35.59
"pc1","4cpu-i7",0.06,"SMA",2,34.15
"pc1","4cpu-i7",0.06,"SMA",4,34.34
"pc1","4cpu-i7",0.06,"SMA",3,35.05
"pc1","4cpu-i7",0.06,"SMA",1,35.26
"pc1","4cpu-i7",0.06,"SMA",1,35.87
"pc1","4cpu-i7",0.06,"SMA",3,36.14
"pc1","4cpu-i7",0.06,"SMA",2,36.25
"pc1","4cpu-i7",0.06,"SMA",4,36.43
"pc1","4cpu-i7",0.07,"SMA",1,28.64
"pc1","4cpu-i7",0.07,"SMA",3,28.93
"pc1","4cpu-i7",0.07,"SMA",2,29.13
"pc1","4cpu-i7",0.07,"SMA",4,29.13
"pc1","4cpu-i7",0.07,"SMA",4,27.03
"pc1","4cpu-i7",0.07,"SMA",3,27.35
"pc1","4cpu-i7",0.07,"SMA",2,27.66
"pc1","4cpu-i7",0.07,"SMA",1,28.86
"pc1","4cpu-i7",0.07,"SMA",2,27.68
"pc1","4cpu-i7",0.07,"SMA",4,27.87
"pc1","4cpu-i7",0.07,"SMA",1,27.98
"pc1","4cpu-i7",0.07,"SMA",3,28.07
"pc1","4cpu-i7",0.07,"SMA",1,25.09
"pc1","4cpu-i7",0.07,"SMA",2,25.78
"pc1","4cpu-i7",0.07,"SMA",4,25.96
"pc1","4cpu-i7",0.07,"SMA",3,26.18
"pc1","4cpu-i7",0.07,"SMA",1,26.46
"pc1","4cpu-i7",0.07,"SMA",4,26.53
"pc1","4cpu-i7",0.07,"SMA",3,26.74
"pc1","4cpu-i7",0.07,"SMA",2,26.85
"pc1","4cpu-i7",0.07,"SMA",1,26.68
"pc1","4cpu-i7",0.07,"SMA",2,26.96
"pc1","4cpu-i7",0.07,"SMA",4,27.05
"pc1","4cpu-i7",0.07,"SMA",3,27.15
"pc1","4cpu-i7",0.07,"SMA",2,25.98
"pc1","4cpu-i7",0.07,"SMA",1,26.09
"pc1","4cpu-i7",0.07,"SMA",3,26.18
"pc1","4cpu-i7",0.07,"SMA",4,26.18
"pc1","4cpu-i7",0.07,"SMA",1,26.46
"pc1","4cpu-i7",0.07,"SMA",2,26.84
"pc1","4cpu-i7",0.07,"SMA",3,26.92
"pc1","4cpu-i7",0.07,"SMA",4,27.2
"pc1","4cpu-i7",0.07,"SMA",2,26.17
"pc1","4cpu-i7",0.07,"SMA",3,26.27
"pc1","4cpu-i7",0.07,"SMA",1,26.48
"pc1","4cpu-i7",0.07,"SMA",4,27.27
"pc1","4cpu-i7",0.07,"SMA",1,25.69
"pc1","4cpu-i7",0.07,"SMA",3,26.47
"pc1","4cpu-i7",0.07,"SMA",2,26.68
"pc1","4cpu-i7",0.07,"SMA",4,26.77
"pc1","4cpu-i7",0.07,"SMA",2,25.97
"pc1","4cpu-i7",0.07,"SMA",3,26.87
"pc1","4cpu-i7",0.07,"SMA",1,27.18
"pc1","4cpu-i7",0.07,"SMA",4,27.46
"pc1","4cpu-i7",0.07,"SMA",1,26.23
"pc1","4cpu-i7",0.07,"SMA",3,26.23
"pc1","4cpu-i7",0.07,"SMA",2,26.45
"pc1","4cpu-i7",0.07,"SMA",4,27.03
"pc1","4cpu-i7",0.07,"SMA",3,25.33
"pc1","4cpu-i7",0.07,"SMA",1,25.55
"pc1","4cpu-i7",0.07,"SMA",2,25.54
"pc1","4cpu-i7",0.07,"SMA",4,26.01
"pc1","4cpu-i7",0.07,"SMA",1,27.07
"pc1","4cpu-i7",0.07,"SMA",2,28.14
"pc1","4cpu-i7",0.07,"SMA",3,28.14
"pc1","4cpu-i7",0.07,"SMA",4,28.23
"pc1","4cpu-i7",0.07,"SMA",1,26.99
"pc1","4cpu-i7",0.07,"SMA",3,27.57
"pc1","4cpu-i7",0.07,"SMA",4,27.58
"pc1","4cpu-i7",0.07,"SMA",2,27.58
"pc1","4cpu-i7",0.07,"SMA",1,25.78
"pc1","4cpu-i7",0.07,"SMA",2,27.18
"pc1","4cpu-i7",0.07,"SMA",4,27.97
"pc1","4cpu-i7",0.07,"SMA",3,27.97
"pc1","4cpu-i7",0.07,"SMA",4,26.15
"pc1","4cpu-i7",0.07,"SMA",3,26.58
"pc1","4cpu-i7",0.07,"SMA",2,26.58
"pc1","4cpu-i7",0.07,"SMA",1,26.78
"pc1","4cpu-i7",0.07,"SMA",1,24.96
"pc1","4cpu-i7",0.07,"SMA",3,24.96
"pc1","4cpu-i7",0.07,"SMA",2,25.15
"pc1","4cpu-i7",0.07,"SMA",4,26.24
"pc1","4cpu-i7",0.07,"SMA",3,28.24
"pc1","4cpu-i7",0.07,"SMA",1,28.27
"pc1","4cpu-i7",0.07,"SMA",2,28.26
"pc1","4cpu-i7",0.07,"SMA",4,28.63
"pc1","4cpu-i7",0.07,"SMA",4,25.53
"pc1","4cpu-i7",0.07,"SMA",1,25.66
"pc1","4cpu-i7",0.07,"SMA",3,26.14
"pc1","4cpu-i7",0.07,"SMA",2,26.36
"pc1","4cpu-i7",0.07,"SMA",1,26.46
"pc1","4cpu-i7",0.07,"SMA",3,26.52
"pc1","4cpu-i7",0.07,"SMA",4,26.52
"pc1","4cpu-i7",0.07,"SMA",2,26.85
"pc1","4cpu-i7",0.07,"SMA",4,26.03
"pc1","4cpu-i7",0.07,"SMA",3,26.34
"pc1","4cpu-i7",0.07,"SMA",2,26.75
"pc1","4cpu-i7",0.07,"SMA",1,27.25
"pc1","4cpu-i7",0.07,"SMA",3,26.08
"pc1","4cpu-i7",0.07,"SMA",2,26.29
"pc1","4cpu-i7",0.07,"SMA",4,26.57
"pc1","4cpu-i7",0.07,"SMA",1,26.79
"pc1","4cpu-i7",0.07,"SMA",4,24.25
"pc1","4cpu-i7",0.07,"SMA",2,24.25
"pc1","4cpu-i7",0.07,"SMA",3,24.74
"pc1","4cpu-i7",0.07,"SMA",1,25.16
"pc1","4cpu-i7",0.07,"SMA",2,24.47
"pc1","4cpu-i7",0.07,"SMA",3,24.56
"pc1","4cpu-i7",0.07,"SMA",4,24.95
"pc1","4cpu-i7",0.07,"SMA",1,25.18
"pc1","4cpu-i7",0.07,"SMA",3,26.24
"pc1","4cpu-i7",0.07,"SMA",2,26.35
"pc1","4cpu-i7",0.07,"SMA",1,26.46
"pc1","4cpu-i7",0.07,"SMA",4,26.72
"pc1","4cpu-i7",0.07,"SMA",4,26.67
"pc1","4cpu-i7",0.07,"SMA",3,26.97
"pc1","4cpu-i7",0.07,"SMA",2,26.99
"pc1","4cpu-i7",0.07,"SMA",1,26.99
"pc1","4cpu-i7",0.07,"SMA",2,26.37
"pc1","4cpu-i7",0.07,"SMA",4,26.36
"pc1","4cpu-i7",0.07,"SMA",3,26.56
"pc1","4cpu-i7",0.07,"SMA",1,26.68
"pc1","4cpu-i7",0.07,"SMA",2,26.69
"pc1","4cpu-i7",0.07,"SMA",1,26.99
"pc1","4cpu-i7",0.07,"SMA",4,27.27
"pc1","4cpu-i7",0.07,"SMA",3,27.38
"pc1","4cpu-i7",0.07,"SMA",2,24.17
"pc1","4cpu-i7",0.07,"SMA",4,24.35
"pc1","4cpu-i7",0.07,"SMA",3,24.85
"pc1","4cpu-i7",0.07,"SMA",1,24.98
"pc1","4cpu-i7",0.08,"SMA",1,21.54
"pc1","4cpu-i7",0.08,"SMA",3,21.54
"pc1","4cpu-i7",0.08,"SMA",2,21.65
"pc1","4cpu-i7",0.08,"SMA",4,22.02
"pc1","4cpu-i7",0.08,"SMA",3,22.05
"pc1","4cpu-i7",0.08,"SMA",4,22.15
"pc1","4cpu-i7",0.08,"SMA",2,22.15
"pc1","4cpu-i7",0.08,"SMA",1,22.27
"pc1","4cpu-i7",0.08,"SMA",4,21.15
"pc1","4cpu-i7",0.08,"SMA",2,21.27
"pc1","4cpu-i7",0.08,"SMA",1,21.47
"pc1","4cpu-i7",0.08,"SMA",3,21.76
"pc1","4cpu-i7",0.08,"SMA",4,21.93
"pc1","4cpu-i7",0.08,"SMA",2,22.47
"pc1","4cpu-i7",0.08,"SMA",1,22.47
"pc1","4cpu-i7",0.08,"SMA",3,22.63
"pc1","4cpu-i7",0.08,"SMA",1,21.47
"pc1","4cpu-i7",0.08,"SMA",2,22.05
"pc1","4cpu-i7",0.08,"SMA",3,22.12
"pc1","4cpu-i7",0.08,"SMA",4,22.31
"pc1","4cpu-i7",0.08,"SMA",3,20.44
"pc1","4cpu-i7",0.08,"SMA",1,21.17
"pc1","4cpu-i7",0.08,"SMA",4,21.44
"pc1","4cpu-i7",0.08,"SMA",2,21.55
"pc1","4cpu-i7",0.08,"SMA",3,22.57
"pc1","4cpu-i7",0.08,"SMA",4,22.77
"pc1","4cpu-i7",0.08,"SMA",2,23.87
"pc1","4cpu-i7",0.08,"SMA",1,24.38
"pc1","4cpu-i7",0.08,"SMA",1,21.59
"pc1","4cpu-i7",0.08,"SMA",4,22.14
"pc1","4cpu-i7",0.08,"SMA",2,22.57
"pc1","4cpu-i7",0.08,"SMA",3,23.17
"pc1","4cpu-i7",0.08,"SMA",4,21.96
"pc1","4cpu-i7",0.08,"SMA",2,22.27
"pc1","4cpu-i7",0.08,"SMA",1,22.78
"pc1","4cpu-i7",0.08,"SMA",3,23.16
"pc1","4cpu-i7",0.08,"SMA",4,22.05
"pc1","4cpu-i7",0.08,"SMA",3,22.46
"pc1","4cpu-i7",0.08,"SMA",1,22.58
"pc1","4cpu-i7",0.08,"SMA",2,22.77
"pc1","4cpu-i7",0.08,"SMA",3,21.63
"pc1","4cpu-i7",0.08,"SMA",1,22.37
"pc1","4cpu-i7",0.08,"SMA",4,22.62
"pc1","4cpu-i7",0.08,"SMA",2,22.84
"pc1","4cpu-i7",0.08,"SMA",3,22.51
"pc1","4cpu-i7",0.08,"SMA",4,22.6
"pc1","4cpu-i7",0.08,"SMA",1,23.65
"pc1","4cpu-i7",0.08,"SMA",2,24.23
"pc1","4cpu-i7",0.08,"SMA",4,21.11
"pc1","4cpu-i7",0.08,"SMA",3,21.23
"pc1","4cpu-i7",0.08,"SMA",2,21.74
"pc1","4cpu-i7",0.08,"SMA",1,21.77
"pc1","4cpu-i7",0.08,"SMA",3,22.37
"pc1","4cpu-i7",0.08,"SMA",1,22.88
"pc1","4cpu-i7",0.08,"SMA",4,22.96
"pc1","4cpu-i7",0.08,"SMA",2,23.37
"pc1","4cpu-i7",0.08,"SMA",2,21.97
"pc1","4cpu-i7",0.08,"SMA",4,22.05
"pc1","4cpu-i7",0.08,"SMA",1,22.28
"pc1","4cpu-i7",0.08,"SMA",3,22.86
"pc1","4cpu-i7",0.08,"SMA",1,21.29
"pc1","4cpu-i7",0.08,"SMA",2,22.08
"pc1","4cpu-i7",0.08,"SMA",4,22.56
"pc1","4cpu-i7",0.08,"SMA",3,22.67
"pc1","4cpu-i7",0.08,"SMA",2,21.58
"pc1","4cpu-i7",0.08,"SMA",3,22.37
"pc1","4cpu-i7",0.08,"SMA",1,22.48
"pc1","4cpu-i7",0.08,"SMA",4,22.67
"pc1","4cpu-i7",0.08,"SMA",2,22.05
"pc1","4cpu-i7",0.08,"SMA",1,22.34
"pc1","4cpu-i7",0.08,"SMA",3,22.34
"pc1","4cpu-i7",0.08,"SMA",4,22.94
"pc1","4cpu-i7",0.08,"SMA",4,21.73
"pc1","4cpu-i7",0.08,"SMA",1,21.97
"pc1","4cpu-i7",0.08,"SMA",2,22.05
"pc1","4cpu-i7",0.08,"SMA",3,22.24
"pc1","4cpu-i7",0.08,"SMA",4,23.07
"pc1","4cpu-i7",0.08,"SMA",1,23.29
"pc1","4cpu-i7",0.08,"SMA",2,23.39
"pc1","4cpu-i7",0.08,"SMA",3,23.57
"pc1","4cpu-i7",0.08,"SMA",2,22.64
"pc1","4cpu-i7",0.08,"SMA",4,22.71
"pc1","4cpu-i7",0.08,"SMA",3,23.13
"pc1","4cpu-i7",0.08,"SMA",1,23.25
"pc1","4cpu-i7",0.08,"SMA",2,22.47
"pc1","4cpu-i7",0.08,"SMA",3,22.77
"pc1","4cpu-i7",0.08,"SMA",4,23.16
"pc1","4cpu-i7",0.08,"SMA",1,23.38
"pc1","4cpu-i7",0.08,"SMA",2,20.05
"pc1","4cpu-i7",0.08,"SMA",4,20.44
"pc1","4cpu-i7",0.08,"SMA",3,20.54
"pc1","4cpu-i7",0.08,"SMA",1,20.67
"pc1","4cpu-i7",0.08,"SMA",4,21.95
"pc1","4cpu-i7",0.08,"SMA",3,22.05
"pc1","4cpu-i7",0.08,"SMA",1,22.38
"pc1","4cpu-i7",0.08,"SMA",2,22.57
"pc1","4cpu-i7",0.08,"SMA",4,19.64
"pc1","4cpu-i7",0.08,"SMA",3,20.24
"pc1","4cpu-i7",0.08,"SMA",1,20.77
"pc1","4cpu-i7",0.08,"SMA",2,20.85
"pc1","4cpu-i7",0.08,"SMA",3,20.67
"pc1","4cpu-i7",0.08,"SMA",2,21.19
"pc1","4cpu-i7",0.08,"SMA",4,21.69
"pc1","4cpu-i7",0.08,"SMA",1,21.69
"pc1","4cpu-i7",0.08,"SMA",4,19.54
"pc1","4cpu-i7",0.08,"SMA",3,20.65
"pc1","4cpu-i7",0.08,"SMA",2,20.75
"pc1","4cpu-i7",0.08,"SMA",1,20.87
"pc1","4cpu-i7",0.08,"SMA",3,20.75
"pc1","4cpu-i7",0.08,"SMA",2,20.86
"pc1","4cpu-i7",0.08,"SMA",1,21.58
"pc1","4cpu-i7",0.08,"SMA",4,21.64
"pc1","4cpu-i7",0.08,"SMA",3,20.26
"pc1","4cpu-i7",0.08,"SMA",2,20.27
"pc1","4cpu-i7",0.08,"SMA",1,20.27
"pc1","4cpu-i7",0.08,"SMA",4,20.34
"pc1","4cpu-i7",0.08,"SMA",4,21.12
"pc1","4cpu-i7",0.08,"SMA",3,21.33
"pc1","4cpu-i7",0.08,"SMA",2,21.55
"pc1","4cpu-i7",0.08,"SMA",1,21.86
"pc1","4cpu-i7",0.09,"SMA",2,19.75
"pc1","4cpu-i7",0.09,"SMA",3,19.82
"pc1","4cpu-i7",0.09,"SMA",4,19.82
"pc1","4cpu-i7",0.09,"SMA",1,20.06
"pc1","4cpu-i7",0.09,"SMA",4,19.14
"pc1","4cpu-i7",0.09,"SMA",3,19.95
"pc1","4cpu-i7",0.09,"SMA",2,19.95
"pc1","4cpu-i7",0.09,"SMA",1,20.06
"pc1","4cpu-i7",0.09,"SMA",3,19.47
"pc1","4cpu-i7",0.09,"SMA",2,19.48
"pc1","4cpu-i7",0.09,"SMA",4,19.67
"pc1","4cpu-i7",0.09,"SMA",1,19.69
"pc1","4cpu-i7",0.09,"SMA",2,19.15
"pc1","4cpu-i7",0.09,"SMA",4,19.23
"pc1","4cpu-i7",0.09,"SMA",3,19.24
"pc1","4cpu-i7",0.09,"SMA",1,19.27
"pc1","4cpu-i7",0.09,"SMA",2,18.65
"pc1","4cpu-i7",0.09,"SMA",3,18.65
"pc1","4cpu-i7",0.09,"SMA",4,18.83
"pc1","4cpu-i7",0.09,"SMA",1,18.98
"pc1","4cpu-i7",0.09,"SMA",2,19.67
"pc1","4cpu-i7",0.09,"SMA",1,20.07
"pc1","4cpu-i7",0.09,"SMA",4,20.06
"pc1","4cpu-i7",0.09,"SMA",3,20.07
"pc1","4cpu-i7",0.09,"SMA",2,19.37
"pc1","4cpu-i7",0.09,"SMA",1,19.58
"pc1","4cpu-i7",0.09,"SMA",3,19.66
"pc1","4cpu-i7",0.09,"SMA",4,19.66
"pc1","4cpu-i7",0.09,"SMA",4,19.86
"pc1","4cpu-i7",0.09,"SMA",3,20.58
"pc1","4cpu-i7",0.09,"SMA",1,20.58
"pc1","4cpu-i7",0.09,"SMA",2,20.68
"pc1","4cpu-i7",0.09,"SMA",3,19.19
"pc1","4cpu-i7",0.09,"SMA",1,19.19
"pc1","4cpu-i7",0.09,"SMA",2,19.28
"pc1","4cpu-i7",0.09,"SMA",4,19.36
"pc1","4cpu-i7",0.09,"SMA",1,17.79
"pc1","4cpu-i7",0.09,"SMA",2,18.68
"pc1","4cpu-i7",0.09,"SMA",3,18.68
"pc1","4cpu-i7",0.09,"SMA",4,18.97
"pc1","4cpu-i7",0.09,"SMA",3,19.05
"pc1","4cpu-i7",0.09,"SMA",2,19.06
"pc1","4cpu-i7",0.09,"SMA",1,19.06
"pc1","4cpu-i7",0.09,"SMA",4,19.23
"pc1","4cpu-i7",0.09,"SMA",1,18.57
"pc1","4cpu-i7",0.09,"SMA",3,18.74
"pc1","4cpu-i7",0.09,"SMA",2,19.15
"pc1","4cpu-i7",0.09,"SMA",4,19.23
"pc1","4cpu-i7",0.09,"SMA",1,19.69
"pc1","4cpu-i7",0.09,"SMA",2,19.78
"pc1","4cpu-i7",0.09,"SMA",3,19.87
"pc1","4cpu-i7",0.09,"SMA",4,20.26
"pc1","4cpu-i7",0.09,"SMA",2,18.57
"pc1","4cpu-i7",0.09,"SMA",3,18.85
"pc1","4cpu-i7",0.09,"SMA",1,19.08
"pc1","4cpu-i7",0.09,"SMA",4,19.36
"pc1","4cpu-i7",0.09,"SMA",1,19.86
"pc1","4cpu-i7",0.09,"SMA",2,20.25
"pc1","4cpu-i7",0.09,"SMA",3,20.44
"pc1","4cpu-i7",0.09,"SMA",4,20.53
"pc1","4cpu-i7",0.09,"SMA",2,19.56
"pc1","4cpu-i7",0.09,"SMA",1,19.67
"pc1","4cpu-i7",0.09,"SMA",3,19.86
"pc1","4cpu-i7",0.09,"SMA",4,20.04
"pc1","4cpu-i7",0.09,"SMA",1,18.45
"pc1","4cpu-i7",0.09,"SMA",3,18.45
"pc1","4cpu-i7",0.09,"SMA",2,18.56
"pc1","4cpu-i7",0.09,"SMA",4,18.94
"pc1","4cpu-i7",0.09,"SMA",1,20.58
"pc1","4cpu-i7",0.09,"SMA",2,20.86
"pc1","4cpu-i7",0.09,"SMA",4,20.86
"pc1","4cpu-i7",0.09,"SMA",3,21.06
"pc1","4cpu-i7",0.09,"SMA",1,18.78
"pc1","4cpu-i7",0.09,"SMA",4,19.16
"pc1","4cpu-i7",0.09,"SMA",2,19.37
"pc1","4cpu-i7",0.09,"SMA",3,19.56
"pc1","4cpu-i7",0.09,"SMA",1,19.68
"pc1","4cpu-i7",0.09,"SMA",2,19.67
"pc1","4cpu-i7",0.09,"SMA",4,19.67
"pc1","4cpu-i7",0.09,"SMA",3,20.08
"pc1","4cpu-i7",0.09,"SMA",1,19.08
"pc1","4cpu-i7",0.09,"SMA",4,19.55
"pc1","4cpu-i7",0.09,"SMA",2,19.65
"pc1","4cpu-i7",0.09,"SMA",3,19.65
"pc1","4cpu-i7",0.09,"SMA",4,19.56
"pc1","4cpu-i7",0.09,"SMA",1,19.69
"pc1","4cpu-i7",0.09,"SMA",2,19.88
"pc1","4cpu-i7",0.09,"SMA",3,20.08
"pc1","4cpu-i7",0.09,"SMA",4,18.93
"pc1","4cpu-i7",0.09,"SMA",2,19.24
"pc1","4cpu-i7",0.09,"SMA",1,19.86
"pc1","4cpu-i7",0.09,"SMA",3,19.94
"pc1","4cpu-i7",0.09,"SMA",4,19.47
"pc1","4cpu-i7",0.09,"SMA",3,19.67
"pc1","4cpu-i7",0.09,"SMA",2,20.19
"pc1","4cpu-i7",0.09,"SMA",1,20.19
"pc1","4cpu-i7",0.09,"SMA",4,19.53
"pc1","4cpu-i7",0.09,"SMA",3,19.64
"pc1","4cpu-i7",0.09,"SMA",1,20.16
"pc1","4cpu-i7",0.09,"SMA",2,20.25
"pc1","4cpu-i7",0.09,"SMA",4,20.86
"pc1","4cpu-i7",0.09,"SMA",3,20.97
"pc1","4cpu-i7",0.09,"SMA",2,21.19
"pc1","4cpu-i7",0.09,"SMA",1,21.19
"pc1","4cpu-i7",0.09,"SMA",4,18.95
"pc1","4cpu-i7",0.09,"SMA",2,19.25
"pc1","4cpu-i7",0.09,"SMA",3,19.25
"pc1","4cpu-i7",0.09,"SMA",1,19.66
"pc1","4cpu-i7",0.09,"SMA",1,17.67
"pc1","4cpu-i7",0.09,"SMA",2,17.85
"pc1","4cpu-i7",0.09,"SMA",4,18.24
"pc1","4cpu-i7",0.09,"SMA",3,18.24
"pc1","4cpu-i7",0.09,"SMA",3,17.51
"pc1","4cpu-i7",0.09,"SMA",4,18
"pc1","4cpu-i7",0.09,"SMA",2,18
"pc1","4cpu-i7",0.09,"SMA",1,18.45
"pc1","4cpu-i7",0.09,"SMA",4,19.35
"pc1","4cpu-i7",0.09,"SMA",1,19.47
"pc1","4cpu-i7",0.09,"SMA",3,19.87
"pc1","4cpu-i7",0.09,"SMA",2,20.06
"pc1","4cpu-i7",0.11,"SMA",4,13.89
"pc1","4cpu-i7",0.11,"SMA",2,14.21
"pc1","4cpu-i7",0.11,"SMA",1,14.32
"pc1","4cpu-i7",0.11,"SMA",3,14.49
"pc1","4cpu-i7",0.11,"SMA",2,15.06
"pc1","4cpu-i7",0.11,"SMA",1,15.14
"pc1","4cpu-i7",0.11,"SMA",4,15.14
"pc1","4cpu-i7",0.11,"SMA",3,15.25
"pc1","4cpu-i7",0.11,"SMA",2,13.16
"pc1","4cpu-i7",0.11,"SMA",3,13.75
"pc1","4cpu-i7",0.11,"SMA",4,13.75
"pc1","4cpu-i7",0.11,"SMA",1,13.97
"pc1","4cpu-i7",0.11,"SMA",1,14.39
"pc1","4cpu-i7",0.11,"SMA",3,14.47
"pc1","4cpu-i7",0.11,"SMA",4,14.56
"pc1","4cpu-i7",0.11,"SMA",2,14.68
"pc1","4cpu-i7",0.11,"SMA",1,14.09
"pc1","4cpu-i7",0.11,"SMA",3,14.17
"pc1","4cpu-i7",0.11,"SMA",2,14.18
"pc1","4cpu-i7",0.11,"SMA",4,14.27
"pc1","4cpu-i7",0.11,"SMA",2,14.27
"pc1","4cpu-i7",0.11,"SMA",1,14.27
"pc1","4cpu-i7",0.11,"SMA",4,14.27
"pc1","4cpu-i7",0.11,"SMA",3,14.27
"pc1","4cpu-i7",0.11,"SMA",1,13.66
"pc1","4cpu-i7",0.11,"SMA",2,13.73
"pc1","4cpu-i7",0.11,"SMA",3,13.91
"pc1","4cpu-i7",0.11,"SMA",4,13.91
"pc1","4cpu-i7",0.11,"SMA",2,13.45
"pc1","4cpu-i7",0.11,"SMA",3,13.74
"pc1","4cpu-i7",0.11,"SMA",4,13.74
"pc1","4cpu-i7",0.11,"SMA",1,13.96
"pc1","4cpu-i7",0.11,"SMA",4,13.77
"pc1","4cpu-i7",0.11,"SMA",1,13.79
"pc1","4cpu-i7",0.11,"SMA",2,13.79
"pc1","4cpu-i7",0.11,"SMA",3,13.88
"pc1","4cpu-i7",0.11,"SMA",3,13.55
"pc1","4cpu-i7",0.11,"SMA",4,13.74
"pc1","4cpu-i7",0.11,"SMA",2,13.76
"pc1","4cpu-i7",0.11,"SMA",1,13.76
"pc1","4cpu-i7",0.11,"SMA",4,13.24
"pc1","4cpu-i7",0.11,"SMA",3,13.36
"pc1","4cpu-i7",0.11,"SMA",2,13.36
"pc1","4cpu-i7",0.11,"SMA",1,13.46
"pc1","4cpu-i7",0.11,"SMA",2,14.39
"pc1","4cpu-i7",0.11,"SMA",1,14.39
"pc1","4cpu-i7",0.11,"SMA",3,14.37
"pc1","4cpu-i7",0.11,"SMA",4,14.46
"pc1","4cpu-i7",0.11,"SMA",2,14.57
"pc1","4cpu-i7",0.11,"SMA",3,14.67
"pc1","4cpu-i7",0.11,"SMA",1,14.78
"pc1","4cpu-i7",0.11,"SMA",4,14.95
"pc1","4cpu-i7",0.11,"SMA",1,14.49
"pc1","4cpu-i7",0.11,"SMA",2,14.57
"pc1","4cpu-i7",0.11,"SMA",4,14.96
"pc1","4cpu-i7",0.11,"SMA",3,15.06
"pc1","4cpu-i7",0.11,"SMA",2,13.69
"pc1","4cpu-i7",0.11,"SMA",1,13.99
"pc1","4cpu-i7",0.11,"SMA",4,14.07
"pc1","4cpu-i7",0.11,"SMA",3,14.17
"pc1","4cpu-i7",0.11,"SMA",2,13.98
"pc1","4cpu-i7",0.11,"SMA",1,14.09
"pc1","4cpu-i7",0.11,"SMA",4,14.47
"pc1","4cpu-i7",0.11,"SMA",3,14.67
"pc1","4cpu-i7",0.11,"SMA",1,14.17
"pc1","4cpu-i7",0.11,"SMA",4,14.35
"pc1","4cpu-i7",0.11,"SMA",3,14.36
"pc1","4cpu-i7",0.11,"SMA",2,14.36
"pc1","4cpu-i7",0.11,"SMA",1,13.86
"pc1","4cpu-i7",0.11,"SMA",3,14.15
"pc1","4cpu-i7",0.11,"SMA",4,14.55
"pc1","4cpu-i7",0.11,"SMA",2,14.55
"pc1","4cpu-i7",0.11,"SMA",1,13.96
"pc1","4cpu-i7",0.11,"SMA",2,14.15
"pc1","4cpu-i7",0.11,"SMA",4,14.14
"pc1","4cpu-i7",0.11,"SMA",3,14.24
"pc1","4cpu-i7",0.11,"SMA",1,14.49
"pc1","4cpu-i7",0.11,"SMA",4,14.56
"pc1","4cpu-i7",0.11,"SMA",2,14.68
"pc1","4cpu-i7",0.11,"SMA",3,14.68
"pc1","4cpu-i7",0.11,"SMA",1,14.27
"pc1","4cpu-i7",0.11,"SMA",2,14.36
"pc1","4cpu-i7",0.11,"SMA",3,14.55
"pc1","4cpu-i7",0.11,"SMA",4,14.55
"pc1","4cpu-i7",0.11,"SMA",1,13.96
"pc1","4cpu-i7",0.11,"SMA",2,14.05
"pc1","4cpu-i7",0.11,"SMA",3,14.04
"pc1","4cpu-i7",0.11,"SMA",4,14.13
"pc1","4cpu-i7",0.11,"SMA",2,14.78
"pc1","4cpu-i7",0.11,"SMA",4,14.86
"pc1","4cpu-i7",0.11,"SMA",3,15.08
"pc1","4cpu-i7",0.11,"SMA",1,15.19
"pc1","4cpu-i7",0.11,"SMA",4,14.37
"pc1","4cpu-i7",0.11,"SMA",3,14.37
"pc1","4cpu-i7",0.11,"SMA",2,14.68
"pc1","4cpu-i7",0.11,"SMA",1,14.89
"pc1","4cpu-i7",0.11,"SMA",4,13.32
"pc1","4cpu-i7",0.11,"SMA",2,13.44
"pc1","4cpu-i7",0.11,"SMA",3,13.53
"pc1","4cpu-i7",0.11,"SMA",1,13.57
"pc1","4cpu-i7",0.11,"SMA",4,13.95
"pc1","4cpu-i7",0.11,"SMA",3,14.35
"pc1","4cpu-i7",0.11,"SMA",2,14.68
"pc1","4cpu-i7",0.11,"SMA",1,14.68
"pc1","4cpu-i7",0.11,"SMA",4,13.02
"pc1","4cpu-i7",0.11,"SMA",3,13.34
"pc1","4cpu-i7",0.11,"SMA",2,13.34
"pc1","4cpu-i7",0.11,"SMA",1,13.85
"pc1","4cpu-i7",0.11,"SMA",4,13.84
"pc1","4cpu-i7",0.11,"SMA",3,13.85
"pc1","4cpu-i7",0.11,"SMA",2,13.96
"pc1","4cpu-i7",0.11,"SMA",1,14.07
"pc1","4cpu-i7",0.11,"SMA",4,14.25
"pc1","4cpu-i7",0.11,"SMA",2,14.46
"pc1","4cpu-i7",0.11,"SMA",3,14.75
"pc1","4cpu-i7",0.11,"SMA",1,15.08
"pc1","4cpu-i7",0.11,"SMA",4,13.54
"pc1","4cpu-i7",0.11,"SMA",2,13.85
"pc1","4cpu-i7",0.11,"SMA",3,13.85
"pc1","4cpu-i7",0.11,"SMA",1,14.06
"pc1","4cpu-i7",0.12,"SMA",4,12.8
"pc1","4cpu-i7",0.12,"SMA",2,12.8
"pc1","4cpu-i7",0.12,"SMA",3,13.07
"pc1","4cpu-i7",0.12,"SMA",1,13.4
"pc1","4cpu-i7",0.12,"SMA",4,12.68
"pc1","4cpu-i7",0.12,"SMA",3,13.14
"pc1","4cpu-i7",0.12,"SMA",1,13.14
"pc1","4cpu-i7",0.12,"SMA",2,13.14
"pc1","4cpu-i7",0.12,"SMA",4,11.73
"pc1","4cpu-i7",0.12,"SMA",2,11.84
"pc1","4cpu-i7",0.12,"SMA",3,11.84
"pc1","4cpu-i7",0.12,"SMA",1,12.06
"pc1","4cpu-i7",0.12,"SMA",3,12.35
"pc1","4cpu-i7",0.12,"SMA",2,12.35
"pc1","4cpu-i7",0.12,"SMA",4,12.43
"pc1","4cpu-i7",0.12,"SMA",1,12.56
"pc1","4cpu-i7",0.12,"SMA",4,11.88
"pc1","4cpu-i7",0.12,"SMA",2,12.09
"pc1","4cpu-i7",0.12,"SMA",3,12.58
"pc1","4cpu-i7",0.12,"SMA",1,12.9
"pc1","4cpu-i7",0.12,"SMA",2,11.45
"pc1","4cpu-i7",0.12,"SMA",4,11.43
"pc1","4cpu-i7",0.12,"SMA",3,11.53
"pc1","4cpu-i7",0.12,"SMA",1,11.75
"pc1","4cpu-i7",0.12,"SMA",4,11.84
"pc1","4cpu-i7",0.12,"SMA",1,11.97
"pc1","4cpu-i7",0.12,"SMA",3,12.36
"pc1","4cpu-i7",0.12,"SMA",2,12.45
"pc1","4cpu-i7",0.12,"SMA",2,12.89
"pc1","4cpu-i7",0.12,"SMA",3,12.99
"pc1","4cpu-i7",0.12,"SMA",4,13.07
"pc1","4cpu-i7",0.12,"SMA",1,13.3
"pc1","4cpu-i7",0.12,"SMA",2,11.14
"pc1","4cpu-i7",0.12,"SMA",1,11.46
"pc1","4cpu-i7",0.12,"SMA",4,11.63
"pc1","4cpu-i7",0.12,"SMA",3,12.03
"pc1","4cpu-i7",0.12,"SMA",4,11.86
"pc1","4cpu-i7",0.12,"SMA",3,12.08
"pc1","4cpu-i7",0.12,"SMA",2,12.08
"pc1","4cpu-i7",0.12,"SMA",1,12.28
"pc1","4cpu-i7",0.12,"SMA",2,12.26
"pc1","4cpu-i7",0.12,"SMA",4,12.42
"pc1","4cpu-i7",0.12,"SMA",3,12.53
"pc1","4cpu-i7",0.12,"SMA",1,12.78
"pc1","4cpu-i7",0.12,"SMA",2,11.35
"pc1","4cpu-i7",0.12,"SMA",1,11.66
"pc1","4cpu-i7",0.12,"SMA",4,11.74
"pc1","4cpu-i7",0.12,"SMA",3,11.84
"pc1","4cpu-i7",0.12,"SMA",4,12.04
"pc1","4cpu-i7",0.12,"SMA",3,12.05
"pc1","4cpu-i7",0.12,"SMA",1,12.16
"pc1","4cpu-i7",0.12,"SMA",2,12.35
"pc1","4cpu-i7",0.12,"SMA",1,11.78
"pc1","4cpu-i7",0.12,"SMA",2,11.86
"pc1","4cpu-i7",0.12,"SMA",3,12.04
"pc1","4cpu-i7",0.12,"SMA",4,12.04
"pc1","4cpu-i7",0.12,"SMA",3,12.05
"pc1","4cpu-i7",0.12,"SMA",1,12.08
"pc1","4cpu-i7",0.12,"SMA",2,12.08
"pc1","4cpu-i7",0.12,"SMA",4,12.46
"pc1","4cpu-i7",0.12,"SMA",4,11.93
"pc1","4cpu-i7",0.12,"SMA",3,12.12
"pc1","4cpu-i7",0.12,"SMA",2,12.24
"pc1","4cpu-i7",0.12,"SMA",1,12.36
"pc1","4cpu-i7",0.12,"SMA",4,12.29
"pc1","4cpu-i7",0.12,"SMA",3,12.29
"pc1","4cpu-i7",0.12,"SMA",1,12.29
"pc1","4cpu-i7",0.12,"SMA",2,12.38
"pc1","4cpu-i7",0.12,"SMA",1,12.48
"pc1","4cpu-i7",0.12,"SMA",4,12.47
"pc1","4cpu-i7",0.12,"SMA",2,13.08
"pc1","4cpu-i7",0.12,"SMA",3,13.16
"pc1","4cpu-i7",0.12,"SMA",4,12.2
"pc1","4cpu-i7",0.12,"SMA",1,12.2
"pc1","4cpu-i7",0.12,"SMA",2,12.78
"pc1","4cpu-i7",0.12,"SMA",3,12.97
"pc1","4cpu-i7",0.12,"SMA",1,12.37
"pc1","4cpu-i7",0.12,"SMA",2,12.95
"pc1","4cpu-i7",0.12,"SMA",4,12.94
"pc1","4cpu-i7",0.12,"SMA",3,12.95
"pc1","4cpu-i7",0.12,"SMA",1,12.09
"pc1","4cpu-i7",0.12,"SMA",3,12.37
"pc1","4cpu-i7",0.12,"SMA",2,12.38
"pc1","4cpu-i7",0.12,"SMA",4,12.38
"pc1","4cpu-i7",0.12,"SMA",2,13.36
"pc1","4cpu-i7",0.12,"SMA",1,13.47
"pc1","4cpu-i7",0.12,"SMA",3,13.55
"pc1","4cpu-i7",0.12,"SMA",4,13.55
"pc1","4cpu-i7",0.12,"SMA",2,12.07
"pc1","4cpu-i7",0.12,"SMA",1,12.18
"pc1","4cpu-i7",0.12,"SMA",3,12.36
"pc1","4cpu-i7",0.12,"SMA",4,12.65
"pc1","4cpu-i7",0.12,"SMA",4,13.06
"pc1","4cpu-i7",0.12,"SMA",3,13.16
"pc1","4cpu-i7",0.12,"SMA",1,13.39
"pc1","4cpu-i7",0.12,"SMA",2,13.58
"pc1","4cpu-i7",0.12,"SMA",3,12.45
"pc1","4cpu-i7",0.12,"SMA",4,12.64
"pc1","4cpu-i7",0.12,"SMA",1,12.87
"pc1","4cpu-i7",0.12,"SMA",2,13.06
"pc1","4cpu-i7",0.12,"SMA",4,12.44
"pc1","4cpu-i7",0.12,"SMA",2,12.85
"pc1","4cpu-i7",0.12,"SMA",3,12.94
"pc1","4cpu-i7",0.12,"SMA",1,12.97
"pc1","4cpu-i7",0.12,"SMA",4,12.46
"pc1","4cpu-i7",0.12,"SMA",2,12.87
"pc1","4cpu-i7",0.12,"SMA",3,12.96
"pc1","4cpu-i7",0.12,"SMA",1,13.09
"pc1","4cpu-i7",0.12,"SMA",3,11.77
"pc1","4cpu-i7",0.12,"SMA",4,12.05
"pc1","4cpu-i7",0.12,"SMA",2,12.27
"pc1","4cpu-i7",0.12,"SMA",1,12.58
"pc1","4cpu-i7",0.12,"SMA",3,11.95
"pc1","4cpu-i7",0.12,"SMA",4,12.13
"pc1","4cpu-i7",0.12,"SMA",2,12.16
"pc1","4cpu-i7",0.12,"SMA",1,12.47
"pc1","4cpu-i7",0.12,"SMA",3,12.34
"pc1","4cpu-i7",0.12,"SMA",4,12.34
"pc1","4cpu-i7",0.12,"SMA",2,12.45
"pc1","4cpu-i7",0.12,"SMA",1,12.57
"pc1","4cpu-i7",0.13,"SMA",3,12.78
"pc1","4cpu-i7",0.13,"SMA",2,13.11
"pc1","4cpu-i7",0.13,"SMA",4,13.11
"pc1","4cpu-i7",0.13,"SMA",1,13.11
"pc1","4cpu-i7",0.13,"SMA",3,11.63
"pc1","4cpu-i7",0.13,"SMA",4,11.84
"pc1","4cpu-i7",0.13,"SMA",2,11.94
"pc1","4cpu-i7",0.13,"SMA",1,12.16
"pc1","4cpu-i7",0.13,"SMA",3,11.14
"pc1","4cpu-i7",0.13,"SMA",2,11.24
"pc1","4cpu-i7",0.13,"SMA",4,11.23
"pc1","4cpu-i7",0.13,"SMA",1,11.36
"pc1","4cpu-i7",0.13,"SMA",3,11.97
"pc1","4cpu-i7",0.13,"SMA",1,12.19
"pc1","4cpu-i7",0.13,"SMA",2,12.28
"pc1","4cpu-i7",0.13,"SMA",4,12.27
"pc1","4cpu-i7",0.13,"SMA",1,12.38
"pc1","4cpu-i7",0.13,"SMA",3,12.47
"pc1","4cpu-i7",0.13,"SMA",2,12.57
"pc1","4cpu-i7",0.13,"SMA",4,12.55
"pc1","4cpu-i7",0.13,"SMA",2,12.48
"pc1","4cpu-i7",0.13,"SMA",3,12.48
"pc1","4cpu-i7",0.13,"SMA",4,12.56
"pc1","4cpu-i7",0.13,"SMA",1,12.6
"pc1","4cpu-i7",0.13,"SMA",2,11.46
"pc1","4cpu-i7",0.13,"SMA",4,11.65
"pc1","4cpu-i7",0.13,"SMA",3,11.75
"pc1","4cpu-i7",0.13,"SMA",1,11.77
"pc1","4cpu-i7",0.13,"SMA",2,11.48
"pc1","4cpu-i7",0.13,"SMA",3,11.78
"pc1","4cpu-i7",0.13,"SMA",1,12.07
"pc1","4cpu-i7",0.13,"SMA",4,12.07
"pc1","4cpu-i7",0.13,"SMA",2,11.27
"pc1","4cpu-i7",0.13,"SMA",3,11.57
"pc1","4cpu-i7",0.13,"SMA",4,11.78
"pc1","4cpu-i7",0.13,"SMA",1,11.78
"pc1","4cpu-i7",0.13,"SMA",2,11.36
"pc1","4cpu-i7",0.13,"SMA",4,11.55
"pc1","4cpu-i7",0.13,"SMA",1,11.67
"pc1","4cpu-i7",0.13,"SMA",3,11.74
"pc1","4cpu-i7",0.13,"SMA",1,11.69
"pc1","4cpu-i7",0.13,"SMA",3,11.68
"pc1","4cpu-i7",0.13,"SMA",4,11.78
"pc1","4cpu-i7",0.13,"SMA",2,11.78
"pc1","4cpu-i7",0.13,"SMA",2,11.86
"pc1","4cpu-i7",0.13,"SMA",3,11.86
"pc1","4cpu-i7",0.13,"SMA",1,11.89
"pc1","4cpu-i7",0.13,"SMA",4,11.96
"pc1","4cpu-i7",0.13,"SMA",2,11.38
"pc1","4cpu-i7",0.13,"SMA",1,11.57
"pc1","4cpu-i7",0.13,"SMA",4,11.76
"pc1","4cpu-i7",0.13,"SMA",3,12.07
"pc1","4cpu-i7",0.13,"SMA",1,11.06
"pc1","4cpu-i7",0.13,"SMA",2,11.25
"pc1","4cpu-i7",0.13,"SMA",3,11.43
"pc1","4cpu-i7",0.13,"SMA",4,11.52
"pc1","4cpu-i7",0.13,"SMA",2,12.39
"pc1","4cpu-i7",0.13,"SMA",1,12.39
"pc1","4cpu-i7",0.13,"SMA",4,12.46
"pc1","4cpu-i7",0.13,"SMA",3,12.57
"pc1","4cpu-i7",0.13,"SMA",1,11.18
"pc1","4cpu-i7",0.13,"SMA",2,11.37
"pc1","4cpu-i7",0.13,"SMA",4,11.44
"pc1","4cpu-i7",0.13,"SMA",3,11.57
"pc1","4cpu-i7",0.13,"SMA",2,11.15
"pc1","4cpu-i7",0.13,"SMA",1,11.35
"pc1","4cpu-i7",0.13,"SMA",3,11.43
"pc1","4cpu-i7",0.13,"SMA",4,11.53
"pc1","4cpu-i7",0.13,"SMA",2,11.77
"pc1","4cpu-i7",0.13,"SMA",1,11.98
"pc1","4cpu-i7",0.13,"SMA",4,12.26
"pc1","4cpu-i7",0.13,"SMA",3,12.46
"pc1","4cpu-i7",0.13,"SMA",1,11.27
"pc1","4cpu-i7",0.13,"SMA",2,11.43
"pc1","4cpu-i7",0.13,"SMA",4,11.51
"pc1","4cpu-i7",0.13,"SMA",3,11.53
"pc1","4cpu-i7",0.13,"SMA",1,11.17
"pc1","4cpu-i7",0.13,"SMA",2,11.17
"pc1","4cpu-i7",0.13,"SMA",4,11.47
"pc1","4cpu-i7",0.13,"SMA",3,11.47
"pc1","4cpu-i7",0.13,"SMA",2,10.94
"pc1","4cpu-i7",0.13,"SMA",1,11.33
"pc1","4cpu-i7",0.13,"SMA",4,11.33
"pc1","4cpu-i7",0.13,"SMA",3,11.53
"pc1","4cpu-i7",0.13,"SMA",1,11.99
"pc1","4cpu-i7",0.13,"SMA",2,12.07
"pc1","4cpu-i7",0.13,"SMA",4,12.17
"pc1","4cpu-i7",0.13,"SMA",3,12.28
"pc1","4cpu-i7",0.13,"SMA",4,12.06
"pc1","4cpu-i7",0.13,"SMA",3,12.16
"pc1","4cpu-i7",0.13,"SMA",2,12.18
"pc1","4cpu-i7",0.13,"SMA",1,12.18
"pc1","4cpu-i7",0.13,"SMA",4,11.45
"pc1","4cpu-i7",0.13,"SMA",3,11.57
"pc1","4cpu-i7",0.13,"SMA",1,11.77
"pc1","4cpu-i7",0.13,"SMA",2,11.96
"pc1","4cpu-i7",0.13,"SMA",4,11.34
"pc1","4cpu-i7",0.13,"SMA",3,11.34
"pc1","4cpu-i7",0.13,"SMA",1,11.46
"pc1","4cpu-i7",0.13,"SMA",2,11.56
"pc1","4cpu-i7",0.13,"SMA",3,11.55
"pc1","4cpu-i7",0.13,"SMA",4,11.55
"pc1","4cpu-i7",0.13,"SMA",1,11.66
"pc1","4cpu-i7",0.13,"SMA",2,11.96
"pc1","4cpu-i7",0.13,"SMA",4,11.34
"pc1","4cpu-i7",0.13,"SMA",3,11.45
"pc1","4cpu-i7",0.13,"SMA",1,12.27
"pc1","4cpu-i7",0.13,"SMA",2,12.45
"pc1","4cpu-i7",0.13,"SMA",4,11.54
"pc1","4cpu-i7",0.13,"SMA",3,11.65
"pc1","4cpu-i7",0.13,"SMA",1,11.77
"pc1","4cpu-i7",0.13,"SMA",2,11.75
"pc1","4cpu-i7",0.13,"SMA",4,11.97
"pc1","4cpu-i7",0.13,"SMA",3,12.26
"pc1","4cpu-i7",0.13,"SMA",2,12.28
"pc1","4cpu-i7",0.13,"SMA",1,12.47
"pc1","4cpu-i7",0.13,"SMA",4,11.65
"pc1","4cpu-i7",0.13,"SMA",1,11.78
"pc1","4cpu-i7",0.13,"SMA",3,11.85
"pc1","4cpu-i7",0.13,"SMA",2,11.87
"pc1","4cpu-i7",0.14,"SMA",1,11.64
"pc1","4cpu-i7",0.14,"SMA",3,11.63
"pc1","4cpu-i7",0.14,"SMA",4,11.63
"pc1","4cpu-i7",0.14,"SMA",2,11.73
"pc1","4cpu-i7",0.14,"SMA",4,11.67
"pc1","4cpu-i7",0.14,"SMA",3,11.67
"pc1","4cpu-i7",0.14,"SMA",1,11.87
"pc1","4cpu-i7",0.14,"SMA",2,11.87
"pc1","4cpu-i7",0.14,"SMA",3,9.54
"pc1","4cpu-i7",0.14,"SMA",1,9.86
"pc1","4cpu-i7",0.14,"SMA",4,9.83
"pc1","4cpu-i7",0.14,"SMA",2,10.04
"pc1","4cpu-i7",0.14,"SMA",3,10.65
"pc1","4cpu-i7",0.14,"SMA",4,10.66
"pc1","4cpu-i7",0.14,"SMA",1,10.77
"pc1","4cpu-i7",0.14,"SMA",2,10.77
"pc1","4cpu-i7",0.14,"SMA",3,10.73
"pc1","4cpu-i7",0.14,"SMA",4,10.73
"pc1","4cpu-i7",0.14,"SMA",2,10.84
"pc1","4cpu-i7",0.14,"SMA",1,10.86
"pc1","4cpu-i7",0.14,"SMA",4,10.95
"pc1","4cpu-i7",0.14,"SMA",3,10.99
"pc1","4cpu-i7",0.14,"SMA",1,10.99
"pc1","4cpu-i7",0.14,"SMA",2,11.07
"pc1","4cpu-i7",0.14,"SMA",3,10.27
"pc1","4cpu-i7",0.14,"SMA",1,10.38
"pc1","4cpu-i7",0.14,"SMA",4,10.37
"pc1","4cpu-i7",0.14,"SMA",2,10.57
"pc1","4cpu-i7",0.14,"SMA",3,10.45
"pc1","4cpu-i7",0.14,"SMA",4,10.63
"pc1","4cpu-i7",0.14,"SMA",1,10.86
"pc1","4cpu-i7",0.14,"SMA",2,10.86
"pc1","4cpu-i7",0.14,"SMA",2,10.75
"pc1","4cpu-i7",0.14,"SMA",3,10.83
"pc1","4cpu-i7",0.14,"SMA",4,11.03
"pc1","4cpu-i7",0.14,"SMA",1,11.15
"pc1","4cpu-i7",0.14,"SMA",4,10.98
"pc1","4cpu-i7",0.14,"SMA",2,10.98
"pc1","4cpu-i7",0.14,"SMA",3,10.98
"pc1","4cpu-i7",0.14,"SMA",1,11.09
"pc1","4cpu-i7",0.14,"SMA",4,10.66
"pc1","4cpu-i7",0.14,"SMA",3,10.68
"pc1","4cpu-i7",0.14,"SMA",2,10.68
"pc1","4cpu-i7",0.14,"SMA",1,10.78
"pc1","4cpu-i7",0.14,"SMA",4,10.18
"pc1","4cpu-i7",0.14,"SMA",1,10.3
"pc1","4cpu-i7",0.14,"SMA",3,10.5
"pc1","4cpu-i7",0.14,"SMA",2,10.5
"pc1","4cpu-i7",0.14,"SMA",3,11.04
"pc1","4cpu-i7",0.14,"SMA",1,11.15
"pc1","4cpu-i7",0.14,"SMA",2,11.15
"pc1","4cpu-i7",0.14,"SMA",4,11.23
"pc1","4cpu-i7",0.14,"SMA",1,11.09
"pc1","4cpu-i7",0.14,"SMA",3,11.09
"pc1","4cpu-i7",0.14,"SMA",2,11.19
"pc1","4cpu-i7",0.14,"SMA",4,11.18
"pc1","4cpu-i7",0.14,"SMA",1,10.67
"pc1","4cpu-i7",0.14,"SMA",2,10.76
"pc1","4cpu-i7",0.14,"SMA",3,10.84
"pc1","4cpu-i7",0.14,"SMA",4,10.94
"pc1","4cpu-i7",0.14,"SMA",2,10.77
"pc1","4cpu-i7",0.14,"SMA",3,10.86
"pc1","4cpu-i7",0.14,"SMA",1,10.96
"pc1","4cpu-i7",0.14,"SMA",4,10.89
"pc1","4cpu-i7",0.14,"SMA",1,10.46
"pc1","4cpu-i7",0.14,"SMA",3,10.46
"pc1","4cpu-i7",0.14,"SMA",2,10.46
"pc1","4cpu-i7",0.14,"SMA",4,10.65
"pc1","4cpu-i7",0.14,"SMA",1,10.28
"pc1","4cpu-i7",0.14,"SMA",3,10.44
"pc1","4cpu-i7",0.14,"SMA",2,10.55
"pc1","4cpu-i7",0.14,"SMA",4,10.63
"pc1","4cpu-i7",0.14,"SMA",1,11.19
"pc1","4cpu-i7",0.14,"SMA",3,11.37
"pc1","4cpu-i7",0.14,"SMA",2,11.37
"pc1","4cpu-i7",0.14,"SMA",4,11.45
"pc1","4cpu-i7",0.14,"SMA",1,11.49
"pc1","4cpu-i7",0.14,"SMA",2,11.68
"pc1","4cpu-i7",0.14,"SMA",3,11.67
"pc1","4cpu-i7",0.14,"SMA",4,11.67
"pc1","4cpu-i7",0.14,"SMA",2,10.45
"pc1","4cpu-i7",0.14,"SMA",3,10.55
"pc1","4cpu-i7",0.14,"SMA",1,10.55
"pc1","4cpu-i7",0.14,"SMA",4,10.65
"pc1","4cpu-i7",0.14,"SMA",4,11.45
"pc1","4cpu-i7",0.14,"SMA",3,11.54
"pc1","4cpu-i7",0.14,"SMA",2,11.57
"pc1","4cpu-i7",0.14,"SMA",1,11.57
"pc1","4cpu-i7",0.14,"SMA",4,10.85
"pc1","4cpu-i7",0.14,"SMA",3,10.96
"pc1","4cpu-i7",0.14,"SMA",2,11.16
"pc1","4cpu-i7",0.14,"SMA",1,11.17
"pc1","4cpu-i7",0.14,"SMA",4,10.94
"pc1","4cpu-i7",0.14,"SMA",3,11.15
"pc1","4cpu-i7",0.14,"SMA",2,11.16
"pc1","4cpu-i7",0.14,"SMA",1,11.27
"pc1","4cpu-i7",0.14,"SMA",4,11.18
"pc1","4cpu-i7",0.14,"SMA",3,11.26
"pc1","4cpu-i7",0.14,"SMA",1,11.49
"pc1","4cpu-i7",0.14,"SMA",2,11.49
"pc1","4cpu-i7",0.14,"SMA",3,10.23
"pc1","4cpu-i7",0.14,"SMA",4,10.24
"pc1","4cpu-i7",0.14,"SMA",1,10.55
"pc1","4cpu-i7",0.14,"SMA",2,10.65
"pc1","4cpu-i7",0.14,"SMA",3,11.87
"pc1","4cpu-i7",0.14,"SMA",4,11.96
"pc1","4cpu-i7",0.14,"SMA",2,12.29
"pc1","4cpu-i7",0.14,"SMA",1,12.29
"pc1","4cpu-i7",0.14,"SMA",3,10.23
"pc1","4cpu-i7",0.14,"SMA",4,10.53
"pc1","4cpu-i7",0.14,"SMA",1,10.75
"pc1","4cpu-i7",0.14,"SMA",2,10.95
"pc1","4cpu-i7",0.14,"SMA",4,10.94
"pc1","4cpu-i7",0.14,"SMA",3,11.05
"pc1","4cpu-i7",0.14,"SMA",2,11.37
"pc1","4cpu-i7",0.14,"SMA",1,11.37
"pc1","4cpu-i7",0.14,"SMA",4,10.56
"pc1","4cpu-i7",0.14,"SMA",3,10.76
"pc1","4cpu-i7",0.14,"SMA",2,10.87
"pc1","4cpu-i7",0.14,"SMA",1,11.19
"pc1","4cpu-i7",0.16,"SMA",1,8.86
"pc1","4cpu-i7",0.16,"SMA",4,8.84
"pc1","4cpu-i7",0.16,"SMA",2,8.86
"pc1","4cpu-i7",0.16,"SMA",3,8.95
"pc1","4cpu-i7",0.16,"SMA",2,9.37
"pc1","4cpu-i7",0.16,"SMA",1,9.68
"pc1","4cpu-i7",0.16,"SMA",4,9.67
"pc1","4cpu-i7",0.16,"SMA",3,9.68
"pc1","4cpu-i7",0.16,"SMA",2,8.16
"pc1","4cpu-i7",0.16,"SMA",4,8.16
"pc1","4cpu-i7",0.16,"SMA",3,8.55
"pc1","4cpu-i7",0.16,"SMA",1,8.78
"pc1","4cpu-i7",0.16,"SMA",2,8.16
"pc1","4cpu-i7",0.16,"SMA",4,8.34
"pc1","4cpu-i7",0.16,"SMA",3,8.54
"pc1","4cpu-i7",0.16,"SMA",1,8.57
"pc1","4cpu-i7",0.16,"SMA",4,8.53
"pc1","4cpu-i7",0.16,"SMA",1,8.76
"pc1","4cpu-i7",0.16,"SMA",2,8.76
"pc1","4cpu-i7",0.16,"SMA",3,8.84
"pc1","4cpu-i7",0.16,"SMA",4,8.55
"pc1","4cpu-i7",0.16,"SMA",3,8.76
"pc1","4cpu-i7",0.16,"SMA",1,8.89
"pc1","4cpu-i7",0.16,"SMA",2,9.08
"pc1","4cpu-i7",0.16,"SMA",1,8.69
"pc1","4cpu-i7",0.16,"SMA",4,8.75
"pc1","4cpu-i7",0.16,"SMA",3,8.86
"pc1","4cpu-i7",0.16,"SMA",2,8.98
"pc1","4cpu-i7",0.16,"SMA",4,8.57
"pc1","4cpu-i7",0.16,"SMA",3,8.79
"pc1","4cpu-i7",0.16,"SMA",1,8.79
"pc1","4cpu-i7",0.16,"SMA",2,8.97
"pc1","4cpu-i7",0.16,"SMA",1,8.64
"pc1","4cpu-i7",0.16,"SMA",3,8.71
"pc1","4cpu-i7",0.16,"SMA",2,8.74
"pc1","4cpu-i7",0.16,"SMA",4,8.79
"pc1","4cpu-i7",0.16,"SMA",4,8.88
"pc1","4cpu-i7",0.16,"SMA",1,8.9
"pc1","4cpu-i7",0.16,"SMA",3,8.98
"pc1","4cpu-i7",0.16,"SMA",2,9
"pc1","4cpu-i7",0.16,"SMA",4,8.56
"pc1","4cpu-i7",0.16,"SMA",3,8.67
"pc1","4cpu-i7",0.16,"SMA",1,8.88
"pc1","4cpu-i7",0.16,"SMA",2,8.88
"pc1","4cpu-i7",0.16,"SMA",4,8.34
"pc1","4cpu-i7",0.16,"SMA",3,8.74
"pc1","4cpu-i7",0.16,"SMA",1,8.85
"pc1","4cpu-i7",0.16,"SMA",2,8.86
"pc1","4cpu-i7",0.16,"SMA",1,8.08
"pc1","4cpu-i7",0.16,"SMA",3,8.16
"pc1","4cpu-i7",0.16,"SMA",4,8.35
"pc1","4cpu-i7",0.16,"SMA",2,8.37
"pc1","4cpu-i7",0.16,"SMA",3,8.24
"pc1","4cpu-i7",0.16,"SMA",1,8.46
"pc1","4cpu-i7",0.16,"SMA",4,8.52
"pc1","4cpu-i7",0.16,"SMA",2,8.66
"pc1","4cpu-i7",0.16,"SMA",4,8.03
"pc1","4cpu-i7",0.16,"SMA",1,8.38
"pc1","4cpu-i7",0.16,"SMA",2,8.45
"pc1","4cpu-i7",0.16,"SMA",3,8.45
"pc1","4cpu-i7",0.16,"SMA",2,8.85
"pc1","4cpu-i7",0.16,"SMA",1,8.86
"pc1","4cpu-i7",0.16,"SMA",4,8.94
"pc1","4cpu-i7",0.16,"SMA",3,9.04
"pc1","4cpu-i7",0.16,"SMA",1,8.27
"pc1","4cpu-i7",0.16,"SMA",4,8.46
"pc1","4cpu-i7",0.16,"SMA",3,8.56
"pc1","4cpu-i7",0.16,"SMA",2,8.78
"pc1","4cpu-i7",0.16,"SMA",1,8.66
"pc1","4cpu-i7",0.16,"SMA",3,8.83
"pc1","4cpu-i7",0.16,"SMA",4,8.92
"pc1","4cpu-i7",0.16,"SMA",2,9.04
"pc1","4cpu-i7",0.16,"SMA",2,8.76
"pc1","4cpu-i7",0.16,"SMA",1,8.85
"pc1","4cpu-i7",0.16,"SMA",3,8.84
"pc1","4cpu-i7",0.16,"SMA",4,8.83
"pc1","4cpu-i7",0.16,"SMA",1,9.38
"pc1","4cpu-i7",0.16,"SMA",4,9.38
"pc1","4cpu-i7",0.16,"SMA",2,9.38
"pc1","4cpu-i7",0.16,"SMA",3,9.46
"pc1","4cpu-i7",0.16,"SMA",4,9.08
"pc1","4cpu-i7",0.16,"SMA",2,9.08
"pc1","4cpu-i7",0.16,"SMA",1,9.08
"pc1","4cpu-i7",0.16,"SMA",3,9.08
"pc1","4cpu-i7",0.16,"SMA",4,8.54
"pc1","4cpu-i7",0.16,"SMA",2,8.66
"pc1","4cpu-i7",0.16,"SMA",1,8.66
"pc1","4cpu-i7",0.16,"SMA",3,8.95
"pc1","4cpu-i7",0.16,"SMA",4,8.54
"pc1","4cpu-i7",0.16,"SMA",1,8.58
"pc1","4cpu-i7",0.16,"SMA",2,8.65
"pc1","4cpu-i7",0.16,"SMA",3,8.93
"pc1","4cpu-i7",0.16,"SMA",3,8.65
"pc1","4cpu-i7",0.16,"SMA",1,8.76
"pc1","4cpu-i7",0.16,"SMA",4,8.76
"pc1","4cpu-i7",0.16,"SMA",2,8.76
"pc1","4cpu-i7",0.16,"SMA",4,8.61
"pc1","4cpu-i7",0.16,"SMA",3,8.72
"pc1","4cpu-i7",0.16,"SMA",2,8.83
"pc1","4cpu-i7",0.16,"SMA",1,8.95
"pc1","4cpu-i7",0.16,"SMA",4,9.07
"pc1","4cpu-i7",0.16,"SMA",3,9.08
"pc1","4cpu-i7",0.16,"SMA",2,9.28
"pc1","4cpu-i7",0.16,"SMA",1,9.49
"pc1","4cpu-i7",0.16,"SMA",3,8.56
"pc1","4cpu-i7",0.16,"SMA",2,8.56
"pc1","4cpu-i7",0.16,"SMA",4,8.74
"pc1","4cpu-i7",0.16,"SMA",1,8.87
"pc1","4cpu-i7",0.16,"SMA",4,8.56
"pc1","4cpu-i7",0.16,"SMA",3,8.58
"pc1","4cpu-i7",0.16,"SMA",1,8.8
"pc1","4cpu-i7",0.16,"SMA",2,8.87
"pc1","4cpu-i7",0.16,"SMA",3,8.48
"pc1","4cpu-i7",0.16,"SMA",4,8.65
"pc1","4cpu-i7",0.16,"SMA",1,9.09
"pc1","4cpu-i7",0.16,"SMA",2,9.19
"pc1","4cpu-i7",0.16,"SMA",4,9.39
"pc1","4cpu-i7",0.16,"SMA",3,9.39
"pc1","4cpu-i7",0.16,"SMA",1,9.39
"pc1","4cpu-i7",0.16,"SMA",2,9.57
"pc1","4cpu-i7",0.17,"SMA",4,9.01
"pc1","4cpu-i7",0.17,"SMA",2,9.04
"pc1","4cpu-i7",0.17,"SMA",3,9.23
"pc1","4cpu-i7",0.17,"SMA",1,9.34
"pc1","4cpu-i7",0.17,"SMA",4,8.87
"pc1","4cpu-i7",0.17,"SMA",2,8.98
"pc1","4cpu-i7",0.17,"SMA",3,9.06
"pc1","4cpu-i7",0.17,"SMA",1,9.08
"pc1","4cpu-i7",0.17,"SMA",3,7.78
"pc1","4cpu-i7",0.17,"SMA",4,8.27
"pc1","4cpu-i7",0.17,"SMA",1,8.5
"pc1","4cpu-i7",0.17,"SMA",2,8.67
"pc1","4cpu-i7",0.17,"SMA",2,8.09
"pc1","4cpu-i7",0.17,"SMA",1,8.18
"pc1","4cpu-i7",0.17,"SMA",3,8.18
"pc1","4cpu-i7",0.17,"SMA",4,8.18
"pc1","4cpu-i7",0.17,"SMA",2,8.08
"pc1","4cpu-i7",0.17,"SMA",1,8.17
"pc1","4cpu-i7",0.17,"SMA",3,8.16
"pc1","4cpu-i7",0.17,"SMA",4,8.25
"pc1","4cpu-i7",0.17,"SMA",2,8.09
"pc1","4cpu-i7",0.17,"SMA",3,8.16
"pc1","4cpu-i7",0.17,"SMA",4,8.27
"pc1","4cpu-i7",0.17,"SMA",1,8.38
"pc1","4cpu-i7",0.17,"SMA",4,8.18
"pc1","4cpu-i7",0.17,"SMA",2,8.18
"pc1","4cpu-i7",0.17,"SMA",3,8.19
"pc1","4cpu-i7",0.17,"SMA",1,8.49
"pc1","4cpu-i7",0.17,"SMA",3,8.14
"pc1","4cpu-i7",0.17,"SMA",4,8.14
"pc1","4cpu-i7",0.17,"SMA",2,8.26
"pc1","4cpu-i7",0.17,"SMA",1,8.36
"pc1","4cpu-i7",0.17,"SMA",4,8.27
"pc1","4cpu-i7",0.17,"SMA",1,8.3
"pc1","4cpu-i7",0.17,"SMA",2,8.39
"pc1","4cpu-i7",0.17,"SMA",3,8.38
"pc1","4cpu-i7",0.17,"SMA",3,7.76
"pc1","4cpu-i7",0.17,"SMA",1,7.79
"pc1","4cpu-i7",0.17,"SMA",4,7.87
"pc1","4cpu-i7",0.17,"SMA",2,8.17
"pc1","4cpu-i7",0.17,"SMA",3,8.02
"pc1","4cpu-i7",0.17,"SMA",1,8.06
"pc1","4cpu-i7",0.17,"SMA",2,8.06
"pc1","4cpu-i7",0.17,"SMA",4,8.06
"pc1","4cpu-i7",0.17,"SMA",1,8.36
"pc1","4cpu-i7",0.17,"SMA",3,8.36
"pc1","4cpu-i7",0.17,"SMA",2,8.42
"pc1","4cpu-i7",0.17,"SMA",4,8.41
"pc1","4cpu-i7",0.17,"SMA",3,8.78
"pc1","4cpu-i7",0.17,"SMA",1,8.99
"pc1","4cpu-i7",0.17,"SMA",2,8.99
"pc1","4cpu-i7",0.17,"SMA",4,9.06
"pc1","4cpu-i7",0.17,"SMA",3,9.05
"pc1","4cpu-i7",0.17,"SMA",1,9.07
"pc1","4cpu-i7",0.17,"SMA",2,9.07
"pc1","4cpu-i7",0.17,"SMA",4,9.16
"pc1","4cpu-i7",0.17,"SMA",1,8.08
"pc1","4cpu-i7",0.17,"SMA",2,8.17
"pc1","4cpu-i7",0.17,"SMA",3,8.17
"pc1","4cpu-i7",0.17,"SMA",4,8.35
"pc1","4cpu-i7",0.17,"SMA",2,8.36
"pc1","4cpu-i7",0.17,"SMA",1,8.37
"pc1","4cpu-i7",0.17,"SMA",3,8.46
"pc1","4cpu-i7",0.17,"SMA",4,8.55
"pc1","4cpu-i7",0.17,"SMA",1,7.98
"pc1","4cpu-i7",0.17,"SMA",2,8.16
"pc1","4cpu-i7",0.17,"SMA",3,8.26
"pc1","4cpu-i7",0.17,"SMA",4,8.35
"pc1","4cpu-i7",0.17,"SMA",1,8.1
"pc1","4cpu-i7",0.17,"SMA",2,8.28
"pc1","4cpu-i7",0.17,"SMA",3,8.27
"pc1","4cpu-i7",0.17,"SMA",4,8.38
"pc1","4cpu-i7",0.17,"SMA",1,8.26
"pc1","4cpu-i7",0.17,"SMA",3,8.34
"pc1","4cpu-i7",0.17,"SMA",2,8.35
"pc1","4cpu-i7",0.17,"SMA",4,8.44
"pc1","4cpu-i7",0.17,"SMA",1,8.68
"pc1","4cpu-i7",0.17,"SMA",3,8.77
"pc1","4cpu-i7",0.17,"SMA",2,8.77
"pc1","4cpu-i7",0.17,"SMA",4,8.76
"pc1","4cpu-i7",0.17,"SMA",1,8.27
"pc1","4cpu-i7",0.17,"SMA",3,8.26
"pc1","4cpu-i7",0.17,"SMA",4,8.45
"pc1","4cpu-i7",0.17,"SMA",2,8.46
"pc1","4cpu-i7",0.17,"SMA",1,7.87
"pc1","4cpu-i7",0.17,"SMA",3,7.87
"pc1","4cpu-i7",0.17,"SMA",2,7.97
"pc1","4cpu-i7",0.17,"SMA",4,7.97
"pc1","4cpu-i7",0.17,"SMA",3,8.04
"pc1","4cpu-i7",0.17,"SMA",2,8.26
"pc1","4cpu-i7",0.17,"SMA",1,8.38
"pc1","4cpu-i7",0.17,"SMA",4,8.44
"pc1","4cpu-i7",0.17,"SMA",1,8.9
"pc1","4cpu-i7",0.17,"SMA",3,8.97
"pc1","4cpu-i7",0.17,"SMA",4,9.07
"pc1","4cpu-i7",0.17,"SMA",2,9.19
"pc1","4cpu-i7",0.17,"SMA",4,8.36
"pc1","4cpu-i7",0.17,"SMA",3,8.36
"pc1","4cpu-i7",0.17,"SMA",1,8.48
"pc1","4cpu-i7",0.17,"SMA",2,8.57
"pc1","4cpu-i7",0.17,"SMA",4,8.37
"pc1","4cpu-i7",0.17,"SMA",3,8.38
"pc1","4cpu-i7",0.17,"SMA",2,8.48
"pc1","4cpu-i7",0.17,"SMA",1,8.5
"pc1","4cpu-i7",0.17,"SMA",3,8.26
"pc1","4cpu-i7",0.17,"SMA",4,8.45
"pc1","4cpu-i7",0.17,"SMA",2,8.67
"pc1","4cpu-i7",0.17,"SMA",1,8.77
"pc1","4cpu-i7",0.17,"SMA",4,8.47
"pc1","4cpu-i7",0.17,"SMA",3,8.67
"pc1","4cpu-i7",0.17,"SMA",2,8.78
"pc1","4cpu-i7",0.17,"SMA",1,8.9
"pc1","4cpu-i7",0.17,"SMA",3,8.25
"pc1","4cpu-i7",0.17,"SMA",2,8.25
"pc1","4cpu-i7",0.17,"SMA",4,8.25
"pc1","4cpu-i7",0.17,"SMA",1,8.51
"pc1","4cpu-i7",0.17,"SMA",3,8.15
"pc1","4cpu-i7",0.17,"SMA",2,8.15
"pc1","4cpu-i7",0.17,"SMA",4,8.22
"pc1","4cpu-i7",0.17,"SMA",1,8.55
"pc1","4cpu-i7",0.18,"SMA",3,8.67
"pc1","4cpu-i7",0.18,"SMA",2,8.78
"pc1","4cpu-i7",0.18,"SMA",4,8.86
"pc1","4cpu-i7",0.18,"SMA",1,8.97
"pc1","4cpu-i7",0.18,"SMA",4,8.16
"pc1","4cpu-i7",0.18,"SMA",2,8.29
"pc1","4cpu-i7",0.18,"SMA",3,8.38
"pc1","4cpu-i7",0.18,"SMA",1,8.49
"pc1","4cpu-i7",0.18,"SMA",3,7.75
"pc1","4cpu-i7",0.18,"SMA",4,7.75
"pc1","4cpu-i7",0.18,"SMA",2,7.86
"pc1","4cpu-i7",0.18,"SMA",1,7.88
"pc1","4cpu-i7",0.18,"SMA",4,8.07
"pc1","4cpu-i7",0.18,"SMA",3,8.15
"pc1","4cpu-i7",0.18,"SMA",2,8.19
"pc1","4cpu-i7",0.18,"SMA",1,8.19
"pc1","4cpu-i7",0.18,"SMA",3,7.87
"pc1","4cpu-i7",0.18,"SMA",4,7.87
"pc1","4cpu-i7",0.18,"SMA",1,7.99
"pc1","4cpu-i7",0.18,"SMA",2,8.06
"pc1","4cpu-i7",0.18,"SMA",4,7.66
"pc1","4cpu-i7",0.18,"SMA",2,7.78
"pc1","4cpu-i7",0.18,"SMA",3,7.77
"pc1","4cpu-i7",0.18,"SMA",1,7.8
"pc1","4cpu-i7",0.18,"SMA",3,7.97
"pc1","4cpu-i7",0.18,"SMA",4,8.06
"pc1","4cpu-i7",0.18,"SMA",1,8.17
"pc1","4cpu-i7",0.18,"SMA",2,8.17
"pc1","4cpu-i7",0.18,"SMA",4,7.56
"pc1","4cpu-i7",0.18,"SMA",3,7.68
"pc1","4cpu-i7",0.18,"SMA",2,7.68
"pc1","4cpu-i7",0.18,"SMA",1,7.69
"pc1","4cpu-i7",0.18,"SMA",4,7.56
"pc1","4cpu-i7",0.18,"SMA",3,7.58
"pc1","4cpu-i7",0.18,"SMA",2,7.58
"pc1","4cpu-i7",0.18,"SMA",1,7.68
"pc1","4cpu-i7",0.18,"SMA",2,7.59
"pc1","4cpu-i7",0.18,"SMA",4,7.66
"pc1","4cpu-i7",0.18,"SMA",3,7.69
"pc1","4cpu-i7",0.18,"SMA",1,7.69
"pc1","4cpu-i7",0.18,"SMA",2,7.76
"pc1","4cpu-i7",0.18,"SMA",1,7.78
"pc1","4cpu-i7",0.18,"SMA",3,7.86
"pc1","4cpu-i7",0.18,"SMA",4,7.86
"pc1","4cpu-i7",0.18,"SMA",3,7.73
"pc1","4cpu-i7",0.18,"SMA",1,7.73
"pc1","4cpu-i7",0.18,"SMA",4,7.72
"pc1","4cpu-i7",0.18,"SMA",2,7.72
"pc1","4cpu-i7",0.18,"SMA",1,7.39
"pc1","4cpu-i7",0.18,"SMA",3,7.57
"pc1","4cpu-i7",0.18,"SMA",2,7.67
"pc1","4cpu-i7",0.18,"SMA",4,7.75
"pc1","4cpu-i7",0.18,"SMA",3,7.95
"pc1","4cpu-i7",0.18,"SMA",1,8.07
"pc1","4cpu-i7",0.18,"SMA",2,8.06
"pc1","4cpu-i7",0.18,"SMA",4,8.14
"pc1","4cpu-i7",0.18,"SMA",1,7.6
"pc1","4cpu-i7",0.18,"SMA",2,7.69
"pc1","4cpu-i7",0.18,"SMA",4,7.69
"pc1","4cpu-i7",0.18,"SMA",3,7.69
"pc1","4cpu-i7",0.18,"SMA",1,7.98
"pc1","4cpu-i7",0.18,"SMA",2,8.05
"pc1","4cpu-i7",0.18,"SMA",3,8.15
"pc1","4cpu-i7",0.18,"SMA",4,8.15
"pc1","4cpu-i7",0.18,"SMA",1,7.87
"pc1","4cpu-i7",0.18,"SMA",2,7.87
"pc1","4cpu-i7",0.18,"SMA",3,8.07
"pc1","4cpu-i7",0.18,"SMA",4,8.15
"pc1","4cpu-i7",0.18,"SMA",1,7.69
"pc1","4cpu-i7",0.18,"SMA",2,7.88
"pc1","4cpu-i7",0.18,"SMA",4,7.97
"pc1","4cpu-i7",0.18,"SMA",3,8.07
"pc1","4cpu-i7",0.18,"SMA",1,8.08
"pc1","4cpu-i7",0.18,"SMA",3,8.07
"pc1","4cpu-i7",0.18,"SMA",2,8.16
"pc1","4cpu-i7",0.18,"SMA",4,8.16
"pc1","4cpu-i7",0.18,"SMA",1,7.99
"pc1","4cpu-i7",0.18,"SMA",3,8.07
"pc1","4cpu-i7",0.18,"SMA",4,8.17
"pc1","4cpu-i7",0.18,"SMA",2,8.27
"pc1","4cpu-i7",0.18,"SMA",1,7.79
"pc1","4cpu-i7",0.18,"SMA",4,7.87
"pc1","4cpu-i7",0.18,"SMA",2,7.98
"pc1","4cpu-i7",0.18,"SMA",3,8.07
"pc1","4cpu-i7",0.18,"SMA",4,7.83
"pc1","4cpu-i7",0.18,"SMA",3,7.93
"pc1","4cpu-i7",0.18,"SMA",1,7.95
"pc1","4cpu-i7",0.18,"SMA",2,7.95
"pc1","4cpu-i7",0.18,"SMA",4,7.74
"pc1","4cpu-i7",0.18,"SMA",3,7.85
"pc1","4cpu-i7",0.18,"SMA",1,8.06
"pc1","4cpu-i7",0.18,"SMA",2,8.06
"pc1","4cpu-i7",0.18,"SMA",4,7.95
"pc1","4cpu-i7",0.18,"SMA",1,7.97
"pc1","4cpu-i7",0.18,"SMA",3,7.97
"pc1","4cpu-i7",0.18,"SMA",2,8.08
"pc1","4cpu-i7",0.18,"SMA",4,8.16
"pc1","4cpu-i7",0.18,"SMA",3,8.16
"pc1","4cpu-i7",0.18,"SMA",1,8.37
"pc1","4cpu-i7",0.18,"SMA",2,8.47
"pc1","4cpu-i7",0.18,"SMA",4,8.16
"pc1","4cpu-i7",0.18,"SMA",3,8.27
"pc1","4cpu-i7",0.18,"SMA",1,8.38
"pc1","4cpu-i7",0.18,"SMA",2,8.48
"pc1","4cpu-i7",0.18,"SMA",3,7.98
"pc1","4cpu-i7",0.18,"SMA",4,7.98
"pc1","4cpu-i7",0.18,"SMA",2,8.18
"pc1","4cpu-i7",0.18,"SMA",1,8.2
"pc1","4cpu-i7",0.18,"SMA",3,7.92
"pc1","4cpu-i7",0.18,"SMA",4,7.92
"pc1","4cpu-i7",0.18,"SMA",2,7.92
"pc1","4cpu-i7",0.18,"SMA",1,8.06
"pc1","4cpu-i7",0.18,"SMA",3,8.37
"pc1","4cpu-i7",0.18,"SMA",2,8.48
"pc1","4cpu-i7",0.18,"SMA",4,8.47
"pc1","4cpu-i7",0.18,"SMA",1,8.67
"pc1","4cpu-i7",0.18,"SMA",2,7.95
"pc1","4cpu-i7",0.18,"SMA",3,7.95
"pc1","4cpu-i7",0.18,"SMA",4,8.14
"pc1","4cpu-i7",0.18,"SMA",1,8.27
"pc1","4cpu-i7",0.19,"SMA",2,8.27
"pc1","4cpu-i7",0.19,"SMA",1,8.27
"pc1","4cpu-i7",0.19,"SMA",3,8.27
"pc1","4cpu-i7",0.19,"SMA",4,8.51
"pc1","4cpu-i7",0.19,"SMA",4,7.63
"pc1","4cpu-i7",0.19,"SMA",2,7.65
"pc1","4cpu-i7",0.19,"SMA",1,7.67
"pc1","4cpu-i7",0.19,"SMA",3,7.66
"pc1","4cpu-i7",0.19,"SMA",4,6.95
"pc1","4cpu-i7",0.19,"SMA",2,7.18
"pc1","4cpu-i7",0.19,"SMA",1,7.29
"pc1","4cpu-i7",0.19,"SMA",3,7.36
"pc1","4cpu-i7",0.19,"SMA",4,6.87
"pc1","4cpu-i7",0.19,"SMA",2,7.07
"pc1","4cpu-i7",0.19,"SMA",3,7.07
"pc1","4cpu-i7",0.19,"SMA",1,7.1
"pc1","4cpu-i7",0.19,"SMA",4,6.74
"pc1","4cpu-i7",0.19,"SMA",3,6.83
"pc1","4cpu-i7",0.19,"SMA",1,6.85
"pc1","4cpu-i7",0.19,"SMA",2,6.85
"pc1","4cpu-i7",0.19,"SMA",3,7.07
"pc1","4cpu-i7",0.19,"SMA",2,7.26
"pc1","4cpu-i7",0.19,"SMA",4,7.27
"pc1","4cpu-i7",0.19,"SMA",1,7.38
"pc1","4cpu-i7",0.19,"SMA",4,6.99
"pc1","4cpu-i7",0.19,"SMA",2,6.99
"pc1","4cpu-i7",0.19,"SMA",3,7.06
"pc1","4cpu-i7",0.19,"SMA",1,7.09
"pc1","4cpu-i7",0.19,"SMA",4,7.28
"pc1","4cpu-i7",0.19,"SMA",3,7.28
"pc1","4cpu-i7",0.19,"SMA",1,7.37
"pc1","4cpu-i7",0.19,"SMA",2,7.38
"pc1","4cpu-i7",0.19,"SMA",4,7.05
"pc1","4cpu-i7",0.19,"SMA",3,7.25
"pc1","4cpu-i7",0.19,"SMA",1,7.37
"pc1","4cpu-i7",0.19,"SMA",2,7.36
"pc1","4cpu-i7",0.19,"SMA",4,7.35
"pc1","4cpu-i7",0.19,"SMA",2,7.38
"pc1","4cpu-i7",0.19,"SMA",3,7.38
"pc1","4cpu-i7",0.19,"SMA",1,7.47
"pc1","4cpu-i7",0.19,"SMA",1,7.3
"pc1","4cpu-i7",0.19,"SMA",3,7.29
"pc1","4cpu-i7",0.19,"SMA",2,7.48
"pc1","4cpu-i7",0.19,"SMA",4,7.47
"pc1","4cpu-i7",0.19,"SMA",3,7.16
"pc1","4cpu-i7",0.19,"SMA",2,7.35
"pc1","4cpu-i7",0.19,"SMA",4,7.34
"pc1","4cpu-i7",0.19,"SMA",1,7.38
"pc1","4cpu-i7",0.19,"SMA",3,6.74
"pc1","4cpu-i7",0.19,"SMA",2,6.76
"pc1","4cpu-i7",0.19,"SMA",1,6.96
"pc1","4cpu-i7",0.19,"SMA",4,7.04
"pc1","4cpu-i7",0.19,"SMA",1,6.88
"pc1","4cpu-i7",0.19,"SMA",3,6.95
"pc1","4cpu-i7",0.19,"SMA",2,7.06
"pc1","4cpu-i7",0.19,"SMA",4,7.05
"pc1","4cpu-i7",0.19,"SMA",3,7.48
"pc1","4cpu-i7",0.19,"SMA",1,7.49
"pc1","4cpu-i7",0.19,"SMA",2,7.49
"pc1","4cpu-i7",0.19,"SMA",4,7.57
"pc1","4cpu-i7",0.19,"SMA",1,6.77
"pc1","4cpu-i7",0.19,"SMA",2,6.87
"pc1","4cpu-i7",0.19,"SMA",3,6.84
"pc1","4cpu-i7",0.19,"SMA",4,7.01
"pc1","4cpu-i7",0.19,"SMA",1,7.07
"pc1","4cpu-i7",0.19,"SMA",3,7.09
"pc1","4cpu-i7",0.19,"SMA",2,7.09
"pc1","4cpu-i7",0.19,"SMA",4,7.15
"pc1","4cpu-i7",0.19,"SMA",1,6.57
"pc1","4cpu-i7",0.19,"SMA",2,6.66
"pc1","4cpu-i7",0.19,"SMA",4,6.83
"pc1","4cpu-i7",0.19,"SMA",3,6.94
"pc1","4cpu-i7",0.19,"SMA",1,7.1
"pc1","4cpu-i7",0.19,"SMA",4,7.08
"pc1","4cpu-i7",0.19,"SMA",3,7.26
"pc1","4cpu-i7",0.19,"SMA",2,7.29
"pc1","4cpu-i7",0.19,"SMA",1,6.84
"pc1","4cpu-i7",0.19,"SMA",3,6.83
"pc1","4cpu-i7",0.19,"SMA",4,7.02
"pc1","4cpu-i7",0.19,"SMA",2,7.05
"pc1","4cpu-i7",0.19,"SMA",1,6.77
"pc1","4cpu-i7",0.19,"SMA",3,7.03
"pc1","4cpu-i7",0.19,"SMA",4,7.04
"pc1","4cpu-i7",0.19,"SMA",2,7.04
"pc1","4cpu-i7",0.19,"SMA",1,6.97
"pc1","4cpu-i7",0.19,"SMA",4,7.04
"pc1","4cpu-i7",0.19,"SMA",2,7.14
"pc1","4cpu-i7",0.19,"SMA",3,7.14
"pc1","4cpu-i7",0.19,"SMA",4,6.84
"pc1","4cpu-i7",0.19,"SMA",3,6.95
"pc1","4cpu-i7",0.19,"SMA",1,7.18
"pc1","4cpu-i7",0.19,"SMA",2,7.27
"pc1","4cpu-i7",0.19,"SMA",4,7.05
"pc1","4cpu-i7",0.19,"SMA",3,7.16
"pc1","4cpu-i7",0.19,"SMA",1,7.28
"pc1","4cpu-i7",0.19,"SMA",2,7.36
"pc1","4cpu-i7",0.19,"SMA",4,7.24
"pc1","4cpu-i7",0.19,"SMA",1,7.38
"pc1","4cpu-i7",0.19,"SMA",3,7.46
"pc1","4cpu-i7",0.19,"SMA",2,7.56
"pc1","4cpu-i7",0.19,"SMA",4,7.46
"pc1","4cpu-i7",0.19,"SMA",3,7.55
"pc1","4cpu-i7",0.19,"SMA",1,7.59
"pc1","4cpu-i7",0.19,"SMA",2,7.66
"pc1","4cpu-i7",0.19,"SMA",4,7.09
"pc1","4cpu-i7",0.19,"SMA",3,7.09
"pc1","4cpu-i7",0.19,"SMA",1,7.2
"pc1","4cpu-i7",0.19,"SMA",2,7.39
"pc1","4cpu-i7",0.19,"SMA",3,6.45
"pc1","4cpu-i7",0.19,"SMA",1,6.56
"pc1","4cpu-i7",0.19,"SMA",4,6.63
"pc1","4cpu-i7",0.19,"SMA",2,6.74
"pc1","4cpu-i7",0.19,"SMA",4,6.95
"pc1","4cpu-i7",0.19,"SMA",3,7.06
"pc1","4cpu-i7",0.19,"SMA",2,7.28
"pc1","4cpu-i7",0.19,"SMA",1,7.38
"pc1","4cpu-i7",0.19,"SMA",2,7.18
"pc1","4cpu-i7",0.19,"SMA",4,7.18
"pc1","4cpu-i7",0.19,"SMA",3,7.27
"pc1","4cpu-i7",0.19,"SMA",1,7.38
"pc2","4cpu-amd",0.06,"stine",3,41.74
"pc2","4cpu-amd",0.06,"stine",4,41.93
"pc2","4cpu-amd",0.06,"stine",1,43.27
"pc2","4cpu-amd",0.06,"stine",2,43.45
"pc2","4cpu-amd",0.06,"stine",4,42.23
"pc2","4cpu-amd",0.06,"stine",1,42.96
"pc2","4cpu-amd",0.06,"stine",3,43.44
"pc2","4cpu-amd",0.06,"stine",2,43.95
"pc2","4cpu-amd",0.06,"stine",2,38.04
"pc2","4cpu-amd",0.06,"stine",1,38.36
"pc2","4cpu-amd",0.06,"stine",3,38.53
"pc2","4cpu-amd",0.06,"stine",4,38.62
"pc2","4cpu-amd",0.06,"stine",2,38.38
"pc2","4cpu-amd",0.06,"stine",4,38.38
"pc2","4cpu-amd",0.06,"stine",3,39.84
"pc2","4cpu-amd",0.06,"stine",1,39.84
"pc2","4cpu-amd",0.06,"stine",3,37.78
"pc2","4cpu-amd",0.06,"stine",2,39.79
"pc2","4cpu-amd",0.06,"stine",1,39.88
"pc2","4cpu-amd",0.06,"stine",4,39.96
"pc2","4cpu-amd",0.06,"stine",4,36.84
"pc2","4cpu-amd",0.06,"stine",1,38.07
"pc2","4cpu-amd",0.06,"stine",2,38.75
"pc2","4cpu-amd",0.06,"stine",3,40.64
"pc2","4cpu-amd",0.06,"stine",3,36.35
"pc2","4cpu-amd",0.06,"stine",1,37.57
"pc2","4cpu-amd",0.06,"stine",2,39.76
"pc2","4cpu-amd",0.06,"stine",4,40.34
"pc2","4cpu-amd",0.06,"stine",2,39.68
"pc2","4cpu-amd",0.06,"stine",1,39.78
"pc2","4cpu-amd",0.06,"stine",4,40.97
"pc2","4cpu-amd",0.06,"stine",3,40.97
"pc2","4cpu-amd",0.06,"stine",1,38.88
"pc2","4cpu-amd",0.06,"stine",2,38.95
"pc2","4cpu-amd",0.06,"stine",3,40.14
"pc2","4cpu-amd",0.06,"stine",4,40.84
"pc2","4cpu-amd",0.06,"stine",2,36.86
"pc2","4cpu-amd",0.06,"stine",1,39.46
"pc2","4cpu-amd",0.06,"stine",3,40.75
"pc2","4cpu-amd",0.06,"stine",4,40.84
"pc2","4cpu-amd",0.06,"stine",2,37.47
"pc2","4cpu-amd",0.06,"stine",3,38.56
"pc2","4cpu-amd",0.06,"stine",1,38.68
"pc2","4cpu-amd",0.06,"stine",4,39.57
"pc2","4cpu-amd",0.06,"stine",3,39.62
"pc2","4cpu-amd",0.06,"stine",4,39.7
"pc2","4cpu-amd",0.06,"stine",1,40.36
"pc2","4cpu-amd",0.06,"stine",2,41.34
"pc2","4cpu-amd",0.06,"stine",2,38.14
"pc2","4cpu-amd",0.06,"stine",3,38.72
"pc2","4cpu-amd",0.06,"stine",4,38.72
"pc2","4cpu-amd",0.06,"stine",1,38.86
"pc2","4cpu-amd",0.06,"stine",1,38.58
"pc2","4cpu-amd",0.06,"stine",4,39.75
"pc2","4cpu-amd",0.06,"stine",3,40.16
"pc2","4cpu-amd",0.06,"stine",2,41.16
"pc2","4cpu-amd",0.06,"stine",1,37.97
"pc2","4cpu-amd",0.06,"stine",3,38.43
"pc2","4cpu-amd",0.06,"stine",2,40.32
"pc2","4cpu-amd",0.06,"stine",4,40.32
"pc2","4cpu-amd",0.06,"stine",1,39.26
"pc2","4cpu-amd",0.06,"stine",3,40.02
"pc2","4cpu-amd",0.06,"stine",2,40.33
"pc2","4cpu-amd",0.06,"stine",4,40.52
"pc2","4cpu-amd",0.06,"stine",1,39.06
"pc2","4cpu-amd",0.06,"stine",3,39.44
"pc2","4cpu-amd",0.06,"stine",2,39.75
"pc2","4cpu-amd",0.06,"stine",4,40.03
"pc2","4cpu-amd",0.06,"stine",1,38.69
"pc2","4cpu-amd",0.06,"stine",4,39.26
"pc2","4cpu-amd",0.06,"stine",3,39.37
"pc2","4cpu-amd",0.06,"stine",2,39.78
"pc2","4cpu-amd",0.06,"stine",2,37.72
"pc2","4cpu-amd",0.06,"stine",4,39.3
"pc2","4cpu-amd",0.06,"stine",3,39.41
"pc2","4cpu-amd",0.06,"stine",1,39.86
"pc2","4cpu-amd",0.06,"stine",4,39.13
"pc2","4cpu-amd",0.06,"stine",1,39.77
"pc2","4cpu-amd",0.06,"stine",2,39.85
"pc2","4cpu-amd",0.06,"stine",3,40.54
"pc2","4cpu-amd",0.06,"stine",3,37.74
"pc2","4cpu-amd",0.06,"stine",4,38.23
"pc2","4cpu-amd",0.06,"stine",1,39.56
"pc2","4cpu-amd",0.06,"stine",2,39.64
"pc2","4cpu-amd",0.06,"stine",1,38.78
"pc2","4cpu-amd",0.06,"stine",3,39.45
"pc2","4cpu-amd",0.06,"stine",2,39.88
"pc2","4cpu-amd",0.06,"stine",4,40.15
"pc2","4cpu-amd",0.06,"stine",3,38.64
"pc2","4cpu-amd",0.06,"stine",1,39.47
"pc2","4cpu-amd",0.06,"stine",2,39.55
"pc2","4cpu-amd",0.06,"stine",4,40.43
"pc2","4cpu-amd",0.06,"stine",2,38.55
"pc2","4cpu-amd",0.06,"stine",4,38.98
"pc2","4cpu-amd",0.06,"stine",3,39.99
"pc2","4cpu-amd",0.06,"stine",1,40.17
"pc2","4cpu-amd",0.06,"stine",4,37.9
"pc2","4cpu-amd",0.06,"stine",2,39.24
"pc2","4cpu-amd",0.06,"stine",3,40.82
"pc2","4cpu-amd",0.06,"stine",1,41.05
"pc2","4cpu-amd",0.06,"stine",1,37.66
"pc2","4cpu-amd",0.06,"stine",4,38.18
"pc2","4cpu-amd",0.06,"stine",3,40.11
"pc2","4cpu-amd",0.06,"stine",2,40.75
"pc2","4cpu-amd",0.06,"stine",1,39.07
"pc2","4cpu-amd",0.06,"stine",4,39.54
"pc2","4cpu-amd",0.06,"stine",3,39.85
"pc2","4cpu-amd",0.06,"stine",2,40.06
"pc2","4cpu-amd",0.06,"stine",4,38.33
"pc2","4cpu-amd",0.06,"stine",1,38.95
"pc2","4cpu-amd",0.06,"stine",2,39.94
"pc2","4cpu-amd",0.06,"stine",3,40.62
"pc2","4cpu-amd",0.06,"stine",3,39.28
"pc2","4cpu-amd",0.06,"stine",2,39.68
"pc2","4cpu-amd",0.06,"stine",1,39.99
"pc2","4cpu-amd",0.06,"stine",4,40.27
"pc2","4cpu-amd",0.06,"stine",4,37.83
"pc2","4cpu-amd",0.06,"stine",2,38.25
"pc2","4cpu-amd",0.06,"stine",3,39.24
"pc2","4cpu-amd",0.06,"stine",1,39.47
"pc2","4cpu-amd",0.07,"stine",1,34.28
"pc2","4cpu-amd",0.07,"stine",2,35.17
"pc2","4cpu-amd",0.07,"stine",3,35.76
"pc2","4cpu-amd",0.07,"stine",4,36.95
"pc2","4cpu-amd",0.07,"stine",2,34.95
"pc2","4cpu-amd",0.07,"stine",3,37.54
"pc2","4cpu-amd",0.07,"stine",4,37.74
"pc2","4cpu-amd",0.07,"stine",1,39.37
"pc2","4cpu-amd",0.07,"stine",1,32.56
"pc2","4cpu-amd",0.07,"stine",3,32.62
"pc2","4cpu-amd",0.07,"stine",4,32.81
"pc2","4cpu-amd",0.07,"stine",2,33.44
"pc2","4cpu-amd",0.07,"stine",4,32.56
"pc2","4cpu-amd",0.07,"stine",2,33.26
"pc2","4cpu-amd",0.07,"stine",1,33.47
"pc2","4cpu-amd",0.07,"stine",3,33.86
"pc2","4cpu-amd",0.07,"stine",4,31.96
"pc2","4cpu-amd",0.07,"stine",3,33.57
"pc2","4cpu-amd",0.07,"stine",2,33.68
"pc2","4cpu-amd",0.07,"stine",1,33.78
"pc2","4cpu-amd",0.07,"stine",3,32.94
"pc2","4cpu-amd",0.07,"stine",4,32.94
"pc2","4cpu-amd",0.07,"stine",2,33.25
"pc2","4cpu-amd",0.07,"stine",1,33.56
"pc2","4cpu-amd",0.07,"stine",4,32.02
"pc2","4cpu-amd",0.07,"stine",1,32.36
"pc2","4cpu-amd",0.07,"stine",2,32.84
"pc2","4cpu-amd",0.07,"stine",3,33.64
"pc2","4cpu-amd",0.07,"stine",4,29.57
"pc2","4cpu-amd",0.07,"stine",3,30.79
"pc2","4cpu-amd",0.07,"stine",2,32.82
"pc2","4cpu-amd",0.07,"stine",1,33.05
"pc2","4cpu-amd",0.07,"stine",2,32.24
"pc2","4cpu-amd",0.07,"stine",1,33.07
"pc2","4cpu-amd",0.07,"stine",3,33.33
"pc2","4cpu-amd",0.07,"stine",4,33.33
"pc2","4cpu-amd",0.07,"stine",4,31.2
"pc2","4cpu-amd",0.07,"stine",2,32.63
"pc2","4cpu-amd",0.07,"stine",3,32.63
"pc2","4cpu-amd",0.07,"stine",1,33.58
"pc2","4cpu-amd",0.07,"stine",1,31.06
"pc2","4cpu-amd",0.07,"stine",2,31.94
"pc2","4cpu-amd",0.07,"stine",3,32.32
"pc2","4cpu-amd",0.07,"stine",4,32.92
"pc2","4cpu-amd",0.07,"stine",4,31.76
"pc2","4cpu-amd",0.07,"stine",2,32.18
"pc2","4cpu-amd",0.07,"stine",1,32.88
"pc2","4cpu-amd",0.07,"stine",3,33.47
"pc2","4cpu-amd",0.07,"stine",2,31.81
"pc2","4cpu-amd",0.07,"stine",3,32.28
"pc2","4cpu-amd",0.07,"stine",1,32.43
"pc2","4cpu-amd",0.07,"stine",4,33.28
"pc2","4cpu-amd",0.07,"stine",1,32.25
"pc2","4cpu-amd",0.07,"stine",4,32.22
"pc2","4cpu-amd",0.07,"stine",3,33.64
"pc2","4cpu-amd",0.07,"stine",2,33.64
"pc2","4cpu-amd",0.07,"stine",2,31.64
"pc2","4cpu-amd",0.07,"stine",1,31.85
"pc2","4cpu-amd",0.07,"stine",3,33.72
"pc2","4cpu-amd",0.07,"stine",4,34.81
"pc2","4cpu-amd",0.07,"stine",1,32.16
"pc2","4cpu-amd",0.07,"stine",4,32.24
"pc2","4cpu-amd",0.07,"stine",2,32.46
"pc2","4cpu-amd",0.07,"stine",3,33.34
"pc2","4cpu-amd",0.07,"stine",4,31.57
"pc2","4cpu-amd",0.07,"stine",2,31.89
"pc2","4cpu-amd",0.07,"stine",1,32.69
"pc2","4cpu-amd",0.07,"stine",3,32.88
"pc2","4cpu-amd",0.07,"stine",1,30.56
"pc2","4cpu-amd",0.07,"stine",3,31.24
"pc2","4cpu-amd",0.07,"stine",2,32.95
"pc2","4cpu-amd",0.07,"stine",4,33.93
"pc2","4cpu-amd",0.07,"stine",1,31.77
"pc2","4cpu-amd",0.07,"stine",3,32.62
"pc2","4cpu-amd",0.07,"stine",4,32.62
"pc2","4cpu-amd",0.07,"stine",2,33.54
"pc2","4cpu-amd",0.07,"stine",4,31.35
"pc2","4cpu-amd",0.07,"stine",2,31.97
"pc2","4cpu-amd",0.07,"stine",3,33.36
"pc2","4cpu-amd",0.07,"stine",1,34.77
"pc2","4cpu-amd",0.07,"stine",1,31.97
"pc2","4cpu-amd",0.07,"stine",3,32.15
"pc2","4cpu-amd",0.07,"stine",2,33.16
"pc2","4cpu-amd",0.07,"stine",4,33.63
"pc2","4cpu-amd",0.07,"stine",4,31.87
"pc2","4cpu-amd",0.07,"stine",3,32.18
"pc2","4cpu-amd",0.07,"stine",2,33.9
"pc2","4cpu-amd",0.07,"stine",1,34.29
"pc2","4cpu-amd",0.07,"stine",4,31.82
"pc2","4cpu-amd",0.07,"stine",3,32.53
"pc2","4cpu-amd",0.07,"stine",1,33.17
"pc2","4cpu-amd",0.07,"stine",2,33.35
"pc2","4cpu-amd",0.07,"stine",2,33.13
"pc2","4cpu-amd",0.07,"stine",3,33.13
"pc2","4cpu-amd",0.07,"stine",4,33.33
"pc2","4cpu-amd",0.07,"stine",1,33.65
"pc2","4cpu-amd",0.07,"stine",2,30.94
"pc2","4cpu-amd",0.07,"stine",1,31.26
"pc2","4cpu-amd",0.07,"stine",4,32.12
"pc2","4cpu-amd",0.07,"stine",3,32.72
"pc2","4cpu-amd",0.07,"stine",3,32.26
"pc2","4cpu-amd",0.07,"stine",4,32.56
"pc2","4cpu-amd",0.07,"stine",2,32.88
"pc2","4cpu-amd",0.07,"stine",1,33.98
"pc2","4cpu-amd",0.07,"stine",4,32.07
"pc2","4cpu-amd",0.07,"stine",3,33.37
"pc2","4cpu-amd",0.07,"stine",2,33.98
"pc2","4cpu-amd",0.07,"stine",1,34.19
"pc2","4cpu-amd",0.07,"stine",4,32.24
"pc2","4cpu-amd",0.07,"stine",2,32.45
"pc2","4cpu-amd",0.07,"stine",1,32.67
"pc2","4cpu-amd",0.07,"stine",3,33.24
"pc2","4cpu-amd",0.07,"stine",1,31.46
"pc2","4cpu-amd",0.07,"stine",3,32.22
"pc2","4cpu-amd",0.07,"stine",4,32.61
"pc2","4cpu-amd",0.07,"stine",2,34.23
"pc2","4cpu-amd",0.07,"stine",3,31.56
"pc2","4cpu-amd",0.07,"stine",2,31.68
"pc2","4cpu-amd",0.07,"stine",1,31.79
"pc2","4cpu-amd",0.07,"stine",4,33.84
"pc2","4cpu-amd",0.08,"stine",2,29.27
"pc2","4cpu-amd",0.08,"stine",4,29.65
"pc2","4cpu-amd",0.08,"stine",3,30.96
"pc2","4cpu-amd",0.08,"stine",1,31.18
"pc2","4cpu-amd",0.08,"stine",3,29.35
"pc2","4cpu-amd",0.08,"stine",1,29.67
"pc2","4cpu-amd",0.08,"stine",2,30.05
"pc2","4cpu-amd",0.08,"stine",4,30.14
"pc2","4cpu-amd",0.08,"stine",2,26.35
"pc2","4cpu-amd",0.08,"stine",4,26.74
"pc2","4cpu-amd",0.08,"stine",3,27.97
"pc2","4cpu-amd",0.08,"stine",1,27.97
"pc2","4cpu-amd",0.08,"stine",2,27.93
"pc2","4cpu-amd",0.08,"stine",4,27.98
"pc2","4cpu-amd",0.08,"stine",1,29.45
"pc2","4cpu-amd",0.08,"stine",3,29.8
"pc2","4cpu-amd",0.08,"stine",4,25.52
"pc2","4cpu-amd",0.08,"stine",2,26.45
"pc2","4cpu-amd",0.08,"stine",1,27.46
"pc2","4cpu-amd",0.08,"stine",3,27.63
"pc2","4cpu-amd",0.08,"stine",2,25.85
"pc2","4cpu-amd",0.08,"stine",3,26.24
"pc2","4cpu-amd",0.08,"stine",4,26.33
"pc2","4cpu-amd",0.08,"stine",1,27.87
"pc2","4cpu-amd",0.08,"stine",2,26.25
"pc2","4cpu-amd",0.08,"stine",4,26.32
"pc2","4cpu-amd",0.08,"stine",3,28.14
"pc2","4cpu-amd",0.08,"stine",1,28.76
"pc2","4cpu-amd",0.08,"stine",1,25.67
"pc2","4cpu-amd",0.08,"stine",3,26.54
"pc2","4cpu-amd",0.08,"stine",4,26.64
"pc2","4cpu-amd",0.08,"stine",2,27.45
"pc2","4cpu-amd",0.08,"stine",3,26.9
"pc2","4cpu-amd",0.08,"stine",2,27.54
"pc2","4cpu-amd",0.08,"stine",4,28.38
"pc2","4cpu-amd",0.08,"stine",1,28.66
"pc2","4cpu-amd",0.08,"stine",3,27.04
"pc2","4cpu-amd",0.08,"stine",4,27.73
"pc2","4cpu-amd",0.08,"stine",2,27.96
"pc2","4cpu-amd",0.08,"stine",1,27.96
"pc2","4cpu-amd",0.08,"stine",2,25.94
"pc2","4cpu-amd",0.08,"stine",4,26.23
"pc2","4cpu-amd",0.08,"stine",1,27.55
"pc2","4cpu-amd",0.08,"stine",3,28.34
"pc2","4cpu-amd",0.08,"stine",2,26.55
"pc2","4cpu-amd",0.08,"stine",4,26.73
"pc2","4cpu-amd",0.08,"stine",3,27.15
"pc2","4cpu-amd",0.08,"stine",1,27.37
"pc2","4cpu-amd",0.08,"stine",2,26.54
"pc2","4cpu-amd",0.08,"stine",3,27.43
"pc2","4cpu-amd",0.08,"stine",1,27.56
"pc2","4cpu-amd",0.08,"stine",4,29.82
"pc2","4cpu-amd",0.08,"stine",2,26.78
"pc2","4cpu-amd",0.08,"stine",4,27.65
"pc2","4cpu-amd",0.08,"stine",1,28.58
"pc2","4cpu-amd",0.08,"stine",3,28.66
"pc2","4cpu-amd",0.08,"stine",2,27.18
"pc2","4cpu-amd",0.08,"stine",4,27.26
"pc2","4cpu-amd",0.08,"stine",3,27.98
"pc2","4cpu-amd",0.08,"stine",1,28.39
"pc2","4cpu-amd",0.08,"stine",1,26.97
"pc2","4cpu-amd",0.08,"stine",2,27.05
"pc2","4cpu-amd",0.08,"stine",4,27.64
"pc2","4cpu-amd",0.08,"stine",3,29.04
"pc2","4cpu-amd",0.08,"stine",1,24.96
"pc2","4cpu-amd",0.08,"stine",2,25.85
"pc2","4cpu-amd",0.08,"stine",4,26.32
"pc2","4cpu-amd",0.08,"stine",3,27.41
"pc2","4cpu-amd",0.08,"stine",1,26.67
"pc2","4cpu-amd",0.08,"stine",2,26.83
"pc2","4cpu-amd",0.08,"stine",4,27.5
"pc2","4cpu-amd",0.08,"stine",3,28.22
"pc2","4cpu-amd",0.08,"stine",4,27.32
"pc2","4cpu-amd",0.08,"stine",1,28.07
"pc2","4cpu-amd",0.08,"stine",2,28.24
"pc2","4cpu-amd",0.08,"stine",3,28.73
"pc2","4cpu-amd",0.08,"stine",1,25.7
"pc2","4cpu-amd",0.08,"stine",3,26.97
"pc2","4cpu-amd",0.08,"stine",2,27.37
"pc2","4cpu-amd",0.08,"stine",4,28.26
"pc2","4cpu-amd",0.08,"stine",1,25.18
"pc2","4cpu-amd",0.08,"stine",3,26.08
"pc2","4cpu-amd",0.08,"stine",4,27.76
"pc2","4cpu-amd",0.08,"stine",2,28.08
"pc2","4cpu-amd",0.08,"stine",4,26.82
"pc2","4cpu-amd",0.08,"stine",2,27.35
"pc2","4cpu-amd",0.08,"stine",3,27.43
"pc2","4cpu-amd",0.08,"stine",1,28.36
"pc2","4cpu-amd",0.08,"stine",4,25.97
"pc2","4cpu-amd",0.08,"stine",2,25.97
"pc2","4cpu-amd",0.08,"stine",3,26.36
"pc2","4cpu-amd",0.08,"stine",1,27.78
"pc2","4cpu-amd",0.08,"stine",1,26.24
"pc2","4cpu-amd",0.08,"stine",3,26.33
"pc2","4cpu-amd",0.08,"stine",4,27.22
"pc2","4cpu-amd",0.08,"stine",2,28.45
"pc2","4cpu-amd",0.08,"stine",3,27.44
"pc2","4cpu-amd",0.08,"stine",1,27.76
"pc2","4cpu-amd",0.08,"stine",4,27.83
"pc2","4cpu-amd",0.08,"stine",2,29.35
"pc2","4cpu-amd",0.08,"stine",4,24.44
"pc2","4cpu-amd",0.08,"stine",2,27.05
"pc2","4cpu-amd",0.08,"stine",3,27.34
"pc2","4cpu-amd",0.08,"stine",1,28.06
"pc2","4cpu-amd",0.08,"stine",1,26.68
"pc2","4cpu-amd",0.08,"stine",3,27.06
"pc2","4cpu-amd",0.08,"stine",4,27.16
"pc2","4cpu-amd",0.08,"stine",2,28.27
"pc2","4cpu-amd",0.08,"stine",4,26.91
"pc2","4cpu-amd",0.08,"stine",1,27.26
"pc2","4cpu-amd",0.08,"stine",3,27.62
"pc2","4cpu-amd",0.08,"stine",2,28.24
"pc2","4cpu-amd",0.08,"stine",1,27.77
"pc2","4cpu-amd",0.08,"stine",3,27.84
"pc2","4cpu-amd",0.08,"stine",2,27.96
"pc2","4cpu-amd",0.08,"stine",4,28.14
"pc2","4cpu-amd",0.08,"stine",2,26.65
"pc2","4cpu-amd",0.08,"stine",1,27.17
"pc2","4cpu-amd",0.08,"stine",3,27.44
"pc2","4cpu-amd",0.08,"stine",4,27.94
"pc2","4cpu-amd",0.09,"stine",1,0
"pc2","4cpu-amd",0.09,"stine",3,24.21
"pc2","4cpu-amd",0.09,"stine",2,24.61
"pc2","4cpu-amd",0.09,"stine",4,24.7
"pc2","4cpu-amd",0.09,"stine",3,23.97
"pc2","4cpu-amd",0.09,"stine",2,25.18
"pc2","4cpu-amd",0.09,"stine",4,25.38
"pc2","4cpu-amd",0.09,"stine",1,26.39
"pc2","4cpu-amd",0.09,"stine",4,23.9
"pc2","4cpu-amd",0.09,"stine",2,25.33
"pc2","4cpu-amd",0.09,"stine",1,25.73
"pc2","4cpu-amd",0.09,"stine",3,26.11
"pc2","4cpu-amd",0.09,"stine",3,22.05
"pc2","4cpu-amd",0.09,"stine",2,23.25
"pc2","4cpu-amd",0.09,"stine",1,23.56
"pc2","4cpu-amd",0.09,"stine",4,24.03
"pc2","4cpu-amd",0.09,"stine",3,21.45
"pc2","4cpu-amd",0.09,"stine",4,22.24
"pc2","4cpu-amd",0.09,"stine",2,22.55
"pc2","4cpu-amd",0.09,"stine",1,23.96
"pc2","4cpu-amd",0.09,"stine",2,22.36
"pc2","4cpu-amd",0.09,"stine",4,22.93
"pc2","4cpu-amd",0.09,"stine",3,23.15
"pc2","4cpu-amd",0.09,"stine",1,24.67
"pc2","4cpu-amd",0.09,"stine",2,22.76
"pc2","4cpu-amd",0.09,"stine",1,22.97
"pc2","4cpu-amd",0.09,"stine",4,23.54
"pc2","4cpu-amd",0.09,"stine",3,23.54
"pc2","4cpu-amd",0.09,"stine",3,22.15
"pc2","4cpu-amd",0.09,"stine",2,22.45
"pc2","4cpu-amd",0.09,"stine",1,23.17
"pc2","4cpu-amd",0.09,"stine",4,24.82
"pc2","4cpu-amd",0.09,"stine",2,21.74
"pc2","4cpu-amd",0.09,"stine",4,22.11
"pc2","4cpu-amd",0.09,"stine",3,22.22
"pc2","4cpu-amd",0.09,"stine",1,22.86
"pc2","4cpu-amd",0.09,"stine",3,22.77
"pc2","4cpu-amd",0.09,"stine",4,23.25
"pc2","4cpu-amd",0.09,"stine",2,24.07
"pc2","4cpu-amd",0.09,"stine",1,24.18
"pc2","4cpu-amd",0.09,"stine",2,22.58
"pc2","4cpu-amd",0.09,"stine",4,22.87
"pc2","4cpu-amd",0.09,"stine",1,23.8
"pc2","4cpu-amd",0.09,"stine",3,24.78
"pc2","4cpu-amd",0.09,"stine",2,20.66
"pc2","4cpu-amd",0.09,"stine",1,22.38
"pc2","4cpu-amd",0.09,"stine",4,22.54
"pc2","4cpu-amd",0.09,"stine",3,23.55
"pc2","4cpu-amd",0.09,"stine",2,21.55
"pc2","4cpu-amd",0.09,"stine",3,22.75
"pc2","4cpu-amd",0.09,"stine",4,22.94
"pc2","4cpu-amd",0.09,"stine",1,23.17
"pc2","4cpu-amd",0.09,"stine",3,22.61
"pc2","4cpu-amd",0.09,"stine",2,22.83
"pc2","4cpu-amd",0.09,"stine",4,24.8
"pc2","4cpu-amd",0.09,"stine",1,24.8
"pc2","4cpu-amd",0.09,"stine",3,21.95
"pc2","4cpu-amd",0.09,"stine",4,23.14
"pc2","4cpu-amd",0.09,"stine",1,23.27
"pc2","4cpu-amd",0.09,"stine",2,23.76
"pc2","4cpu-amd",0.09,"stine",2,21.25
"pc2","4cpu-amd",0.09,"stine",1,22.97
"pc2","4cpu-amd",0.09,"stine",4,23.33
"pc2","4cpu-amd",0.09,"stine",3,24.34
"pc2","4cpu-amd",0.09,"stine",4,23.44
"pc2","4cpu-amd",0.09,"stine",2,24.06
"pc2","4cpu-amd",0.09,"stine",3,24.86
"pc2","4cpu-amd",0.09,"stine",1,25.27
"pc2","4cpu-amd",0.09,"stine",4,22.34
"pc2","4cpu-amd",0.09,"stine",2,23.46
"pc2","4cpu-amd",0.09,"stine",3,23.65
"pc2","4cpu-amd",0.09,"stine",1,24.57
"pc2","4cpu-amd",0.09,"stine",2,22.67
"pc2","4cpu-amd",0.09,"stine",3,22.97
"pc2","4cpu-amd",0.09,"stine",4,23.96
"pc2","4cpu-amd",0.09,"stine",1,24.68
"pc2","4cpu-amd",0.09,"stine",1,22.48
"pc2","4cpu-amd",0.09,"stine",4,23.35
"pc2","4cpu-amd",0.09,"stine",2,24.57
"pc2","4cpu-amd",0.09,"stine",3,25.06
"pc2","4cpu-amd",0.09,"stine",1,22.68
"pc2","4cpu-amd",0.09,"stine",3,23.05
"pc2","4cpu-amd",0.09,"stine",2,23.17
"pc2","4cpu-amd",0.09,"stine",4,23.95
"pc2","4cpu-amd",0.09,"stine",1,22.37
"pc2","4cpu-amd",0.09,"stine",3,23.25
"pc2","4cpu-amd",0.09,"stine",4,23.34
"pc2","4cpu-amd",0.09,"stine",2,24.96
"pc2","4cpu-amd",0.09,"stine",3,23.2
"pc2","4cpu-amd",0.09,"stine",1,23.74
"pc2","4cpu-amd",0.09,"stine",4,24.2
"pc2","4cpu-amd",0.09,"stine",2,24.31
"pc2","4cpu-amd",0.09,"stine",4,23.26
"pc2","4cpu-amd",0.09,"stine",3,23.68
"pc2","4cpu-amd",0.09,"stine",1,23.79
"pc2","4cpu-amd",0.09,"stine",2,24.58
"pc2","4cpu-amd",0.09,"stine",3,22.52
"pc2","4cpu-amd",0.09,"stine",1,22.85
"pc2","4cpu-amd",0.09,"stine",2,24.44
"pc2","4cpu-amd",0.09,"stine",4,25.22
"pc2","4cpu-amd",0.09,"stine",1,22.16
"pc2","4cpu-amd",0.09,"stine",3,22.35
"pc2","4cpu-amd",0.09,"stine",2,23.05
"pc2","4cpu-amd",0.09,"stine",4,23.13
"pc2","4cpu-amd",0.09,"stine",1,23.89
"pc2","4cpu-amd",0.09,"stine",2,23.89
"pc2","4cpu-amd",0.09,"stine",4,23.97
"pc2","4cpu-amd",0.09,"stine",3,24.28
"pc2","4cpu-amd",0.09,"stine",4,23.24
"pc2","4cpu-amd",0.09,"stine",2,23.65
"pc2","4cpu-amd",0.09,"stine",3,24.82
"pc2","4cpu-amd",0.09,"stine",1,25.35
"pc2","4cpu-amd",0.09,"stine",4,22.81
"pc2","4cpu-amd",0.09,"stine",2,22.93
"pc2","4cpu-amd",0.09,"stine",3,23.31
"pc2","4cpu-amd",0.09,"stine",1,23.36
"pc2","4cpu-amd",0.09,"stine",3,22.95
"pc2","4cpu-amd",0.09,"stine",2,23.86
"pc2","4cpu-amd",0.09,"stine",1,24.07
"pc2","4cpu-amd",0.09,"stine",4,24.65
"pc2","4cpu-amd",0.11,"stine",4,19.08
"pc2","4cpu-amd",0.11,"stine",3,20.39
"pc2","4cpu-amd",0.11,"stine",2,21.49
"pc2","4cpu-amd",0.11,"stine",4,17.74
"pc2","4cpu-amd",0.11,"stine",3,18.24
"pc2","4cpu-amd",0.11,"stine",2,19.25
"pc2","4cpu-amd",0.11,"stine",1,19.96
"pc2","4cpu-amd",0.11,"stine",3,17.07
"pc2","4cpu-amd",0.11,"stine",2,17.77
"pc2","4cpu-amd",0.11,"stine",4,17.85
"pc2","4cpu-amd",0.11,"stine",1,21.17
"pc2","4cpu-amd",0.11,"stine",3,17.27
"pc2","4cpu-amd",0.11,"stine",1,18.39
"pc2","4cpu-amd",0.11,"stine",4,18.57
"pc2","4cpu-amd",0.11,"stine",2,18.78
"pc2","4cpu-amd",0.11,"stine",3,16.83
"pc2","4cpu-amd",0.11,"stine",4,18.63
"pc2","4cpu-amd",0.11,"stine",1,19.15
"pc2","4cpu-amd",0.11,"stine",2,19.24
"pc2","4cpu-amd",0.11,"stine",2,17.28
"pc2","4cpu-amd",0.11,"stine",3,18.07
"pc2","4cpu-amd",0.11,"stine",1,18.68
"pc2","4cpu-amd",0.11,"stine",4,18.86
"pc2","4cpu-amd",0.11,"stine",2,17.13
"pc2","4cpu-amd",0.11,"stine",3,17.92
"pc2","4cpu-amd",0.11,"stine",4,18.91
"pc2","4cpu-amd",0.11,"stine",1,20.25
"pc2","4cpu-amd",0.11,"stine",4,17.63
"pc2","4cpu-amd",0.11,"stine",3,19.14
"pc2","4cpu-amd",0.11,"stine",1,19.27
"pc2","4cpu-amd",0.11,"stine",2,19.65
"pc2","4cpu-amd",0.11,"stine",4,17.63
"pc2","4cpu-amd",0.11,"stine",3,17.84
"pc2","4cpu-amd",0.11,"stine",1,18.16
"pc2","4cpu-amd",0.11,"stine",2,19.35
"pc2","4cpu-amd",0.11,"stine",4,17.45
"pc2","4cpu-amd",0.11,"stine",3,17.66
"pc2","4cpu-amd",0.11,"stine",2,17.77
"pc2","4cpu-amd",0.11,"stine",1,17.89
"pc2","4cpu-amd",0.11,"stine",2,17.45
"pc2","4cpu-amd",0.11,"stine",1,17.77
"pc2","4cpu-amd",0.11,"stine",4,17.82
"pc2","4cpu-amd",0.11,"stine",3,18.14
"pc2","4cpu-amd",0.11,"stine",1,17.06
"pc2","4cpu-amd",0.11,"stine",2,17.65
"pc2","4cpu-amd",0.11,"stine",3,17.83
"pc2","4cpu-amd",0.11,"stine",4,18.33
"pc2","4cpu-amd",0.11,"stine",2,17.19
"pc2","4cpu-amd",0.11,"stine",3,18.07
"pc2","4cpu-amd",0.11,"stine",4,18.66
"pc2","4cpu-amd",0.11,"stine",1,18.78
"pc2","4cpu-amd",0.11,"stine",4,17.56
"pc2","4cpu-amd",0.11,"stine",1,17.99
"pc2","4cpu-amd",0.11,"stine",3,19.28
"pc2","4cpu-amd",0.11,"stine",2,19.38
"pc2","4cpu-amd",0.11,"stine",3,17.46
"pc2","4cpu-amd",0.11,"stine",2,17.98
"pc2","4cpu-amd",0.11,"stine",1,18.08
"pc2","4cpu-amd",0.11,"stine",4,18.25
"pc2","4cpu-amd",0.11,"stine",2,17.55
"pc2","4cpu-amd",0.11,"stine",4,17.73
"pc2","4cpu-amd",0.11,"stine",3,18.04
"pc2","4cpu-amd",0.11,"stine",1,18.86
"pc2","4cpu-amd",0.11,"stine",2,18.79
"pc2","4cpu-amd",0.11,"stine",3,19.08
"pc2","4cpu-amd",0.11,"stine",4,19.28
"pc2","4cpu-amd",0.11,"stine",1,19.71
"pc2","4cpu-amd",0.11,"stine",4,18.26
"pc2","4cpu-amd",0.11,"stine",2,18.79
"pc2","4cpu-amd",0.11,"stine",1,19.69
"pc2","4cpu-amd",0.11,"stine",3,19.88
"pc2","4cpu-amd",0.11,"stine",2,17.96
"pc2","4cpu-amd",0.11,"stine",3,18.14
"pc2","4cpu-amd",0.11,"stine",4,18.33
"pc2","4cpu-amd",0.11,"stine",1,18.77
"pc2","4cpu-amd",0.11,"stine",3,16.34
"pc2","4cpu-amd",0.11,"stine",2,16.85
"pc2","4cpu-amd",0.11,"stine",4,17.74
"pc2","4cpu-amd",0.11,"stine",1,17.97
"pc2","4cpu-amd",0.11,"stine",1,17.88
"pc2","4cpu-amd",0.11,"stine",2,18.26
"pc2","4cpu-amd",0.11,"stine",3,18.56
"pc2","4cpu-amd",0.11,"stine",4,19.16
"pc2","4cpu-amd",0.11,"stine",3,16.93
"pc2","4cpu-amd",0.11,"stine",2,17.55
"pc2","4cpu-amd",0.11,"stine",4,17.64
"pc2","4cpu-amd",0.11,"stine",1,18.45
"pc2","4cpu-amd",0.11,"stine",2,17.47
"pc2","4cpu-amd",0.11,"stine",3,18.46
"pc2","4cpu-amd",0.11,"stine",4,18.95
"pc2","4cpu-amd",0.11,"stine",1,19.88
"pc2","4cpu-amd",0.11,"stine",1,16.77
"pc2","4cpu-amd",0.11,"stine",3,17.85
"pc2","4cpu-amd",0.11,"stine",2,17.96
"pc2","4cpu-amd",0.11,"stine",4,18.74
"pc2","4cpu-amd",0.11,"stine",1,17.27
"pc2","4cpu-amd",0.11,"stine",3,17.75
"pc2","4cpu-amd",0.11,"stine",4,18.17
"pc2","4cpu-amd",0.11,"stine",2,18.17
"pc2","4cpu-amd",0.11,"stine",2,16.76
"pc2","4cpu-amd",0.11,"stine",1,18.66
"pc2","4cpu-amd",0.11,"stine",4,19.04
"pc2","4cpu-amd",0.11,"stine",3,19.34
"pc2","4cpu-amd",0.11,"stine",2,18.27
"pc2","4cpu-amd",0.11,"stine",1,19.19
"pc2","4cpu-amd",0.11,"stine",4,19.37
"pc2","4cpu-amd",0.11,"stine",3,20.38
"pc2","4cpu-amd",0.11,"stine",1,17.88
"pc2","4cpu-amd",0.11,"stine",4,17.86
"pc2","4cpu-amd",0.11,"stine",2,19.07
"pc2","4cpu-amd",0.11,"stine",3,19.46
"pc2","4cpu-amd",0.11,"stine",4,17.14
"pc2","4cpu-amd",0.11,"stine",1,17.77
"pc2","4cpu-amd",0.11,"stine",3,18.04
"pc2","4cpu-amd",0.11,"stine",2,18.96
"pc2","4cpu-amd",0.11,"stine",1,17.05
"pc2","4cpu-amd",0.11,"stine",3,17.26
"pc2","4cpu-amd",0.11,"stine",2,18.36
"pc2","4cpu-amd",0.11,"stine",4,19.06
"pc2","4cpu-amd",0.12,"stine",2,16.35
"pc2","4cpu-amd",0.12,"stine",1,16.87
"pc2","4cpu-amd",0.12,"stine",4,16.95
"pc2","4cpu-amd",0.12,"stine",3,17.65
"pc2","4cpu-amd",0.12,"stine",4,15.33
"pc2","4cpu-amd",0.12,"stine",2,15.86
"pc2","4cpu-amd",0.12,"stine",1,17.16
"pc2","4cpu-amd",0.12,"stine",3,17.55
"pc2","4cpu-amd",0.12,"stine",4,14.35
"pc2","4cpu-amd",0.12,"stine",1,14.35
"pc2","4cpu-amd",0.12,"stine",3,14.92
"pc2","4cpu-amd",0.12,"stine",2,15.45
"pc2","4cpu-amd",0.12,"stine",4,12.73
"pc2","4cpu-amd",0.12,"stine",3,13.84
"pc2","4cpu-amd",0.12,"stine",2,14.14
"pc2","4cpu-amd",0.12,"stine",1,14.65
"pc2","4cpu-amd",0.12,"stine",3,14.28
"pc2","4cpu-amd",0.12,"stine",4,15.47
"pc2","4cpu-amd",0.12,"stine",2,16.09
"pc2","4cpu-amd",0.12,"stine",1,16.3
"pc2","4cpu-amd",0.12,"stine",4,13.72
"pc2","4cpu-amd",0.12,"stine",2,14.64
"pc2","4cpu-amd",0.12,"stine",1,15.27
"pc2","4cpu-amd",0.12,"stine",3,15.53
"pc2","4cpu-amd",0.12,"stine",3,13.96
"pc2","4cpu-amd",0.12,"stine",4,14.44
"pc2","4cpu-amd",0.12,"stine",2,14.75
"pc2","4cpu-amd",0.12,"stine",1,15.66
"pc2","4cpu-amd",0.12,"stine",1,14.16
"pc2","4cpu-amd",0.12,"stine",3,14.54
"pc2","4cpu-amd",0.12,"stine",2,15.16
"pc2","4cpu-amd",0.12,"stine",4,16.13
"pc2","4cpu-amd",0.12,"stine",1,14.86
"pc2","4cpu-amd",0.12,"stine",3,15.08
"pc2","4cpu-amd",0.12,"stine",2,16.07
"pc2","4cpu-amd",0.12,"stine",4,16.55
"pc2","4cpu-amd",0.12,"stine",1,14.27
"pc2","4cpu-amd",0.12,"stine",4,14.64
"pc2","4cpu-amd",0.12,"stine",3,15.85
"pc2","4cpu-amd",0.12,"stine",2,15.85
"pc2","4cpu-amd",0.12,"stine",1,14.18
"pc2","4cpu-amd",0.12,"stine",3,14.26
"pc2","4cpu-amd",0.12,"stine",2,14.66
"pc2","4cpu-amd",0.12,"stine",4,15.05
"pc2","4cpu-amd",0.12,"stine",1,14.88
"pc2","4cpu-amd",0.12,"stine",3,15.14
"pc2","4cpu-amd",0.12,"stine",2,16.17
"pc2","4cpu-amd",0.12,"stine",4,16.73
"pc2","4cpu-amd",0.12,"stine",2,14.38
"pc2","4cpu-amd",0.12,"stine",3,14.67
"pc2","4cpu-amd",0.12,"stine",4,15.36
"pc2","4cpu-amd",0.12,"stine",1,16.99
"pc2","4cpu-amd",0.12,"stine",1,13.69
"pc2","4cpu-amd",0.12,"stine",3,14.27
"pc2","4cpu-amd",0.12,"stine",4,15.17
"pc2","4cpu-amd",0.12,"stine",2,15.38
"pc2","4cpu-amd",0.12,"stine",3,13.74
"pc2","4cpu-amd",0.12,"stine",4,14.13
"pc2","4cpu-amd",0.12,"stine",2,15.34
"pc2","4cpu-amd",0.12,"stine",1,15.88
"pc2","4cpu-amd",0.12,"stine",1,14.36
"pc2","4cpu-amd",0.12,"stine",2,14.93
"pc2","4cpu-amd",0.12,"stine",3,15.42
"pc2","4cpu-amd",0.12,"stine",4,15.52
"pc2","4cpu-amd",0.12,"stine",2,15.45
"pc2","4cpu-amd",0.12,"stine",1,15.56
"pc2","4cpu-amd",0.12,"stine",3,15.84
"pc2","4cpu-amd",0.12,"stine",4,16.23
"pc2","4cpu-amd",0.12,"stine",2,14.59
"pc2","4cpu-amd",0.12,"stine",1,15.4
"pc2","4cpu-amd",0.12,"stine",4,15.56
"pc2","4cpu-amd",0.12,"stine",3,15.87
"pc2","4cpu-amd",0.12,"stine",4,14.56
"pc2","4cpu-amd",0.12,"stine",3,15.56
"pc2","4cpu-amd",0.12,"stine",1,15.68
"pc2","4cpu-amd",0.12,"stine",2,16.08
"pc2","4cpu-amd",0.12,"stine",1,14.86
"pc2","4cpu-amd",0.12,"stine",3,15.42
"pc2","4cpu-amd",0.12,"stine",2,15.53
"pc2","4cpu-amd",0.12,"stine",4,16.11
"pc2","4cpu-amd",0.12,"stine",1,14.96
"pc2","4cpu-amd",0.12,"stine",2,15.84
"pc2","4cpu-amd",0.12,"stine",3,16.24
"pc2","4cpu-amd",0.12,"stine",4,16.32
"pc2","4cpu-amd",0.12,"stine",3,16.09
"pc2","4cpu-amd",0.12,"stine",1,17.09
"pc2","4cpu-amd",0.12,"stine",4,17.68
"pc2","4cpu-amd",0.12,"stine",2,17.78
"pc2","4cpu-amd",0.12,"stine",1,15.68
"pc2","4cpu-amd",0.12,"stine",4,15.84
"pc2","4cpu-amd",0.12,"stine",2,16.06
"pc2","4cpu-amd",0.12,"stine",3,16.06
"pc2","4cpu-amd",0.12,"stine",1,14.46
"pc2","4cpu-amd",0.12,"stine",3,14.85
"pc2","4cpu-amd",0.12,"stine",4,15.73
"pc2","4cpu-amd",0.12,"stine",2,16.45
"pc2","4cpu-amd",0.12,"stine",4,15.65
"pc2","4cpu-amd",0.12,"stine",2,15.68
"pc2","4cpu-amd",0.12,"stine",1,15.78
"pc2","4cpu-amd",0.12,"stine",3,16.46
"pc2","4cpu-amd",0.12,"stine",3,15.68
"pc2","4cpu-amd",0.12,"stine",2,15.68
"pc2","4cpu-amd",0.12,"stine",4,15.88
"pc2","4cpu-amd",0.12,"stine",1,16.69
"pc2","4cpu-amd",0.12,"stine",1,15.07
"pc2","4cpu-amd",0.12,"stine",2,15.75
"pc2","4cpu-amd",0.12,"stine",3,15.95
"pc2","4cpu-amd",0.12,"stine",4,16.13
"pc2","4cpu-amd",0.12,"stine",4,14.94
"pc2","4cpu-amd",0.12,"stine",2,15.85
"pc2","4cpu-amd",0.12,"stine",3,16.24
"pc2","4cpu-amd",0.12,"stine",1,17.76
"pc2","4cpu-amd",0.12,"stine",3,14.32
"pc2","4cpu-amd",0.12,"stine",4,15.39
"pc2","4cpu-amd",0.12,"stine",2,15.84
"pc2","4cpu-amd",0.12,"stine",1,16.26
"pc2","4cpu-amd",0.12,"stine",3,15.37
"pc2","4cpu-amd",0.12,"stine",1,15.39
"pc2","4cpu-amd",0.12,"stine",2,15.99
"pc2","4cpu-amd",0.12,"stine",4,16.47
"pc2","4cpu-amd",0.13,"stine",1,14.21
"pc2","4cpu-amd",0.13,"stine",4,14.59
"pc2","4cpu-amd",0.13,"stine",2,15.81
"pc2","4cpu-amd",0.13,"stine",3,15.89
"pc2","4cpu-amd",0.13,"stine",2,14.14
"pc2","4cpu-amd",0.13,"stine",4,14.14
"pc2","4cpu-amd",0.13,"stine",3,14.84
"pc2","4cpu-amd",0.13,"stine",1,15.67
"pc2","4cpu-amd",0.13,"stine",4,12.43
"pc2","4cpu-amd",0.13,"stine",3,13.04
"pc2","4cpu-amd",0.13,"stine",1,13.15
"pc2","4cpu-amd",0.13,"stine",2,13.86
"pc2","4cpu-amd",0.13,"stine",4,13.12
"pc2","4cpu-amd",0.13,"stine",3,13.22
"pc2","4cpu-amd",0.13,"stine",2,13.43
"pc2","4cpu-amd",0.13,"stine",1,14.55
"pc2","4cpu-amd",0.13,"stine",4,12.41
"pc2","4cpu-amd",0.13,"stine",3,12.73
"pc2","4cpu-amd",0.13,"stine",1,12.86
"pc2","4cpu-amd",0.13,"stine",2,13.35
"pc2","4cpu-amd",0.13,"stine",2,12.57
"pc2","4cpu-amd",0.13,"stine",4,13.16
"pc2","4cpu-amd",0.13,"stine",1,13.29
"pc2","4cpu-amd",0.13,"stine",3,13.46
"pc2","4cpu-amd",0.13,"stine",1,12.19
"pc2","4cpu-amd",0.13,"stine",4,13.16
"pc2","4cpu-amd",0.13,"stine",2,13.47
"pc2","4cpu-amd",0.13,"stine",3,13.67
"pc2","4cpu-amd",0.13,"stine",4,13.26
"pc2","4cpu-amd",0.13,"stine",1,13.29
"pc2","4cpu-amd",0.13,"stine",2,13.57
"pc2","4cpu-amd",0.13,"stine",3,13.57
"pc2","4cpu-amd",0.13,"stine",4,12.46
"pc2","4cpu-amd",0.13,"stine",1,13.09
"pc2","4cpu-amd",0.13,"stine",2,13.87
"pc2","4cpu-amd",0.13,"stine",3,14.06
"pc2","4cpu-amd",0.13,"stine",1,13.28
"pc2","4cpu-amd",0.13,"stine",4,13.34
"pc2","4cpu-amd",0.13,"stine",2,13.86
"pc2","4cpu-amd",0.13,"stine",3,14.55
"pc2","4cpu-amd",0.13,"stine",3,12.75
"pc2","4cpu-amd",0.13,"stine",2,12.85
"pc2","4cpu-amd",0.13,"stine",4,12.94
"pc2","4cpu-amd",0.13,"stine",1,13.17
"pc2","4cpu-amd",0.13,"stine",3,12.55
"pc2","4cpu-amd",0.13,"stine",4,13.95
"pc2","4cpu-amd",0.13,"stine",2,14.06
"pc2","4cpu-amd",0.13,"stine",1,14.97
"pc2","4cpu-amd",0.13,"stine",4,13.37
"pc2","4cpu-amd",0.13,"stine",3,13.48
"pc2","4cpu-amd",0.13,"stine",1,14.48
"pc2","4cpu-amd",0.13,"stine",2,14.57
"pc2","4cpu-amd",0.13,"stine",4,12.77
"pc2","4cpu-amd",0.13,"stine",1,13.19
"pc2","4cpu-amd",0.13,"stine",3,13.28
"pc2","4cpu-amd",0.13,"stine",2,13.89
"pc2","4cpu-amd",0.13,"stine",1,12.56
"pc2","4cpu-amd",0.13,"stine",4,12.74
"pc2","4cpu-amd",0.13,"stine",3,12.74
"pc2","4cpu-amd",0.13,"stine",2,14.05
"pc2","4cpu-amd",0.13,"stine",4,13.16
"pc2","4cpu-amd",0.13,"stine",3,13.26
"pc2","4cpu-amd",0.13,"stine",1,13.67
"pc2","4cpu-amd",0.13,"stine",2,13.97
"pc2","4cpu-amd",0.13,"stine",2,12.05
"pc2","4cpu-amd",0.13,"stine",3,12.64
"pc2","4cpu-amd",0.13,"stine",1,13.76
"pc2","4cpu-amd",0.13,"stine",4,14.14
"pc2","4cpu-amd",0.13,"stine",1,12.66
"pc2","4cpu-amd",0.13,"stine",3,12.84
"pc2","4cpu-amd",0.13,"stine",4,13.42
"pc2","4cpu-amd",0.13,"stine",2,13.94
"pc2","4cpu-amd",0.13,"stine",3,13.05
"pc2","4cpu-amd",0.13,"stine",4,13.47
"pc2","4cpu-amd",0.13,"stine",2,13.47
"pc2","4cpu-amd",0.13,"stine",1,14.26
"pc2","4cpu-amd",0.13,"stine",3,13.18
"pc2","4cpu-amd",0.13,"stine",2,13.39
"pc2","4cpu-amd",0.13,"stine",1,13.59
"pc2","4cpu-amd",0.13,"stine",4,14.57
"pc2","4cpu-amd",0.13,"stine",2,12.23
"pc2","4cpu-amd",0.13,"stine",4,13.31
"pc2","4cpu-amd",0.13,"stine",3,13.41
"pc2","4cpu-amd",0.13,"stine",1,15.35
"pc2","4cpu-amd",0.13,"stine",3,12.9
"pc2","4cpu-amd",0.13,"stine",1,13.06
"pc2","4cpu-amd",0.13,"stine",2,13.64
"pc2","4cpu-amd",0.13,"stine",4,14.8
"pc2","4cpu-amd",0.13,"stine",3,12.72
"pc2","4cpu-amd",0.13,"stine",4,13.31
"pc2","4cpu-amd",0.13,"stine",2,13.74
"pc2","4cpu-amd",0.13,"stine",1,13.96
"pc2","4cpu-amd",0.13,"stine",1,12.67
"pc2","4cpu-amd",0.13,"stine",4,13.04
"pc2","4cpu-amd",0.13,"stine",2,13.26
"pc2","4cpu-amd",0.13,"stine",3,13.55
"pc2","4cpu-amd",0.13,"stine",2,12.57
"pc2","4cpu-amd",0.13,"stine",4,12.96
"pc2","4cpu-amd",0.13,"stine",1,14.18
"pc2","4cpu-amd",0.13,"stine",3,14.46
"pc2","4cpu-amd",0.13,"stine",3,12.85
"pc2","4cpu-amd",0.13,"stine",2,13.35
"pc2","4cpu-amd",0.13,"stine",4,13.34
"pc2","4cpu-amd",0.13,"stine",1,14.47
"pc2","4cpu-amd",0.13,"stine",1,12.05
"pc2","4cpu-amd",0.13,"stine",3,12.64
"pc2","4cpu-amd",0.13,"stine",2,12.85
"pc2","4cpu-amd",0.13,"stine",4,13.54
"pc2","4cpu-amd",0.13,"stine",4,13.67
"pc2","4cpu-amd",0.13,"stine",2,13.87
"pc2","4cpu-amd",0.13,"stine",1,14.59
"pc2","4cpu-amd",0.13,"stine",3,15.27
"pc2","4cpu-amd",0.13,"stine",1,13.09
"pc2","4cpu-amd",0.13,"stine",4,13.36
"pc2","4cpu-amd",0.13,"stine",2,13.58
"pc2","4cpu-amd",0.13,"stine",3,14.06
"pc2","4cpu-amd",0.13,"stine",3,13.03
"pc2","4cpu-amd",0.13,"stine",4,13.41
"pc2","4cpu-amd",0.13,"stine",1,13.56
"pc2","4cpu-amd",0.13,"stine",2,14.14
"pc2","4cpu-amd",0.14,"stine",1,0.02
"pc2","4cpu-amd",0.14,"stine",2,11.86
"pc2","4cpu-amd",0.14,"stine",4,12.53
"pc2","4cpu-amd",0.14,"stine",3,13.63
"pc2","4cpu-amd",0.14,"stine",1,12.5
"pc2","4cpu-amd",0.14,"stine",4,13.15
"pc2","4cpu-amd",0.14,"stine",3,13.37
"pc2","4cpu-amd",0.14,"stine",2,13.98
"pc2","4cpu-amd",0.14,"stine",2,11.13
"pc2","4cpu-amd",0.14,"stine",4,11.42
"pc2","4cpu-amd",0.14,"stine",3,12.03
"pc2","4cpu-amd",0.14,"stine",1,13.44
"pc2","4cpu-amd",0.14,"stine",3,11.16
"pc2","4cpu-amd",0.14,"stine",2,11.45
"pc2","4cpu-amd",0.14,"stine",4,11.74
"pc2","4cpu-amd",0.14,"stine",1,12.07
"pc2","4cpu-amd",0.14,"stine",4,11.13
"pc2","4cpu-amd",0.14,"stine",3,11.33
"pc2","4cpu-amd",0.14,"stine",2,11.54
"pc2","4cpu-amd",0.14,"stine",1,11.57
"pc2","4cpu-amd",0.14,"stine",1,11.17
"pc2","4cpu-amd",0.14,"stine",3,11.43
"pc2","4cpu-amd",0.14,"stine",2,11.75
"pc2","4cpu-amd",0.14,"stine",4,11.83
"pc2","4cpu-amd",0.14,"stine",1,11.78
"pc2","4cpu-amd",0.14,"stine",2,11.96
"pc2","4cpu-amd",0.14,"stine",4,12.64
"pc2","4cpu-amd",0.14,"stine",3,13.36
"pc2","4cpu-amd",0.14,"stine",1,11.3
"pc2","4cpu-amd",0.14,"stine",3,11.3
"pc2","4cpu-amd",0.14,"stine",2,11.83
"pc2","4cpu-amd",0.14,"stine",4,12
"pc2","4cpu-amd",0.14,"stine",3,11.23
"pc2","4cpu-amd",0.14,"stine",1,11.29
"pc2","4cpu-amd",0.14,"stine",4,11.63
"pc2","4cpu-amd",0.14,"stine",2,11.85
"pc2","4cpu-amd",0.14,"stine",1,11.26
"pc2","4cpu-amd",0.14,"stine",3,11.43
"pc2","4cpu-amd",0.14,"stine",4,11.44
"pc2","4cpu-amd",0.14,"stine",2,11.84
"pc2","4cpu-amd",0.14,"stine",2,11.16
"pc2","4cpu-amd",0.14,"stine",4,11.35
"pc2","4cpu-amd",0.14,"stine",3,11.74
"pc2","4cpu-amd",0.14,"stine",1,12.27
"pc2","4cpu-amd",0.14,"stine",4,10.96
"pc2","4cpu-amd",0.14,"stine",1,10.96
"pc2","4cpu-amd",0.14,"stine",3,12.23
"pc2","4cpu-amd",0.14,"stine",2,12.44
"pc2","4cpu-amd",0.14,"stine",2,11.05
"pc2","4cpu-amd",0.14,"stine",3,11.04
"pc2","4cpu-amd",0.14,"stine",4,11.04
"pc2","4cpu-amd",0.14,"stine",1,11.36
"pc2","4cpu-amd",0.14,"stine",2,10.76
"pc2","4cpu-amd",0.14,"stine",3,11.45
"pc2","4cpu-amd",0.14,"stine",4,11.45
"pc2","4cpu-amd",0.14,"stine",1,11.87
"pc2","4cpu-amd",0.14,"stine",3,11.68
"pc2","4cpu-amd",0.14,"stine",2,12.07
"pc2","4cpu-amd",0.14,"stine",4,12.07
"pc2","4cpu-amd",0.14,"stine",1,12.77
"pc2","4cpu-amd",0.14,"stine",3,11.02
"pc2","4cpu-amd",0.14,"stine",4,11.3
"pc2","4cpu-amd",0.14,"stine",1,11.57
"pc2","4cpu-amd",0.14,"stine",2,11.86
"pc2","4cpu-amd",0.14,"stine",1,11.36
"pc2","4cpu-amd",0.14,"stine",3,12.15
"pc2","4cpu-amd",0.14,"stine",4,12.55
"pc2","4cpu-amd",0.14,"stine",2,12.64
"pc2","4cpu-amd",0.14,"stine",3,11.36
"pc2","4cpu-amd",0.14,"stine",2,11.47
"pc2","4cpu-amd",0.14,"stine",1,11.97
"pc2","4cpu-amd",0.14,"stine",4,12.15
"pc2","4cpu-amd",0.14,"stine",2,10.85
"pc2","4cpu-amd",0.14,"stine",1,11.17
"pc2","4cpu-amd",0.14,"stine",4,11.62
"pc2","4cpu-amd",0.14,"stine",3,12.14
"pc2","4cpu-amd",0.14,"stine",2,10.76
"pc2","4cpu-amd",0.14,"stine",3,11.34
"pc2","4cpu-amd",0.14,"stine",4,11.75
"pc2","4cpu-amd",0.14,"stine",1,11.96
"pc2","4cpu-amd",0.14,"stine",2,10.55
"pc2","4cpu-amd",0.14,"stine",4,11.12
"pc2","4cpu-amd",0.14,"stine",1,11.96
"pc2","4cpu-amd",0.14,"stine",3,12.14
"pc2","4cpu-amd",0.14,"stine",2,11.56
"pc2","4cpu-amd",0.14,"stine",1,11.87
"pc2","4cpu-amd",0.14,"stine",4,12.04
"pc2","4cpu-amd",0.14,"stine",3,12.15
"pc2","4cpu-amd",0.14,"stine",2,11.88
"pc2","4cpu-amd",0.14,"stine",3,11.88
"pc2","4cpu-amd",0.14,"stine",1,12.58
"pc2","4cpu-amd",0.14,"stine",4,13.45
"pc2","4cpu-amd",0.14,"stine",1,12.14
"pc2","4cpu-amd",0.14,"stine",4,12.14
"pc2","4cpu-amd",0.14,"stine",3,12.36
"pc2","4cpu-amd",0.14,"stine",2,12.75
"pc2","4cpu-amd",0.14,"stine",1,11.17
"pc2","4cpu-amd",0.14,"stine",2,11.35
"pc2","4cpu-amd",0.14,"stine",4,11.43
"pc2","4cpu-amd",0.14,"stine",3,11.85
"pc2","4cpu-amd",0.14,"stine",3,11.62
"pc2","4cpu-amd",0.14,"stine",2,11.93
"pc2","4cpu-amd",0.14,"stine",4,12.2
"pc2","4cpu-amd",0.14,"stine",1,12.36
"pc2","4cpu-amd",0.14,"stine",4,11.56
"pc2","4cpu-amd",0.14,"stine",1,11.98
"pc2","4cpu-amd",0.14,"stine",3,12.17
"pc2","4cpu-amd",0.14,"stine",2,12.27
"pc2","4cpu-amd",0.14,"stine",4,11.95
"pc2","4cpu-amd",0.14,"stine",1,12.07
"pc2","4cpu-amd",0.14,"stine",2,12.46
"pc2","4cpu-amd",0.14,"stine",3,12.55
"pc2","4cpu-amd",0.14,"stine",4,11.66
"pc2","4cpu-amd",0.14,"stine",2,12.47
"pc2","4cpu-amd",0.14,"stine",3,12.86
"pc2","4cpu-amd",0.14,"stine",1,13.1
"pc2","4cpu-amd",0.14,"stine",1,11.67
"pc2","4cpu-amd",0.14,"stine",2,11.76
"pc2","4cpu-amd",0.14,"stine",4,12.95
"pc2","4cpu-amd",0.14,"stine",3,12.97
"pc2","4cpu-amd",0.16,"stine",3,10.06
"pc2","4cpu-amd",0.16,"stine",4,10.75
"pc2","4cpu-amd",0.16,"stine",2,10.97
"pc2","4cpu-amd",0.16,"stine",1,11.28
"pc2","4cpu-amd",0.16,"stine",4,9.96
"pc2","4cpu-amd",0.16,"stine",3,10.26
"pc2","4cpu-amd",0.16,"stine",2,10.37
"pc2","4cpu-amd",0.16,"stine",1,10.88
"pc2","4cpu-amd",0.16,"stine",3,8.74
"pc2","4cpu-amd",0.16,"stine",4,8.93
"pc2","4cpu-amd",0.16,"stine",2,9.65
"pc2","4cpu-amd",0.16,"stine",1,9.76
"pc2","4cpu-amd",0.16,"stine",1,8.97
"pc2","4cpu-amd",0.16,"stine",3,9.36
"pc2","4cpu-amd",0.16,"stine",2,9.76
"pc2","4cpu-amd",0.16,"stine",4,10.14
"pc2","4cpu-amd",0.16,"stine",4,8.85
"pc2","4cpu-amd",0.16,"stine",1,8.98
"pc2","4cpu-amd",0.16,"stine",2,9.37
"pc2","4cpu-amd",0.16,"stine",3,9.46
"pc2","4cpu-amd",0.16,"stine",3,9.16
"pc2","4cpu-amd",0.16,"stine",4,9.36
"pc2","4cpu-amd",0.16,"stine",2,9.77
"pc2","4cpu-amd",0.16,"stine",1,9.88
"pc2","4cpu-amd",0.16,"stine",3,8.98
"pc2","4cpu-amd",0.16,"stine",4,9.77
"pc2","4cpu-amd",0.16,"stine",2,9.98
"pc2","4cpu-amd",0.16,"stine",1,10.18
"pc2","4cpu-amd",0.16,"stine",3,8.75
"pc2","4cpu-amd",0.16,"stine",4,8.75
"pc2","4cpu-amd",0.16,"stine",2,9.05
"pc2","4cpu-amd",0.16,"stine",1,9.18
"pc2","4cpu-amd",0.16,"stine",2,8.45
"pc2","4cpu-amd",0.16,"stine",1,8.96
"pc2","4cpu-amd",0.16,"stine",3,9.05
"pc2","4cpu-amd",0.16,"stine",4,9.13
"pc2","4cpu-amd",0.16,"stine",4,9.17
"pc2","4cpu-amd",0.16,"stine",3,9.47
"pc2","4cpu-amd",0.16,"stine",2,9.68
"pc2","4cpu-amd",0.16,"stine",1,9.87
"pc2","4cpu-amd",0.16,"stine",1,9.07
"pc2","4cpu-amd",0.16,"stine",4,9.25
"pc2","4cpu-amd",0.16,"stine",3,9.34
"pc2","4cpu-amd",0.16,"stine",2,9.47
"pc2","4cpu-amd",0.16,"stine",4,9.34
"pc2","4cpu-amd",0.16,"stine",3,9.36
"pc2","4cpu-amd",0.16,"stine",1,9.97
"pc2","4cpu-amd",0.16,"stine",2,9.97
"pc2","4cpu-amd",0.16,"stine",4,8.53
"pc2","4cpu-amd",0.16,"stine",1,8.76
"pc2","4cpu-amd",0.16,"stine",2,8.94
"pc2","4cpu-amd",0.16,"stine",3,9.02
"pc2","4cpu-amd",0.16,"stine",4,8.37
"pc2","4cpu-amd",0.16,"stine",1,9.21
"pc2","4cpu-amd",0.16,"stine",3,9.37
"pc2","4cpu-amd",0.16,"stine",2,10.19
"pc2","4cpu-amd",0.16,"stine",2,9.16
"pc2","4cpu-amd",0.16,"stine",3,9.46
"pc2","4cpu-amd",0.16,"stine",4,9.74
"pc2","4cpu-amd",0.16,"stine",1,9.87
"pc2","4cpu-amd",0.16,"stine",2,9.38
"pc2","4cpu-amd",0.16,"stine",1,9.68
"pc2","4cpu-amd",0.16,"stine",3,9.67
"pc2","4cpu-amd",0.16,"stine",4,10.45
"pc2","4cpu-amd",0.16,"stine",2,9.27
"pc2","4cpu-amd",0.16,"stine",3,9.35
"pc2","4cpu-amd",0.16,"stine",1,9.57
"pc2","4cpu-amd",0.16,"stine",4,10.34
"pc2","4cpu-amd",0.16,"stine",4,8.9
"pc2","4cpu-amd",0.16,"stine",3,9.43
"pc2","4cpu-amd",0.16,"stine",1,9.66
"pc2","4cpu-amd",0.16,"stine",2,9.74
"pc2","4cpu-amd",0.16,"stine",2,9.29
"pc2","4cpu-amd",0.16,"stine",4,9.37
"pc2","4cpu-amd",0.16,"stine",3,10.07
"pc2","4cpu-amd",0.16,"stine",1,10.29
"pc2","4cpu-amd",0.16,"stine",2,9.27
"pc2","4cpu-amd",0.16,"stine",4,9.76
"pc2","4cpu-amd",0.16,"stine",3,9.77
"pc2","4cpu-amd",0.16,"stine",1,9.88
"pc2","4cpu-amd",0.16,"stine",1,9.28
"pc2","4cpu-amd",0.16,"stine",3,9.58
"pc2","4cpu-amd",0.16,"stine",4,9.78
"pc2","4cpu-amd",0.16,"stine",2,9.88
"pc2","4cpu-amd",0.16,"stine",3,9.08
"pc2","4cpu-amd",0.16,"stine",1,9.79
"pc2","4cpu-amd",0.16,"stine",4,10.06
"pc2","4cpu-amd",0.16,"stine",2,10.38
"pc2","4cpu-amd",0.16,"stine",1,9.36
"pc2","4cpu-amd",0.16,"stine",4,9.54
"pc2","4cpu-amd",0.16,"stine",2,9.85
"pc2","4cpu-amd",0.16,"stine",3,9.94
"pc2","4cpu-amd",0.16,"stine",3,9.38
"pc2","4cpu-amd",0.16,"stine",2,9.58
"pc2","4cpu-amd",0.16,"stine",4,9.66
"pc2","4cpu-amd",0.16,"stine",1,9.89
"pc2","4cpu-amd",0.16,"stine",2,8.95
"pc2","4cpu-amd",0.16,"stine",3,9.34
"pc2","4cpu-amd",0.16,"stine",4,9.76
"pc2","4cpu-amd",0.16,"stine",1,9.76
"pc2","4cpu-amd",0.16,"stine",1,8.88
"pc2","4cpu-amd",0.16,"stine",4,9.43
"pc2","4cpu-amd",0.16,"stine",3,9.64
"pc2","4cpu-amd",0.16,"stine",2,9.97
"pc2","4cpu-amd",0.16,"stine",2,9.35
"pc2","4cpu-amd",0.16,"stine",3,9.53
"pc2","4cpu-amd",0.16,"stine",1,9.66
"pc2","4cpu-amd",0.16,"stine",4,10.54
"pc2","4cpu-amd",0.16,"stine",3,9.78
"pc2","4cpu-amd",0.16,"stine",1,10.08
"pc2","4cpu-amd",0.16,"stine",4,10.18
"pc2","4cpu-amd",0.16,"stine",2,10.38
"pc2","4cpu-amd",0.16,"stine",2,8.96
"pc2","4cpu-amd",0.16,"stine",4,9.24
"pc2","4cpu-amd",0.16,"stine",1,9.46
"pc2","4cpu-amd",0.16,"stine",3,9.54
"pc2","4cpu-amd",0.16,"stine",4,9.17
"pc2","4cpu-amd",0.16,"stine",2,9.58
"pc2","4cpu-amd",0.16,"stine",1,9.89
"pc2","4cpu-amd",0.16,"stine",3,9.98
"pc2","4cpu-amd",0.17,"stine",4,9.32
"pc2","4cpu-amd",0.17,"stine",1,9.74
"pc2","4cpu-amd",0.17,"stine",2,9.83
"pc2","4cpu-amd",0.17,"stine",3,10.12
"pc2","4cpu-amd",0.17,"stine",1,9.27
"pc2","4cpu-amd",0.17,"stine",4,9.55
"pc2","4cpu-amd",0.17,"stine",3,9.56
"pc2","4cpu-amd",0.17,"stine",2,9.78
"pc2","4cpu-amd",0.17,"stine",4,7.53
"pc2","4cpu-amd",0.17,"stine",2,8.74
"pc2","4cpu-amd",0.17,"stine",1,8.76
"pc2","4cpu-amd",0.17,"stine",3,8.94
"pc2","4cpu-amd",0.17,"stine",4,8.43
"pc2","4cpu-amd",0.17,"stine",2,8.55
"pc2","4cpu-amd",0.17,"stine",3,8.95
"pc2","4cpu-amd",0.17,"stine",1,9.28
"pc2","4cpu-amd",0.17,"stine",1,8.25
"pc2","4cpu-amd",0.17,"stine",3,8.44
"pc2","4cpu-amd",0.17,"stine",2,8.54
"pc2","4cpu-amd",0.17,"stine",4,9.03
"pc2","4cpu-amd",0.17,"stine",3,7.98
"pc2","4cpu-amd",0.17,"stine",1,8.49
"pc2","4cpu-amd",0.17,"stine",2,8.57
"pc2","4cpu-amd",0.17,"stine",4,8.96
"pc2","4cpu-amd",0.17,"stine",4,8.14
"pc2","4cpu-amd",0.17,"stine",1,8.27
"pc2","4cpu-amd",0.17,"stine",2,8.36
"pc2","4cpu-amd",0.17,"stine",3,8.55
"pc2","4cpu-amd",0.17,"stine",4,8.14
"pc2","4cpu-amd",0.17,"stine",2,8.35
"pc2","4cpu-amd",0.17,"stine",3,8.35
"pc2","4cpu-amd",0.17,"stine",1,8.57
"pc2","4cpu-amd",0.17,"stine",4,8.06
"pc2","4cpu-amd",0.17,"stine",1,8.29
"pc2","4cpu-amd",0.17,"stine",2,8.48
"pc2","4cpu-amd",0.17,"stine",3,8.57
"pc2","4cpu-amd",0.17,"stine",2,8.37
"pc2","4cpu-amd",0.17,"stine",4,8.56
"pc2","4cpu-amd",0.17,"stine",1,8.69
"pc2","4cpu-amd",0.17,"stine",3,8.87
"pc2","4cpu-amd",0.17,"stine",1,7.57
"pc2","4cpu-amd",0.17,"stine",3,7.94
"pc2","4cpu-amd",0.17,"stine",2,8.36
"pc2","4cpu-amd",0.17,"stine",4,8.73
"pc2","4cpu-amd",0.17,"stine",3,8.05
"pc2","4cpu-amd",0.17,"stine",2,8.26
"pc2","4cpu-amd",0.17,"stine",4,8.35
"pc2","4cpu-amd",0.17,"stine",1,8.67
"pc2","4cpu-amd",0.17,"stine",2,8.67
"pc2","4cpu-amd",0.17,"stine",3,8.66
"pc2","4cpu-amd",0.17,"stine",1,9.07
"pc2","4cpu-amd",0.17,"stine",4,9.35
"pc2","4cpu-amd",0.17,"stine",1,8.16
"pc2","4cpu-amd",0.17,"stine",3,8.34
"pc2","4cpu-amd",0.17,"stine",4,8.35
"pc2","4cpu-amd",0.17,"stine",2,8.56
"pc2","4cpu-amd",0.17,"stine",3,8.02
"pc2","4cpu-amd",0.17,"stine",2,8.24
"pc2","4cpu-amd",0.17,"stine",1,8.36
"pc2","4cpu-amd",0.17,"stine",4,8.52
"pc2","4cpu-amd",0.17,"stine",3,8.03
"pc2","4cpu-amd",0.17,"stine",4,8.04
"pc2","4cpu-amd",0.17,"stine",2,8.54
"pc2","4cpu-amd",0.17,"stine",1,9.15
"pc2","4cpu-amd",0.17,"stine",4,8.37
"pc2","4cpu-amd",0.17,"stine",2,8.48
"pc2","4cpu-amd",0.17,"stine",3,8.48
"pc2","4cpu-amd",0.17,"stine",1,9.49
"pc2","4cpu-amd",0.17,"stine",2,7.95
"pc2","4cpu-amd",0.17,"stine",1,8.18
"pc2","4cpu-amd",0.17,"stine",3,8.34
"pc2","4cpu-amd",0.17,"stine",4,8.42
"pc2","4cpu-amd",0.17,"stine",3,8.38
"pc2","4cpu-amd",0.17,"stine",2,8.98
"pc2","4cpu-amd",0.17,"stine",4,9.06
"pc2","4cpu-amd",0.17,"stine",1,9.18
"pc2","4cpu-amd",0.17,"stine",1,8.49
"pc2","4cpu-amd",0.17,"stine",2,8.49
"pc2","4cpu-amd",0.17,"stine",4,8.66
"pc2","4cpu-amd",0.17,"stine",3,9.17
"pc2","4cpu-amd",0.17,"stine",2,8.28
"pc2","4cpu-amd",0.17,"stine",3,8.68
"pc2","4cpu-amd",0.17,"stine",4,8.97
"pc2","4cpu-amd",0.17,"stine",1,9.08
"pc2","4cpu-amd",0.17,"stine",3,8.59
"pc2","4cpu-amd",0.17,"stine",4,9.06
"pc2","4cpu-amd",0.17,"stine",2,9.09
"pc2","4cpu-amd",0.17,"stine",1,9.29
"pc2","4cpu-amd",0.17,"stine",3,8.42
"pc2","4cpu-amd",0.17,"stine",4,8.81
"pc2","4cpu-amd",0.17,"stine",2,8.95
"pc2","4cpu-amd",0.17,"stine",1,9.18
"pc2","4cpu-amd",0.17,"stine",3,8.33
"pc2","4cpu-amd",0.17,"stine",1,8.36
"pc2","4cpu-amd",0.17,"stine",4,8.91
"pc2","4cpu-amd",0.17,"stine",2,9.25
"pc2","4cpu-amd",0.17,"stine",4,8.33
"pc2","4cpu-amd",0.17,"stine",3,8.53
"pc2","4cpu-amd",0.17,"stine",1,8.56
"pc2","4cpu-amd",0.17,"stine",2,8.94
"pc2","4cpu-amd",0.17,"stine",3,8.48
"pc2","4cpu-amd",0.17,"stine",1,8.79
"pc2","4cpu-amd",0.17,"stine",2,9.18
"pc2","4cpu-amd",0.17,"stine",4,9.25
"pc2","4cpu-amd",0.17,"stine",1,8.39
"pc2","4cpu-amd",0.17,"stine",4,8.47
"pc2","4cpu-amd",0.17,"stine",3,8.49
"pc2","4cpu-amd",0.17,"stine",2,8.79
"pc2","4cpu-amd",0.17,"stine",2,8.59
"pc2","4cpu-amd",0.17,"stine",1,9.08
"pc2","4cpu-amd",0.17,"stine",3,9.08
"pc2","4cpu-amd",0.17,"stine",4,9.15
"pc2","4cpu-amd",0.17,"stine",3,8.39
"pc2","4cpu-amd",0.17,"stine",4,8.59
"pc2","4cpu-amd",0.17,"stine",1,8.59
"pc2","4cpu-amd",0.17,"stine",2,8.59
"pc2","4cpu-amd",0.17,"stine",3,8.03
"pc2","4cpu-amd",0.17,"stine",2,8.14
"pc2","4cpu-amd",0.17,"stine",4,8.34
"pc2","4cpu-amd",0.17,"stine",1,8.45
"pc2","4cpu-amd",0.18,"stine",2,8.21
"pc2","4cpu-amd",0.18,"stine",3,9.79
"pc2","4cpu-amd",0.18,"stine",1,8.53
"pc2","4cpu-amd",0.18,"stine",4,16.51
"pc2","4cpu-amd",0.18,"stine",3,0.01
"pc2","4cpu-amd",0.18,"stine",4,7.96
"pc2","4cpu-amd",0.18,"stine",2,8.18
"pc2","4cpu-amd",0.18,"stine",1,8.98
"pc2","4cpu-amd",0.18,"stine",4,7.23
"pc2","4cpu-amd",0.18,"stine",1,7.74
"pc2","4cpu-amd",0.18,"stine",2,7.85
"pc2","4cpu-amd",0.18,"stine",3,8.44
"pc2","4cpu-amd",0.18,"stine",2,7.72
"pc2","4cpu-amd",0.18,"stine",4,7.91
"pc2","4cpu-amd",0.18,"stine",1,8.16
"pc2","4cpu-amd",0.18,"stine",3,8.62
"pc2","4cpu-amd",0.18,"stine",2,7.58
"pc2","4cpu-amd",0.18,"stine",1,7.67
"pc2","4cpu-amd",0.18,"stine",3,7.67
"pc2","4cpu-amd",0.18,"stine",4,7.75
"pc2","4cpu-amd",0.18,"stine",3,7.71
"pc2","4cpu-amd",0.18,"stine",1,7.71
"pc2","4cpu-amd",0.18,"stine",4,7.98
"pc2","4cpu-amd",0.18,"stine",2,8.08
"pc2","4cpu-amd",0.18,"stine",3,7.39
"pc2","4cpu-amd",0.18,"stine",1,7.5
"pc2","4cpu-amd",0.18,"stine",4,7.67
"pc2","4cpu-amd",0.18,"stine",2,7.8
"pc2","4cpu-amd",0.18,"stine",4,7.45
"pc2","4cpu-amd",0.18,"stine",1,7.67
"pc2","4cpu-amd",0.18,"stine",3,7.66
"pc2","4cpu-amd",0.18,"stine",2,8.47
"pc2","4cpu-amd",0.18,"stine",3,7.67
"pc2","4cpu-amd",0.18,"stine",2,7.89
"pc2","4cpu-amd",0.18,"stine",1,7.89
"pc2","4cpu-amd",0.18,"stine",4,7.89
"pc2","4cpu-amd",0.18,"stine",1,7.25
"pc2","4cpu-amd",0.18,"stine",4,7.34
"pc2","4cpu-amd",0.18,"stine",3,7.45
"pc2","4cpu-amd",0.18,"stine",2,7.55
"pc2","4cpu-amd",0.18,"stine",2,7.68
"pc2","4cpu-amd",0.18,"stine",3,7.76
"pc2","4cpu-amd",0.18,"stine",1,7.98
"pc2","4cpu-amd",0.18,"stine",4,7.96
"pc2","4cpu-amd",0.18,"stine",4,7.11
"pc2","4cpu-amd",0.18,"stine",1,7.54
"pc2","4cpu-amd",0.18,"stine",2,7.54
"pc2","4cpu-amd",0.18,"stine",3,7.73
"pc2","4cpu-amd",0.18,"stine",4,7.24
"pc2","4cpu-amd",0.18,"stine",2,7.38
"pc2","4cpu-amd",0.18,"stine",1,7.49
"pc2","4cpu-amd",0.18,"stine",3,8.04
"pc2","4cpu-amd",0.18,"stine",3,7.22
"pc2","4cpu-amd",0.18,"stine",2,7.25
"pc2","4cpu-amd",0.18,"stine",4,7.42
"pc2","4cpu-amd",0.18,"stine",1,7.74
"pc2","4cpu-amd",0.18,"stine",1,7.68
"pc2","4cpu-amd",0.18,"stine",3,7.76
"pc2","4cpu-amd",0.18,"stine",4,7.94
"pc2","4cpu-amd",0.18,"stine",2,8.47
"pc2","4cpu-amd",0.18,"stine",2,7.13
"pc2","4cpu-amd",0.18,"stine",3,7.4
"pc2","4cpu-amd",0.18,"stine",4,7.59
"pc2","4cpu-amd",0.18,"stine",1,8.44
"pc2","4cpu-amd",0.18,"stine",3,7.36
"pc2","4cpu-amd",0.18,"stine",4,7.44
"pc2","4cpu-amd",0.18,"stine",2,7.88
"pc2","4cpu-amd",0.18,"stine",1,8.37
"pc2","4cpu-amd",0.18,"stine",3,7.37
"pc2","4cpu-amd",0.18,"stine",4,7.86
"pc2","4cpu-amd",0.18,"stine",1,8
"pc2","4cpu-amd",0.18,"stine",2,8.19
"pc2","4cpu-amd",0.18,"stine",3,6.84
"pc2","4cpu-amd",0.18,"stine",4,7.42
"pc2","4cpu-amd",0.18,"stine",2,7.96
"pc2","4cpu-amd",0.18,"stine",1,7.97
"pc2","4cpu-amd",0.18,"stine",3,7.66
"pc2","4cpu-amd",0.18,"stine",1,7.8
"pc2","4cpu-amd",0.18,"stine",4,7.84
"pc2","4cpu-amd",0.18,"stine",2,8.06
"pc2","4cpu-amd",0.18,"stine",3,7.47
"pc2","4cpu-amd",0.18,"stine",1,7.79
"pc2","4cpu-amd",0.18,"stine",2,8.17
"pc2","4cpu-amd",0.18,"stine",4,8.23
"pc2","4cpu-amd",0.18,"stine",1,7.6
"pc2","4cpu-amd",0.18,"stine",4,7.75
"pc2","4cpu-amd",0.18,"stine",3,7.87
"pc2","4cpu-amd",0.18,"stine",2,8.18
"pc2","4cpu-amd",0.18,"stine",4,7.24
"pc2","4cpu-amd",0.18,"stine",3,7.44
"pc2","4cpu-amd",0.18,"stine",2,7.57
"pc2","4cpu-amd",0.18,"stine",1,8.28
"pc2","4cpu-amd",0.18,"stine",2,7.47
"pc2","4cpu-amd",0.18,"stine",4,7.63
"pc2","4cpu-amd",0.18,"stine",3,7.66
"pc2","4cpu-amd",0.18,"stine",1,8.68
"pc2","4cpu-amd",0.18,"stine",4,7.55
"pc2","4cpu-amd",0.18,"stine",1,8
"pc2","4cpu-amd",0.18,"stine",3,8.27
"pc2","4cpu-amd",0.18,"stine",2,8.37
"pc2","4cpu-amd",0.18,"stine",2,7.47
"pc2","4cpu-amd",0.18,"stine",3,7.75
"pc2","4cpu-amd",0.18,"stine",1,7.79
"pc2","4cpu-amd",0.18,"stine",4,8.23
"pc2","4cpu-amd",0.18,"stine",1,7.6
"pc2","4cpu-amd",0.18,"stine",4,7.72
"pc2","4cpu-amd",0.18,"stine",2,8.08
"pc2","4cpu-amd",0.18,"stine",3,8.44
"pc2","4cpu-amd",0.18,"stine",4,7.54
"pc2","4cpu-amd",0.18,"stine",2,7.95
"pc2","4cpu-amd",0.18,"stine",3,7.96
"pc2","4cpu-amd",0.18,"stine",1,8.39
"pc2","4cpu-amd",0.18,"stine",3,7.14
"pc2","4cpu-amd",0.18,"stine",1,7.59
"pc2","4cpu-amd",0.18,"stine",2,7.63
"pc2","4cpu-amd",0.18,"stine",4,7.84
"pc2","4cpu-amd",0.18,"stine",1,7.57
"pc2","4cpu-amd",0.18,"stine",3,7.74
"pc2","4cpu-amd",0.18,"stine",2,7.77
"pc2","4cpu-amd",0.18,"stine",4,8.32
"pc2","4cpu-amd",0.19,"stine",2,7.94
"pc2","4cpu-amd",0.19,"stine",3,8.11
"pc2","4cpu-amd",0.19,"stine",4,8.3
"pc2","4cpu-amd",0.19,"stine",2,7.56
"pc2","4cpu-amd",0.19,"stine",4,7.26
"pc2","4cpu-amd",0.19,"stine",3,7.98
"pc2","4cpu-amd",0.19,"stine",2,6.78
"pc2","4cpu-amd",0.19,"stine",3,7.25
"pc2","4cpu-amd",0.19,"stine",4,7.52
"pc2","4cpu-amd",0.19,"stine",1,8.29
"pc2","4cpu-amd",0.19,"stine",2,6.96
"pc2","4cpu-amd",0.19,"stine",3,7.11
"pc2","4cpu-amd",0.19,"stine",4,7.12
"pc2","4cpu-amd",0.19,"stine",1,8.88
"pc2","4cpu-amd",0.19,"stine",4,7.04
"pc2","4cpu-amd",0.19,"stine",3,7.2
"pc2","4cpu-amd",0.19,"stine",1,7.2
"pc2","4cpu-amd",0.19,"stine",2,7.58
"pc2","4cpu-amd",0.19,"stine",4,6.93
"pc2","4cpu-amd",0.19,"stine",1,6.99
"pc2","4cpu-amd",0.19,"stine",2,7.17
"pc2","4cpu-amd",0.19,"stine",3,7.44
"pc2","4cpu-amd",0.19,"stine",4,6.43
"pc2","4cpu-amd",0.19,"stine",3,6.82
"pc2","4cpu-amd",0.19,"stine",1,6.86
"pc2","4cpu-amd",0.19,"stine",2,7.45
"pc2","4cpu-amd",0.19,"stine",3,6.54
"pc2","4cpu-amd",0.19,"stine",4,6.73
"pc2","4cpu-amd",0.19,"stine",1,6.85
"pc2","4cpu-amd",0.19,"stine",2,7.03
"pc2","4cpu-amd",0.19,"stine",1,7.08
"pc2","4cpu-amd",0.19,"stine",4,7.16
"pc2","4cpu-amd",0.19,"stine",2,7.3
"pc2","4cpu-amd",0.19,"stine",3,7.67
"pc2","4cpu-amd",0.19,"stine",1,6.57
"pc2","4cpu-amd",0.19,"stine",3,6.63
"pc2","4cpu-amd",0.19,"stine",4,6.91
"pc2","4cpu-amd",0.19,"stine",2,7.04
"pc2","4cpu-amd",0.19,"stine",4,6.67
"pc2","4cpu-amd",0.19,"stine",2,7.28
"pc2","4cpu-amd",0.19,"stine",3,7.28
"pc2","4cpu-amd",0.19,"stine",1,7.4
"pc2","4cpu-amd",0.19,"stine",4,6.46
"pc2","4cpu-amd",0.19,"stine",3,6.85
"pc2","4cpu-amd",0.19,"stine",2,7.18
"pc2","4cpu-amd",0.19,"stine",1,7.68
"pc2","4cpu-amd",0.19,"stine",1,6.67
"pc2","4cpu-amd",0.19,"stine",4,6.73
"pc2","4cpu-amd",0.19,"stine",2,7.15
"pc2","4cpu-amd",0.19,"stine",3,7.35
"pc2","4cpu-amd",0.19,"stine",2,6.64
"pc2","4cpu-amd",0.19,"stine",3,6.64
"pc2","4cpu-amd",0.19,"stine",1,7.06
"pc2","4cpu-amd",0.19,"stine",4,7.42
"pc2","4cpu-amd",0.19,"stine",3,6.74
"pc2","4cpu-amd",0.19,"stine",2,6.76
"pc2","4cpu-amd",0.19,"stine",1,6.92
"pc2","4cpu-amd",0.19,"stine",4,6.92
"pc2","4cpu-amd",0.19,"stine",4,6.83
"pc2","4cpu-amd",0.19,"stine",1,7.14
"pc2","4cpu-amd",0.19,"stine",2,7.14
"pc2","4cpu-amd",0.19,"stine",3,7.14
"pc2","4cpu-amd",0.19,"stine",1,6.68
"pc2","4cpu-amd",0.19,"stine",2,6.89
"pc2","4cpu-amd",0.19,"stine",4,7.16
"pc2","4cpu-amd",0.19,"stine",3,7.68
"pc2","4cpu-amd",0.19,"stine",3,6.84
"pc2","4cpu-amd",0.19,"stine",2,6.94
"pc2","4cpu-amd",0.19,"stine",4,7.02
"pc2","4cpu-amd",0.19,"stine",1,7.16
"pc2","4cpu-amd",0.19,"stine",4,6.86
"pc2","4cpu-amd",0.19,"stine",3,6.86
"pc2","4cpu-amd",0.19,"stine",1,7.09
"pc2","4cpu-amd",0.19,"stine",2,7.27
"pc2","4cpu-amd",0.19,"stine",3,6.96
"pc2","4cpu-amd",0.19,"stine",1,7.09
"pc2","4cpu-amd",0.19,"stine",4,7.35
"pc2","4cpu-amd",0.19,"stine",2,7.87
"pc2","4cpu-amd",0.19,"stine",3,7.07
"pc2","4cpu-amd",0.19,"stine",1,7.1
"pc2","4cpu-amd",0.19,"stine",4,7.27
"pc2","4cpu-amd",0.19,"stine",2,7.47
"pc2","4cpu-amd",0.19,"stine",3,6.63
"pc2","4cpu-amd",0.19,"stine",1,6.78
"pc2","4cpu-amd",0.19,"stine",4,6.82
"pc2","4cpu-amd",0.19,"stine",2,7.34
"pc2","4cpu-amd",0.19,"stine",3,6.89
"pc2","4cpu-amd",0.19,"stine",4,7.17
"pc2","4cpu-amd",0.19,"stine",1,7.3
"pc2","4cpu-amd",0.19,"stine",2,7.29
"pc2","4cpu-amd",0.19,"stine",4,6.75
"pc2","4cpu-amd",0.19,"stine",3,6.86
"pc2","4cpu-amd",0.19,"stine",1,6.88
"pc2","4cpu-amd",0.19,"stine",2,7.37
"pc2","4cpu-amd",0.19,"stine",1,6.85
"pc2","4cpu-amd",0.19,"stine",2,7.03
"pc2","4cpu-amd",0.19,"stine",4,7.31
"pc2","4cpu-amd",0.19,"stine",3,7.42
"pc2","4cpu-amd",0.19,"stine",4,7.07
"pc2","4cpu-amd",0.19,"stine",1,7.38
"pc2","4cpu-amd",0.19,"stine",2,7.57
"pc2","4cpu-amd",0.19,"stine",3,8.07
"pc2","4cpu-amd",0.19,"stine",4,6.73
"pc2","4cpu-amd",0.19,"stine",2,7.04
"pc2","4cpu-amd",0.19,"stine",1,7.26
"pc2","4cpu-amd",0.19,"stine",3,7.83
"pc2","4cpu-amd",0.19,"stine",2,6.85
"pc2","4cpu-amd",0.19,"stine",4,7.02
"pc2","4cpu-amd",0.19,"stine",1,7.27
"pc2","4cpu-amd",0.19,"stine",3,7.33
"pc2","4cpu-amd",0.19,"stine",2,6.99
"pc2","4cpu-amd",0.19,"stine",3,7.36
"pc2","4cpu-amd",0.19,"stine",4,7.46
"pc2","4cpu-amd",0.19,"stine",1,7.69
"pc2","4cpu-amd",0.19,"stine",3,6.65
"pc2","4cpu-amd",0.19,"stine",2,6.75
"pc2","4cpu-amd",0.19,"stine",1,7.05
"pc2","4cpu-amd",0.19,"stine",4,7.23
"pc2","4cpu-amd",0.06,"locf",4,40.13
"pc2","4cpu-amd",0.06,"locf",3,42.05
"pc2","4cpu-amd",0.06,"locf",1,42.66
"pc2","4cpu-amd",0.06,"locf",2,42.75
"pc2","4cpu-amd",0.06,"locf",4,41.36
"pc2","4cpu-amd",0.06,"locf",2,42.26
"pc2","4cpu-amd",0.06,"locf",1,42.89
"pc2","4cpu-amd",0.06,"locf",3,43.97
"pc2","4cpu-amd",0.06,"locf",1,38.48
"pc2","4cpu-amd",0.06,"locf",3,38.97
"pc2","4cpu-amd",0.06,"locf",4,39.75
"pc2","4cpu-amd",0.06,"locf",2,39.98
"pc2","4cpu-amd",0.06,"locf",4,40.15
"pc2","4cpu-amd",0.06,"locf",1,40.27
"pc2","4cpu-amd",0.06,"locf",3,40.35
"pc2","4cpu-amd",0.06,"locf",2,40.57
"pc2","4cpu-amd",0.06,"locf",3,38.15
"pc2","4cpu-amd",0.06,"locf",1,39.57
"pc2","4cpu-amd",0.06,"locf",4,41.13
"pc2","4cpu-amd",0.06,"locf",2,41.13
"pc2","4cpu-amd",0.06,"locf",3,38.81
"pc2","4cpu-amd",0.06,"locf",2,39.52
"pc2","4cpu-amd",0.06,"locf",4,40.4
"pc2","4cpu-amd",0.06,"locf",1,41.25
"pc2","4cpu-amd",0.06,"locf",3,38.45
"pc2","4cpu-amd",0.06,"locf",1,39.45
"pc2","4cpu-amd",0.06,"locf",2,39.45
"pc2","4cpu-amd",0.06,"locf",4,40.03
"pc2","4cpu-amd",0.06,"locf",3,38.54
"pc2","4cpu-amd",0.06,"locf",1,38.86
"pc2","4cpu-amd",0.06,"locf",2,39.75
"pc2","4cpu-amd",0.06,"locf",4,40.23
"pc2","4cpu-amd",0.06,"locf",4,38.93
"pc2","4cpu-amd",0.06,"locf",2,39.06
"pc2","4cpu-amd",0.06,"locf",1,39.65
"pc2","4cpu-amd",0.06,"locf",3,40.34
"pc2","4cpu-amd",0.06,"locf",1,38.65
"pc2","4cpu-amd",0.06,"locf",4,39.25
"pc2","4cpu-amd",0.06,"locf",2,39.25
"pc2","4cpu-amd",0.06,"locf",3,39.95
"pc2","4cpu-amd",0.06,"locf",3,38.04
"pc2","4cpu-amd",0.06,"locf",2,39.64
"pc2","4cpu-amd",0.06,"locf",4,39.83
"pc2","4cpu-amd",0.06,"locf",1,40.85
"pc2","4cpu-amd",0.06,"locf",1,38.17
"pc2","4cpu-amd",0.06,"locf",4,38.54
"pc2","4cpu-amd",0.06,"locf",3,38.55
"pc2","4cpu-amd",0.06,"locf",2,38.65
"pc2","4cpu-amd",0.06,"locf",2,37.18
"pc2","4cpu-amd",0.06,"locf",3,37.77
"pc2","4cpu-amd",0.06,"locf",1,38.19
"pc2","4cpu-amd",0.06,"locf",4,38.47
"pc2","4cpu-amd",0.06,"locf",1,38.39
"pc2","4cpu-amd",0.06,"locf",2,38.97
"pc2","4cpu-amd",0.06,"locf",4,39.95
"pc2","4cpu-amd",0.06,"locf",3,40.47
"pc2","4cpu-amd",0.06,"locf",1,37.28
"pc2","4cpu-amd",0.06,"locf",4,39.16
"pc2","4cpu-amd",0.06,"locf",2,39.27
"pc2","4cpu-amd",0.06,"locf",3,39.57
"pc2","4cpu-amd",0.06,"locf",1,37.46
"pc2","4cpu-amd",0.06,"locf",2,38.96
"pc2","4cpu-amd",0.06,"locf",4,40.33
"pc2","4cpu-amd",0.06,"locf",3,40.64
"pc2","4cpu-amd",0.06,"locf",1,37.37
"pc2","4cpu-amd",0.06,"locf",2,38.17
"pc2","4cpu-amd",0.06,"locf",4,39.54
"pc2","4cpu-amd",0.06,"locf",3,40.55
"pc2","4cpu-amd",0.06,"locf",3,39.02
"pc2","4cpu-amd",0.06,"locf",1,39.56
"pc2","4cpu-amd",0.06,"locf",2,40.63
"pc2","4cpu-amd",0.06,"locf",4,40.81
"pc2","4cpu-amd",0.06,"locf",3,36.96
"pc2","4cpu-amd",0.06,"locf",2,38.67
"pc2","4cpu-amd",0.06,"locf",1,38.98
"pc2","4cpu-amd",0.06,"locf",4,39.55
"pc2","4cpu-amd",0.06,"locf",1,39.49
"pc2","4cpu-amd",0.06,"locf",4,39.97
"pc2","4cpu-amd",0.06,"locf",2,40.88
"pc2","4cpu-amd",0.06,"locf",3,42.07
"pc2","4cpu-amd",0.06,"locf",4,38.54
"pc2","4cpu-amd",0.06,"locf",2,38.96
"pc2","4cpu-amd",0.06,"locf",3,39.45
"pc2","4cpu-amd",0.06,"locf",1,39.77
"pc2","4cpu-amd",0.06,"locf",4,39.03
"pc2","4cpu-amd",0.06,"locf",2,40.05
"pc2","4cpu-amd",0.06,"locf",3,40.13
"pc2","4cpu-amd",0.06,"locf",1,40.46
"pc2","4cpu-amd",0.06,"locf",2,38.86
"pc2","4cpu-amd",0.06,"locf",1,39.07
"pc2","4cpu-amd",0.06,"locf",3,39.14
"pc2","4cpu-amd",0.06,"locf",4,39.94
"pc2","4cpu-amd",0.06,"locf",3,39.25
"pc2","4cpu-amd",0.06,"locf",1,39.38
"pc2","4cpu-amd",0.06,"locf",2,39.96
"pc2","4cpu-amd",0.06,"locf",4,41.14
"pc2","4cpu-amd",0.06,"locf",2,37.98
"pc2","4cpu-amd",0.06,"locf",1,39.09
"pc2","4cpu-amd",0.06,"locf",3,39.18
"pc2","4cpu-amd",0.06,"locf",4,40.07
"pc2","4cpu-amd",0.06,"locf",3,40.06
"pc2","4cpu-amd",0.06,"locf",4,40.45
"pc2","4cpu-amd",0.06,"locf",1,41.08
"pc2","4cpu-amd",0.06,"locf",2,41.58
"pc2","4cpu-amd",0.06,"locf",1,37.47
"pc2","4cpu-amd",0.06,"locf",3,38.15
"pc2","4cpu-amd",0.06,"locf",2,39.15
"pc2","4cpu-amd",0.06,"locf",4,39.54
"pc2","4cpu-amd",0.06,"locf",1,38.07
"pc2","4cpu-amd",0.06,"locf",2,38.56
"pc2","4cpu-amd",0.06,"locf",4,39.75
"pc2","4cpu-amd",0.06,"locf",3,40.15
"pc2","4cpu-amd",0.06,"locf",2,37.28
"pc2","4cpu-amd",0.06,"locf",1,38.89
"pc2","4cpu-amd",0.06,"locf",4,39.57
"pc2","4cpu-amd",0.06,"locf",3,40.17
"pc2","4cpu-amd",0.06,"locf",3,38.16
"pc2","4cpu-amd",0.06,"locf",4,38.65
"pc2","4cpu-amd",0.06,"locf",1,38.77
"pc2","4cpu-amd",0.06,"locf",2,40.06
"pc2","4cpu-amd",0.07,"locf",3,34.28
"pc2","4cpu-amd",0.07,"locf",2,35.28
"pc2","4cpu-amd",0.07,"locf",1,35.68
"pc2","4cpu-amd",0.07,"locf",4,35.86
"pc2","4cpu-amd",0.07,"locf",4,33.74
"pc2","4cpu-amd",0.07,"locf",1,34.55
"pc2","4cpu-amd",0.07,"locf",2,34.55
"pc2","4cpu-amd",0.07,"locf",3,35.14
"pc2","4cpu-amd",0.07,"locf",3,32.17
"pc2","4cpu-amd",0.07,"locf",4,32.69
"pc2","4cpu-amd",0.07,"locf",1,32.69
"pc2","4cpu-amd",0.07,"locf",2,32.89
"pc2","4cpu-amd",0.07,"locf",4,31.62
"pc2","4cpu-amd",0.07,"locf",3,31.82
"pc2","4cpu-amd",0.07,"locf",2,32.53
"pc2","4cpu-amd",0.07,"locf",1,33.85
"pc2","4cpu-amd",0.07,"locf",1,32.07
"pc2","4cpu-amd",0.07,"locf",2,32.46
"pc2","4cpu-amd",0.07,"locf",3,32.46
"pc2","4cpu-amd",0.07,"locf",4,32.74
"pc2","4cpu-amd",0.07,"locf",4,31.95
"pc2","4cpu-amd",0.07,"locf",2,32.77
"pc2","4cpu-amd",0.07,"locf",3,33.95
"pc2","4cpu-amd",0.07,"locf",1,34.27
"pc2","4cpu-amd",0.07,"locf",1,30.96
"pc2","4cpu-amd",0.07,"locf",4,31.33
"pc2","4cpu-amd",0.07,"locf",3,31.54
"pc2","4cpu-amd",0.07,"locf",2,33.65
"pc2","4cpu-amd",0.07,"locf",4,32.29
"pc2","4cpu-amd",0.07,"locf",1,33.06
"pc2","4cpu-amd",0.07,"locf",3,33.22
"pc2","4cpu-amd",0.07,"locf",2,33.94
"pc2","4cpu-amd",0.07,"locf",3,31.24
"pc2","4cpu-amd",0.07,"locf",2,32.04
"pc2","4cpu-amd",0.07,"locf",4,32.97
"pc2","4cpu-amd",0.07,"locf",1,32.97
"pc2","4cpu-amd",0.07,"locf",2,32.65
"pc2","4cpu-amd",0.07,"locf",4,33.23
"pc2","4cpu-amd",0.07,"locf",3,33.54
"pc2","4cpu-amd",0.07,"locf",1,33.76
"pc2","4cpu-amd",0.07,"locf",4,32.64
"pc2","4cpu-amd",0.07,"locf",1,33.26
"pc2","4cpu-amd",0.07,"locf",2,33.66
"pc2","4cpu-amd",0.07,"locf",3,34.14
"pc2","4cpu-amd",0.07,"locf",2,30.55
"pc2","4cpu-amd",0.07,"locf",4,31.93
"pc2","4cpu-amd",0.07,"locf",3,32.14
"pc2","4cpu-amd",0.07,"locf",1,32.27
"pc2","4cpu-amd",0.07,"locf",2,32.16
"pc2","4cpu-amd",0.07,"locf",1,33.16
"pc2","4cpu-amd",0.07,"locf",4,33.24
"pc2","4cpu-amd",0.07,"locf",3,33.65
"pc2","4cpu-amd",0.07,"locf",1,31.35
"pc2","4cpu-amd",0.07,"locf",2,32.82
"pc2","4cpu-amd",0.07,"locf",4,33.11
"pc2","4cpu-amd",0.07,"locf",3,34.72
"pc2","4cpu-amd",0.07,"locf",3,32.01
"pc2","4cpu-amd",0.07,"locf",1,32.96
"pc2","4cpu-amd",0.07,"locf",4,33.13
"pc2","4cpu-amd",0.07,"locf",2,33.13
"pc2","4cpu-amd",0.07,"locf",2,31.85
"pc2","4cpu-amd",0.07,"locf",3,31.93
"pc2","4cpu-amd",0.07,"locf",4,32.33
"pc2","4cpu-amd",0.07,"locf",1,32.75
"pc2","4cpu-amd",0.07,"locf",3,31.54
"pc2","4cpu-amd",0.07,"locf",4,31.63
"pc2","4cpu-amd",0.07,"locf",1,31.76
"pc2","4cpu-amd",0.07,"locf",2,32.65
"pc2","4cpu-amd",0.07,"locf",1,30.69
"pc2","4cpu-amd",0.07,"locf",3,31.15
"pc2","4cpu-amd",0.07,"locf",4,32.84
"pc2","4cpu-amd",0.07,"locf",2,34.05
"pc2","4cpu-amd",0.07,"locf",4,31.45
"pc2","4cpu-amd",0.07,"locf",2,32.56
"pc2","4cpu-amd",0.07,"locf",3,33.07
"pc2","4cpu-amd",0.07,"locf",1,33.9
"pc2","4cpu-amd",0.07,"locf",4,31.06
"pc2","4cpu-amd",0.07,"locf",1,31.79
"pc2","4cpu-amd",0.07,"locf",2,32.18
"pc2","4cpu-amd",0.07,"locf",3,32.37
"pc2","4cpu-amd",0.07,"locf",1,31.17
"pc2","4cpu-amd",0.07,"locf",3,33.04
"pc2","4cpu-amd",0.07,"locf",4,33.33
"pc2","4cpu-amd",0.07,"locf",2,34.05
"pc2","4cpu-amd",0.07,"locf",3,30.73
"pc2","4cpu-amd",0.07,"locf",2,32.55
"pc2","4cpu-amd",0.07,"locf",1,32.76
"pc2","4cpu-amd",0.07,"locf",4,33.43
"pc2","4cpu-amd",0.07,"locf",1,33.17
"pc2","4cpu-amd",0.07,"locf",4,33.32
"pc2","4cpu-amd",0.07,"locf",3,34.05
"pc2","4cpu-amd",0.07,"locf",2,34.36
"pc2","4cpu-amd",0.07,"locf",4,31.64
"pc2","4cpu-amd",0.07,"locf",2,33.04
"pc2","4cpu-amd",0.07,"locf",3,33.04
"pc2","4cpu-amd",0.07,"locf",1,34.07
"pc2","4cpu-amd",0.07,"locf",4,32.13
"pc2","4cpu-amd",0.07,"locf",3,33.24
"pc2","4cpu-amd",0.07,"locf",2,33.55
"pc2","4cpu-amd",0.07,"locf",1,34.46
"pc2","4cpu-amd",0.07,"locf",3,32.17
"pc2","4cpu-amd",0.07,"locf",4,33.46
"pc2","4cpu-amd",0.07,"locf",2,33.67
"pc2","4cpu-amd",0.07,"locf",1,33.88
"pc2","4cpu-amd",0.07,"locf",2,32.45
"pc2","4cpu-amd",0.07,"locf",1,32.76
"pc2","4cpu-amd",0.07,"locf",3,32.91
"pc2","4cpu-amd",0.07,"locf",4,33.48
"pc2","4cpu-amd",0.07,"locf",4,32.49
"pc2","4cpu-amd",0.07,"locf",3,33.5
"pc2","4cpu-amd",0.07,"locf",1,33.66
"pc2","4cpu-amd",0.07,"locf",2,34.24
"pc2","4cpu-amd",0.07,"locf",3,31.53
"pc2","4cpu-amd",0.07,"locf",2,31.94
"pc2","4cpu-amd",0.07,"locf",1,32.66
"pc2","4cpu-amd",0.07,"locf",4,33.43
"pc2","4cpu-amd",0.07,"locf",1,31.77
"pc2","4cpu-amd",0.07,"locf",2,32.64
"pc2","4cpu-amd",0.07,"locf",3,33.44
"pc2","4cpu-amd",0.07,"locf",4,33.92
"pc2","4cpu-amd",0.08,"locf",2,28.54
"pc2","4cpu-amd",0.08,"locf",3,28.71
"pc2","4cpu-amd",0.08,"locf",4,29.2
"pc2","4cpu-amd",0.08,"locf",1,29.55
"pc2","4cpu-amd",0.08,"locf",2,30.37
"pc2","4cpu-amd",0.08,"locf",1,31.07
"pc2","4cpu-amd",0.08,"locf",4,31.25
"pc2","4cpu-amd",0.08,"locf",3,31.66
"pc2","4cpu-amd",0.08,"locf",1,24.26
"pc2","4cpu-amd",0.08,"locf",3,26.24
"pc2","4cpu-amd",0.08,"locf",4,26.73
"pc2","4cpu-amd",0.08,"locf",2,27.75
"pc2","4cpu-amd",0.08,"locf",3,26.17
"pc2","4cpu-amd",0.08,"locf",1,27.38
"pc2","4cpu-amd",0.08,"locf",2,27.87
"pc2","4cpu-amd",0.08,"locf",4,28.26
"pc2","4cpu-amd",0.08,"locf",2,26.85
"pc2","4cpu-amd",0.08,"locf",3,26.85
"pc2","4cpu-amd",0.08,"locf",4,28.04
"pc2","4cpu-amd",0.08,"locf",1,28.67
"pc2","4cpu-amd",0.08,"locf",2,26.54
"pc2","4cpu-amd",0.08,"locf",1,27.36
"pc2","4cpu-amd",0.08,"locf",4,27.48
"pc2","4cpu-amd",0.08,"locf",3,28.2
"pc2","4cpu-amd",0.08,"locf",2,26.32
"pc2","4cpu-amd",0.08,"locf",1,27.26
"pc2","4cpu-amd",0.08,"locf",4,27.48
"pc2","4cpu-amd",0.08,"locf",3,27.91
"pc2","4cpu-amd",0.08,"locf",1,26.58
"pc2","4cpu-amd",0.08,"locf",4,28.06
"pc2","4cpu-amd",0.08,"locf",3,28.16
"pc2","4cpu-amd",0.08,"locf",2,28.99
"pc2","4cpu-amd",0.08,"locf",1,26.25
"pc2","4cpu-amd",0.08,"locf",4,26.43
"pc2","4cpu-amd",0.08,"locf",2,27.34
"pc2","4cpu-amd",0.08,"locf",3,27.43
"pc2","4cpu-amd",0.08,"locf",4,25.97
"pc2","4cpu-amd",0.08,"locf",1,25.98
"pc2","4cpu-amd",0.08,"locf",3,26.28
"pc2","4cpu-amd",0.08,"locf",2,27.98
"pc2","4cpu-amd",0.08,"locf",3,26.05
"pc2","4cpu-amd",0.08,"locf",2,26.66
"pc2","4cpu-amd",0.08,"locf",1,26.68
"pc2","4cpu-amd",0.08,"locf",4,27.15
"pc2","4cpu-amd",0.08,"locf",1,25.97
"pc2","4cpu-amd",0.08,"locf",2,26.34
"pc2","4cpu-amd",0.08,"locf",3,26.83
"pc2","4cpu-amd",0.08,"locf",4,27.34
"pc2","4cpu-amd",0.08,"locf",3,25.74
"pc2","4cpu-amd",0.08,"locf",4,26.33
"pc2","4cpu-amd",0.08,"locf",2,26.64
"pc2","4cpu-amd",0.08,"locf",1,26.95
"pc2","4cpu-amd",0.08,"locf",4,26.44
"pc2","4cpu-amd",0.08,"locf",2,26.75
"pc2","4cpu-amd",0.08,"locf",1,28.26
"pc2","4cpu-amd",0.08,"locf",3,28.54
"pc2","4cpu-amd",0.08,"locf",2,26.46
"pc2","4cpu-amd",0.08,"locf",1,26.88
"pc2","4cpu-amd",0.08,"locf",4,27.85
"pc2","4cpu-amd",0.08,"locf",3,28.35
"pc2","4cpu-amd",0.08,"locf",3,26.56
"pc2","4cpu-amd",0.08,"locf",2,27.26
"pc2","4cpu-amd",0.08,"locf",1,28.08
"pc2","4cpu-amd",0.08,"locf",2,26.88
"pc2","4cpu-amd",0.08,"locf",3,27.77
"pc2","4cpu-amd",0.08,"locf",1,27.88
"pc2","4cpu-amd",0.08,"locf",4,28.36
"pc2","4cpu-amd",0.08,"locf",2,26.16
"pc2","4cpu-amd",0.08,"locf",1,27.37
"pc2","4cpu-amd",0.08,"locf",3,27.65
"pc2","4cpu-amd",0.08,"locf",4,27.85
"pc2","4cpu-amd",0.08,"locf",4,25.33
"pc2","4cpu-amd",0.08,"locf",2,25.66
"pc2","4cpu-amd",0.08,"locf",3,26.45
"pc2","4cpu-amd",0.08,"locf",1,26.57
"pc2","4cpu-amd",0.08,"locf",4,27.18
"pc2","4cpu-amd",0.08,"locf",3,27.18
"pc2","4cpu-amd",0.08,"locf",2,27.98
"pc2","4cpu-amd",0.08,"locf",1,28.19
"pc2","4cpu-amd",0.08,"locf",4,25.74
"pc2","4cpu-amd",0.08,"locf",1,26.97
"pc2","4cpu-amd",0.08,"locf",3,27.65
"pc2","4cpu-amd",0.08,"locf",2,28.25
"pc2","4cpu-amd",0.08,"locf",2,26.18
"pc2","4cpu-amd",0.08,"locf",4,26.76
"pc2","4cpu-amd",0.08,"locf",1,27.68
"pc2","4cpu-amd",0.08,"locf",3,27.76
"pc2","4cpu-amd",0.08,"locf",1,27.39
"pc2","4cpu-amd",0.08,"locf",2,27.98
"pc2","4cpu-amd",0.08,"locf",4,28.36
"pc2","4cpu-amd",0.08,"locf",3,29.27
"pc2","4cpu-amd",0.08,"locf",3,27.14
"pc2","4cpu-amd",0.08,"locf",4,27.34
"pc2","4cpu-amd",0.08,"locf",1,27.56
"pc2","4cpu-amd",0.08,"locf",2,28.05
"pc2","4cpu-amd",0.08,"locf",4,26.41
"pc2","4cpu-amd",0.08,"locf",1,27.64
"pc2","4cpu-amd",0.08,"locf",3,27.71
"pc2","4cpu-amd",0.08,"locf",2,28.33
"pc2","4cpu-amd",0.08,"locf",3,26.84
"pc2","4cpu-amd",0.08,"locf",4,27.14
"pc2","4cpu-amd",0.08,"locf",1,27.37
"pc2","4cpu-amd",0.08,"locf",2,27.56
"pc2","4cpu-amd",0.08,"locf",3,25.84
"pc2","4cpu-amd",0.08,"locf",1,23.95
"pc2","4cpu-amd",0.08,"locf",4,27.82
"pc2","4cpu-amd",0.08,"locf",2,28.14
"pc2","4cpu-amd",0.08,"locf",3,26.97
"pc2","4cpu-amd",0.08,"locf",1,27.39
"pc2","4cpu-amd",0.08,"locf",4,27.86
"pc2","4cpu-amd",0.08,"locf",2,28.68
"pc2","4cpu-amd",0.08,"locf",3,27.53
"pc2","4cpu-amd",0.08,"locf",4,27.93
"pc2","4cpu-amd",0.08,"locf",1,28.56
"pc2","4cpu-amd",0.08,"locf",2,29.25
"pc2","4cpu-amd",0.08,"locf",2,27.57
"pc2","4cpu-amd",0.08,"locf",1,27.78
"pc2","4cpu-amd",0.08,"locf",3,28.26
"pc2","4cpu-amd",0.08,"locf",4,28.36
"pc2","4cpu-amd",0.09,"locf",1,0.02
"pc2","4cpu-amd",0.09,"locf",2,26.14
"pc2","4cpu-amd",0.09,"locf",4,26.33
"pc2","4cpu-amd",0.09,"locf",3,26.64
"pc2","4cpu-amd",0.09,"locf",1,24.47
"pc2","4cpu-amd",0.09,"locf",2,24.47
"pc2","4cpu-amd",0.09,"locf",4,26.35
"pc2","4cpu-amd",0.09,"locf",3,26.46
"pc2","4cpu-amd",0.09,"locf",3,23.37
"pc2","4cpu-amd",0.09,"locf",4,23.66
"pc2","4cpu-amd",0.09,"locf",2,23.78
"pc2","4cpu-amd",0.09,"locf",1,25.38
"pc2","4cpu-amd",0.09,"locf",4,22.83
"pc2","4cpu-amd",0.09,"locf",3,22.93
"pc2","4cpu-amd",0.09,"locf",1,23.46
"pc2","4cpu-amd",0.09,"locf",2,23.74
"pc2","4cpu-amd",0.09,"locf",1,22.77
"pc2","4cpu-amd",0.09,"locf",4,22.83
"pc2","4cpu-amd",0.09,"locf",3,23.15
"pc2","4cpu-amd",0.09,"locf",2,23.65
"pc2","4cpu-amd",0.09,"locf",4,21.33
"pc2","4cpu-amd",0.09,"locf",3,22.65
"pc2","4cpu-amd",0.09,"locf",2,23.15
"pc2","4cpu-amd",0.09,"locf",1,23.67
"pc2","4cpu-amd",0.09,"locf",1,22.57
"pc2","4cpu-amd",0.09,"locf",4,23.04
"pc2","4cpu-amd",0.09,"locf",2,23.34
"pc2","4cpu-amd",0.09,"locf",3,23.34
"pc2","4cpu-amd",0.09,"locf",2,23.58
"pc2","4cpu-amd",0.09,"locf",3,23.58
"pc2","4cpu-amd",0.09,"locf",4,24.07
"pc2","4cpu-amd",0.09,"locf",1,24.29
"pc2","4cpu-amd",0.09,"locf",3,22.81
"pc2","4cpu-amd",0.09,"locf",2,23.54
"pc2","4cpu-amd",0.09,"locf",4,24.51
"pc2","4cpu-amd",0.09,"locf",1,24.62
"pc2","4cpu-amd",0.09,"locf",1,23.19
"pc2","4cpu-amd",0.09,"locf",3,23.18
"pc2","4cpu-amd",0.09,"locf",2,23.48
"pc2","4cpu-amd",0.09,"locf",4,24.36
"pc2","4cpu-amd",0.09,"locf",2,22.45
"pc2","4cpu-amd",0.09,"locf",1,23.17
"pc2","4cpu-amd",0.09,"locf",3,23.54
"pc2","4cpu-amd",0.09,"locf",4,23.83
"pc2","4cpu-amd",0.09,"locf",1,22.47
"pc2","4cpu-amd",0.09,"locf",2,24.06
"pc2","4cpu-amd",0.09,"locf",4,24.85
"pc2","4cpu-amd",0.09,"locf",3,25.15
"pc2","4cpu-amd",0.09,"locf",1,23.18
"pc2","4cpu-amd",0.09,"locf",4,23.16
"pc2","4cpu-amd",0.09,"locf",2,23.36
"pc2","4cpu-amd",0.09,"locf",3,24.07
"pc2","4cpu-amd",0.09,"locf",4,22.63
"pc2","4cpu-amd",0.09,"locf",3,23.13
"pc2","4cpu-amd",0.09,"locf",2,23.66
"pc2","4cpu-amd",0.09,"locf",1,24.26
"pc2","4cpu-amd",0.09,"locf",4,23.17
"pc2","4cpu-amd",0.09,"locf",3,23.28
"pc2","4cpu-amd",0.09,"locf",1,24.89
"pc2","4cpu-amd",0.09,"locf",2,25.58
"pc2","4cpu-amd",0.09,"locf",3,22.87
"pc2","4cpu-amd",0.09,"locf",4,23.35
"pc2","4cpu-amd",0.09,"locf",1,23.88
"pc2","4cpu-amd",0.09,"locf",2,24.38
"pc2","4cpu-amd",0.09,"locf",3,22.75
"pc2","4cpu-amd",0.09,"locf",1,23.08
"pc2","4cpu-amd",0.09,"locf",2,24.07
"pc2","4cpu-amd",0.09,"locf",4,24.25
"pc2","4cpu-amd",0.09,"locf",4,21.74
"pc2","4cpu-amd",0.09,"locf",1,23.28
"pc2","4cpu-amd",0.09,"locf",3,23.94
"pc2","4cpu-amd",0.09,"locf",2,24.25
"pc2","4cpu-amd",0.09,"locf",4,23.44
"pc2","4cpu-amd",0.09,"locf",2,23.77
"pc2","4cpu-amd",0.09,"locf",3,24.25
"pc2","4cpu-amd",0.09,"locf",1,24.38
"pc2","4cpu-amd",0.09,"locf",2,22.78
"pc2","4cpu-amd",0.09,"locf",3,22.86
"pc2","4cpu-amd",0.09,"locf",4,23.85
"pc2","4cpu-amd",0.09,"locf",1,24.38
"pc2","4cpu-amd",0.09,"locf",4,22.72
"pc2","4cpu-amd",0.09,"locf",1,24.17
"pc2","4cpu-amd",0.09,"locf",2,24.35
"pc2","4cpu-amd",0.09,"locf",3,24.43
"pc2","4cpu-amd",0.09,"locf",2,22.77
"pc2","4cpu-amd",0.09,"locf",3,23.57
"pc2","4cpu-amd",0.09,"locf",1,23.68
"pc2","4cpu-amd",0.09,"locf",4,24.05
"pc2","4cpu-amd",0.09,"locf",2,22.06
"pc2","4cpu-amd",0.09,"locf",4,22.97
"pc2","4cpu-amd",0.09,"locf",1,22.97
"pc2","4cpu-amd",0.09,"locf",3,23.84
"pc2","4cpu-amd",0.09,"locf",3,22.03
"pc2","4cpu-amd",0.09,"locf",2,22.65
"pc2","4cpu-amd",0.09,"locf",1,23.46
"pc2","4cpu-amd",0.09,"locf",4,23.83
"pc2","4cpu-amd",0.09,"locf",1,22.65
"pc2","4cpu-amd",0.09,"locf",4,23.92
"pc2","4cpu-amd",0.09,"locf",2,24.54
"pc2","4cpu-amd",0.09,"locf",3,24.94
"pc2","4cpu-amd",0.09,"locf",2,22.53
"pc2","4cpu-amd",0.09,"locf",1,23.44
"pc2","4cpu-amd",0.09,"locf",4,23.6
"pc2","4cpu-amd",0.09,"locf",3,23.62
"pc2","4cpu-amd",0.09,"locf",3,21.73
"pc2","4cpu-amd",0.09,"locf",2,23.14
"pc2","4cpu-amd",0.09,"locf",4,23.21
"pc2","4cpu-amd",0.09,"locf",1,24.55
"pc2","4cpu-amd",0.09,"locf",3,22.66
"pc2","4cpu-amd",0.09,"locf",2,23.46
"pc2","4cpu-amd",0.09,"locf",1,23.57
"pc2","4cpu-amd",0.09,"locf",4,24.03
"pc2","4cpu-amd",0.09,"locf",1,23.27
"pc2","4cpu-amd",0.09,"locf",2,23.55
"pc2","4cpu-amd",0.09,"locf",4,24.24
"pc2","4cpu-amd",0.09,"locf",3,24.85
"pc2","4cpu-amd",0.09,"locf",2,23.24
"pc2","4cpu-amd",0.09,"locf",1,24.16
"pc2","4cpu-amd",0.09,"locf",3,24.51
"pc2","4cpu-amd",0.09,"locf",4,24.58
"pc2","4cpu-amd",0.11,"locf",2,19.93
"pc2","4cpu-amd",0.11,"locf",3,19.93
"pc2","4cpu-amd",0.11,"locf",4,20.07
"pc2","4cpu-amd",0.11,"locf",1,21.24
"pc2","4cpu-amd",0.11,"locf",4,19.46
"pc2","4cpu-amd",0.11,"locf",3,19.56
"pc2","4cpu-amd",0.11,"locf",1,19.78
"pc2","4cpu-amd",0.11,"locf",2,20.08
"pc2","4cpu-amd",0.11,"locf",4,16.26
"pc2","4cpu-amd",0.11,"locf",3,16.67
"pc2","4cpu-amd",0.11,"locf",2,16.97
"pc2","4cpu-amd",0.11,"locf",1,20.68
"pc2","4cpu-amd",0.11,"locf",3,16.26
"pc2","4cpu-amd",0.11,"locf",1,17.27
"pc2","4cpu-amd",0.11,"locf",4,18.76
"pc2","4cpu-amd",0.11,"locf",2,20.37
"pc2","4cpu-amd",0.11,"locf",2,17.05
"pc2","4cpu-amd",0.11,"locf",4,17.53
"pc2","4cpu-amd",0.11,"locf",3,17.64
"pc2","4cpu-amd",0.11,"locf",1,18.07
"pc2","4cpu-amd",0.11,"locf",3,18.17
"pc2","4cpu-amd",0.11,"locf",4,18.18
"pc2","4cpu-amd",0.11,"locf",2,18.58
"pc2","4cpu-amd",0.11,"locf",1,19.59
"pc2","4cpu-amd",0.11,"locf",1,17.29
"pc2","4cpu-amd",0.11,"locf",4,17.76
"pc2","4cpu-amd",0.11,"locf",3,17.96
"pc2","4cpu-amd",0.11,"locf",2,18.57
"pc2","4cpu-amd",0.11,"locf",4,16.13
"pc2","4cpu-amd",0.11,"locf",3,16.74
"pc2","4cpu-amd",0.11,"locf",1,17.05
"pc2","4cpu-amd",0.11,"locf",2,17.95
"pc2","4cpu-amd",0.11,"locf",1,17.05
"pc2","4cpu-amd",0.11,"locf",4,17.23
"pc2","4cpu-amd",0.11,"locf",2,17.64
"pc2","4cpu-amd",0.11,"locf",3,19.54
"pc2","4cpu-amd",0.11,"locf",1,16.28
"pc2","4cpu-amd",0.11,"locf",2,17.58
"pc2","4cpu-amd",0.11,"locf",4,18.65
"pc2","4cpu-amd",0.11,"locf",3,18.87
"pc2","4cpu-amd",0.11,"locf",2,16.93
"pc2","4cpu-amd",0.11,"locf",3,17.33
"pc2","4cpu-amd",0.11,"locf",1,17.95
"pc2","4cpu-amd",0.11,"locf",4,18.92
"pc2","4cpu-amd",0.11,"locf",1,16.88
"pc2","4cpu-amd",0.11,"locf",4,17.6
"pc2","4cpu-amd",0.11,"locf",3,18.33
"pc2","4cpu-amd",0.11,"locf",2,18.65
"pc2","4cpu-amd",0.11,"locf",2,16.76
"pc2","4cpu-amd",0.11,"locf",3,16.94
"pc2","4cpu-amd",0.11,"locf",4,17.13
"pc2","4cpu-amd",0.11,"locf",1,18.86
"pc2","4cpu-amd",0.11,"locf",4,17.57
"pc2","4cpu-amd",0.11,"locf",2,17.68
"pc2","4cpu-amd",0.11,"locf",3,18.07
"pc2","4cpu-amd",0.11,"locf",1,20.49
"pc2","4cpu-amd",0.11,"locf",4,16.84
"pc2","4cpu-amd",0.11,"locf",2,17.57
"pc2","4cpu-amd",0.11,"locf",3,18.16
"pc2","4cpu-amd",0.11,"locf",1,18.58
"pc2","4cpu-amd",0.11,"locf",3,16.84
"pc2","4cpu-amd",0.11,"locf",1,17.77
"pc2","4cpu-amd",0.11,"locf",4,17.82
"pc2","4cpu-amd",0.11,"locf",2,19.25
"pc2","4cpu-amd",0.11,"locf",3,17.31
"pc2","4cpu-amd",0.11,"locf",1,17.75
"pc2","4cpu-amd",0.11,"locf",2,18.14
"pc2","4cpu-amd",0.11,"locf",4,19.59
"pc2","4cpu-amd",0.11,"locf",2,16.78
"pc2","4cpu-amd",0.11,"locf",1,17.39
"pc2","4cpu-amd",0.11,"locf",3,17.47
"pc2","4cpu-amd",0.11,"locf",4,18.17
"pc2","4cpu-amd",0.11,"locf",2,17.48
"pc2","4cpu-amd",0.11,"locf",3,18.37
"pc2","4cpu-amd",0.11,"locf",1,18.79
"pc2","4cpu-amd",0.11,"locf",4,19.36
"pc2","4cpu-amd",0.11,"locf",2,17.05
"pc2","4cpu-amd",0.11,"locf",3,17.64
"pc2","4cpu-amd",0.11,"locf",4,17.64
"pc2","4cpu-amd",0.11,"locf",1,18.97
"pc2","4cpu-amd",0.11,"locf",4,16.71
"pc2","4cpu-amd",0.11,"locf",3,17.62
"pc2","4cpu-amd",0.11,"locf",1,18.47
"pc2","4cpu-amd",0.11,"locf",2,19.13
"pc2","4cpu-amd",0.11,"locf",2,16.99
"pc2","4cpu-amd",0.11,"locf",3,17.68
"pc2","4cpu-amd",0.11,"locf",1,18.29
"pc2","4cpu-amd",0.11,"locf",4,18.96
"pc2","4cpu-amd",0.11,"locf",4,17.44
"pc2","4cpu-amd",0.11,"locf",2,18.35
"pc2","4cpu-amd",0.11,"locf",3,18.45
"pc2","4cpu-amd",0.11,"locf",1,19.18
"pc2","4cpu-amd",0.11,"locf",3,17.42
"pc2","4cpu-amd",0.11,"locf",2,17.83
"pc2","4cpu-amd",0.11,"locf",1,18.45
"pc2","4cpu-amd",0.11,"locf",4,18.62
"pc2","4cpu-amd",0.11,"locf",3,16.53
"pc2","4cpu-amd",0.11,"locf",1,17.25
"pc2","4cpu-amd",0.11,"locf",2,17.74
"pc2","4cpu-amd",0.11,"locf",4,18.12
"pc2","4cpu-amd",0.11,"locf",1,16.78
"pc2","4cpu-amd",0.11,"locf",4,17.56
"pc2","4cpu-amd",0.11,"locf",2,18.67
"pc2","4cpu-amd",0.11,"locf",3,19.07
"pc2","4cpu-amd",0.11,"locf",4,17.52
"pc2","4cpu-amd",0.11,"locf",1,17.57
"pc2","4cpu-amd",0.11,"locf",3,17.84
"pc2","4cpu-amd",0.11,"locf",2,18.25
"pc2","4cpu-amd",0.11,"locf",2,17.04
"pc2","4cpu-amd",0.11,"locf",1,17.46
"pc2","4cpu-amd",0.11,"locf",3,18.73
"pc2","4cpu-amd",0.11,"locf",4,19.72
"pc2","4cpu-amd",0.11,"locf",2,17.63
"pc2","4cpu-amd",0.11,"locf",3,18.42
"pc2","4cpu-amd",0.11,"locf",4,18.91
"pc2","4cpu-amd",0.11,"locf",1,19.26
"pc2","4cpu-amd",0.11,"locf",3,17.33
"pc2","4cpu-amd",0.11,"locf",2,17.84
"pc2","4cpu-amd",0.11,"locf",4,17.93
"pc2","4cpu-amd",0.11,"locf",1,18.96
"pc2","4cpu-amd",0.12,"locf",1,16.73
"pc2","4cpu-amd",0.12,"locf",3,17.01
"pc2","4cpu-amd",0.12,"locf",2,17.22
"pc2","4cpu-amd",0.12,"locf",4,32.4
"pc2","4cpu-amd",0.12,"locf",4,14.35
"pc2","4cpu-amd",0.12,"locf",1,16.27
"pc2","4cpu-amd",0.12,"locf",2,16.37
"pc2","4cpu-amd",0.12,"locf",3,16.96
"pc2","4cpu-amd",0.12,"locf",4,14.3
"pc2","4cpu-amd",0.12,"locf",1,14.67
"pc2","4cpu-amd",0.12,"locf",2,16.54
"pc2","4cpu-amd",0.12,"locf",3,16.61
"pc2","4cpu-amd",0.12,"locf",2,14.37
"pc2","4cpu-amd",0.12,"locf",1,14.99
"pc2","4cpu-amd",0.12,"locf",3,15.48
"pc2","4cpu-amd",0.12,"locf",4,15.86
"pc2","4cpu-amd",0.12,"locf",3,15.07
"pc2","4cpu-amd",0.12,"locf",4,15.26
"pc2","4cpu-amd",0.12,"locf",2,15.38
"pc2","4cpu-amd",0.12,"locf",1,16.28
"pc2","4cpu-amd",0.12,"locf",1,14.58
"pc2","4cpu-amd",0.12,"locf",4,14.75
"pc2","4cpu-amd",0.12,"locf",3,14.75
"pc2","4cpu-amd",0.12,"locf",2,15.34
"pc2","4cpu-amd",0.12,"locf",2,15.08
"pc2","4cpu-amd",0.12,"locf",3,15.18
"pc2","4cpu-amd",0.12,"locf",4,15.37
"pc2","4cpu-amd",0.12,"locf",1,15.59
"pc2","4cpu-amd",0.12,"locf",3,13.43
"pc2","4cpu-amd",0.12,"locf",4,14.13
"pc2","4cpu-amd",0.12,"locf",1,14.45
"pc2","4cpu-amd",0.12,"locf",2,15.45
"pc2","4cpu-amd",0.12,"locf",2,13
"pc2","4cpu-amd",0.12,"locf",4,14.03
"pc2","4cpu-amd",0.12,"locf",1,14.27
"pc2","4cpu-amd",0.12,"locf",3,14.44
"pc2","4cpu-amd",0.12,"locf",4,14.24
"pc2","4cpu-amd",0.12,"locf",3,14.33
"pc2","4cpu-amd",0.12,"locf",1,15.17
"pc2","4cpu-amd",0.12,"locf",2,15.75
"pc2","4cpu-amd",0.12,"locf",2,14.57
"pc2","4cpu-amd",0.12,"locf",1,14.88
"pc2","4cpu-amd",0.12,"locf",4,15.76
"pc2","4cpu-amd",0.12,"locf",3,15.87
"pc2","4cpu-amd",0.12,"locf",2,14.78
"pc2","4cpu-amd",0.12,"locf",1,15.38
"pc2","4cpu-amd",0.12,"locf",3,16.67
"pc2","4cpu-amd",0.12,"locf",4,17.05
"pc2","4cpu-amd",0.12,"locf",3,15.27
"pc2","4cpu-amd",0.12,"locf",2,15.48
"pc2","4cpu-amd",0.12,"locf",4,15.56
"pc2","4cpu-amd",0.12,"locf",1,15.99
"pc2","4cpu-amd",0.12,"locf",3,14.47
"pc2","4cpu-amd",0.12,"locf",1,14.87
"pc2","4cpu-amd",0.12,"locf",2,15.18
"pc2","4cpu-amd",0.12,"locf",4,15.95
"pc2","4cpu-amd",0.12,"locf",3,14.43
"pc2","4cpu-amd",0.12,"locf",2,14.95
"pc2","4cpu-amd",0.12,"locf",1,14.97
"pc2","4cpu-amd",0.12,"locf",4,15.63
"pc2","4cpu-amd",0.12,"locf",1,14.79
"pc2","4cpu-amd",0.12,"locf",3,14.96
"pc2","4cpu-amd",0.12,"locf",4,15.35
"pc2","4cpu-amd",0.12,"locf",2,16.38
"pc2","4cpu-amd",0.12,"locf",4,14.13
"pc2","4cpu-amd",0.12,"locf",2,15.56
"pc2","4cpu-amd",0.12,"locf",3,15.64
"pc2","4cpu-amd",0.12,"locf",1,16.15
"pc2","4cpu-amd",0.12,"locf",3,15.46
"pc2","4cpu-amd",0.12,"locf",2,15.48
"pc2","4cpu-amd",0.12,"locf",4,15.76
"pc2","4cpu-amd",0.12,"locf",1,17.39
"pc2","4cpu-amd",0.12,"locf",4,13.63
"pc2","4cpu-amd",0.12,"locf",1,13.76
"pc2","4cpu-amd",0.12,"locf",3,14.33
"pc2","4cpu-amd",0.12,"locf",2,15.04
"pc2","4cpu-amd",0.12,"locf",1,14.27
"pc2","4cpu-amd",0.12,"locf",2,14.45
"pc2","4cpu-amd",0.12,"locf",4,14.54
"pc2","4cpu-amd",0.12,"locf",3,15.15
"pc2","4cpu-amd",0.12,"locf",1,14.57
"pc2","4cpu-amd",0.12,"locf",4,15.63
"pc2","4cpu-amd",0.12,"locf",3,15.85
"pc2","4cpu-amd",0.12,"locf",2,16.35
"pc2","4cpu-amd",0.12,"locf",4,15.22
"pc2","4cpu-amd",0.12,"locf",1,15.45
"pc2","4cpu-amd",0.12,"locf",3,15.72
"pc2","4cpu-amd",0.12,"locf",2,16.05
"pc2","4cpu-amd",0.12,"locf",1,14.57
"pc2","4cpu-amd",0.12,"locf",3,14.64
"pc2","4cpu-amd",0.12,"locf",4,15.03
"pc2","4cpu-amd",0.12,"locf",2,16.54
"pc2","4cpu-amd",0.12,"locf",4,14.53
"pc2","4cpu-amd",0.12,"locf",1,14.66
"pc2","4cpu-amd",0.12,"locf",3,14.63
"pc2","4cpu-amd",0.12,"locf",2,15.35
"pc2","4cpu-amd",0.12,"locf",3,14.47
"pc2","4cpu-amd",0.12,"locf",2,14.88
"pc2","4cpu-amd",0.12,"locf",1,15.78
"pc2","4cpu-amd",0.12,"locf",4,16.16
"pc2","4cpu-amd",0.12,"locf",2,14.57
"pc2","4cpu-amd",0.12,"locf",1,15.78
"pc2","4cpu-amd",0.12,"locf",3,15.86
"pc2","4cpu-amd",0.12,"locf",4,16.26
"pc2","4cpu-amd",0.12,"locf",1,14.86
"pc2","4cpu-amd",0.12,"locf",2,15.14
"pc2","4cpu-amd",0.12,"locf",3,15.33
"pc2","4cpu-amd",0.12,"locf",4,16.82
"pc2","4cpu-amd",0.12,"locf",4,14.77
"pc2","4cpu-amd",0.12,"locf",2,15.68
"pc2","4cpu-amd",0.12,"locf",3,15.87
"pc2","4cpu-amd",0.12,"locf",1,16.28
"pc2","4cpu-amd",0.12,"locf",1,15.16
"pc2","4cpu-amd",0.12,"locf",4,15.16
"pc2","4cpu-amd",0.12,"locf",2,15.57
"pc2","4cpu-amd",0.12,"locf",3,15.87
"pc2","4cpu-amd",0.12,"locf",2,14.53
"pc2","4cpu-amd",0.12,"locf",1,14.77
"pc2","4cpu-amd",0.12,"locf",4,14.8
"pc2","4cpu-amd",0.12,"locf",3,14.82
"pc2","4cpu-amd",0.13,"locf",2,13.07
"pc2","4cpu-amd",0.13,"locf",4,14.34
"pc2","4cpu-amd",0.13,"locf",3,14.45
"pc2","4cpu-amd",0.13,"locf",1,14.77
"pc2","4cpu-amd",0.13,"locf",2,14.15
"pc2","4cpu-amd",0.13,"locf",3,14.34
"pc2","4cpu-amd",0.13,"locf",4,14.44
"pc2","4cpu-amd",0.13,"locf",1,15.27
"pc2","4cpu-amd",0.13,"locf",4,12.45
"pc2","4cpu-amd",0.13,"locf",3,12.97
"pc2","4cpu-amd",0.13,"locf",1,13.17
"pc2","4cpu-amd",0.13,"locf",2,13.97
"pc2","4cpu-amd",0.13,"locf",3,13.36
"pc2","4cpu-amd",0.13,"locf",2,13.36
"pc2","4cpu-amd",0.13,"locf",4,13.55
"pc2","4cpu-amd",0.13,"locf",1,14.07
"pc2","4cpu-amd",0.13,"locf",1,12.16
"pc2","4cpu-amd",0.13,"locf",4,12.34
"pc2","4cpu-amd",0.13,"locf",3,12.34
"pc2","4cpu-amd",0.13,"locf",2,13.55
"pc2","4cpu-amd",0.13,"locf",1,12.35
"pc2","4cpu-amd",0.13,"locf",3,13.49
"pc2","4cpu-amd",0.13,"locf",4,13.68
"pc2","4cpu-amd",0.13,"locf",2,11.17
"pc2","4cpu-amd",0.13,"locf",1,13.27
"pc2","4cpu-amd",0.13,"locf",4,13.36
"pc2","4cpu-amd",0.13,"locf",2,13.67
"pc2","4cpu-amd",0.13,"locf",3,14.17
"pc2","4cpu-amd",0.13,"locf",3,12.94
"pc2","4cpu-amd",0.13,"locf",1,13.56
"pc2","4cpu-amd",0.13,"locf",4,13.62
"pc2","4cpu-amd",0.13,"locf",2,14.74
"pc2","4cpu-amd",0.13,"locf",3,13.71
"pc2","4cpu-amd",0.13,"locf",2,13.84
"pc2","4cpu-amd",0.13,"locf",4,14.29
"pc2","4cpu-amd",0.13,"locf",1,14.47
"pc2","4cpu-amd",0.13,"locf",1,13.28
"pc2","4cpu-amd",0.13,"locf",3,13.37
"pc2","4cpu-amd",0.13,"locf",2,13.37
"pc2","4cpu-amd",0.13,"locf",4,13.65
"pc2","4cpu-amd",0.13,"locf",1,12.77
"pc2","4cpu-amd",0.13,"locf",4,13.33
"pc2","4cpu-amd",0.13,"locf",3,13.44
"pc2","4cpu-amd",0.13,"locf",2,13.95
"pc2","4cpu-amd",0.13,"locf",2,12.87
"pc2","4cpu-amd",0.13,"locf",4,12.86
"pc2","4cpu-amd",0.13,"locf",1,12.98
"pc2","4cpu-amd",0.13,"locf",3,13.77
"pc2","4cpu-amd",0.13,"locf",3,12.28
"pc2","4cpu-amd",0.13,"locf",2,12.78
"pc2","4cpu-amd",0.13,"locf",1,12.88
"pc2","4cpu-amd",0.13,"locf",4,13.27
"pc2","4cpu-amd",0.13,"locf",4,12.55
"pc2","4cpu-amd",0.13,"locf",3,13.46
"pc2","4cpu-amd",0.13,"locf",1,13.59
"pc2","4cpu-amd",0.13,"locf",2,13.78
"pc2","4cpu-amd",0.13,"locf",4,11.95
"pc2","4cpu-amd",0.13,"locf",1,12.68
"pc2","4cpu-amd",0.13,"locf",3,13.56
"pc2","4cpu-amd",0.13,"locf",2,13.98
"pc2","4cpu-amd",0.13,"locf",3,12.57
"pc2","4cpu-amd",0.13,"locf",2,12.87
"pc2","4cpu-amd",0.13,"locf",1,13.59
"pc2","4cpu-amd",0.13,"locf",4,13.95
"pc2","4cpu-amd",0.13,"locf",2,12.07
"pc2","4cpu-amd",0.13,"locf",4,12.46
"pc2","4cpu-amd",0.13,"locf",1,12.58
"pc2","4cpu-amd",0.13,"locf",3,14.46
"pc2","4cpu-amd",0.13,"locf",1,12.17
"pc2","4cpu-amd",0.13,"locf",3,12.75
"pc2","4cpu-amd",0.13,"locf",2,13.26
"pc2","4cpu-amd",0.13,"locf",4,13.53
"pc2","4cpu-amd",0.13,"locf",2,12.5
"pc2","4cpu-amd",0.13,"locf",4,13.07
"pc2","4cpu-amd",0.13,"locf",3,13.48
"pc2","4cpu-amd",0.13,"locf",1,14.5
"pc2","4cpu-amd",0.13,"locf",1,12.08
"pc2","4cpu-amd",0.13,"locf",3,13.76
"pc2","4cpu-amd",0.13,"locf",2,14.28
"pc2","4cpu-amd",0.13,"locf",4,14.76
"pc2","4cpu-amd",0.13,"locf",3,12.97
"pc2","4cpu-amd",0.13,"locf",1,13.28
"pc2","4cpu-amd",0.13,"locf",2,13.67
"pc2","4cpu-amd",0.13,"locf",4,14.46
"pc2","4cpu-amd",0.13,"locf",1,13.87
"pc2","4cpu-amd",0.13,"locf",3,14.06
"pc2","4cpu-amd",0.13,"locf",4,14.06
"pc2","4cpu-amd",0.13,"locf",2,14.38
"pc2","4cpu-amd",0.13,"locf",1,11.86
"pc2","4cpu-amd",0.13,"locf",2,12.84
"pc2","4cpu-amd",0.13,"locf",4,13.11
"pc2","4cpu-amd",0.13,"locf",3,13.32
"pc2","4cpu-amd",0.13,"locf",1,12.87
"pc2","4cpu-amd",0.13,"locf",4,13.53
"pc2","4cpu-amd",0.13,"locf",2,13.53
"pc2","4cpu-amd",0.13,"locf",3,13.54
"pc2","4cpu-amd",0.13,"locf",1,12.78
"pc2","4cpu-amd",0.13,"locf",4,13.06
"pc2","4cpu-amd",0.13,"locf",3,13.46
"pc2","4cpu-amd",0.13,"locf",2,14.47
"pc2","4cpu-amd",0.13,"locf",2,12.75
"pc2","4cpu-amd",0.13,"locf",4,12.94
"pc2","4cpu-amd",0.13,"locf",3,13.05
"pc2","4cpu-amd",0.13,"locf",1,13.15
"pc2","4cpu-amd",0.13,"locf",3,12.77
"pc2","4cpu-amd",0.13,"locf",4,13.75
"pc2","4cpu-amd",0.13,"locf",2,13.86
"pc2","4cpu-amd",0.13,"locf",1,14.28
"pc2","4cpu-amd",0.13,"locf",2,13.38
"pc2","4cpu-amd",0.13,"locf",1,13.79
"pc2","4cpu-amd",0.13,"locf",3,14.48
"pc2","4cpu-amd",0.13,"locf",4,14.87
"pc2","4cpu-amd",0.13,"locf",3,12.87
"pc2","4cpu-amd",0.13,"locf",1,13.28
"pc2","4cpu-amd",0.13,"locf",4,13.46
"pc2","4cpu-amd",0.13,"locf",2,14.48
"pc2","4cpu-amd",0.13,"locf",3,11.84
"pc2","4cpu-amd",0.13,"locf",1,12.67
"pc2","4cpu-amd",0.13,"locf",2,13.86
"pc2","4cpu-amd",0.13,"locf",4,14.03
"pc2","4cpu-amd",0.14,"locf",2,12.11
"pc2","4cpu-amd",0.14,"locf",3,13.27
"pc2","4cpu-amd",0.14,"locf",4,13.76
"pc2","4cpu-amd",0.14,"locf",1,11.98
"pc2","4cpu-amd",0.14,"locf",3,12.45
"pc2","4cpu-amd",0.14,"locf",4,12.54
"pc2","4cpu-amd",0.14,"locf",2,12.75
"pc2","4cpu-amd",0.14,"locf",4,11.13
"pc2","4cpu-amd",0.14,"locf",2,12.55
"pc2","4cpu-amd",0.14,"locf",1,12.75
"pc2","4cpu-amd",0.14,"locf",3,12.75
"pc2","4cpu-amd",0.14,"locf",1,11.44
"pc2","4cpu-amd",0.14,"locf",2,11.44
"pc2","4cpu-amd",0.14,"locf",3,11.63
"pc2","4cpu-amd",0.14,"locf",4,12.62
"pc2","4cpu-amd",0.14,"locf",1,11.16
"pc2","4cpu-amd",0.14,"locf",3,11.34
"pc2","4cpu-amd",0.14,"locf",4,11.65
"pc2","4cpu-amd",0.14,"locf",2,11.65
"pc2","4cpu-amd",0.14,"locf",2,11.24
"pc2","4cpu-amd",0.14,"locf",1,11.66
"pc2","4cpu-amd",0.14,"locf",3,11.84
"pc2","4cpu-amd",0.14,"locf",4,12.12
"pc2","4cpu-amd",0.14,"locf",4,10.53
"pc2","4cpu-amd",0.14,"locf",3,11.05
"pc2","4cpu-amd",0.14,"locf",1,11.67
"pc2","4cpu-amd",0.14,"locf",2,11.96
"pc2","4cpu-amd",0.14,"locf",1,10.37
"pc2","4cpu-amd",0.14,"locf",4,10.93
"pc2","4cpu-amd",0.14,"locf",2,11.64
"pc2","4cpu-amd",0.14,"locf",3,12.03
"pc2","4cpu-amd",0.14,"locf",1,11.17
"pc2","4cpu-amd",0.14,"locf",3,11.34
"pc2","4cpu-amd",0.14,"locf",2,11.55
"pc2","4cpu-amd",0.14,"locf",4,11.73
"pc2","4cpu-amd",0.14,"locf",1,11
"pc2","4cpu-amd",0.14,"locf",4,12.26
"pc2","4cpu-amd",0.14,"locf",2,12.58
"pc2","4cpu-amd",0.14,"locf",3,12.67
"pc2","4cpu-amd",0.14,"locf",3,11.46
"pc2","4cpu-amd",0.14,"locf",2,12.17
"pc2","4cpu-amd",0.14,"locf",4,12.25
"pc2","4cpu-amd",0.14,"locf",1,12.68
"pc2","4cpu-amd",0.14,"locf",3,11.15
"pc2","4cpu-amd",0.14,"locf",4,11.34
"pc2","4cpu-amd",0.14,"locf",2,11.54
"pc2","4cpu-amd",0.14,"locf",1,11.86
"pc2","4cpu-amd",0.14,"locf",4,11.06
"pc2","4cpu-amd",0.14,"locf",1,11.28
"pc2","4cpu-amd",0.14,"locf",3,11.67
"pc2","4cpu-amd",0.14,"locf",2,11.86
"pc2","4cpu-amd",0.14,"locf",1,11.48
"pc2","4cpu-amd",0.14,"locf",3,11.44
"pc2","4cpu-amd",0.14,"locf",2,11.55
"pc2","4cpu-amd",0.14,"locf",4,11.94
"pc2","4cpu-amd",0.14,"locf",1,11.37
"pc2","4cpu-amd",0.14,"locf",4,11.44
"pc2","4cpu-amd",0.14,"locf",3,12.04
"pc2","4cpu-amd",0.14,"locf",2,13.25
"pc2","4cpu-amd",0.14,"locf",1,10.99
"pc2","4cpu-amd",0.14,"locf",3,11.27
"pc2","4cpu-amd",0.14,"locf",2,11.48
"pc2","4cpu-amd",0.14,"locf",4,11.47
"pc2","4cpu-amd",0.14,"locf",4,10.63
"pc2","4cpu-amd",0.14,"locf",1,11.26
"pc2","4cpu-amd",0.14,"locf",2,11.26
"pc2","4cpu-amd",0.14,"locf",3,11.54
"pc2","4cpu-amd",0.14,"locf",3,11.15
"pc2","4cpu-amd",0.14,"locf",2,11.35
"pc2","4cpu-amd",0.14,"locf",1,11.96
"pc2","4cpu-amd",0.14,"locf",4,12.24
"pc2","4cpu-amd",0.14,"locf",1,10.87
"pc2","4cpu-amd",0.14,"locf",2,11.65
"pc2","4cpu-amd",0.14,"locf",4,11.72
"pc2","4cpu-amd",0.14,"locf",3,12.52
"pc2","4cpu-amd",0.14,"locf",3,11.04
"pc2","4cpu-amd",0.14,"locf",4,11.05
"pc2","4cpu-amd",0.14,"locf",2,11.26
"pc2","4cpu-amd",0.14,"locf",1,11.38
"pc2","4cpu-amd",0.14,"locf",3,10.97
"pc2","4cpu-amd",0.14,"locf",2,11.06
"pc2","4cpu-amd",0.14,"locf",1,11.57
"pc2","4cpu-amd",0.14,"locf",4,12.96
"pc2","4cpu-amd",0.14,"locf",2,11.56
"pc2","4cpu-amd",0.14,"locf",1,11.67
"pc2","4cpu-amd",0.14,"locf",3,12.14
"pc2","4cpu-amd",0.14,"locf",4,12.34
"pc2","4cpu-amd",0.14,"locf",2,11.36
"pc2","4cpu-amd",0.14,"locf",3,11.45
"pc2","4cpu-amd",0.14,"locf",1,11.56
"pc2","4cpu-amd",0.14,"locf",4,12.53
"pc2","4cpu-amd",0.14,"locf",2,11.88
"pc2","4cpu-amd",0.14,"locf",1,12.49
"pc2","4cpu-amd",0.14,"locf",3,12.49
"pc2","4cpu-amd",0.14,"locf",4,13.08
"pc2","4cpu-amd",0.14,"locf",3,11.42
"pc2","4cpu-amd",0.14,"locf",1,11.47
"pc2","4cpu-amd",0.14,"locf",2,11.85
"pc2","4cpu-amd",0.14,"locf",4,12
"pc2","4cpu-amd",0.14,"locf",2,11.06
"pc2","4cpu-amd",0.14,"locf",4,11.84
"pc2","4cpu-amd",0.14,"locf",1,11.88
"pc2","4cpu-amd",0.14,"locf",3,12.06
"pc2","4cpu-amd",0.14,"locf",1,10.75
"pc2","4cpu-amd",0.14,"locf",4,10.92
"pc2","4cpu-amd",0.14,"locf",2,11.73
"pc2","4cpu-amd",0.14,"locf",3,12.03
"pc2","4cpu-amd",0.14,"locf",3,11.04
"pc2","4cpu-amd",0.14,"locf",2,11.05
"pc2","4cpu-amd",0.14,"locf",4,11.24
"pc2","4cpu-amd",0.14,"locf",1,11.46
"pc2","4cpu-amd",0.14,"locf",1,11.18
"pc2","4cpu-amd",0.14,"locf",4,11.45
"pc2","4cpu-amd",0.14,"locf",2,11.45
"pc2","4cpu-amd",0.14,"locf",3,11.74
"pc2","4cpu-amd",0.14,"locf",2,10.94
"pc2","4cpu-amd",0.14,"locf",1,11.86
"pc2","4cpu-amd",0.14,"locf",3,12.34
"pc2","4cpu-amd",0.14,"locf",4,12.52
"pc2","4cpu-amd",0.16,"locf",3,10.06
"pc2","4cpu-amd",0.16,"locf",4,10.34
"pc2","4cpu-amd",0.16,"locf",2,11.16
"pc2","4cpu-amd",0.16,"locf",2,10.17
"pc2","4cpu-amd",0.16,"locf",4,10.44
"pc2","4cpu-amd",0.16,"locf",3,10.54
"pc2","4cpu-amd",0.16,"locf",1,10.87
"pc2","4cpu-amd",0.16,"locf",3,9.06
"pc2","4cpu-amd",0.16,"locf",4,9.44
"pc2","4cpu-amd",0.16,"locf",2,9.75
"pc2","4cpu-amd",0.16,"locf",1,10.37
"pc2","4cpu-amd",0.16,"locf",2,8.49
"pc2","4cpu-amd",0.16,"locf",4,9.47
"pc2","4cpu-amd",0.16,"locf",3,9.88
"pc2","4cpu-amd",0.16,"locf",1,10.1
"pc2","4cpu-amd",0.16,"locf",4,8.04
"pc2","4cpu-amd",0.16,"locf",3,8.53
"pc2","4cpu-amd",0.16,"locf",2,8.64
"pc2","4cpu-amd",0.16,"locf",1,8.96
"pc2","4cpu-amd",0.16,"locf",4,9.06
"pc2","4cpu-amd",0.16,"locf",1,9.28
"pc2","4cpu-amd",0.16,"locf",2,9.47
"pc2","4cpu-amd",0.16,"locf",3,9.76
"pc2","4cpu-amd",0.16,"locf",1,9.5
"pc2","4cpu-amd",0.16,"locf",2,9.68
"pc2","4cpu-amd",0.16,"locf",4,9.75
"pc2","4cpu-amd",0.16,"locf",3,9.87
"pc2","4cpu-amd",0.16,"locf",4,8.63
"pc2","4cpu-amd",0.16,"locf",1,8.88
"pc2","4cpu-amd",0.16,"locf",2,9.56
"pc2","4cpu-amd",0.16,"locf",3,9.66
"pc2","4cpu-amd",0.16,"locf",4,9.26
"pc2","4cpu-amd",0.16,"locf",3,9.46
"pc2","4cpu-amd",0.16,"locf",2,9.48
"pc2","4cpu-amd",0.16,"locf",1,9.68
"pc2","4cpu-amd",0.16,"locf",4,9.26
"pc2","4cpu-amd",0.16,"locf",3,9.46
"pc2","4cpu-amd",0.16,"locf",2,9.87
"pc2","4cpu-amd",0.16,"locf",1,9.98
"pc2","4cpu-amd",0.16,"locf",4,9.28
"pc2","4cpu-amd",0.16,"locf",3,9.38
"pc2","4cpu-amd",0.16,"locf",2,10.28
"pc2","4cpu-amd",0.16,"locf",1,10.59
"pc2","4cpu-amd",0.16,"locf",4,9.26
"pc2","4cpu-amd",0.16,"locf",3,9.37
"pc2","4cpu-amd",0.16,"locf",2,9.57
"pc2","4cpu-amd",0.16,"locf",1,9.79
"pc2","4cpu-amd",0.16,"locf",3,8.97
"pc2","4cpu-amd",0.16,"locf",1,9.67
"pc2","4cpu-amd",0.16,"locf",4,9.75
"pc2","4cpu-amd",0.16,"locf",2,9.97
"pc2","4cpu-amd",0.16,"locf",2,8.74
"pc2","4cpu-amd",0.16,"locf",4,9
"pc2","4cpu-amd",0.16,"locf",3,9.23
"pc2","4cpu-amd",0.16,"locf",1,9.84
"pc2","4cpu-amd",0.16,"locf",3,8.37
"pc2","4cpu-amd",0.16,"locf",4,9.06
"pc2","4cpu-amd",0.16,"locf",1,9.28
"pc2","4cpu-amd",0.16,"locf",2,9.28
"pc2","4cpu-amd",0.16,"locf",2,8.96
"pc2","4cpu-amd",0.16,"locf",4,9.23
"pc2","4cpu-amd",0.16,"locf",3,9.94
"pc2","4cpu-amd",0.16,"locf",1,10.07
"pc2","4cpu-amd",0.16,"locf",2,9.08
"pc2","4cpu-amd",0.16,"locf",3,9.27
"pc2","4cpu-amd",0.16,"locf",1,9.48
"pc2","4cpu-amd",0.16,"locf",4,9.85
"pc2","4cpu-amd",0.16,"locf",1,8.89
"pc2","4cpu-amd",0.16,"locf",4,9.44
"pc2","4cpu-amd",0.16,"locf",2,9.57
"pc2","4cpu-amd",0.16,"locf",3,10.35
"pc2","4cpu-amd",0.16,"locf",4,8.93
"pc2","4cpu-amd",0.16,"locf",1,9.06
"pc2","4cpu-amd",0.16,"locf",2,9.55
"pc2","4cpu-amd",0.16,"locf",3,9.73
"pc2","4cpu-amd",0.16,"locf",4,9.14
"pc2","4cpu-amd",0.16,"locf",2,9.36
"pc2","4cpu-amd",0.16,"locf",1,9.46
"pc2","4cpu-amd",0.16,"locf",3,10.13
"pc2","4cpu-amd",0.16,"locf",3,9.12
"pc2","4cpu-amd",0.16,"locf",1,9.26
"pc2","4cpu-amd",0.16,"locf",2,9.94
"pc2","4cpu-amd",0.16,"locf",4,10.09
"pc2","4cpu-amd",0.16,"locf",4,9.15
"pc2","4cpu-amd",0.16,"locf",3,9.35
"pc2","4cpu-amd",0.16,"locf",1,9.88
"pc2","4cpu-amd",0.16,"locf",2,10.06
"pc2","4cpu-amd",0.16,"locf",4,8.45
"pc2","4cpu-amd",0.16,"locf",2,9.36
"pc2","4cpu-amd",0.16,"locf",1,9.78
"pc2","4cpu-amd",0.16,"locf",3,9.84
"pc2","4cpu-amd",0.16,"locf",1,9.29
"pc2","4cpu-amd",0.16,"locf",3,9.87
"pc2","4cpu-amd",0.16,"locf",4,9.97
"pc2","4cpu-amd",0.16,"locf",2,10.69
"pc2","4cpu-amd",0.16,"locf",3,9.19
"pc2","4cpu-amd",0.16,"locf",1,9.19
"pc2","4cpu-amd",0.16,"locf",2,10.17
"pc2","4cpu-amd",0.16,"locf",4,10.45
"pc2","4cpu-amd",0.16,"locf",1,9.57
"pc2","4cpu-amd",0.16,"locf",2,9.96
"pc2","4cpu-amd",0.16,"locf",3,10.15
"pc2","4cpu-amd",0.16,"locf",4,10.35
"pc2","4cpu-amd",0.16,"locf",3,9.2
"pc2","4cpu-amd",0.16,"locf",4,9.2
"pc2","4cpu-amd",0.16,"locf",2,9.36
"pc2","4cpu-amd",0.16,"locf",1,9.56
"pc2","4cpu-amd",0.16,"locf",4,9.04
"pc2","4cpu-amd",0.16,"locf",1,9.04
"pc2","4cpu-amd",0.16,"locf",2,9.87
"pc2","4cpu-amd",0.16,"locf",3,10.25
"pc2","4cpu-amd",0.16,"locf",2,8.56
"pc2","4cpu-amd",0.16,"locf",1,9.27
"pc2","4cpu-amd",0.16,"locf",4,9.27
"pc2","4cpu-amd",0.16,"locf",3,10.05
"pc2","4cpu-amd",0.16,"locf",1,9.59
"pc2","4cpu-amd",0.16,"locf",3,9.98
"pc2","4cpu-amd",0.16,"locf",2,10.28
"pc2","4cpu-amd",0.16,"locf",4,10.76
"pc2","4cpu-amd",0.17,"locf",3,8.88
"pc2","4cpu-amd",0.17,"locf",2,8.98
"pc2","4cpu-amd",0.17,"locf",4,9.28
"pc2","4cpu-amd",0.17,"locf",1,9.89
"pc2","4cpu-amd",0.17,"locf",1,8.98
"pc2","4cpu-amd",0.17,"locf",3,9.33
"pc2","4cpu-amd",0.17,"locf",4,9.42
"pc2","4cpu-amd",0.17,"locf",2,9.75
"pc2","4cpu-amd",0.17,"locf",4,7.64
"pc2","4cpu-amd",0.17,"locf",3,8.13
"pc2","4cpu-amd",0.17,"locf",2,8.74
"pc2","4cpu-amd",0.17,"locf",1,8.96
"pc2","4cpu-amd",0.17,"locf",3,7.84
"pc2","4cpu-amd",0.17,"locf",4,8.13
"pc2","4cpu-amd",0.17,"locf",2,8.24
"pc2","4cpu-amd",0.17,"locf",1,8.47
"pc2","4cpu-amd",0.17,"locf",4,7.82
"pc2","4cpu-amd",0.17,"locf",3,8.04
"pc2","4cpu-amd",0.17,"locf",1,8.25
"pc2","4cpu-amd",0.17,"locf",2,8.55
"pc2","4cpu-amd",0.17,"locf",2,8.33
"pc2","4cpu-amd",0.17,"locf",1,8.45
"pc2","4cpu-amd",0.17,"locf",4,8.43
"pc2","4cpu-amd",0.17,"locf",3,8.63
"pc2","4cpu-amd",0.17,"locf",2,8.34
"pc2","4cpu-amd",0.17,"locf",1,8.36
"pc2","4cpu-amd",0.17,"locf",4,8.43
"pc2","4cpu-amd",0.17,"locf",3,8.64
"pc2","4cpu-amd",0.17,"locf",2,8.06
"pc2","4cpu-amd",0.17,"locf",1,8.18
"pc2","4cpu-amd",0.17,"locf",3,8.24
"pc2","4cpu-amd",0.17,"locf",4,8.34
"pc2","4cpu-amd",0.17,"locf",4,7.67
"pc2","4cpu-amd",0.17,"locf",3,8.18
"pc2","4cpu-amd",0.17,"locf",1,8.39
"pc2","4cpu-amd",0.17,"locf",2,8.59
"pc2","4cpu-amd",0.17,"locf",4,7.71
"pc2","4cpu-amd",0.17,"locf",2,8.42
"pc2","4cpu-amd",0.17,"locf",3,8.42
"pc2","4cpu-amd",0.17,"locf",1,8.53
"pc2","4cpu-amd",0.17,"locf",3,8.29
"pc2","4cpu-amd",0.17,"locf",1,8.29
"pc2","4cpu-amd",0.17,"locf",2,8.78
"pc2","4cpu-amd",0.17,"locf",4,8.87
"pc2","4cpu-amd",0.17,"locf",3,7.87
"pc2","4cpu-amd",0.17,"locf",2,8.48
"pc2","4cpu-amd",0.17,"locf",1,8.89
"pc2","4cpu-amd",0.17,"locf",4,8.88
"pc2","4cpu-amd",0.17,"locf",4,7.81
"pc2","4cpu-amd",0.17,"locf",2,8.23
"pc2","4cpu-amd",0.17,"locf",3,8.73
"pc2","4cpu-amd",0.17,"locf",1,9.05
"pc2","4cpu-amd",0.17,"locf",3,8.04
"pc2","4cpu-amd",0.17,"locf",2,8.25
"pc2","4cpu-amd",0.17,"locf",4,8.44
"pc2","4cpu-amd",0.17,"locf",1,8.57
"pc2","4cpu-amd",0.17,"locf",3,8.37
"pc2","4cpu-amd",0.17,"locf",4,8.45
"pc2","4cpu-amd",0.17,"locf",2,8.69
"pc2","4cpu-amd",0.17,"locf",1,9.58
"pc2","4cpu-amd",0.17,"locf",2,8.04
"pc2","4cpu-amd",0.17,"locf",1,8.27
"pc2","4cpu-amd",0.17,"locf",3,8.33
"pc2","4cpu-amd",0.17,"locf",4,8.62
"pc2","4cpu-amd",0.17,"locf",3,8.66
"pc2","4cpu-amd",0.17,"locf",4,8.74
"pc2","4cpu-amd",0.17,"locf",2,8.77
"pc2","4cpu-amd",0.17,"locf",1,9.09
"pc2","4cpu-amd",0.17,"locf",4,8.71
"pc2","4cpu-amd",0.17,"locf",1,8.86
"pc2","4cpu-amd",0.17,"locf",3,8.91
"pc2","4cpu-amd",0.17,"locf",2,9.23
"pc2","4cpu-amd",0.17,"locf",3,8.15
"pc2","4cpu-amd",0.17,"locf",4,8.33
"pc2","4cpu-amd",0.17,"locf",2,8.36
"pc2","4cpu-amd",0.17,"locf",1,8.57
"pc2","4cpu-amd",0.17,"locf",2,7.65
"pc2","4cpu-amd",0.17,"locf",4,8.15
"pc2","4cpu-amd",0.17,"locf",3,8.34
"pc2","4cpu-amd",0.17,"locf",1,8.67
"pc2","4cpu-amd",0.17,"locf",1,8.46
"pc2","4cpu-amd",0.17,"locf",4,8.5
"pc2","4cpu-amd",0.17,"locf",3,8.63
"pc2","4cpu-amd",0.17,"locf",2,9.04
"pc2","4cpu-amd",0.17,"locf",1,7.57
"pc2","4cpu-amd",0.17,"locf",4,7.94
"pc2","4cpu-amd",0.17,"locf",3,7.94
"pc2","4cpu-amd",0.17,"locf",2,8.54
"pc2","4cpu-amd",0.17,"locf",2,8.17
"pc2","4cpu-amd",0.17,"locf",1,8.59
"pc2","4cpu-amd",0.17,"locf",3,8.97
"pc2","4cpu-amd",0.17,"locf",4,9.07
"pc2","4cpu-amd",0.17,"locf",2,8.26
"pc2","4cpu-amd",0.17,"locf",1,8.68
"pc2","4cpu-amd",0.17,"locf",3,8.75
"pc2","4cpu-amd",0.17,"locf",4,8.85
"pc2","4cpu-amd",0.17,"locf",4,8.45
"pc2","4cpu-amd",0.17,"locf",1,8.78
"pc2","4cpu-amd",0.17,"locf",2,8.78
"pc2","4cpu-amd",0.17,"locf",3,9.07
"pc2","4cpu-amd",0.17,"locf",1,7.96
"pc2","4cpu-amd",0.17,"locf",2,8.05
"pc2","4cpu-amd",0.17,"locf",3,8.54
"pc2","4cpu-amd",0.17,"locf",4,8.73
"pc2","4cpu-amd",0.17,"locf",1,8.37
"pc2","4cpu-amd",0.17,"locf",2,8.55
"pc2","4cpu-amd",0.17,"locf",4,8.64
"pc2","4cpu-amd",0.17,"locf",3,8.95
"pc2","4cpu-amd",0.17,"locf",1,8.17
"pc2","4cpu-amd",0.17,"locf",2,8.25
"pc2","4cpu-amd",0.17,"locf",3,8.83
"pc2","4cpu-amd",0.17,"locf",4,9.03
"pc2","4cpu-amd",0.17,"locf",4,8.42
"pc2","4cpu-amd",0.17,"locf",1,8.87
"pc2","4cpu-amd",0.17,"locf",2,8.85
"pc2","4cpu-amd",0.17,"locf",3,9.43
"pc2","4cpu-amd",0.17,"locf",1,8.17
"pc2","4cpu-amd",0.17,"locf",2,8.95
"pc2","4cpu-amd",0.17,"locf",4,8.95
"pc2","4cpu-amd",0.17,"locf",3,9.24
"pc2","4cpu-amd",0.18,"locf",1,8.44
"pc2","4cpu-amd",0.18,"locf",3,8.44
"pc2","4cpu-amd",0.18,"locf",2,8.52
"pc2","4cpu-amd",0.18,"locf",4,8.52
"pc2","4cpu-amd",0.18,"locf",3,8.17
"pc2","4cpu-amd",0.18,"locf",4,8.17
"pc2","4cpu-amd",0.18,"locf",1,8.58
"pc2","4cpu-amd",0.18,"locf",2,8.67
"pc2","4cpu-amd",0.18,"locf",3,7.48
"pc2","4cpu-amd",0.18,"locf",2,7.59
"pc2","4cpu-amd",0.18,"locf",4,8
"pc2","4cpu-amd",0.18,"locf",1,8
"pc2","4cpu-amd",0.18,"locf",4,7.23
"pc2","4cpu-amd",0.18,"locf",3,7.54
"pc2","4cpu-amd",0.18,"locf",1,7.65
"pc2","4cpu-amd",0.18,"locf",2,8.35
"pc2","4cpu-amd",0.18,"locf",3,7.42
"pc2","4cpu-amd",0.18,"locf",2,7.64
"pc2","4cpu-amd",0.18,"locf",1,7.75
"pc2","4cpu-amd",0.18,"locf",4,7.71
"pc2","4cpu-amd",0.18,"locf",3,7.37
"pc2","4cpu-amd",0.18,"locf",4,7.97
"pc2","4cpu-amd",0.18,"locf",1,8.08
"pc2","4cpu-amd",0.18,"locf",2,8.08
"pc2","4cpu-amd",0.18,"locf",2,7.47
"pc2","4cpu-amd",0.18,"locf",3,7.47
"pc2","4cpu-amd",0.18,"locf",4,7.65
"pc2","4cpu-amd",0.18,"locf",1,7.77
"pc2","4cpu-amd",0.18,"locf",3,7.98
"pc2","4cpu-amd",0.18,"locf",1,8
"pc2","4cpu-amd",0.18,"locf",4,8.07
"pc2","4cpu-amd",0.18,"locf",2,8.19
"pc2","4cpu-amd",0.18,"locf",4,7.56
"pc2","4cpu-amd",0.18,"locf",3,7.86
"pc2","4cpu-amd",0.18,"locf",1,8.38
"pc2","4cpu-amd",0.18,"locf",2,8.47
"pc2","4cpu-amd",0.18,"locf",1,7.49
"pc2","4cpu-amd",0.18,"locf",4,7.56
"pc2","4cpu-amd",0.18,"locf",2,7.67
"pc2","4cpu-amd",0.18,"locf",3,7.68
"pc2","4cpu-amd",0.18,"locf",2,7.38
"pc2","4cpu-amd",0.18,"locf",4,7.76
"pc2","4cpu-amd",0.18,"locf",1,7.98
"pc2","4cpu-amd",0.18,"locf",3,8.06
"pc2","4cpu-amd",0.18,"locf",3,7.68
"pc2","4cpu-amd",0.18,"locf",2,7.68
"pc2","4cpu-amd",0.18,"locf",4,8.07
"pc2","4cpu-amd",0.18,"locf",1,8.4
"pc2","4cpu-amd",0.18,"locf",1,7.56
"pc2","4cpu-amd",0.18,"locf",3,7.56
"pc2","4cpu-amd",0.18,"locf",4,7.66
"pc2","4cpu-amd",0.18,"locf",2,8.27
"pc2","4cpu-amd",0.18,"locf",1,7.68
"pc2","4cpu-amd",0.18,"locf",4,7.76
"pc2","4cpu-amd",0.18,"locf",3,7.78
"pc2","4cpu-amd",0.18,"locf",2,8.38
"pc2","4cpu-amd",0.18,"locf",3,7.32
"pc2","4cpu-amd",0.18,"locf",4,7.7
"pc2","4cpu-amd",0.18,"locf",1,7.86
"pc2","4cpu-amd",0.18,"locf",2,8.73
"pc2","4cpu-amd",0.18,"locf",3,7.26
"pc2","4cpu-amd",0.18,"locf",4,7.65
"pc2","4cpu-amd",0.18,"locf",2,7.95
"pc2","4cpu-amd",0.18,"locf",1,8.17
"pc2","4cpu-amd",0.18,"locf",1,7.47
"pc2","4cpu-amd",0.18,"locf",2,7.46
"pc2","4cpu-amd",0.18,"locf",3,7.64
"pc2","4cpu-amd",0.18,"locf",4,8.03
"pc2","4cpu-amd",0.18,"locf",3,7.66
"pc2","4cpu-amd",0.18,"locf",4,7.75
"pc2","4cpu-amd",0.18,"locf",2,7.97
"pc2","4cpu-amd",0.18,"locf",1,8.48
"pc2","4cpu-amd",0.18,"locf",1,7.28
"pc2","4cpu-amd",0.18,"locf",2,7.44
"pc2","4cpu-amd",0.18,"locf",4,7.53
"pc2","4cpu-amd",0.18,"locf",3,8.13
"pc2","4cpu-amd",0.18,"locf",3,7.33
"pc2","4cpu-amd",0.18,"locf",1,7.49
"pc2","4cpu-amd",0.18,"locf",2,7.87
"pc2","4cpu-amd",0.18,"locf",4,8.13
"pc2","4cpu-amd",0.18,"locf",1,7.28
"pc2","4cpu-amd",0.18,"locf",2,7.36
"pc2","4cpu-amd",0.18,"locf",4,7.8
"pc2","4cpu-amd",0.18,"locf",3,8.13
"pc2","4cpu-amd",0.18,"locf",1,7.07
"pc2","4cpu-amd",0.18,"locf",4,7.62
"pc2","4cpu-amd",0.18,"locf",3,7.74
"pc2","4cpu-amd",0.18,"locf",2,7.85
"pc2","4cpu-amd",0.18,"locf",2,7.77
"pc2","4cpu-amd",0.18,"locf",1,7.87
"pc2","4cpu-amd",0.18,"locf",4,7.84
"pc2","4cpu-amd",0.18,"locf",3,8.14
"pc2","4cpu-amd",0.18,"locf",4,7.54
"pc2","4cpu-amd",0.18,"locf",3,7.65
"pc2","4cpu-amd",0.18,"locf",1,8.08
"pc2","4cpu-amd",0.18,"locf",2,8.15
"pc2","4cpu-amd",0.18,"locf",3,7.78
"pc2","4cpu-amd",0.18,"locf",4,7.78
"pc2","4cpu-amd",0.18,"locf",1,8.2
"pc2","4cpu-amd",0.18,"locf",2,8.8
"pc2","4cpu-amd",0.18,"locf",1,7.34
"pc2","4cpu-amd",0.18,"locf",3,7.34
"pc2","4cpu-amd",0.18,"locf",4,7.64
"pc2","4cpu-amd",0.18,"locf",2,7.94
"pc2","4cpu-amd",0.18,"locf",4,7.62
"pc2","4cpu-amd",0.18,"locf",1,7.76
"pc2","4cpu-amd",0.18,"locf",3,7.92
"pc2","4cpu-amd",0.18,"locf",2,8.25
"pc2","4cpu-amd",0.18,"locf",3,7.66
"pc2","4cpu-amd",0.18,"locf",1,7.76
"pc2","4cpu-amd",0.18,"locf",2,7.87
"pc2","4cpu-amd",0.18,"locf",4,8.15
"pc2","4cpu-amd",0.18,"locf",3,7.85
"pc2","4cpu-amd",0.18,"locf",2,8.04
"pc2","4cpu-amd",0.18,"locf",4,8.04
"pc2","4cpu-amd",0.18,"locf",1,8.17
"pc2","4cpu-amd",0.18,"locf",4,7.97
"pc2","4cpu-amd",0.18,"locf",3,8.07
"pc2","4cpu-amd",0.18,"locf",2,8.17
"pc2","4cpu-amd",0.18,"locf",1,8.79
"pc2","4cpu-amd",0.19,"locf",3,7.49
"pc2","4cpu-amd",0.19,"locf",2,7.79
"pc2","4cpu-amd",0.19,"locf",4,7.98
"pc2","4cpu-amd",0.19,"locf",1,8.2
"pc2","4cpu-amd",0.19,"locf",4,7.46
"pc2","4cpu-amd",0.19,"locf",1,7.79
"pc2","4cpu-amd",0.19,"locf",3,7.96
"pc2","4cpu-amd",0.19,"locf",2,8.06
"pc2","4cpu-amd",0.19,"locf",3,6.98
"pc2","4cpu-amd",0.19,"locf",4,7.18
"pc2","4cpu-amd",0.19,"locf",2,7.48
"pc2","4cpu-amd",0.19,"locf",1,7.89
"pc2","4cpu-amd",0.19,"locf",1,6.47
"pc2","4cpu-amd",0.19,"locf",4,6.65
"pc2","4cpu-amd",0.19,"locf",3,6.65
"pc2","4cpu-amd",0.19,"locf",2,6.76
"pc2","4cpu-amd",0.19,"locf",3,6.65
"pc2","4cpu-amd",0.19,"locf",4,6.73
"pc2","4cpu-amd",0.19,"locf",2,6.86
"pc2","4cpu-amd",0.19,"locf",1,7.16
"pc2","4cpu-amd",0.19,"locf",1,6.68
"pc2","4cpu-amd",0.19,"locf",2,6.68
"pc2","4cpu-amd",0.19,"locf",4,6.87
"pc2","4cpu-amd",0.19,"locf",3,6.97
"pc2","4cpu-amd",0.19,"locf",2,6.87
"pc2","4cpu-amd",0.19,"locf",4,6.86
"pc2","4cpu-amd",0.19,"locf",3,7.05
"pc2","4cpu-amd",0.19,"locf",1,7.17
"pc2","4cpu-amd",0.19,"locf",1,6.67
"pc2","4cpu-amd",0.19,"locf",4,6.85
"pc2","4cpu-amd",0.19,"locf",2,7.16
"pc2","4cpu-amd",0.19,"locf",3,7.16
"pc2","4cpu-amd",0.19,"locf",3,6.96
"pc2","4cpu-amd",0.19,"locf",1,6.96
"pc2","4cpu-amd",0.19,"locf",2,7.13
"pc2","4cpu-amd",0.19,"locf",4,7.31
"pc2","4cpu-amd",0.19,"locf",2,6.76
"pc2","4cpu-amd",0.19,"locf",3,6.83
"pc2","4cpu-amd",0.19,"locf",1,6.96
"pc2","4cpu-amd",0.19,"locf",4,7.03
"pc2","4cpu-amd",0.19,"locf",3,6.98
"pc2","4cpu-amd",0.19,"locf",1,7.18
"pc2","4cpu-amd",0.19,"locf",4,7.38
"pc2","4cpu-amd",0.19,"locf",2,7.48
"pc2","4cpu-amd",0.19,"locf",2,6.68
"pc2","4cpu-amd",0.19,"locf",3,6.76
"pc2","4cpu-amd",0.19,"locf",1,7.08
"pc2","4cpu-amd",0.19,"locf",4,7.17
"pc2","4cpu-amd",0.19,"locf",3,6.67
"pc2","4cpu-amd",0.19,"locf",1,6.98
"pc2","4cpu-amd",0.19,"locf",2,7.17
"pc2","4cpu-amd",0.19,"locf",4,7.26
"pc2","4cpu-amd",0.19,"locf",1,6.59
"pc2","4cpu-amd",0.19,"locf",4,6.68
"pc2","4cpu-amd",0.19,"locf",3,6.69
"pc2","4cpu-amd",0.19,"locf",2,7.19
"pc2","4cpu-amd",0.19,"locf",3,6.55
"pc2","4cpu-amd",0.19,"locf",4,6.64
"pc2","4cpu-amd",0.19,"locf",2,6.76
"pc2","4cpu-amd",0.19,"locf",1,6.99
"pc2","4cpu-amd",0.19,"locf",4,6.66
"pc2","4cpu-amd",0.19,"locf",2,6.77
"pc2","4cpu-amd",0.19,"locf",3,7.05
"pc2","4cpu-amd",0.19,"locf",1,7.27
"pc2","4cpu-amd",0.19,"locf",3,6.57
"pc2","4cpu-amd",0.19,"locf",2,7.17
"pc2","4cpu-amd",0.19,"locf",4,7.35
"pc2","4cpu-amd",0.19,"locf",1,7.39
"pc2","4cpu-amd",0.19,"locf",3,6.66
"pc2","4cpu-amd",0.19,"locf",1,7.27
"pc2","4cpu-amd",0.19,"locf",2,7.27
"pc2","4cpu-amd",0.19,"locf",4,7.75
"pc2","4cpu-amd",0.19,"locf",3,6.97
"pc2","4cpu-amd",0.19,"locf",4,7.16
"pc2","4cpu-amd",0.19,"locf",2,7.18
"pc2","4cpu-amd",0.19,"locf",1,7.78
"pc2","4cpu-amd",0.19,"locf",3,6.82
"pc2","4cpu-amd",0.19,"locf",4,7
"pc2","4cpu-amd",0.19,"locf",1,7.17
"pc2","4cpu-amd",0.19,"locf",2,7.34
"pc2","4cpu-amd",0.19,"locf",1,6.67
"pc2","4cpu-amd",0.19,"locf",3,6.74
"pc2","4cpu-amd",0.19,"locf",2,6.95
"pc2","4cpu-amd",0.19,"locf",4,7.04
"pc2","4cpu-amd",0.19,"locf",2,7.18
"pc2","4cpu-amd",0.19,"locf",3,7.25
"pc2","4cpu-amd",0.19,"locf",4,7.45
"pc2","4cpu-amd",0.19,"locf",1,7.57
"pc2","4cpu-amd",0.19,"locf",3,7.17
"pc2","4cpu-amd",0.19,"locf",4,7.24
"pc2","4cpu-amd",0.19,"locf",2,7.27
"pc2","4cpu-amd",0.19,"locf",1,7.48
"pc2","4cpu-amd",0.19,"locf",1,6.68
"pc2","4cpu-amd",0.19,"locf",2,6.85
"pc2","4cpu-amd",0.19,"locf",3,6.94
"pc2","4cpu-amd",0.19,"locf",4,7.02
"pc2","4cpu-amd",0.19,"locf",3,6.9
"pc2","4cpu-amd",0.19,"locf",1,7.3
"pc2","4cpu-amd",0.19,"locf",4,7.39
"pc2","4cpu-amd",0.19,"locf",2,7.68
"pc2","4cpu-amd",0.19,"locf",4,6.97
"pc2","4cpu-amd",0.19,"locf",1,7
"pc2","4cpu-amd",0.19,"locf",3,7.07
"pc2","4cpu-amd",0.19,"locf",2,7.29
"pc2","4cpu-amd",0.19,"locf",2,6.83
"pc2","4cpu-amd",0.19,"locf",3,7.13
"pc2","4cpu-amd",0.19,"locf",1,7.35
"pc2","4cpu-amd",0.19,"locf",4,7.43
"pc2","4cpu-amd",0.19,"locf",4,6.64
"pc2","4cpu-amd",0.19,"locf",1,6.77
"pc2","4cpu-amd",0.19,"locf",2,6.84
"pc2","4cpu-amd",0.19,"locf",3,7.03
"pc2","4cpu-amd",0.19,"locf",3,6.86
"pc2","4cpu-amd",0.19,"locf",4,6.93
"pc2","4cpu-amd",0.19,"locf",1,7.48
"pc2","4cpu-amd",0.19,"locf",2,7.76
"pc2","4cpu-amd",0.19,"locf",2,6.95
"pc2","4cpu-amd",0.19,"locf",1,7.15
"pc2","4cpu-amd",0.19,"locf",3,7.14
"pc2","4cpu-amd",0.19,"locf",4,7.22
"pc2","4cpu-amd",0.06,"ssa",2,60.33
"pc2","4cpu-amd",0.06,"ssa",1,61.12
"pc2","4cpu-amd",0.06,"ssa",3,64.52
"pc2","4cpu-amd",0.06,"ssa",4,66.51
"pc2","4cpu-amd",0.06,"ssa",2,62.45
"pc2","4cpu-amd",0.06,"ssa",1,64.07
"pc2","4cpu-amd",0.06,"ssa",4,67.92
"pc2","4cpu-amd",0.06,"ssa",3,70.23
"pc2","4cpu-amd",0.06,"ssa",3,57.54
"pc2","4cpu-amd",0.06,"ssa",4,62.61
"pc2","4cpu-amd",0.06,"ssa",1,64.87
"pc2","4cpu-amd",0.06,"ssa",2,65.25
"pc2","4cpu-amd",0.06,"ssa",4,56.31
"pc2","4cpu-amd",0.06,"ssa",1,62.96
"pc2","4cpu-amd",0.06,"ssa",2,65.35
"pc2","4cpu-amd",0.06,"ssa",3,67.73
"pc2","4cpu-amd",0.06,"ssa",3,58.55
"pc2","4cpu-amd",0.06,"ssa",2,58.66
"pc2","4cpu-amd",0.06,"ssa",1,62.27
"pc2","4cpu-amd",0.06,"ssa",4,67.45
"pc2","4cpu-amd",0.06,"ssa",2,60.55
"pc2","4cpu-amd",0.06,"ssa",4,62.22
"pc2","4cpu-amd",0.06,"ssa",3,63.53
"pc2","4cpu-amd",0.06,"ssa",1,63.86
"pc2","4cpu-amd",0.06,"ssa",4,54.06
"pc2","4cpu-amd",0.06,"ssa",3,62.37
"pc2","4cpu-amd",0.06,"ssa",1,66.29
"pc2","4cpu-amd",0.06,"ssa",2,66.48
"pc2","4cpu-amd",0.06,"ssa",2,59.52
"pc2","4cpu-amd",0.06,"ssa",1,59.62
"pc2","4cpu-amd",0.06,"ssa",3,61.4
"pc2","4cpu-amd",0.06,"ssa",4,62
"pc2","4cpu-amd",0.06,"ssa",4,58.01
"pc2","4cpu-amd",0.06,"ssa",3,62.13
"pc2","4cpu-amd",0.06,"ssa",1,62.97
"pc2","4cpu-amd",0.06,"ssa",2,64.46
"pc2","4cpu-amd",0.06,"ssa",4,58.61
"pc2","4cpu-amd",0.06,"ssa",3,59.82
"pc2","4cpu-amd",0.06,"ssa",1,60.05
"pc2","4cpu-amd",0.06,"ssa",2,62.64
"pc2","4cpu-amd",0.06,"ssa",4,60.53
"pc2","4cpu-amd",0.06,"ssa",3,62.05
"pc2","4cpu-amd",0.06,"ssa",1,62.57
"pc2","4cpu-amd",0.06,"ssa",2,65.05
"pc2","4cpu-amd",0.06,"ssa",3,61.36
"pc2","4cpu-amd",0.06,"ssa",1,61.77
"pc2","4cpu-amd",0.06,"ssa",2,64.16
"pc2","4cpu-amd",0.06,"ssa",4,64.35
"pc2","4cpu-amd",0.06,"ssa",2,59.98
"pc2","4cpu-amd",0.06,"ssa",3,61.17
"pc2","4cpu-amd",0.06,"ssa",4,62.16
"pc2","4cpu-amd",0.06,"ssa",1,63.99
"pc2","4cpu-amd",0.06,"ssa",3,59.97
"pc2","4cpu-amd",0.06,"ssa",4,61.35
"pc2","4cpu-amd",0.06,"ssa",1,62.78
"pc2","4cpu-amd",0.06,"ssa",2,65.98
"pc2","4cpu-amd",0.06,"ssa",3,57.63
"pc2","4cpu-amd",0.06,"ssa",4,61.53
"pc2","4cpu-amd",0.06,"ssa",1,61.77
"pc2","4cpu-amd",0.06,"ssa",2,70.44
"pc2","4cpu-amd",0.06,"ssa",4,59.65
"pc2","4cpu-amd",0.06,"ssa",3,61.06
"pc2","4cpu-amd",0.06,"ssa",1,64.18
"pc2","4cpu-amd",0.06,"ssa",2,65.48
"pc2","4cpu-amd",0.06,"ssa",4,61.95
"pc2","4cpu-amd",0.06,"ssa",2,63.87
"pc2","4cpu-amd",0.06,"ssa",3,64.36
"pc2","4cpu-amd",0.06,"ssa",1,91.28
"pc2","4cpu-amd",0.06,"ssa",4,58.64
"pc2","4cpu-amd",0.06,"ssa",3,60.75
"pc2","4cpu-amd",0.06,"ssa",2,62.75
"pc2","4cpu-amd",0.06,"ssa",1,62.97
"pc2","4cpu-amd",0.06,"ssa",4,59.41
"pc2","4cpu-amd",0.06,"ssa",3,60.62
"pc2","4cpu-amd",0.06,"ssa",2,61.44
"pc2","4cpu-amd",0.06,"ssa",1,64.25
"pc2","4cpu-amd",0.06,"ssa",3,58.67
"pc2","4cpu-amd",0.06,"ssa",4,60.16
"pc2","4cpu-amd",0.06,"ssa",2,63.08
"pc2","4cpu-amd",0.06,"ssa",1,65.58
"pc2","4cpu-amd",0.06,"ssa",4,58.13
"pc2","4cpu-amd",0.06,"ssa",3,58.54
"pc2","4cpu-amd",0.06,"ssa",2,62.05
"pc2","4cpu-amd",0.06,"ssa",1,65.97
"pc2","4cpu-amd",0.06,"ssa",4,59.92
"pc2","4cpu-amd",0.06,"ssa",3,61.93
"pc2","4cpu-amd",0.06,"ssa",2,63.35
"pc2","4cpu-amd",0.06,"ssa",1,64.96
"pc2","4cpu-amd",0.06,"ssa",4,60.53
"pc2","4cpu-amd",0.06,"ssa",2,62.16
"pc2","4cpu-amd",0.06,"ssa",3,62.54
"pc2","4cpu-amd",0.06,"ssa",1,65.06
"pc2","4cpu-amd",0.06,"ssa",4,57.13
"pc2","4cpu-amd",0.06,"ssa",1,60.06
"pc2","4cpu-amd",0.06,"ssa",3,60.54
"pc2","4cpu-amd",0.06,"ssa",2,63.96
"pc2","4cpu-amd",0.06,"ssa",4,58.36
"pc2","4cpu-amd",0.06,"ssa",3,59.27
"pc2","4cpu-amd",0.06,"ssa",1,63.3
"pc2","4cpu-amd",0.06,"ssa",2,63.97
"pc2","4cpu-amd",0.06,"ssa",3,58.74
"pc2","4cpu-amd",0.06,"ssa",4,59.33
"pc2","4cpu-amd",0.06,"ssa",2,62.15
"pc2","4cpu-amd",0.06,"ssa",1,64.16
"pc2","4cpu-amd",0.06,"ssa",4,56.04
"pc2","4cpu-amd",0.06,"ssa",3,57.14
"pc2","4cpu-amd",0.06,"ssa",2,64.36
"pc2","4cpu-amd",0.06,"ssa",1,67.77
"pc2","4cpu-amd",0.06,"ssa",3,58.55
"pc2","4cpu-amd",0.06,"ssa",1,59.47
"pc2","4cpu-amd",0.06,"ssa",4,60.65
"pc2","4cpu-amd",0.06,"ssa",2,63.47
"pc2","4cpu-amd",0.06,"ssa",3,58.03
"pc2","4cpu-amd",0.06,"ssa",4,59.42
"pc2","4cpu-amd",0.06,"ssa",1,63.47
"pc2","4cpu-amd",0.06,"ssa",2,66.35
"pc2","4cpu-amd",0.06,"ssa",4,59.06
"pc2","4cpu-amd",0.06,"ssa",3,60.77
"pc2","4cpu-amd",0.06,"ssa",2,64.57
"pc2","4cpu-amd",0.06,"ssa",1,64.99
"pc2","4cpu-amd",0.07,"ssa",2,50.36
"pc2","4cpu-amd",0.07,"ssa",4,50.85
"pc2","4cpu-amd",0.07,"ssa",3,51.56
"pc2","4cpu-amd",0.07,"ssa",1,70.97
"pc2","4cpu-amd",0.07,"ssa",1,50.57
"pc2","4cpu-amd",0.07,"ssa",4,52.64
"pc2","4cpu-amd",0.07,"ssa",3,53.64
"pc2","4cpu-amd",0.07,"ssa",2,53.96
"pc2","4cpu-amd",0.07,"ssa",1,49.07
"pc2","4cpu-amd",0.07,"ssa",3,49.95
"pc2","4cpu-amd",0.07,"ssa",2,51.35
"pc2","4cpu-amd",0.07,"ssa",4,52.34
"pc2","4cpu-amd",0.07,"ssa",2,45.77
"pc2","4cpu-amd",0.07,"ssa",4,48.55
"pc2","4cpu-amd",0.07,"ssa",1,52.17
"pc2","4cpu-amd",0.07,"ssa",3,54.36
"pc2","4cpu-amd",0.07,"ssa",4,47.63
"pc2","4cpu-amd",0.07,"ssa",2,47.95
"pc2","4cpu-amd",0.07,"ssa",1,49.26
"pc2","4cpu-amd",0.07,"ssa",3,51.04
"pc2","4cpu-amd",0.07,"ssa",2,48.15
"pc2","4cpu-amd",0.07,"ssa",3,48.55
"pc2","4cpu-amd",0.07,"ssa",1,51.16
"pc2","4cpu-amd",0.07,"ssa",4,51.84
"pc2","4cpu-amd",0.07,"ssa",2,48.07
"pc2","4cpu-amd",0.07,"ssa",3,49.46
"pc2","4cpu-amd",0.07,"ssa",4,49.86
"pc2","4cpu-amd",0.07,"ssa",1,52.08
"pc2","4cpu-amd",0.07,"ssa",1,46.49
"pc2","4cpu-amd",0.07,"ssa",4,47.86
"pc2","4cpu-amd",0.07,"ssa",2,49.38
"pc2","4cpu-amd",0.07,"ssa",3,56.06
"pc2","4cpu-amd",0.07,"ssa",3,48.87
"pc2","4cpu-amd",0.07,"ssa",1,49.89
"pc2","4cpu-amd",0.07,"ssa",2,51.78
"pc2","4cpu-amd",0.07,"ssa",4,54.16
"pc2","4cpu-amd",0.07,"ssa",2,46.75
"pc2","4cpu-amd",0.07,"ssa",4,47.34
"pc2","4cpu-amd",0.07,"ssa",1,53.27
"pc2","4cpu-amd",0.07,"ssa",3,56.35
"pc2","4cpu-amd",0.07,"ssa",4,45.35
"pc2","4cpu-amd",0.07,"ssa",2,47.37
"pc2","4cpu-amd",0.07,"ssa",3,47.85
"pc2","4cpu-amd",0.07,"ssa",1,50.17
"pc2","4cpu-amd",0.07,"ssa",1,47.77
"pc2","4cpu-amd",0.07,"ssa",2,47.85
"pc2","4cpu-amd",0.07,"ssa",3,48.53
"pc2","4cpu-amd",0.07,"ssa",4,49.83
"pc2","4cpu-amd",0.07,"ssa",2,47.95
"pc2","4cpu-amd",0.07,"ssa",4,49.7
"pc2","4cpu-amd",0.07,"ssa",1,50.86
"pc2","4cpu-amd",0.07,"ssa",3,52.1
"pc2","4cpu-amd",0.07,"ssa",2,44.05
"pc2","4cpu-amd",0.07,"ssa",1,47.96
"pc2","4cpu-amd",0.07,"ssa",4,50.51
"pc2","4cpu-amd",0.07,"ssa",3,51.52
"pc2","4cpu-amd",0.07,"ssa",2,49.04
"pc2","4cpu-amd",0.07,"ssa",1,49.07
"pc2","4cpu-amd",0.07,"ssa",3,49.75
"pc2","4cpu-amd",0.07,"ssa",4,54.34
"pc2","4cpu-amd",0.07,"ssa",2,48.68
"pc2","4cpu-amd",0.07,"ssa",3,48.96
"pc2","4cpu-amd",0.07,"ssa",4,49.75
"pc2","4cpu-amd",0.07,"ssa",1,55.79
"pc2","4cpu-amd",0.07,"ssa",1,45.37
"pc2","4cpu-amd",0.07,"ssa",4,48.95
"pc2","4cpu-amd",0.07,"ssa",3,49.06
"pc2","4cpu-amd",0.07,"ssa",2,49.57
"pc2","4cpu-amd",0.07,"ssa",2,48.95
"pc2","4cpu-amd",0.07,"ssa",3,51.94
"pc2","4cpu-amd",0.07,"ssa",1,53.86
"pc2","4cpu-amd",0.07,"ssa",4,54.23
"pc2","4cpu-amd",0.07,"ssa",2,44.27
"pc2","4cpu-amd",0.07,"ssa",4,50.16
"pc2","4cpu-amd",0.07,"ssa",3,50.27
"pc2","4cpu-amd",0.07,"ssa",1,59.49
"pc2","4cpu-amd",0.07,"ssa",2,48.17
"pc2","4cpu-amd",0.07,"ssa",1,49.16
"pc2","4cpu-amd",0.07,"ssa",4,49.53
"pc2","4cpu-amd",0.07,"ssa",3,51.17
"pc2","4cpu-amd",0.07,"ssa",2,46.55
"pc2","4cpu-amd",0.07,"ssa",1,50.79
"pc2","4cpu-amd",0.07,"ssa",3,51.45
"pc2","4cpu-amd",0.07,"ssa",4,64.43
"pc2","4cpu-amd",0.07,"ssa",4,46.85
"pc2","4cpu-amd",0.07,"ssa",2,48.08
"pc2","4cpu-amd",0.07,"ssa",1,49.88
"pc2","4cpu-amd",0.07,"ssa",3,51.26
"pc2","4cpu-amd",0.07,"ssa",2,47.26
"pc2","4cpu-amd",0.07,"ssa",1,47.29
"pc2","4cpu-amd",0.07,"ssa",4,49.71
"pc2","4cpu-amd",0.07,"ssa",3,50.03
"pc2","4cpu-amd",0.07,"ssa",1,51.58
"pc2","4cpu-amd",0.07,"ssa",3,53.54
"pc2","4cpu-amd",0.07,"ssa",4,63.52
"pc2","4cpu-amd",0.07,"ssa",2,91.18
"pc2","4cpu-amd",0.07,"ssa",2,46.75
"pc2","4cpu-amd",0.07,"ssa",4,49.72
"pc2","4cpu-amd",0.07,"ssa",1,50.67
"pc2","4cpu-amd",0.07,"ssa",3,52.43
"pc2","4cpu-amd",0.07,"ssa",2,47.65
"pc2","4cpu-amd",0.07,"ssa",1,48.06
"pc2","4cpu-amd",0.07,"ssa",4,48.14
"pc2","4cpu-amd",0.07,"ssa",3,50.65
"pc2","4cpu-amd",0.07,"ssa",4,49.73
"pc2","4cpu-amd",0.07,"ssa",2,49.85
"pc2","4cpu-amd",0.07,"ssa",1,50.46
"pc2","4cpu-amd",0.07,"ssa",3,51.34
"pc2","4cpu-amd",0.07,"ssa",2,47.08
"pc2","4cpu-amd",0.07,"ssa",4,48.36
"pc2","4cpu-amd",0.07,"ssa",3,52.77
"pc2","4cpu-amd",0.07,"ssa",1,53.79
"pc2","4cpu-amd",0.07,"ssa",4,48.14
"pc2","4cpu-amd",0.07,"ssa",1,50.07
"pc2","4cpu-amd",0.07,"ssa",2,51.75
"pc2","4cpu-amd",0.07,"ssa",3,53.94
"pc2","4cpu-amd",0.07,"ssa",1,48.87
"pc2","4cpu-amd",0.07,"ssa",3,49.33
"pc2","4cpu-amd",0.07,"ssa",4,50.31
"pc2","4cpu-amd",0.07,"ssa",2,53.15
"pc2","4cpu-amd",0.08,"ssa",1,41.41
"pc2","4cpu-amd",0.08,"ssa",3,41.68
"pc2","4cpu-amd",0.08,"ssa",4,42.17
"pc2","4cpu-amd",0.08,"ssa",2,46.19
"pc2","4cpu-amd",0.08,"ssa",3,41.83
"pc2","4cpu-amd",0.08,"ssa",1,42.06
"pc2","4cpu-amd",0.08,"ssa",4,42.61
"pc2","4cpu-amd",0.08,"ssa",2,43.45
"pc2","4cpu-amd",0.08,"ssa",1,37.57
"pc2","4cpu-amd",0.08,"ssa",4,40.3
"pc2","4cpu-amd",0.08,"ssa",2,40.44
"pc2","4cpu-amd",0.08,"ssa",3,41.42
"pc2","4cpu-amd",0.08,"ssa",4,42.53
"pc2","4cpu-amd",0.08,"ssa",2,42.65
"pc2","4cpu-amd",0.08,"ssa",3,42.84
"pc2","4cpu-amd",0.08,"ssa",1,43.97
"pc2","4cpu-amd",0.08,"ssa",4,36.66
"pc2","4cpu-amd",0.08,"ssa",1,38.29
"pc2","4cpu-amd",0.08,"ssa",3,41.66
"pc2","4cpu-amd",0.08,"ssa",2,47.07
"pc2","4cpu-amd",0.08,"ssa",4,37.04
"pc2","4cpu-amd",0.08,"ssa",3,39.45
"pc2","4cpu-amd",0.08,"ssa",2,39.76
"pc2","4cpu-amd",0.08,"ssa",1,43.86
"pc2","4cpu-amd",0.08,"ssa",4,37.73
"pc2","4cpu-amd",0.08,"ssa",2,38.25
"pc2","4cpu-amd",0.08,"ssa",1,41.27
"pc2","4cpu-amd",0.08,"ssa",3,44.04
"pc2","4cpu-amd",0.08,"ssa",3,37.48
"pc2","4cpu-amd",0.08,"ssa",1,40.99
"pc2","4cpu-amd",0.08,"ssa",4,42.08
"pc2","4cpu-amd",0.08,"ssa",2,44.89
"pc2","4cpu-amd",0.08,"ssa",3,37.42
"pc2","4cpu-amd",0.08,"ssa",1,42.06
"pc2","4cpu-amd",0.08,"ssa",2,42.44
"pc2","4cpu-amd",0.08,"ssa",4,45.51
"pc2","4cpu-amd",0.08,"ssa",3,38.84
"pc2","4cpu-amd",0.08,"ssa",1,39.46
"pc2","4cpu-amd",0.08,"ssa",2,41.64
"pc2","4cpu-amd",0.08,"ssa",4,41.64
"pc2","4cpu-amd",0.08,"ssa",2,38.25
"pc2","4cpu-amd",0.08,"ssa",1,38.46
"pc2","4cpu-amd",0.08,"ssa",4,40.64
"pc2","4cpu-amd",0.08,"ssa",3,42.84
"pc2","4cpu-amd",0.08,"ssa",4,40.84
"pc2","4cpu-amd",0.08,"ssa",2,40.86
"pc2","4cpu-amd",0.08,"ssa",1,43.67
"pc2","4cpu-amd",0.08,"ssa",3,44.85
"pc2","4cpu-amd",0.08,"ssa",1,38.66
"pc2","4cpu-amd",0.08,"ssa",4,40.03
"pc2","4cpu-amd",0.08,"ssa",3,40.94
"pc2","4cpu-amd",0.08,"ssa",2,43.84
"pc2","4cpu-amd",0.08,"ssa",4,36.35
"pc2","4cpu-amd",0.08,"ssa",2,40.27
"pc2","4cpu-amd",0.08,"ssa",3,41.06
"pc2","4cpu-amd",0.08,"ssa",1,43.98
"pc2","4cpu-amd",0.08,"ssa",4,39.23
"pc2","4cpu-amd",0.08,"ssa",2,39.85
"pc2","4cpu-amd",0.08,"ssa",3,40.24
"pc2","4cpu-amd",0.08,"ssa",1,46.16
"pc2","4cpu-amd",0.08,"ssa",2,38.95
"pc2","4cpu-amd",0.08,"ssa",3,40.64
"pc2","4cpu-amd",0.08,"ssa",1,42.86
"pc2","4cpu-amd",0.08,"ssa",4,43.93
"pc2","4cpu-amd",0.08,"ssa",1,40.36
"pc2","4cpu-amd",0.08,"ssa",2,41.35
"pc2","4cpu-amd",0.08,"ssa",3,41.44
"pc2","4cpu-amd",0.08,"ssa",4,42.33
"pc2","4cpu-amd",0.08,"ssa",1,38.68
"pc2","4cpu-amd",0.08,"ssa",3,39.26
"pc2","4cpu-amd",0.08,"ssa",2,40.88
"pc2","4cpu-amd",0.08,"ssa",4,45.26
"pc2","4cpu-amd",0.08,"ssa",4,40.84
"pc2","4cpu-amd",0.08,"ssa",2,40.95
"pc2","4cpu-amd",0.08,"ssa",1,41.37
"pc2","4cpu-amd",0.08,"ssa",3,42.85
"pc2","4cpu-amd",0.08,"ssa",2,38.38
"pc2","4cpu-amd",0.08,"ssa",4,40.66
"pc2","4cpu-amd",0.08,"ssa",1,43.09
"pc2","4cpu-amd",0.08,"ssa",3,43.97
"pc2","4cpu-amd",0.08,"ssa",1,39.97
"pc2","4cpu-amd",0.08,"ssa",3,41.75
"pc2","4cpu-amd",0.08,"ssa",4,41.93
"pc2","4cpu-amd",0.08,"ssa",2,46.45
"pc2","4cpu-amd",0.08,"ssa",2,37.96
"pc2","4cpu-amd",0.08,"ssa",4,39.84
"pc2","4cpu-amd",0.08,"ssa",3,40.44
"pc2","4cpu-amd",0.08,"ssa",1,42.17
"pc2","4cpu-amd",0.08,"ssa",2,41.27
"pc2","4cpu-amd",0.08,"ssa",4,41.67
"pc2","4cpu-amd",0.08,"ssa",1,42.78
"pc2","4cpu-amd",0.08,"ssa",3,43.07
"pc2","4cpu-amd",0.08,"ssa",3,36.94
"pc2","4cpu-amd",0.08,"ssa",2,38.55
"pc2","4cpu-amd",0.08,"ssa",1,43.67
"pc2","4cpu-amd",0.08,"ssa",4,44.34
"pc2","4cpu-amd",0.08,"ssa",3,40.26
"pc2","4cpu-amd",0.08,"ssa",2,40.38
"pc2","4cpu-amd",0.08,"ssa",1,40.98
"pc2","4cpu-amd",0.08,"ssa",4,45.76
"pc2","4cpu-amd",0.08,"ssa",2,39.44
"pc2","4cpu-amd",0.08,"ssa",1,40.94
"pc2","4cpu-amd",0.08,"ssa",3,41.55
"pc2","4cpu-amd",0.08,"ssa",4,41.55
"pc2","4cpu-amd",0.08,"ssa",2,37.68
"pc2","4cpu-amd",0.08,"ssa",1,41.09
"pc2","4cpu-amd",0.08,"ssa",4,41.97
"pc2","4cpu-amd",0.08,"ssa",3,42.57
"pc2","4cpu-amd",0.08,"ssa",4,39.81
"pc2","4cpu-amd",0.08,"ssa",2,40.35
"pc2","4cpu-amd",0.08,"ssa",1,41.56
"pc2","4cpu-amd",0.08,"ssa",3,61.63
"pc2","4cpu-amd",0.08,"ssa",3,35.95
"pc2","4cpu-amd",0.08,"ssa",1,38.47
"pc2","4cpu-amd",0.08,"ssa",2,42.06
"pc2","4cpu-amd",0.08,"ssa",4,43.05
"pc2","4cpu-amd",0.08,"ssa",4,37.86
"pc2","4cpu-amd",0.08,"ssa",3,38.77
"pc2","4cpu-amd",0.08,"ssa",2,38.98
"pc2","4cpu-amd",0.08,"ssa",1,45.39
"pc2","4cpu-amd",0.09,"ssa",1,33.85
"pc2","4cpu-amd",0.09,"ssa",4,33.85
"pc2","4cpu-amd",0.09,"ssa",3,40.97
"pc2","4cpu-amd",0.09,"ssa",2,44.1
"pc2","4cpu-amd",0.09,"ssa",4,35.52
"pc2","4cpu-amd",0.09,"ssa",1,37.07
"pc2","4cpu-amd",0.09,"ssa",2,40.05
"pc2","4cpu-amd",0.09,"ssa",3,40.54
"pc2","4cpu-amd",0.09,"ssa",4,33.36
"pc2","4cpu-amd",0.09,"ssa",2,35.96
"pc2","4cpu-amd",0.09,"ssa",1,37.08
"pc2","4cpu-amd",0.09,"ssa",3,37.26
"pc2","4cpu-amd",0.09,"ssa",4,32.86
"pc2","4cpu-amd",0.09,"ssa",2,33.77
"pc2","4cpu-amd",0.09,"ssa",1,38.58
"pc2","4cpu-amd",0.09,"ssa",3,38.76
"pc2","4cpu-amd",0.09,"ssa",4,31.61
"pc2","4cpu-amd",0.09,"ssa",2,35.06
"pc2","4cpu-amd",0.09,"ssa",3,36.53
"pc2","4cpu-amd",0.09,"ssa",1,39.68
"pc2","4cpu-amd",0.09,"ssa",4,34.86
"pc2","4cpu-amd",0.09,"ssa",2,37.08
"pc2","4cpu-amd",0.09,"ssa",3,39.28
"pc2","4cpu-amd",0.09,"ssa",1,40.59
"pc2","4cpu-amd",0.09,"ssa",2,33.56
"pc2","4cpu-amd",0.09,"ssa",4,33.84
"pc2","4cpu-amd",0.09,"ssa",1,35.36
"pc2","4cpu-amd",0.09,"ssa",3,40.64
"pc2","4cpu-amd",0.09,"ssa",4,32.64
"pc2","4cpu-amd",0.09,"ssa",2,36.07
"pc2","4cpu-amd",0.09,"ssa",1,36.68
"pc2","4cpu-amd",0.09,"ssa",3,39.95
"pc2","4cpu-amd",0.09,"ssa",4,31.66
"pc2","4cpu-amd",0.09,"ssa",2,37.78
"pc2","4cpu-amd",0.09,"ssa",3,37.87
"pc2","4cpu-amd",0.09,"ssa",1,43.98
"pc2","4cpu-amd",0.09,"ssa",4,33.05
"pc2","4cpu-amd",0.09,"ssa",1,37.17
"pc2","4cpu-amd",0.09,"ssa",3,37.75
"pc2","4cpu-amd",0.09,"ssa",2,38.76
"pc2","4cpu-amd",0.09,"ssa",2,34.15
"pc2","4cpu-amd",0.09,"ssa",3,34.24
"pc2","4cpu-amd",0.09,"ssa",4,34.83
"pc2","4cpu-amd",0.09,"ssa",1,39.86
"pc2","4cpu-amd",0.09,"ssa",3,35.34
"pc2","4cpu-amd",0.09,"ssa",4,35.64
"pc2","4cpu-amd",0.09,"ssa",2,36.05
"pc2","4cpu-amd",0.09,"ssa",1,38.17
"pc2","4cpu-amd",0.09,"ssa",4,31.97
"pc2","4cpu-amd",0.09,"ssa",2,33.57
"pc2","4cpu-amd",0.09,"ssa",1,37.08
"pc2","4cpu-amd",0.09,"ssa",3,38.16
"pc2","4cpu-amd",0.09,"ssa",4,33.04
"pc2","4cpu-amd",0.09,"ssa",3,33.54
"pc2","4cpu-amd",0.09,"ssa",2,40.15
"pc2","4cpu-amd",0.09,"ssa",1,40.57
"pc2","4cpu-amd",0.09,"ssa",4,29.73
"pc2","4cpu-amd",0.09,"ssa",3,33.84
"pc2","4cpu-amd",0.09,"ssa",2,34.65
"pc2","4cpu-amd",0.09,"ssa",1,36.77
"pc2","4cpu-amd",0.09,"ssa",2,32.95
"pc2","4cpu-amd",0.09,"ssa",4,33.53
"pc2","4cpu-amd",0.09,"ssa",3,35.63
"pc2","4cpu-amd",0.09,"ssa",1,35.96
"pc2","4cpu-amd",0.09,"ssa",4,33.13
"pc2","4cpu-amd",0.09,"ssa",2,34.05
"pc2","4cpu-amd",0.09,"ssa",3,34.44
"pc2","4cpu-amd",0.09,"ssa",1,36.66
"pc2","4cpu-amd",0.09,"ssa",4,32.52
"pc2","4cpu-amd",0.09,"ssa",2,39.14
"pc2","4cpu-amd",0.09,"ssa",3,40.04
"pc2","4cpu-amd",0.09,"ssa",1,47.24
"pc2","4cpu-amd",0.09,"ssa",3,32.94
"pc2","4cpu-amd",0.09,"ssa",4,33.93
"pc2","4cpu-amd",0.09,"ssa",1,34.66
"pc2","4cpu-amd",0.09,"ssa",2,35.85
"pc2","4cpu-amd",0.09,"ssa",3,36.25
"pc2","4cpu-amd",0.09,"ssa",2,36.25
"pc2","4cpu-amd",0.09,"ssa",1,38.97
"pc2","4cpu-amd",0.09,"ssa",4,33.25
"pc2","4cpu-amd",0.09,"ssa",1,33.57
"pc2","4cpu-amd",0.09,"ssa",2,36.27
"pc2","4cpu-amd",0.09,"ssa",3,39.36
"pc2","4cpu-amd",0.09,"ssa",4,32.06
"pc2","4cpu-amd",0.09,"ssa",1,34.78
"pc2","4cpu-amd",0.09,"ssa",2,38.18
"pc2","4cpu-amd",0.09,"ssa",3,42.37
"pc2","4cpu-amd",0.09,"ssa",4,32.93
"pc2","4cpu-amd",0.09,"ssa",2,36.75
"pc2","4cpu-amd",0.09,"ssa",3,37.34
"pc2","4cpu-amd",0.09,"ssa",1,47.97
"pc2","4cpu-amd",0.09,"ssa",3,32.52
"pc2","4cpu-amd",0.09,"ssa",4,33.31
"pc2","4cpu-amd",0.09,"ssa",1,34.26
"pc2","4cpu-amd",0.09,"ssa",2,38.73
"pc2","4cpu-amd",0.09,"ssa",4,31.85
"pc2","4cpu-amd",0.09,"ssa",1,35.58
"pc2","4cpu-amd",0.09,"ssa",3,38.06
"pc2","4cpu-amd",0.09,"ssa",2,41.18
"pc2","4cpu-amd",0.09,"ssa",4,33.04
"pc2","4cpu-amd",0.09,"ssa",3,36.85
"pc2","4cpu-amd",0.09,"ssa",1,37.76
"pc2","4cpu-amd",0.09,"ssa",2,39.45
"pc2","4cpu-amd",0.09,"ssa",4,31.74
"pc2","4cpu-amd",0.09,"ssa",2,35.85
"pc2","4cpu-amd",0.09,"ssa",3,35.85
"pc2","4cpu-amd",0.09,"ssa",1,38.78
"pc2","4cpu-amd",0.09,"ssa",4,33.93
"pc2","4cpu-amd",0.09,"ssa",2,35.36
"pc2","4cpu-amd",0.09,"ssa",1,36.38
"pc2","4cpu-amd",0.09,"ssa",3,42.15
"pc2","4cpu-amd",0.09,"ssa",4,31.95
"pc2","4cpu-amd",0.09,"ssa",2,34.47
"pc2","4cpu-amd",0.09,"ssa",1,35.28
"pc2","4cpu-amd",0.09,"ssa",3,38.16
"pc2","4cpu-amd",0.09,"ssa",4,32.05
"pc2","4cpu-amd",0.09,"ssa",3,33.96
"pc2","4cpu-amd",0.09,"ssa",1,36.78
"pc2","4cpu-amd",0.09,"ssa",2,38.67
"pc2","4cpu-amd",0.11,"ssa",4,28.41
"pc2","4cpu-amd",0.11,"ssa",3,30.11
"pc2","4cpu-amd",0.11,"ssa",2,30.83
"pc2","4cpu-amd",0.11,"ssa",3,27.53
"pc2","4cpu-amd",0.11,"ssa",2,27.55
"pc2","4cpu-amd",0.11,"ssa",1,29.87
"pc2","4cpu-amd",0.11,"ssa",4,29.93
"pc2","4cpu-amd",0.11,"ssa",3,24.17
"pc2","4cpu-amd",0.11,"ssa",4,25.66
"pc2","4cpu-amd",0.11,"ssa",1,28.29
"pc2","4cpu-amd",0.11,"ssa",2,29.18
"pc2","4cpu-amd",0.11,"ssa",3,23.84
"pc2","4cpu-amd",0.11,"ssa",2,26.96
"pc2","4cpu-amd",0.11,"ssa",4,27.73
"pc2","4cpu-amd",0.11,"ssa",1,28.88
"pc2","4cpu-amd",0.11,"ssa",2,24.65
"pc2","4cpu-amd",0.11,"ssa",3,26.03
"pc2","4cpu-amd",0.11,"ssa",1,26.65
"pc2","4cpu-amd",0.11,"ssa",4,28.32
"pc2","4cpu-amd",0.11,"ssa",4,25.34
"pc2","4cpu-amd",0.11,"ssa",3,26.85
"pc2","4cpu-amd",0.11,"ssa",2,27.96
"pc2","4cpu-amd",0.11,"ssa",1,28.37
"pc2","4cpu-amd",0.11,"ssa",2,24.25
"pc2","4cpu-amd",0.11,"ssa",3,24.43
"pc2","4cpu-amd",0.11,"ssa",4,24.93
"pc2","4cpu-amd",0.11,"ssa",1,26.27
"pc2","4cpu-amd",0.11,"ssa",1,26.98
"pc2","4cpu-amd",0.11,"ssa",2,27.86
"pc2","4cpu-amd",0.11,"ssa",3,28.24
"pc2","4cpu-amd",0.11,"ssa",4,29.92
"pc2","4cpu-amd",0.11,"ssa",2,23.48
"pc2","4cpu-amd",0.11,"ssa",3,24.37
"pc2","4cpu-amd",0.11,"ssa",4,26.46
"pc2","4cpu-amd",0.11,"ssa",1,29.6
"pc2","4cpu-amd",0.11,"ssa",2,24.64
"pc2","4cpu-amd",0.11,"ssa",4,25.32
"pc2","4cpu-amd",0.11,"ssa",3,27.14
"pc2","4cpu-amd",0.11,"ssa",1,27.85
"pc2","4cpu-amd",0.11,"ssa",4,23.54
"pc2","4cpu-amd",0.11,"ssa",3,25.54
"pc2","4cpu-amd",0.11,"ssa",2,26.14
"pc2","4cpu-amd",0.11,"ssa",1,27.66
"pc2","4cpu-amd",0.11,"ssa",3,23.66
"pc2","4cpu-amd",0.11,"ssa",1,24.98
"pc2","4cpu-amd",0.11,"ssa",4,27.66
"pc2","4cpu-amd",0.11,"ssa",2,28.37
"pc2","4cpu-amd",0.11,"ssa",3,24.31
"pc2","4cpu-amd",0.11,"ssa",4,24.9
"pc2","4cpu-amd",0.11,"ssa",1,27.17
"pc2","4cpu-amd",0.11,"ssa",2,30.25
"pc2","4cpu-amd",0.11,"ssa",2,24.02
"pc2","4cpu-amd",0.11,"ssa",3,26.41
"pc2","4cpu-amd",0.11,"ssa",1,28.04
"pc2","4cpu-amd",0.11,"ssa",4,29.19
"pc2","4cpu-amd",0.11,"ssa",3,23.74
"pc2","4cpu-amd",0.11,"ssa",1,24.96
"pc2","4cpu-amd",0.11,"ssa",4,14.48
"pc2","4cpu-amd",0.11,"ssa",2,26.44
"pc2","4cpu-amd",0.11,"ssa",3,24.47
"pc2","4cpu-amd",0.11,"ssa",1,26.28
"pc2","4cpu-amd",0.11,"ssa",2,27.88
"pc2","4cpu-amd",0.11,"ssa",4,28.16
"pc2","4cpu-amd",0.11,"ssa",2,25.37
"pc2","4cpu-amd",0.11,"ssa",4,25.55
"pc2","4cpu-amd",0.11,"ssa",3,26.35
"pc2","4cpu-amd",0.11,"ssa",1,27.48
"pc2","4cpu-amd",0.11,"ssa",3,24.94
"pc2","4cpu-amd",0.11,"ssa",2,25.35
"pc2","4cpu-amd",0.11,"ssa",1,28.16
"pc2","4cpu-amd",0.11,"ssa",4,29.53
"pc2","4cpu-amd",0.11,"ssa",4,22.12
"pc2","4cpu-amd",0.11,"ssa",3,25.53
"pc2","4cpu-amd",0.11,"ssa",2,25.85
"pc2","4cpu-amd",0.11,"ssa",1,26.07
"pc2","4cpu-amd",0.11,"ssa",2,25.64
"pc2","4cpu-amd",0.11,"ssa",3,26.31
"pc2","4cpu-amd",0.11,"ssa",4,27.8
"pc2","4cpu-amd",0.11,"ssa",1,27.94
"pc2","4cpu-amd",0.11,"ssa",4,22.78
"pc2","4cpu-amd",0.11,"ssa",2,23.78
"pc2","4cpu-amd",0.11,"ssa",3,25.97
"pc2","4cpu-amd",0.11,"ssa",1,30.99
"pc2","4cpu-amd",0.11,"ssa",3,23.97
"pc2","4cpu-amd",0.11,"ssa",1,24.69
"pc2","4cpu-amd",0.11,"ssa",2,25.98
"pc2","4cpu-amd",0.11,"ssa",4,26.46
"pc2","4cpu-amd",0.11,"ssa",4,21.93
"pc2","4cpu-amd",0.11,"ssa",2,23.85
"pc2","4cpu-amd",0.11,"ssa",3,26.84
"pc2","4cpu-amd",0.11,"ssa",1,30.25
"pc2","4cpu-amd",0.11,"ssa",4,25.37
"pc2","4cpu-amd",0.11,"ssa",3,25.57
"pc2","4cpu-amd",0.11,"ssa",1,27.59
"pc2","4cpu-amd",0.11,"ssa",2,28.48
"pc2","4cpu-amd",0.11,"ssa",2,23.16
"pc2","4cpu-amd",0.11,"ssa",3,23.33
"pc2","4cpu-amd",0.11,"ssa",4,24.04
"pc2","4cpu-amd",0.11,"ssa",1,26.97
"pc2","4cpu-amd",0.11,"ssa",3,25.27
"pc2","4cpu-amd",0.11,"ssa",4,27.16
"pc2","4cpu-amd",0.11,"ssa",2,28.08
"pc2","4cpu-amd",0.11,"ssa",1,29.49
"pc2","4cpu-amd",0.11,"ssa",2,24.25
"pc2","4cpu-amd",0.11,"ssa",3,26.04
"pc2","4cpu-amd",0.11,"ssa",4,26.13
"pc2","4cpu-amd",0.11,"ssa",1,29.16
"pc2","4cpu-amd",0.11,"ssa",3,22.04
"pc2","4cpu-amd",0.11,"ssa",4,27.03
"pc2","4cpu-amd",0.11,"ssa",1,27.07
"pc2","4cpu-amd",0.11,"ssa",2,27.96
"pc2","4cpu-amd",0.11,"ssa",3,24.13
"pc2","4cpu-amd",0.11,"ssa",4,26.02
"pc2","4cpu-amd",0.11,"ssa",2,26.45
"pc2","4cpu-amd",0.11,"ssa",1,28.85
"pc2","4cpu-amd",0.11,"ssa",3,23.48
"pc2","4cpu-amd",0.11,"ssa",1,26.89
"pc2","4cpu-amd",0.11,"ssa",2,27.87
"pc2","4cpu-amd",0.11,"ssa",4,29.56
"pc2","4cpu-amd",0.12,"ssa",3,20.32
"pc2","4cpu-amd",0.12,"ssa",1,21.72
"pc2","4cpu-amd",0.12,"ssa",2,25.12
"pc2","4cpu-amd",0.12,"ssa",4,26.41
"pc2","4cpu-amd",0.12,"ssa",3,22.23
"pc2","4cpu-amd",0.12,"ssa",4,23.12
"pc2","4cpu-amd",0.12,"ssa",1,24.07
"pc2","4cpu-amd",0.12,"ssa",2,24.35
"pc2","4cpu-amd",0.12,"ssa",1,21.98
"pc2","4cpu-amd",0.12,"ssa",4,22.96
"pc2","4cpu-amd",0.12,"ssa",3,23.26
"pc2","4cpu-amd",0.12,"ssa",2,24.77
"pc2","4cpu-amd",0.12,"ssa",2,20.56
"pc2","4cpu-amd",0.12,"ssa",3,21.35
"pc2","4cpu-amd",0.12,"ssa",1,22.46
"pc2","4cpu-amd",0.12,"ssa",4,22.53
"pc2","4cpu-amd",0.12,"ssa",4,19.26
"pc2","4cpu-amd",0.12,"ssa",3,22.57
"pc2","4cpu-amd",0.12,"ssa",2,22.99
"pc2","4cpu-amd",0.12,"ssa",1,23.89
"pc2","4cpu-amd",0.12,"ssa",2,21.36
"pc2","4cpu-amd",0.12,"ssa",3,21.57
"pc2","4cpu-amd",0.12,"ssa",4,22.75
"pc2","4cpu-amd",0.12,"ssa",1,25.28
"pc2","4cpu-amd",0.12,"ssa",1,19.45
"pc2","4cpu-amd",0.12,"ssa",4,20.84
"pc2","4cpu-amd",0.12,"ssa",2,21.34
"pc2","4cpu-amd",0.12,"ssa",3,24.13
"pc2","4cpu-amd",0.12,"ssa",3,19.13
"pc2","4cpu-amd",0.12,"ssa",2,19.66
"pc2","4cpu-amd",0.12,"ssa",4,21.14
"pc2","4cpu-amd",0.12,"ssa",1,23.17
"pc2","4cpu-amd",0.12,"ssa",4,21.46
"pc2","4cpu-amd",0.12,"ssa",3,21.87
"pc2","4cpu-amd",0.12,"ssa",2,23.58
"pc2","4cpu-amd",0.12,"ssa",1,23.98
"pc2","4cpu-amd",0.12,"ssa",2,19.85
"pc2","4cpu-amd",0.12,"ssa",3,20.35
"pc2","4cpu-amd",0.12,"ssa",4,20.93
"pc2","4cpu-amd",0.12,"ssa",1,22.37
"pc2","4cpu-amd",0.12,"ssa",3,21.42
"pc2","4cpu-amd",0.12,"ssa",4,22.3
"pc2","4cpu-amd",0.12,"ssa",2,23.25
"pc2","4cpu-amd",0.12,"ssa",1,23.68
"pc2","4cpu-amd",0.12,"ssa",2,21.77
"pc2","4cpu-amd",0.12,"ssa",3,21.96
"pc2","4cpu-amd",0.12,"ssa",4,23.45
"pc2","4cpu-amd",0.12,"ssa",1,26.87
"pc2","4cpu-amd",0.12,"ssa",4,20.94
"pc2","4cpu-amd",0.12,"ssa",1,21.78
"pc2","4cpu-amd",0.12,"ssa",2,23.46
"pc2","4cpu-amd",0.12,"ssa",3,25.26
"pc2","4cpu-amd",0.12,"ssa",3,20.23
"pc2","4cpu-amd",0.12,"ssa",4,20.82
"pc2","4cpu-amd",0.12,"ssa",2,21.44
"pc2","4cpu-amd",0.12,"ssa",1,25.87
"pc2","4cpu-amd",0.12,"ssa",1,21.34
"pc2","4cpu-amd",0.12,"ssa",4,21.33
"pc2","4cpu-amd",0.12,"ssa",2,23.65
"pc2","4cpu-amd",0.12,"ssa",3,23.93
"pc2","4cpu-amd",0.12,"ssa",4,19.76
"pc2","4cpu-amd",0.12,"ssa",3,20.47
"pc2","4cpu-amd",0.12,"ssa",2,21.48
"pc2","4cpu-amd",0.12,"ssa",1,22.59
"pc2","4cpu-amd",0.12,"ssa",4,19.63
"pc2","4cpu-amd",0.12,"ssa",3,22.33
"pc2","4cpu-amd",0.12,"ssa",2,23.14
"pc2","4cpu-amd",0.12,"ssa",1,24.45
"pc2","4cpu-amd",0.12,"ssa",1,20.87
"pc2","4cpu-amd",0.12,"ssa",3,21.04
"pc2","4cpu-amd",0.12,"ssa",4,22.35
"pc2","4cpu-amd",0.12,"ssa",2,30.86
"pc2","4cpu-amd",0.12,"ssa",4,21.05
"pc2","4cpu-amd",0.12,"ssa",1,21.24
"pc2","4cpu-amd",0.12,"ssa",2,21.94
"pc2","4cpu-amd",0.12,"ssa",3,23.24
"pc2","4cpu-amd",0.12,"ssa",2,21.48
"pc2","4cpu-amd",0.12,"ssa",4,21.76
"pc2","4cpu-amd",0.12,"ssa",3,22.08
"pc2","4cpu-amd",0.12,"ssa",1,27.09
"pc2","4cpu-amd",0.12,"ssa",4,21.14
"pc2","4cpu-amd",0.12,"ssa",1,21.27
"pc2","4cpu-amd",0.12,"ssa",2,21.55
"pc2","4cpu-amd",0.12,"ssa",3,24.65
"pc2","4cpu-amd",0.12,"ssa",2,21.17
"pc2","4cpu-amd",0.12,"ssa",3,21.26
"pc2","4cpu-amd",0.12,"ssa",4,25.15
"pc2","4cpu-amd",0.12,"ssa",1,25.69
"pc2","4cpu-amd",0.12,"ssa",4,19.53
"pc2","4cpu-amd",0.12,"ssa",3,21.23
"pc2","4cpu-amd",0.12,"ssa",2,23.55
"pc2","4cpu-amd",0.12,"ssa",1,24.56
"pc2","4cpu-amd",0.12,"ssa",3,20.56
"pc2","4cpu-amd",0.12,"ssa",4,21.83
"pc2","4cpu-amd",0.12,"ssa",1,22.47
"pc2","4cpu-amd",0.12,"ssa",2,24.05
"pc2","4cpu-amd",0.12,"ssa",4,20.93
"pc2","4cpu-amd",0.12,"ssa",1,21.86
"pc2","4cpu-amd",0.12,"ssa",2,22.75
"pc2","4cpu-amd",0.12,"ssa",3,26.43
"pc2","4cpu-amd",0.12,"ssa",3,19.45
"pc2","4cpu-amd",0.12,"ssa",1,21.86
"pc2","4cpu-amd",0.12,"ssa",4,22.44
"pc2","4cpu-amd",0.12,"ssa",2,22.85
"pc2","4cpu-amd",0.12,"ssa",4,21.04
"pc2","4cpu-amd",0.12,"ssa",2,23.16
"pc2","4cpu-amd",0.12,"ssa",1,23.97
"pc2","4cpu-amd",0.12,"ssa",3,24.64
"pc2","4cpu-amd",0.12,"ssa",2,20.18
"pc2","4cpu-amd",0.12,"ssa",3,21.07
"pc2","4cpu-amd",0.12,"ssa",4,22.26
"pc2","4cpu-amd",0.12,"ssa",1,24.29
"pc2","4cpu-amd",0.12,"ssa",2,20.45
"pc2","4cpu-amd",0.12,"ssa",4,21.23
"pc2","4cpu-amd",0.12,"ssa",1,21.96
"pc2","4cpu-amd",0.12,"ssa",3,24.35
"pc2","4cpu-amd",0.12,"ssa",4,20.03
"pc2","4cpu-amd",0.12,"ssa",1,21.25
"pc2","4cpu-amd",0.12,"ssa",3,21.33
"pc2","4cpu-amd",0.12,"ssa",2,22.04
"pc2","4cpu-amd",0.13,"ssa",4,21.61
"pc2","4cpu-amd",0.13,"ssa",3,12.06
"pc2","4cpu-amd",0.13,"ssa",2,18.87
"pc2","4cpu-amd",0.13,"ssa",3,19.46
"pc2","4cpu-amd",0.13,"ssa",4,19.94
"pc2","4cpu-amd",0.13,"ssa",1,21.06
"pc2","4cpu-amd",0.13,"ssa",4,17.33
"pc2","4cpu-amd",0.13,"ssa",2,19.55
"pc2","4cpu-amd",0.13,"ssa",1,21.36
"pc2","4cpu-amd",0.13,"ssa",3,21.74
"pc2","4cpu-amd",0.13,"ssa",2,17.15
"pc2","4cpu-amd",0.13,"ssa",4,18.23
"pc2","4cpu-amd",0.13,"ssa",1,19.27
"pc2","4cpu-amd",0.13,"ssa",3,20.14
"pc2","4cpu-amd",0.13,"ssa",2,17.28
"pc2","4cpu-amd",0.13,"ssa",4,17.45
"pc2","4cpu-amd",0.13,"ssa",3,21.15
"pc2","4cpu-amd",0.13,"ssa",1,21.28
"pc2","4cpu-amd",0.13,"ssa",4,18.45
"pc2","4cpu-amd",0.13,"ssa",2,18.86
"pc2","4cpu-amd",0.13,"ssa",1,21.37
"pc2","4cpu-amd",0.13,"ssa",3,22.75
"pc2","4cpu-amd",0.13,"ssa",4,19.28
"pc2","4cpu-amd",0.13,"ssa",3,19.88
"pc2","4cpu-amd",0.13,"ssa",1,19.99
"pc2","4cpu-amd",0.13,"ssa",2,20.18
"pc2","4cpu-amd",0.13,"ssa",4,18.74
"pc2","4cpu-amd",0.13,"ssa",3,19.24
"pc2","4cpu-amd",0.13,"ssa",2,19.65
"pc2","4cpu-amd",0.13,"ssa",1,20.86
"pc2","4cpu-amd",0.13,"ssa",2,18.59
"pc2","4cpu-amd",0.13,"ssa",1,20.08
"pc2","4cpu-amd",0.13,"ssa",4,20.26
"pc2","4cpu-amd",0.13,"ssa",3,20.37
"pc2","4cpu-amd",0.13,"ssa",2,17.28
"pc2","4cpu-amd",0.13,"ssa",3,17.68
"pc2","4cpu-amd",0.13,"ssa",4,18.07
"pc2","4cpu-amd",0.13,"ssa",1,19.68
"pc2","4cpu-amd",0.13,"ssa",2,17.35
"pc2","4cpu-amd",0.13,"ssa",4,17.57
"pc2","4cpu-amd",0.13,"ssa",1,17.57
"pc2","4cpu-amd",0.13,"ssa",3,18.73
"pc2","4cpu-amd",0.13,"ssa",4,17.84
"pc2","4cpu-amd",0.13,"ssa",2,19.65
"pc2","4cpu-amd",0.13,"ssa",3,21.55
"pc2","4cpu-amd",0.13,"ssa",1,22.27
"pc2","4cpu-amd",0.13,"ssa",4,17.14
"pc2","4cpu-amd",0.13,"ssa",2,17.17
"pc2","4cpu-amd",0.13,"ssa",1,20.38
"pc2","4cpu-amd",0.13,"ssa",3,20.44
"pc2","4cpu-amd",0.13,"ssa",4,17.37
"pc2","4cpu-amd",0.13,"ssa",2,18.6
"pc2","4cpu-amd",0.13,"ssa",3,19.47
"pc2","4cpu-amd",0.13,"ssa",1,19.99
"pc2","4cpu-amd",0.13,"ssa",2,17.37
"pc2","4cpu-amd",0.13,"ssa",4,18.28
"pc2","4cpu-amd",0.13,"ssa",3,19.46
"pc2","4cpu-amd",0.13,"ssa",1,20.97
"pc2","4cpu-amd",0.13,"ssa",4,17.78
"pc2","4cpu-amd",0.13,"ssa",2,18.89
"pc2","4cpu-amd",0.13,"ssa",1,21.7
"pc2","4cpu-amd",0.13,"ssa",3,21.98
"pc2","4cpu-amd",0.13,"ssa",4,17.06
"pc2","4cpu-amd",0.13,"ssa",2,18.37
"pc2","4cpu-amd",0.13,"ssa",1,20.19
"pc2","4cpu-amd",0.13,"ssa",3,22.67
"pc2","4cpu-amd",0.13,"ssa",2,18.08
"pc2","4cpu-amd",0.13,"ssa",4,19.06
"pc2","4cpu-amd",0.13,"ssa",1,21.18
"pc2","4cpu-amd",0.13,"ssa",3,23.17
"pc2","4cpu-amd",0.13,"ssa",4,18.32
"pc2","4cpu-amd",0.13,"ssa",3,18.42
"pc2","4cpu-amd",0.13,"ssa",2,18.93
"pc2","4cpu-amd",0.13,"ssa",1,22.34
"pc2","4cpu-amd",0.13,"ssa",4,18.97
"pc2","4cpu-amd",0.13,"ssa",2,20.29
"pc2","4cpu-amd",0.13,"ssa",3,20.68
"pc2","4cpu-amd",0.13,"ssa",1,22.49
"pc2","4cpu-amd",0.13,"ssa",4,17.84
"pc2","4cpu-amd",0.13,"ssa",2,18.85
"pc2","4cpu-amd",0.13,"ssa",1,19.54
"pc2","4cpu-amd",0.13,"ssa",3,19.54
"pc2","4cpu-amd",0.13,"ssa",4,18.23
"pc2","4cpu-amd",0.13,"ssa",1,18.96
"pc2","4cpu-amd",0.13,"ssa",2,19.35
"pc2","4cpu-amd",0.13,"ssa",3,20.34
"pc2","4cpu-amd",0.13,"ssa",4,17.21
"pc2","4cpu-amd",0.13,"ssa",2,17.42
"pc2","4cpu-amd",0.13,"ssa",1,21.05
"pc2","4cpu-amd",0.13,"ssa",3,21.31
"pc2","4cpu-amd",0.13,"ssa",4,16.55
"pc2","4cpu-amd",0.13,"ssa",2,18.48
"pc2","4cpu-amd",0.13,"ssa",1,20.58
"pc2","4cpu-amd",0.13,"ssa",3,21.07
"pc2","4cpu-amd",0.13,"ssa",4,17.22
"pc2","4cpu-amd",0.13,"ssa",2,18.03
"pc2","4cpu-amd",0.13,"ssa",1,18.45
"pc2","4cpu-amd",0.13,"ssa",3,22.22
"pc2","4cpu-amd",0.13,"ssa",2,17.05
"pc2","4cpu-amd",0.13,"ssa",4,17.84
"pc2","4cpu-amd",0.13,"ssa",1,18.07
"pc2","4cpu-amd",0.13,"ssa",3,20.04
"pc2","4cpu-amd",0.13,"ssa",4,17.73
"pc2","4cpu-amd",0.13,"ssa",2,19.26
"pc2","4cpu-amd",0.13,"ssa",3,20.93
"pc2","4cpu-amd",0.13,"ssa",1,22.57
"pc2","4cpu-amd",0.13,"ssa",4,18.46
"pc2","4cpu-amd",0.13,"ssa",2,19.48
"pc2","4cpu-amd",0.13,"ssa",1,22.21
"pc2","4cpu-amd",0.13,"ssa",2,19.33
"pc2","4cpu-amd",0.13,"ssa",4,19.51
"pc2","4cpu-amd",0.13,"ssa",1,21.74
"pc2","4cpu-amd",0.13,"ssa",3,21.81
"pc2","4cpu-amd",0.13,"ssa",2,18.09
"pc2","4cpu-amd",0.13,"ssa",4,18.18
"pc2","4cpu-amd",0.13,"ssa",1,20.29
"pc2","4cpu-amd",0.13,"ssa",3,23.47
"pc2","4cpu-amd",0.14,"ssa",1,16.78
"pc2","4cpu-amd",0.14,"ssa",4,16.95
"pc2","4cpu-amd",0.14,"ssa",3,17.56
"pc2","4cpu-amd",0.14,"ssa",2,19.97
"pc2","4cpu-amd",0.14,"ssa",4,16.74
"pc2","4cpu-amd",0.14,"ssa",2,18.35
"pc2","4cpu-amd",0.14,"ssa",1,19.97
"pc2","4cpu-amd",0.14,"ssa",3,20.16
"pc2","4cpu-amd",0.14,"ssa",2,14.73
"pc2","4cpu-amd",0.14,"ssa",4,14.73
"pc2","4cpu-amd",0.14,"ssa",3,15.73
"pc2","4cpu-amd",0.14,"ssa",1,17.45
"pc2","4cpu-amd",0.14,"ssa",3,16.57
"pc2","4cpu-amd",0.14,"ssa",1,17.67
"pc2","4cpu-amd",0.14,"ssa",4,17.85
"pc2","4cpu-amd",0.14,"ssa",2,18.97
"pc2","4cpu-amd",0.14,"ssa",1,16.49
"pc2","4cpu-amd",0.14,"ssa",4,16.56
"pc2","4cpu-amd",0.14,"ssa",3,17.36
"pc2","4cpu-amd",0.14,"ssa",2,18.98
"pc2","4cpu-amd",0.14,"ssa",1,16.26
"pc2","4cpu-amd",0.14,"ssa",4,17.65
"pc2","4cpu-amd",0.14,"ssa",3,18.56
"pc2","4cpu-amd",0.14,"ssa",2,19.07
"pc2","4cpu-amd",0.14,"ssa",3,15.53
"pc2","4cpu-amd",0.14,"ssa",2,15.84
"pc2","4cpu-amd",0.14,"ssa",4,17.13
"pc2","4cpu-amd",0.14,"ssa",1,18.95
"pc2","4cpu-amd",0.14,"ssa",1,15.47
"pc2","4cpu-amd",0.14,"ssa",3,16.25
"pc2","4cpu-amd",0.14,"ssa",4,17.03
"pc2","4cpu-amd",0.14,"ssa",2,17.64
"pc2","4cpu-amd",0.14,"ssa",3,15.19
"pc2","4cpu-amd",0.14,"ssa",1,15.8
"pc2","4cpu-amd",0.14,"ssa",4,16.98
"pc2","4cpu-amd",0.14,"ssa",2,19.89
"pc2","4cpu-amd",0.14,"ssa",4,15.55
"pc2","4cpu-amd",0.14,"ssa",1,16.47
"pc2","4cpu-amd",0.14,"ssa",3,18.16
"pc2","4cpu-amd",0.14,"ssa",2,19.47
"pc2","4cpu-amd",0.14,"ssa",3,15.53
"pc2","4cpu-amd",0.14,"ssa",1,15.86
"pc2","4cpu-amd",0.14,"ssa",4,17.33
"pc2","4cpu-amd",0.14,"ssa",2,18.54
"pc2","4cpu-amd",0.14,"ssa",2,15.36
"pc2","4cpu-amd",0.14,"ssa",3,15.63
"pc2","4cpu-amd",0.14,"ssa",1,16.67
"pc2","4cpu-amd",0.14,"ssa",4,18.92
"pc2","4cpu-amd",0.14,"ssa",3,15.45
"pc2","4cpu-amd",0.14,"ssa",1,17.17
"pc2","4cpu-amd",0.14,"ssa",2,18.26
"pc2","4cpu-amd",0.14,"ssa",4,18.63
"pc2","4cpu-amd",0.14,"ssa",1,14.87
"pc2","4cpu-amd",0.14,"ssa",4,15.14
"pc2","4cpu-amd",0.14,"ssa",3,15.74
"pc2","4cpu-amd",0.14,"ssa",2,17.27
"pc2","4cpu-amd",0.14,"ssa",1,14.57
"pc2","4cpu-amd",0.14,"ssa",4,14.93
"pc2","4cpu-amd",0.14,"ssa",3,15.36
"pc2","4cpu-amd",0.14,"ssa",2,20.56
"pc2","4cpu-amd",0.14,"ssa",1,15.77
"pc2","4cpu-amd",0.14,"ssa",3,16.05
"pc2","4cpu-amd",0.14,"ssa",4,17.34
"pc2","4cpu-amd",0.14,"ssa",2,17.55
"pc2","4cpu-amd",0.14,"ssa",1,15.05
"pc2","4cpu-amd",0.14,"ssa",3,16.34
"pc2","4cpu-amd",0.14,"ssa",4,18.33
"pc2","4cpu-amd",0.14,"ssa",2,19.65
"pc2","4cpu-amd",0.14,"ssa",1,15.06
"pc2","4cpu-amd",0.14,"ssa",2,16.04
"pc2","4cpu-amd",0.14,"ssa",3,16.64
"pc2","4cpu-amd",0.14,"ssa",4,16.72
"pc2","4cpu-amd",0.14,"ssa",4,14.46
"pc2","4cpu-amd",0.14,"ssa",3,15.98
"pc2","4cpu-amd",0.14,"ssa",1,16.28
"pc2","4cpu-amd",0.14,"ssa",2,18.88
"pc2","4cpu-amd",0.14,"ssa",1,16.47
"pc2","4cpu-amd",0.14,"ssa",2,17.95
"pc2","4cpu-amd",0.14,"ssa",3,17.95
"pc2","4cpu-amd",0.14,"ssa",4,19.03
"pc2","4cpu-amd",0.14,"ssa",3,15.75
"pc2","4cpu-amd",0.14,"ssa",1,17.28
"pc2","4cpu-amd",0.14,"ssa",4,17.44
"pc2","4cpu-amd",0.14,"ssa",2,19.06
"pc2","4cpu-amd",0.14,"ssa",3,15.94
"pc2","4cpu-amd",0.14,"ssa",1,16.37
"pc2","4cpu-amd",0.14,"ssa",4,16.54
"pc2","4cpu-amd",0.14,"ssa",2,18.15
"pc2","4cpu-amd",0.14,"ssa",3,14.86
"pc2","4cpu-amd",0.14,"ssa",1,16.45
"pc2","4cpu-amd",0.14,"ssa",2,16.45
"pc2","4cpu-amd",0.14,"ssa",4,18.53
"pc2","4cpu-amd",0.14,"ssa",1,17.78
"pc2","4cpu-amd",0.14,"ssa",2,18.16
"pc2","4cpu-amd",0.14,"ssa",3,18.25
"pc2","4cpu-amd",0.14,"ssa",4,18.74
"pc2","4cpu-amd",0.14,"ssa",3,15.06
"pc2","4cpu-amd",0.14,"ssa",1,18.08
"pc2","4cpu-amd",0.14,"ssa",2,18.45
"pc2","4cpu-amd",0.14,"ssa",4,18.84
"pc2","4cpu-amd",0.14,"ssa",1,16.09
"pc2","4cpu-amd",0.14,"ssa",3,16.57
"pc2","4cpu-amd",0.14,"ssa",4,17.26
"pc2","4cpu-amd",0.14,"ssa",2,17.48
"pc2","4cpu-amd",0.14,"ssa",4,14.64
"pc2","4cpu-amd",0.14,"ssa",3,16.14
"pc2","4cpu-amd",0.14,"ssa",1,16.57
"pc2","4cpu-amd",0.14,"ssa",2,19.96
"pc2","4cpu-amd",0.14,"ssa",1,16.48
"pc2","4cpu-amd",0.14,"ssa",3,17.36
"pc2","4cpu-amd",0.14,"ssa",4,18.56
"pc2","4cpu-amd",0.14,"ssa",2,19.66
"pc2","4cpu-amd",0.14,"ssa",4,14.84
"pc2","4cpu-amd",0.14,"ssa",3,16.44
"pc2","4cpu-amd",0.14,"ssa",1,17.55
"pc2","4cpu-amd",0.14,"ssa",2,19.54
"pc2","4cpu-amd",0.14,"ssa",3,16.08
"pc2","4cpu-amd",0.14,"ssa",4,16.46
"pc2","4cpu-amd",0.14,"ssa",1,17.59
"pc2","4cpu-amd",0.14,"ssa",2,18.49
"pc2","4cpu-amd",0.16,"ssa",1,13.01
"pc2","4cpu-amd",0.16,"ssa",3,13.64
"pc2","4cpu-amd",0.16,"ssa",4,13.94
"pc2","4cpu-amd",0.16,"ssa",2,17.4
"pc2","4cpu-amd",0.16,"ssa",1,13.47
"pc2","4cpu-amd",0.16,"ssa",2,14.14
"pc2","4cpu-amd",0.16,"ssa",4,16.33
"pc2","4cpu-amd",0.16,"ssa",3,16.84
"pc2","4cpu-amd",0.16,"ssa",4,12.56
"pc2","4cpu-amd",0.16,"ssa",3,12.76
"pc2","4cpu-amd",0.16,"ssa",2,14.18
"pc2","4cpu-amd",0.16,"ssa",1,15.48
"pc2","4cpu-amd",0.16,"ssa",1,12.85
"pc2","4cpu-amd",0.16,"ssa",4,12.92
"pc2","4cpu-amd",0.16,"ssa",2,13.24
"pc2","4cpu-amd",0.16,"ssa",3,13.54
"pc2","4cpu-amd",0.16,"ssa",2,12.05
"pc2","4cpu-amd",0.16,"ssa",1,13.36
"pc2","4cpu-amd",0.16,"ssa",3,14.64
"pc2","4cpu-amd",0.16,"ssa",4,16.54
"pc2","4cpu-amd",0.16,"ssa",2,13.48
"pc2","4cpu-amd",0.16,"ssa",3,13.67
"pc2","4cpu-amd",0.16,"ssa",4,13.75
"pc2","4cpu-amd",0.16,"ssa",1,13.99
"pc2","4cpu-amd",0.16,"ssa",1,12.89
"pc2","4cpu-amd",0.16,"ssa",2,13.57
"pc2","4cpu-amd",0.16,"ssa",3,13.65
"pc2","4cpu-amd",0.16,"ssa",4,14.04
"pc2","4cpu-amd",0.16,"ssa",1,12.68
"pc2","4cpu-amd",0.16,"ssa",2,13.06
"pc2","4cpu-amd",0.16,"ssa",3,14.94
"pc2","4cpu-amd",0.16,"ssa",4,18.05
"pc2","4cpu-amd",0.16,"ssa",1,13.07
"pc2","4cpu-amd",0.16,"ssa",2,13.65
"pc2","4cpu-amd",0.16,"ssa",3,14.14
"pc2","4cpu-amd",0.16,"ssa",4,14.82
"pc2","4cpu-amd",0.16,"ssa",3,12.57
"pc2","4cpu-amd",0.16,"ssa",1,13.39
"pc2","4cpu-amd",0.16,"ssa",4,13.85
"pc2","4cpu-amd",0.16,"ssa",2,14.29
"pc2","4cpu-amd",0.16,"ssa",2,12.24
"pc2","4cpu-amd",0.16,"ssa",1,12.48
"pc2","4cpu-amd",0.16,"ssa",4,13.23
"pc2","4cpu-amd",0.16,"ssa",3,15.83
"pc2","4cpu-amd",0.16,"ssa",4,12.45
"pc2","4cpu-amd",0.16,"ssa",1,12.57
"pc2","4cpu-amd",0.16,"ssa",2,13.76
"pc2","4cpu-amd",0.16,"ssa",3,14.77
"pc2","4cpu-amd",0.16,"ssa",3,12.43
"pc2","4cpu-amd",0.16,"ssa",4,12.62
"pc2","4cpu-amd",0.16,"ssa",2,13.86
"pc2","4cpu-amd",0.16,"ssa",1,14.75
"pc2","4cpu-amd",0.16,"ssa",1,13.57
"pc2","4cpu-amd",0.16,"ssa",4,14.15
"pc2","4cpu-amd",0.16,"ssa",2,14.67
"pc2","4cpu-amd",0.16,"ssa",3,16.56
"pc2","4cpu-amd",0.16,"ssa",3,12.53
"pc2","4cpu-amd",0.16,"ssa",2,14.25
"pc2","4cpu-amd",0.16,"ssa",4,15.33
"pc2","4cpu-amd",0.16,"ssa",1,15.96
"pc2","4cpu-amd",0.16,"ssa",3,12.15
"pc2","4cpu-amd",0.16,"ssa",4,12.44
"pc2","4cpu-amd",0.16,"ssa",2,14.06
"pc2","4cpu-amd",0.16,"ssa",1,14.36
"pc2","4cpu-amd",0.16,"ssa",1,13.67
"pc2","4cpu-amd",0.16,"ssa",3,14.06
"pc2","4cpu-amd",0.16,"ssa",2,14.36
"pc2","4cpu-amd",0.16,"ssa",4,15.34
"pc2","4cpu-amd",0.16,"ssa",1,13.57
"pc2","4cpu-amd",0.16,"ssa",2,13.76
"pc2","4cpu-amd",0.16,"ssa",4,14.04
"pc2","4cpu-amd",0.16,"ssa",3,15.84
"pc2","4cpu-amd",0.16,"ssa",3,13.14
"pc2","4cpu-amd",0.16,"ssa",4,13.24
"pc2","4cpu-amd",0.16,"ssa",1,14.18
"pc2","4cpu-amd",0.16,"ssa",2,14.85
"pc2","4cpu-amd",0.16,"ssa",1,13.38
"pc2","4cpu-amd",0.16,"ssa",2,13.76
"pc2","4cpu-amd",0.16,"ssa",4,15.54
"pc2","4cpu-amd",0.16,"ssa",3,15.74
"pc2","4cpu-amd",0.16,"ssa",3,13.34
"pc2","4cpu-amd",0.16,"ssa",2,14.15
"pc2","4cpu-amd",0.16,"ssa",1,14.27
"pc2","4cpu-amd",0.16,"ssa",4,16.02
"pc2","4cpu-amd",0.16,"ssa",2,12.97
"pc2","4cpu-amd",0.16,"ssa",1,13.18
"pc2","4cpu-amd",0.16,"ssa",4,14.25
"pc2","4cpu-amd",0.16,"ssa",3,15.76
"pc2","4cpu-amd",0.16,"ssa",2,12.44
"pc2","4cpu-amd",0.16,"ssa",1,13.45
"pc2","4cpu-amd",0.16,"ssa",4,13.44
"pc2","4cpu-amd",0.16,"ssa",3,13.74
"pc2","4cpu-amd",0.16,"ssa",3,13.75
"pc2","4cpu-amd",0.16,"ssa",4,14.35
"pc2","4cpu-amd",0.16,"ssa",2,15.48
"pc2","4cpu-amd",0.16,"ssa",1,15.69
"pc2","4cpu-amd",0.16,"ssa",3,12.93
"pc2","4cpu-amd",0.16,"ssa",1,13.67
"pc2","4cpu-amd",0.16,"ssa",2,14.34
"pc2","4cpu-amd",0.16,"ssa",4,15.21
"pc2","4cpu-amd",0.16,"ssa",1,13.06
"pc2","4cpu-amd",0.16,"ssa",2,13.34
"pc2","4cpu-amd",0.16,"ssa",4,13.74
"pc2","4cpu-amd",0.16,"ssa",3,14.05
"pc2","4cpu-amd",0.16,"ssa",4,13.12
"pc2","4cpu-amd",0.16,"ssa",1,13.85
"pc2","4cpu-amd",0.16,"ssa",2,13.85
"pc2","4cpu-amd",0.16,"ssa",3,16.14
"pc2","4cpu-amd",0.16,"ssa",1,12.27
"pc2","4cpu-amd",0.16,"ssa",3,12.83
"pc2","4cpu-amd",0.16,"ssa",2,14.14
"pc2","4cpu-amd",0.16,"ssa",4,14.63
"pc2","4cpu-amd",0.16,"ssa",1,13.16
"pc2","4cpu-amd",0.16,"ssa",4,13.34
"pc2","4cpu-amd",0.16,"ssa",2,13.75
"pc2","4cpu-amd",0.16,"ssa",3,14.96
"pc2","4cpu-amd",0.16,"ssa",4,13.83
"pc2","4cpu-amd",0.16,"ssa",1,13.96
"pc2","4cpu-amd",0.16,"ssa",3,14.43
"pc2","4cpu-amd",0.16,"ssa",2,14.84
"pc2","4cpu-amd",0.17,"ssa",1,0.01
"pc2","4cpu-amd",0.17,"ssa",4,12.55
"pc2","4cpu-amd",0.17,"ssa",2,14.07
"pc2","4cpu-amd",0.17,"ssa",3,15.27
"pc2","4cpu-amd",0.17,"ssa",2,12.58
"pc2","4cpu-amd",0.17,"ssa",3,13.36
"pc2","4cpu-amd",0.17,"ssa",4,13.75
"pc2","4cpu-amd",0.17,"ssa",1,14.08
"pc2","4cpu-amd",0.17,"ssa",4,11.52
"pc2","4cpu-amd",0.17,"ssa",3,12.62
"pc2","4cpu-amd",0.17,"ssa",2,13.05
"pc2","4cpu-amd",0.17,"ssa",1,13.65
"pc2","4cpu-amd",0.17,"ssa",2,11.26
"pc2","4cpu-amd",0.17,"ssa",4,11.64
"pc2","4cpu-amd",0.17,"ssa",3,12.84
"pc2","4cpu-amd",0.17,"ssa",1,13.98
"pc2","4cpu-amd",0.17,"ssa",3,11.44
"pc2","4cpu-amd",0.17,"ssa",4,11.64
"pc2","4cpu-amd",0.17,"ssa",1,12.27
"pc2","4cpu-amd",0.17,"ssa",2,13.57
"pc2","4cpu-amd",0.17,"ssa",1,11.37
"pc2","4cpu-amd",0.17,"ssa",4,11.93
"pc2","4cpu-amd",0.17,"ssa",3,12.45
"pc2","4cpu-amd",0.17,"ssa",2,14.76
"pc2","4cpu-amd",0.17,"ssa",2,11.35
"pc2","4cpu-amd",0.17,"ssa",4,11.43
"pc2","4cpu-amd",0.17,"ssa",3,12.24
"pc2","4cpu-amd",0.17,"ssa",1,12.76
"pc2","4cpu-amd",0.17,"ssa",2,11.85
"pc2","4cpu-amd",0.17,"ssa",3,12.13
"pc2","4cpu-amd",0.17,"ssa",4,12.53
"pc2","4cpu-amd",0.17,"ssa",1,13.56
"pc2","4cpu-amd",0.17,"ssa",4,11.22
"pc2","4cpu-amd",0.17,"ssa",2,12.26
"pc2","4cpu-amd",0.17,"ssa",3,12.43
"pc2","4cpu-amd",0.17,"ssa",1,14.58
"pc2","4cpu-amd",0.17,"ssa",1,11.36
"pc2","4cpu-amd",0.17,"ssa",4,11.55
"pc2","4cpu-amd",0.17,"ssa",2,12.76
"pc2","4cpu-amd",0.17,"ssa",3,13.45
"pc2","4cpu-amd",0.17,"ssa",4,11.34
"pc2","4cpu-amd",0.17,"ssa",2,11.44
"pc2","4cpu-amd",0.17,"ssa",3,11.74
"pc2","4cpu-amd",0.17,"ssa",1,13.87
"pc2","4cpu-amd",0.17,"ssa",4,11.24
"pc2","4cpu-amd",0.17,"ssa",1,12.56
"pc2","4cpu-amd",0.17,"ssa",3,12.83
"pc2","4cpu-amd",0.17,"ssa",2,13.75
"pc2","4cpu-amd",0.17,"ssa",2,11.57
"pc2","4cpu-amd",0.17,"ssa",4,11.77
"pc2","4cpu-amd",0.17,"ssa",3,13.17
"pc2","4cpu-amd",0.17,"ssa",1,14.08
"pc2","4cpu-amd",0.17,"ssa",4,11.05
"pc2","4cpu-amd",0.17,"ssa",2,12.86
"pc2","4cpu-amd",0.17,"ssa",1,13.47
"pc2","4cpu-amd",0.17,"ssa",3,14.05
"pc2","4cpu-amd",0.17,"ssa",4,12.29
"pc2","4cpu-amd",0.17,"ssa",1,12.29
"pc2","4cpu-amd",0.17,"ssa",3,12.47
"pc2","4cpu-amd",0.17,"ssa",2,14.58
"pc2","4cpu-amd",0.17,"ssa",4,10.74
"pc2","4cpu-amd",0.17,"ssa",3,12.13
"pc2","4cpu-amd",0.17,"ssa",1,13.36
"pc2","4cpu-amd",0.17,"ssa",2,14.04
"pc2","4cpu-amd",0.17,"ssa",2,12.42
"pc2","4cpu-amd",0.17,"ssa",4,12.42
"pc2","4cpu-amd",0.17,"ssa",1,13.66
"pc2","4cpu-amd",0.17,"ssa",3,13.83
"pc2","4cpu-amd",0.17,"ssa",1,10.77
"pc2","4cpu-amd",0.17,"ssa",2,11.45
"pc2","4cpu-amd",0.17,"ssa",3,11.54
"pc2","4cpu-amd",0.17,"ssa",4,12.72
"pc2","4cpu-amd",0.17,"ssa",3,11.87
"pc2","4cpu-amd",0.17,"ssa",2,11.97
"pc2","4cpu-amd",0.17,"ssa",4,12.05
"pc2","4cpu-amd",0.17,"ssa",1,13.2
"pc2","4cpu-amd",0.17,"ssa",4,11.24
"pc2","4cpu-amd",0.17,"ssa",3,11.73
"pc2","4cpu-amd",0.17,"ssa",1,12.25
"pc2","4cpu-amd",0.17,"ssa",2,13.63
"pc2","4cpu-amd",0.17,"ssa",4,10.67
"pc2","4cpu-amd",0.17,"ssa",2,11.6
"pc2","4cpu-amd",0.17,"ssa",1,11.79
"pc2","4cpu-amd",0.17,"ssa",3,14.08
"pc2","4cpu-amd",0.17,"ssa",4,11.86
"pc2","4cpu-amd",0.17,"ssa",3,12.67
"pc2","4cpu-amd",0.17,"ssa",2,12.78
"pc2","4cpu-amd",0.17,"ssa",1,14.08
"pc2","4cpu-amd",0.17,"ssa",4,11.53
"pc2","4cpu-amd",0.17,"ssa",2,12.34
"pc2","4cpu-amd",0.17,"ssa",1,12.37
"pc2","4cpu-amd",0.17,"ssa",3,14.42
"pc2","4cpu-amd",0.17,"ssa",4,11.52
"pc2","4cpu-amd",0.17,"ssa",3,11.63
"pc2","4cpu-amd",0.17,"ssa",2,11.86
"pc2","4cpu-amd",0.17,"ssa",1,12.87
"pc2","4cpu-amd",0.17,"ssa",2,11.59
"pc2","4cpu-amd",0.17,"ssa",4,11.85
"pc2","4cpu-amd",0.17,"ssa",1,13.1
"pc2","4cpu-amd",0.17,"ssa",3,13.17
"pc2","4cpu-amd",0.17,"ssa",4,11.65
"pc2","4cpu-amd",0.17,"ssa",1,11.98
"pc2","4cpu-amd",0.17,"ssa",2,12.08
"pc2","4cpu-amd",0.17,"ssa",3,14.17
"pc2","4cpu-amd",0.17,"ssa",2,12.38
"pc2","4cpu-amd",0.17,"ssa",4,12.44
"pc2","4cpu-amd",0.17,"ssa",1,13.28
"pc2","4cpu-amd",0.17,"ssa",3,13.86
"pc2","4cpu-amd",0.17,"ssa",4,12.13
"pc2","4cpu-amd",0.17,"ssa",2,12.84
"pc2","4cpu-amd",0.17,"ssa",1,13.26
"pc2","4cpu-amd",0.17,"ssa",3,13.62
"pc2","4cpu-amd",0.17,"ssa",4,11.64
"pc2","4cpu-amd",0.17,"ssa",2,12.06
"pc2","4cpu-amd",0.17,"ssa",1,12.37
"pc2","4cpu-amd",0.17,"ssa",3,12.65
"pc2","4cpu-amd",0.17,"ssa",4,11.43
"pc2","4cpu-amd",0.17,"ssa",2,12.05
"pc2","4cpu-amd",0.17,"ssa",1,12.57
"pc2","4cpu-amd",0.17,"ssa",3,13.13
"pc2","4cpu-amd",0.18,"ssa",2,0.01
"pc2","4cpu-amd",0.18,"ssa",1,11.61
"pc2","4cpu-amd",0.18,"ssa",3,11.81
"pc2","4cpu-amd",0.18,"ssa",4,14.37
"pc2","4cpu-amd",0.18,"ssa",4,11.98
"pc2","4cpu-amd",0.18,"ssa",3,12.09
"pc2","4cpu-amd",0.18,"ssa",2,12.48
"pc2","4cpu-amd",0.18,"ssa",1,13.39
"pc2","4cpu-amd",0.18,"ssa",3,10.68
"pc2","4cpu-amd",0.18,"ssa",2,12.27
"pc2","4cpu-amd",0.18,"ssa",1,12.48
"pc2","4cpu-amd",0.18,"ssa",4,13.17
"pc2","4cpu-amd",0.18,"ssa",3,10.47
"pc2","4cpu-amd",0.18,"ssa",1,11.56
"pc2","4cpu-amd",0.18,"ssa",2,12.67
"pc2","4cpu-amd",0.18,"ssa",4,13.94
"pc2","4cpu-amd",0.18,"ssa",2,11.55
"pc2","4cpu-amd",0.18,"ssa",3,11.55
"pc2","4cpu-amd",0.18,"ssa",1,11.67
"pc2","4cpu-amd",0.18,"ssa",4,14.64
"pc2","4cpu-amd",0.18,"ssa",2,10.48
"pc2","4cpu-amd",0.18,"ssa",3,10.78
"pc2","4cpu-amd",0.18,"ssa",1,11.29
"pc2","4cpu-amd",0.18,"ssa",4,11.66
"pc2","4cpu-amd",0.18,"ssa",4,11.15
"pc2","4cpu-amd",0.18,"ssa",3,11.25
"pc2","4cpu-amd",0.18,"ssa",2,11.45
"pc2","4cpu-amd",0.18,"ssa",1,11.57
"pc2","4cpu-amd",0.18,"ssa",3,10.87
"pc2","4cpu-amd",0.18,"ssa",2,11.79
"pc2","4cpu-amd",0.18,"ssa",1,12.59
"pc2","4cpu-amd",0.18,"ssa",4,13.16
"pc2","4cpu-amd",0.18,"ssa",3,11.58
"pc2","4cpu-amd",0.18,"ssa",1,11.99
"pc2","4cpu-amd",0.18,"ssa",2,12.29
"pc2","4cpu-amd",0.18,"ssa",4,12.36
"pc2","4cpu-amd",0.18,"ssa",1,10.38
"pc2","4cpu-amd",0.18,"ssa",2,11.48
"pc2","4cpu-amd",0.18,"ssa",4,11.66
"pc2","4cpu-amd",0.18,"ssa",3,12.09
"pc2","4cpu-amd",0.18,"ssa",3,10.34
"pc2","4cpu-amd",0.18,"ssa",2,10.96
"pc2","4cpu-amd",0.18,"ssa",1,12.45
"pc2","4cpu-amd",0.18,"ssa",4,12.44
"pc2","4cpu-amd",0.18,"ssa",1,10.35
"pc2","4cpu-amd",0.18,"ssa",3,10.63
"pc2","4cpu-amd",0.18,"ssa",2,11.45
"pc2","4cpu-amd",0.18,"ssa",4,12.04
"pc2","4cpu-amd",0.18,"ssa",2,11.26
"pc2","4cpu-amd",0.18,"ssa",3,11.26
"pc2","4cpu-amd",0.18,"ssa",1,11.57
"pc2","4cpu-amd",0.18,"ssa",4,12.45
"pc2","4cpu-amd",0.18,"ssa",1,10.66
"pc2","4cpu-amd",0.18,"ssa",3,10.83
"pc2","4cpu-amd",0.18,"ssa",4,11.73
"pc2","4cpu-amd",0.18,"ssa",2,12.24
"pc2","4cpu-amd",0.18,"ssa",3,10.76
"pc2","4cpu-amd",0.18,"ssa",2,11.15
"pc2","4cpu-amd",0.18,"ssa",1,11.58
"pc2","4cpu-amd",0.18,"ssa",4,11.95
"pc2","4cpu-amd",0.18,"ssa",4,10.13
"pc2","4cpu-amd",0.18,"ssa",3,10.34
"pc2","4cpu-amd",0.18,"ssa",2,11.15
"pc2","4cpu-amd",0.18,"ssa",1,12.06
"pc2","4cpu-amd",0.18,"ssa",3,10.45
"pc2","4cpu-amd",0.18,"ssa",1,10.97
"pc2","4cpu-amd",0.18,"ssa",4,11.04
"pc2","4cpu-amd",0.18,"ssa",2,12.05
"pc2","4cpu-amd",0.18,"ssa",1,10.76
"pc2","4cpu-amd",0.18,"ssa",3,10.91
"pc2","4cpu-amd",0.18,"ssa",2,11.33
"pc2","4cpu-amd",0.18,"ssa",4,11.59
"pc2","4cpu-amd",0.18,"ssa",1,10.57
"pc2","4cpu-amd",0.18,"ssa",3,10.84
"pc2","4cpu-amd",0.18,"ssa",2,11.25
"pc2","4cpu-amd",0.18,"ssa",4,12.55
"pc2","4cpu-amd",0.18,"ssa",4,10.65
"pc2","4cpu-amd",0.18,"ssa",2,11.36
"pc2","4cpu-amd",0.18,"ssa",3,11.55
"pc2","4cpu-amd",0.18,"ssa",1,12.37
"pc2","4cpu-amd",0.18,"ssa",4,10.66
"pc2","4cpu-amd",0.18,"ssa",3,10.96
"pc2","4cpu-amd",0.18,"ssa",1,11.48
"pc2","4cpu-amd",0.18,"ssa",2,12.28
"pc2","4cpu-amd",0.18,"ssa",4,10.04
"pc2","4cpu-amd",0.18,"ssa",3,10.52
"pc2","4cpu-amd",0.18,"ssa",2,11.65
"pc2","4cpu-amd",0.18,"ssa",1,12.36
"pc2","4cpu-amd",0.18,"ssa",3,11.27
"pc2","4cpu-amd",0.18,"ssa",4,11.37
"pc2","4cpu-amd",0.18,"ssa",2,12.18
"pc2","4cpu-amd",0.18,"ssa",1,12.78
"pc2","4cpu-amd",0.18,"ssa",1,10.67
"pc2","4cpu-amd",0.18,"ssa",4,10.85
"pc2","4cpu-amd",0.18,"ssa",3,10.85
"pc2","4cpu-amd",0.18,"ssa",2,12.56
"pc2","4cpu-amd",0.18,"ssa",4,11.06
"pc2","4cpu-amd",0.18,"ssa",2,11.16
"pc2","4cpu-amd",0.18,"ssa",3,11.45
"pc2","4cpu-amd",0.18,"ssa",1,11.57
"pc2","4cpu-amd",0.18,"ssa",3,10.98
"pc2","4cpu-amd",0.18,"ssa",1,11.48
"pc2","4cpu-amd",0.18,"ssa",4,11.57
"pc2","4cpu-amd",0.18,"ssa",2,11.68
"pc2","4cpu-amd",0.18,"ssa",1,10.78
"pc2","4cpu-amd",0.18,"ssa",3,11.17
"pc2","4cpu-amd",0.18,"ssa",2,11.29
"pc2","4cpu-amd",0.18,"ssa",4,12.26
"pc2","4cpu-amd",0.18,"ssa",3,10.74
"pc2","4cpu-amd",0.18,"ssa",2,11.44
"pc2","4cpu-amd",0.18,"ssa",1,11.83
"pc2","4cpu-amd",0.18,"ssa",4,11.83
"pc2","4cpu-amd",0.18,"ssa",3,9.83
"pc2","4cpu-amd",0.18,"ssa",1,10.96
"pc2","4cpu-amd",0.18,"ssa",2,11.34
"pc2","4cpu-amd",0.18,"ssa",4,11.72
"pc2","4cpu-amd",0.18,"ssa",3,10.22
"pc2","4cpu-amd",0.18,"ssa",1,10.76
"pc2","4cpu-amd",0.18,"ssa",2,11.22
"pc2","4cpu-amd",0.18,"ssa",4,17.1
"pc2","4cpu-amd",0.19,"ssa",1,11.37
"pc2","4cpu-amd",0.19,"ssa",2,11.44
"pc2","4cpu-amd",0.19,"ssa",3,11.45
"pc2","4cpu-amd",0.19,"ssa",4,11.45
"pc2","4cpu-amd",0.19,"ssa",4,10.15
"pc2","4cpu-amd",0.19,"ssa",2,10.67
"pc2","4cpu-amd",0.19,"ssa",1,11.87
"pc2","4cpu-amd",0.19,"ssa",3,12.55
"pc2","4cpu-amd",0.19,"ssa",3,9.57
"pc2","4cpu-amd",0.19,"ssa",4,9.65
"pc2","4cpu-amd",0.19,"ssa",2,11.67
"pc2","4cpu-amd",0.19,"ssa",1,12.09
"pc2","4cpu-amd",0.19,"ssa",2,9.95
"pc2","4cpu-amd",0.19,"ssa",3,10.24
"pc2","4cpu-amd",0.19,"ssa",1,10.47
"pc2","4cpu-amd",0.19,"ssa",4,10.83
"pc2","4cpu-amd",0.19,"ssa",2,9.55
"pc2","4cpu-amd",0.19,"ssa",4,10.13
"pc2","4cpu-amd",0.19,"ssa",3,10.74
"pc2","4cpu-amd",0.19,"ssa",1,10.85
"pc2","4cpu-amd",0.19,"ssa",3,9.28
"pc2","4cpu-amd",0.19,"ssa",2,9.39
"pc2","4cpu-amd",0.19,"ssa",4,10.28
"pc2","4cpu-amd",0.19,"ssa",1,12.08
"pc2","4cpu-amd",0.19,"ssa",4,9.07
"pc2","4cpu-amd",0.19,"ssa",2,10.38
"pc2","4cpu-amd",0.19,"ssa",3,10.77
"pc2","4cpu-amd",0.19,"ssa",1,10.9
"pc2","4cpu-amd",0.19,"ssa",2,10.05
"pc2","4cpu-amd",0.19,"ssa",3,10.05
"pc2","4cpu-amd",0.19,"ssa",4,10.55
"pc2","4cpu-amd",0.19,"ssa",1,11.27
"pc2","4cpu-amd",0.19,"ssa",4,9.44
"pc2","4cpu-amd",0.19,"ssa",2,10.85
"pc2","4cpu-amd",0.19,"ssa",1,11.07
"pc2","4cpu-amd",0.19,"ssa",3,11.15
"pc2","4cpu-amd",0.19,"ssa",4,9.78
"pc2","4cpu-amd",0.19,"ssa",1,9.89
"pc2","4cpu-amd",0.19,"ssa",2,10.37
"pc2","4cpu-amd",0.19,"ssa",3,10.99
"pc2","4cpu-amd",0.19,"ssa",2,9.24
"pc2","4cpu-amd",0.19,"ssa",1,10.46
"pc2","4cpu-amd",0.19,"ssa",4,10.64
"pc2","4cpu-amd",0.19,"ssa",3,11.23
"pc2","4cpu-amd",0.19,"ssa",2,8.85
"pc2","4cpu-amd",0.19,"ssa",4,9.23
"pc2","4cpu-amd",0.19,"ssa",1,9.87
"pc2","4cpu-amd",0.19,"ssa",3,10.65
"pc2","4cpu-amd",0.19,"ssa",1,9.69
"pc2","4cpu-amd",0.19,"ssa",2,10.29
"pc2","4cpu-amd",0.19,"ssa",4,11.16
"pc2","4cpu-amd",0.19,"ssa",3,13.28
"pc2","4cpu-amd",0.19,"ssa",2,9.27
"pc2","4cpu-amd",0.19,"ssa",3,10.45
"pc2","4cpu-amd",0.19,"ssa",1,10.67
"pc2","4cpu-amd",0.19,"ssa",4,11.13
"pc2","4cpu-amd",0.19,"ssa",4,9.75
"pc2","4cpu-amd",0.19,"ssa",2,10.14
"pc2","4cpu-amd",0.19,"ssa",3,10.14
"pc2","4cpu-amd",0.19,"ssa",1,11.27
"pc2","4cpu-amd",0.19,"ssa",4,9.61
"pc2","4cpu-amd",0.19,"ssa",1,9.87
"pc2","4cpu-amd",0.19,"ssa",3,10.23
"pc2","4cpu-amd",0.19,"ssa",2,10.33
"pc2","4cpu-amd",0.19,"ssa",2,10.09
"pc2","4cpu-amd",0.19,"ssa",1,10.49
"pc2","4cpu-amd",0.19,"ssa",4,10.78
"pc2","4cpu-amd",0.19,"ssa",3,10.78
"pc2","4cpu-amd",0.19,"ssa",3,9.75
"pc2","4cpu-amd",0.19,"ssa",2,10.26
"pc2","4cpu-amd",0.19,"ssa",4,10.34
"pc2","4cpu-amd",0.19,"ssa",1,10.68
"pc2","4cpu-amd",0.19,"ssa",3,9.61
"pc2","4cpu-amd",0.19,"ssa",4,9.9
"pc2","4cpu-amd",0.19,"ssa",1,10.36
"pc2","4cpu-amd",0.19,"ssa",2,10.64
"pc2","4cpu-amd",0.19,"ssa",2,9.34
"pc2","4cpu-amd",0.19,"ssa",4,9.63
"pc2","4cpu-amd",0.19,"ssa",1,9.96
"pc2","4cpu-amd",0.19,"ssa",3,11.83
"pc2","4cpu-amd",0.19,"ssa",3,9.34
"pc2","4cpu-amd",0.19,"ssa",4,9.75
"pc2","4cpu-amd",0.19,"ssa",2,10.15
"pc2","4cpu-amd",0.19,"ssa",1,10.97
"pc2","4cpu-amd",0.19,"ssa",4,9.34
"pc2","4cpu-amd",0.19,"ssa",1,9.78
"pc2","4cpu-amd",0.19,"ssa",3,10.64
"pc2","4cpu-amd",0.19,"ssa",2,12.16
"pc2","4cpu-amd",0.19,"ssa",3,9.36
"pc2","4cpu-amd",0.19,"ssa",2,9.56
"pc2","4cpu-amd",0.19,"ssa",1,11.27
"pc2","4cpu-amd",0.19,"ssa",4,11.85
"pc2","4cpu-amd",0.19,"ssa",3,9.96
"pc2","4cpu-amd",0.19,"ssa",4,10.85
"pc2","4cpu-amd",0.19,"ssa",1,11.06
"pc2","4cpu-amd",0.19,"ssa",2,11.16
"pc2","4cpu-amd",0.19,"ssa",4,9.56
"pc2","4cpu-amd",0.19,"ssa",3,10.06
"pc2","4cpu-amd",0.19,"ssa",1,10.18
"pc2","4cpu-amd",0.19,"ssa",2,11.66
"pc2","4cpu-amd",0.19,"ssa",4,9.54
"pc2","4cpu-amd",0.19,"ssa",2,9.96
"pc2","4cpu-amd",0.19,"ssa",3,10.66
"pc2","4cpu-amd",0.19,"ssa",1,10.97
"pc2","4cpu-amd",0.19,"ssa",2,10.08
"pc2","4cpu-amd",0.19,"ssa",3,10.86
"pc2","4cpu-amd",0.19,"ssa",4,11.13
"pc2","4cpu-amd",0.19,"ssa",1,11.78
"pc2","4cpu-amd",0.19,"ssa",4,10.07
"pc2","4cpu-amd",0.19,"ssa",3,10.26
"pc2","4cpu-amd",0.19,"ssa",1,10.69
"pc2","4cpu-amd",0.19,"ssa",2,11.18
"pc2","4cpu-amd",0.19,"ssa",4,9.98
"pc2","4cpu-amd",0.19,"ssa",1,10.28
"pc2","4cpu-amd",0.19,"ssa",3,11.06
"pc2","4cpu-amd",0.19,"ssa",2,11.48
"pc2","4cpu-amd",0.19,"ssa",3,9.72
"pc2","4cpu-amd",0.19,"ssa",4,10.42
"pc2","4cpu-amd",0.19,"ssa",2,10.92
"pc2","4cpu-amd",0.19,"ssa",1,11.96
"pc2","4cpu-amd",0.06,"seadec",1,42.49
"pc2","4cpu-amd",0.06,"seadec",4,42.55
"pc2","4cpu-amd",0.06,"seadec",2,42.88
"pc2","4cpu-amd",0.06,"seadec",3,44.16
"pc2","4cpu-amd",0.06,"seadec",4,42.93
"pc2","4cpu-amd",0.06,"seadec",1,43.86
"pc2","4cpu-amd",0.06,"seadec",2,44.15
"pc2","4cpu-amd",0.06,"seadec",3,44.54
"pc2","4cpu-amd",0.06,"seadec",3,37.64
"pc2","4cpu-amd",0.06,"seadec",2,38.56
"pc2","4cpu-amd",0.06,"seadec",1,39.76
"pc2","4cpu-amd",0.06,"seadec",4,41.04
"pc2","4cpu-amd",0.06,"seadec",3,39.46
"pc2","4cpu-amd",0.06,"seadec",4,39.95
"pc2","4cpu-amd",0.06,"seadec",1,40.87
"pc2","4cpu-amd",0.06,"seadec",2,23.08
"pc2","4cpu-amd",0.06,"seadec",1,38.56
"pc2","4cpu-amd",0.06,"seadec",3,38.93
"pc2","4cpu-amd",0.06,"seadec",2,39.04
"pc2","4cpu-amd",0.06,"seadec",4,39.23
"pc2","4cpu-amd",0.06,"seadec",2,39.75
"pc2","4cpu-amd",0.06,"seadec",4,39.84
"pc2","4cpu-amd",0.06,"seadec",3,40.64
"pc2","4cpu-amd",0.06,"seadec",1,41.07
"pc2","4cpu-amd",0.06,"seadec",2,40.14
"pc2","4cpu-amd",0.06,"seadec",4,40.22
"pc2","4cpu-amd",0.06,"seadec",3,40.33
"pc2","4cpu-amd",0.06,"seadec",1,41.05
"pc2","4cpu-amd",0.06,"seadec",4,39.86
"pc2","4cpu-amd",0.06,"seadec",2,40.27
"pc2","4cpu-amd",0.06,"seadec",1,41.28
"pc2","4cpu-amd",0.06,"seadec",3,42.06
"pc2","4cpu-amd",0.06,"seadec",2,39.06
"pc2","4cpu-amd",0.06,"seadec",1,39.87
"pc2","4cpu-amd",0.06,"seadec",3,40.54
"pc2","4cpu-amd",0.06,"seadec",4,40.64
"pc2","4cpu-amd",0.06,"seadec",3,40.18
"pc2","4cpu-amd",0.06,"seadec",1,40.89
"pc2","4cpu-amd",0.06,"seadec",4,41.07
"pc2","4cpu-amd",0.06,"seadec",2,43.08
"pc2","4cpu-amd",0.06,"seadec",1,38.69
"pc2","4cpu-amd",0.06,"seadec",2,39.27
"pc2","4cpu-amd",0.06,"seadec",4,39.37
"pc2","4cpu-amd",0.06,"seadec",3,41.57
"pc2","4cpu-amd",0.06,"seadec",1,39.36
"pc2","4cpu-amd",0.06,"seadec",4,40.33
"pc2","4cpu-amd",0.06,"seadec",2,40.44
"pc2","4cpu-amd",0.06,"seadec",3,41.73
"pc2","4cpu-amd",0.06,"seadec",2,38.27
"pc2","4cpu-amd",0.06,"seadec",1,38.78
"pc2","4cpu-amd",0.06,"seadec",3,39.27
"pc2","4cpu-amd",0.06,"seadec",4,39.76
"pc2","4cpu-amd",0.06,"seadec",3,38.57
"pc2","4cpu-amd",0.06,"seadec",2,39.27
"pc2","4cpu-amd",0.06,"seadec",1,39.58
"pc2","4cpu-amd",0.06,"seadec",4,39.66
"pc2","4cpu-amd",0.06,"seadec",1,38.69
"pc2","4cpu-amd",0.06,"seadec",2,39.47
"pc2","4cpu-amd",0.06,"seadec",4,39.47
"pc2","4cpu-amd",0.06,"seadec",3,40.07
"pc2","4cpu-amd",0.06,"seadec",1,40.57
"pc2","4cpu-amd",0.06,"seadec",3,41.65
"pc2","4cpu-amd",0.06,"seadec",2,41.96
"pc2","4cpu-amd",0.06,"seadec",4,42.24
"pc2","4cpu-amd",0.06,"seadec",3,37.88
"pc2","4cpu-amd",0.06,"seadec",2,38.48
"pc2","4cpu-amd",0.06,"seadec",4,39.57
"pc2","4cpu-amd",0.06,"seadec",1,39.69
"pc2","4cpu-amd",0.06,"seadec",2,41.26
"pc2","4cpu-amd",0.06,"seadec",4,41.26
"pc2","4cpu-amd",0.06,"seadec",3,41.47
"pc2","4cpu-amd",0.06,"seadec",1,42.78
"pc2","4cpu-amd",0.06,"seadec",4,39.63
"pc2","4cpu-amd",0.06,"seadec",1,40.24
"pc2","4cpu-amd",0.06,"seadec",3,40.24
"pc2","4cpu-amd",0.06,"seadec",2,40.35
"pc2","4cpu-amd",0.06,"seadec",3,40.85
"pc2","4cpu-amd",0.06,"seadec",4,41.45
"pc2","4cpu-amd",0.06,"seadec",1,41.77
"pc2","4cpu-amd",0.06,"seadec",2,42.25
"pc2","4cpu-amd",0.06,"seadec",4,40.13
"pc2","4cpu-amd",0.06,"seadec",1,40.77
"pc2","4cpu-amd",0.06,"seadec",2,40.95
"pc2","4cpu-amd",0.06,"seadec",3,41.64
"pc2","4cpu-amd",0.06,"seadec",3,39.34
"pc2","4cpu-amd",0.06,"seadec",4,40.34
"pc2","4cpu-amd",0.06,"seadec",2,40.75
"pc2","4cpu-amd",0.06,"seadec",1,41.47
"pc2","4cpu-amd",0.06,"seadec",4,38.65
"pc2","4cpu-amd",0.06,"seadec",1,39.78
"pc2","4cpu-amd",0.06,"seadec",2,40.26
"pc2","4cpu-amd",0.06,"seadec",3,41.35
"pc2","4cpu-amd",0.06,"seadec",4,39.67
"pc2","4cpu-amd",0.06,"seadec",3,40.87
"pc2","4cpu-amd",0.06,"seadec",1,41.39
"pc2","4cpu-amd",0.06,"seadec",2,41.48
"pc2","4cpu-amd",0.06,"seadec",4,39.28
"pc2","4cpu-amd",0.06,"seadec",2,39.58
"pc2","4cpu-amd",0.06,"seadec",1,40.49
"pc2","4cpu-amd",0.06,"seadec",3,40.87
"pc2","4cpu-amd",0.06,"seadec",2,38.95
"pc2","4cpu-amd",0.06,"seadec",4,40.83
"pc2","4cpu-amd",0.06,"seadec",3,41.54
"pc2","4cpu-amd",0.06,"seadec",1,41.86
"pc2","4cpu-amd",0.06,"seadec",2,38.77
"pc2","4cpu-amd",0.06,"seadec",4,39.85
"pc2","4cpu-amd",0.06,"seadec",1,40.08
"pc2","4cpu-amd",0.06,"seadec",3,40.36
"pc2","4cpu-amd",0.06,"seadec",1,41.07
"pc2","4cpu-amd",0.06,"seadec",2,41.35
"pc2","4cpu-amd",0.06,"seadec",4,41.83
"pc2","4cpu-amd",0.06,"seadec",3,42.34
"pc2","4cpu-amd",0.06,"seadec",2,39.58
"pc2","4cpu-amd",0.06,"seadec",3,39.66
"pc2","4cpu-amd",0.06,"seadec",1,40.49
"pc2","4cpu-amd",0.06,"seadec",4,41.86
"pc2","4cpu-amd",0.06,"seadec",1,39.67
"pc2","4cpu-amd",0.06,"seadec",4,41.15
"pc2","4cpu-amd",0.06,"seadec",2,41.25
"pc2","4cpu-amd",0.06,"seadec",3,41.94
"pc2","4cpu-amd",0.07,"seadec",2,34.79
"pc2","4cpu-amd",0.07,"seadec",1,36.39
"pc2","4cpu-amd",0.07,"seadec",3,36.38
"pc2","4cpu-amd",0.07,"seadec",4,37.46
"pc2","4cpu-amd",0.07,"seadec",2,35.18
"pc2","4cpu-amd",0.07,"seadec",4,35.65
"pc2","4cpu-amd",0.07,"seadec",1,35.89
"pc2","4cpu-amd",0.07,"seadec",3,36.45
"pc2","4cpu-amd",0.07,"seadec",3,30.95
"pc2","4cpu-amd",0.07,"seadec",4,32.93
"pc2","4cpu-amd",0.07,"seadec",2,33.28
"pc2","4cpu-amd",0.07,"seadec",1,33.79
"pc2","4cpu-amd",0.07,"seadec",4,32.84
"pc2","4cpu-amd",0.07,"seadec",3,33.16
"pc2","4cpu-amd",0.07,"seadec",2,33.77
"pc2","4cpu-amd",0.07,"seadec",1,34.07
"pc2","4cpu-amd",0.07,"seadec",1,32.98
"pc2","4cpu-amd",0.07,"seadec",4,33.42
"pc2","4cpu-amd",0.07,"seadec",2,33.95
"pc2","4cpu-amd",0.07,"seadec",3,33.95
"pc2","4cpu-amd",0.07,"seadec",2,32.87
"pc2","4cpu-amd",0.07,"seadec",1,33.58
"pc2","4cpu-amd",0.07,"seadec",4,34.17
"pc2","4cpu-amd",0.07,"seadec",3,34.46
"pc2","4cpu-amd",0.07,"seadec",3,31.57
"pc2","4cpu-amd",0.07,"seadec",4,31.96
"pc2","4cpu-amd",0.07,"seadec",2,33.99
"pc2","4cpu-amd",0.07,"seadec",1,34.79
"pc2","4cpu-amd",0.07,"seadec",2,32.76
"pc2","4cpu-amd",0.07,"seadec",4,33.44
"pc2","4cpu-amd",0.07,"seadec",3,34.35
"pc2","4cpu-amd",0.07,"seadec",1,35.67
"pc2","4cpu-amd",0.07,"seadec",3,32.24
"pc2","4cpu-amd",0.07,"seadec",4,32.83
"pc2","4cpu-amd",0.07,"seadec",2,32.95
"pc2","4cpu-amd",0.07,"seadec",1,33.97
"pc2","4cpu-amd",0.07,"seadec",1,32.86
"pc2","4cpu-amd",0.07,"seadec",2,33.04
"pc2","4cpu-amd",0.07,"seadec",4,33.43
"pc2","4cpu-amd",0.07,"seadec",3,34.24
"pc2","4cpu-amd",0.07,"seadec",4,33.44
"pc2","4cpu-amd",0.07,"seadec",3,33.65
"pc2","4cpu-amd",0.07,"seadec",1,33.76
"pc2","4cpu-amd",0.07,"seadec",2,34.05
"pc2","4cpu-amd",0.07,"seadec",1,32.96
"pc2","4cpu-amd",0.07,"seadec",3,33.64
"pc2","4cpu-amd",0.07,"seadec",4,33.73
"pc2","4cpu-amd",0.07,"seadec",2,33.85
"pc2","4cpu-amd",0.07,"seadec",2,33.59
"pc2","4cpu-amd",0.07,"seadec",3,34.67
"pc2","4cpu-amd",0.07,"seadec",1,34.9
"pc2","4cpu-amd",0.07,"seadec",4,35.17
"pc2","4cpu-amd",0.07,"seadec",4,33.23
"pc2","4cpu-amd",0.07,"seadec",3,33.65
"pc2","4cpu-amd",0.07,"seadec",1,33.76
"pc2","4cpu-amd",0.07,"seadec",2,34.66
"pc2","4cpu-amd",0.07,"seadec",1,32.37
"pc2","4cpu-amd",0.07,"seadec",3,33.06
"pc2","4cpu-amd",0.07,"seadec",2,33.86
"pc2","4cpu-amd",0.07,"seadec",4,34.15
"pc2","4cpu-amd",0.07,"seadec",4,32.83
"pc2","4cpu-amd",0.07,"seadec",3,33.03
"pc2","4cpu-amd",0.07,"seadec",1,33.37
"pc2","4cpu-amd",0.07,"seadec",2,33.96
"pc2","4cpu-amd",0.07,"seadec",3,31.84
"pc2","4cpu-amd",0.07,"seadec",2,32.25
"pc2","4cpu-amd",0.07,"seadec",4,33.04
"pc2","4cpu-amd",0.07,"seadec",1,33.16
"pc2","4cpu-amd",0.07,"seadec",4,31.86
"pc2","4cpu-amd",0.07,"seadec",1,32.67
"pc2","4cpu-amd",0.07,"seadec",3,33.26
"pc2","4cpu-amd",0.07,"seadec",2,34.16
"pc2","4cpu-amd",0.07,"seadec",1,31.86
"pc2","4cpu-amd",0.07,"seadec",2,32.65
"pc2","4cpu-amd",0.07,"seadec",4,32.92
"pc2","4cpu-amd",0.07,"seadec",3,33.14
"pc2","4cpu-amd",0.07,"seadec",3,33.85
"pc2","4cpu-amd",0.07,"seadec",2,34.25
"pc2","4cpu-amd",0.07,"seadec",1,34.57
"pc2","4cpu-amd",0.07,"seadec",4,34.84
"pc2","4cpu-amd",0.07,"seadec",4,32.23
"pc2","4cpu-amd",0.07,"seadec",3,33.04
"pc2","4cpu-amd",0.07,"seadec",2,33.16
"pc2","4cpu-amd",0.07,"seadec",1,33.27
"pc2","4cpu-amd",0.07,"seadec",1,32.68
"pc2","4cpu-amd",0.07,"seadec",4,34.45
"pc2","4cpu-amd",0.07,"seadec",3,34.46
"pc2","4cpu-amd",0.07,"seadec",2,35.07
"pc2","4cpu-amd",0.07,"seadec",2,33.46
"pc2","4cpu-amd",0.07,"seadec",3,33.47
"pc2","4cpu-amd",0.07,"seadec",4,33.94
"pc2","4cpu-amd",0.07,"seadec",1,34.77
"pc2","4cpu-amd",0.07,"seadec",1,32.4
"pc2","4cpu-amd",0.07,"seadec",2,32.67
"pc2","4cpu-amd",0.07,"seadec",4,32.66
"pc2","4cpu-amd",0.07,"seadec",3,34.07
"pc2","4cpu-amd",0.07,"seadec",1,34.46
"pc2","4cpu-amd",0.07,"seadec",4,34.46
"pc2","4cpu-amd",0.07,"seadec",2,34.88
"pc2","4cpu-amd",0.07,"seadec",3,36.27
"pc2","4cpu-amd",0.07,"seadec",3,32.16
"pc2","4cpu-amd",0.07,"seadec",2,32.57
"pc2","4cpu-amd",0.07,"seadec",1,33.27
"pc2","4cpu-amd",0.07,"seadec",4,33.86
"pc2","4cpu-amd",0.07,"seadec",1,32.58
"pc2","4cpu-amd",0.07,"seadec",4,33.76
"pc2","4cpu-amd",0.07,"seadec",2,35.28
"pc2","4cpu-amd",0.07,"seadec",3,35.96
"pc2","4cpu-amd",0.07,"seadec",2,32.69
"pc2","4cpu-amd",0.07,"seadec",1,33
"pc2","4cpu-amd",0.07,"seadec",3,33.87
"pc2","4cpu-amd",0.07,"seadec",4,34.26
"pc2","4cpu-amd",0.07,"seadec",4,33.25
"pc2","4cpu-amd",0.07,"seadec",3,33.85
"pc2","4cpu-amd",0.07,"seadec",1,34.47
"pc2","4cpu-amd",0.07,"seadec",2,35.06
"pc2","4cpu-amd",0.07,"seadec",3,32.84
"pc2","4cpu-amd",0.07,"seadec",2,34.35
"pc2","4cpu-amd",0.07,"seadec",4,34.53
"pc2","4cpu-amd",0.07,"seadec",1,34.66
"pc2","4cpu-amd",0.08,"seadec",4,29.75
"pc2","4cpu-amd",0.08,"seadec",2,30.36
"pc2","4cpu-amd",0.08,"seadec",1,30.77
"pc2","4cpu-amd",0.08,"seadec",3,31.85
"pc2","4cpu-amd",0.08,"seadec",1,29.67
"pc2","4cpu-amd",0.08,"seadec",3,29.94
"pc2","4cpu-amd",0.08,"seadec",4,30.14
"pc2","4cpu-amd",0.08,"seadec",2,30.45
"pc2","4cpu-amd",0.08,"seadec",3,26.47
"pc2","4cpu-amd",0.08,"seadec",1,27.09
"pc2","4cpu-amd",0.08,"seadec",2,28.18
"pc2","4cpu-amd",0.08,"seadec",4,30.36
"pc2","4cpu-amd",0.08,"seadec",4,28.66
"pc2","4cpu-amd",0.08,"seadec",2,28.87
"pc2","4cpu-amd",0.08,"seadec",3,28.87
"pc2","4cpu-amd",0.08,"seadec",1,28.99
"pc2","4cpu-amd",0.08,"seadec",1,26.97
"pc2","4cpu-amd",0.08,"seadec",3,27.25
"pc2","4cpu-amd",0.08,"seadec",4,27.53
"pc2","4cpu-amd",0.08,"seadec",2,27.94
"pc2","4cpu-amd",0.08,"seadec",1,26.57
"pc2","4cpu-amd",0.08,"seadec",2,27.45
"pc2","4cpu-amd",0.08,"seadec",4,27.74
"pc2","4cpu-amd",0.08,"seadec",3,28.15
"pc2","4cpu-amd",0.08,"seadec",3,27.07
"pc2","4cpu-amd",0.08,"seadec",4,27.76
"pc2","4cpu-amd",0.08,"seadec",1,27.9
"pc2","4cpu-amd",0.08,"seadec",2,28.68
"pc2","4cpu-amd",0.08,"seadec",1,26.68
"pc2","4cpu-amd",0.08,"seadec",4,27.65
"pc2","4cpu-amd",0.08,"seadec",2,28.67
"pc2","4cpu-amd",0.08,"seadec",3,28.87
"pc2","4cpu-amd",0.08,"seadec",4,27.62
"pc2","4cpu-amd",0.08,"seadec",2,27.85
"pc2","4cpu-amd",0.08,"seadec",1,28.16
"pc2","4cpu-amd",0.08,"seadec",3,28.23
"pc2","4cpu-amd",0.08,"seadec",1,27.09
"pc2","4cpu-amd",0.08,"seadec",2,27.88
"pc2","4cpu-amd",0.08,"seadec",4,28.36
"pc2","4cpu-amd",0.08,"seadec",3,29.87
"pc2","4cpu-amd",0.08,"seadec",3,26.28
"pc2","4cpu-amd",0.08,"seadec",1,27.28
"pc2","4cpu-amd",0.08,"seadec",4,27.66
"pc2","4cpu-amd",0.08,"seadec",2,27.88
"pc2","4cpu-amd",0.08,"seadec",2,26.75
"pc2","4cpu-amd",0.08,"seadec",3,26.84
"pc2","4cpu-amd",0.08,"seadec",1,27.26
"pc2","4cpu-amd",0.08,"seadec",4,27.83
"pc2","4cpu-amd",0.08,"seadec",4,27.35
"pc2","4cpu-amd",0.08,"seadec",3,27.35
"pc2","4cpu-amd",0.08,"seadec",2,27.56
"pc2","4cpu-amd",0.08,"seadec",1,27.96
"pc2","4cpu-amd",0.08,"seadec",1,27.06
"pc2","4cpu-amd",0.08,"seadec",3,27.24
"pc2","4cpu-amd",0.08,"seadec",4,27.31
"pc2","4cpu-amd",0.08,"seadec",2,27.55
"pc2","4cpu-amd",0.08,"seadec",2,27.56
"pc2","4cpu-amd",0.08,"seadec",1,27.67
"pc2","4cpu-amd",0.08,"seadec",3,29.05
"pc2","4cpu-amd",0.08,"seadec",4,30.34
"pc2","4cpu-amd",0.08,"seadec",1,26.98
"pc2","4cpu-amd",0.08,"seadec",3,27.97
"pc2","4cpu-amd",0.08,"seadec",4,28.46
"pc2","4cpu-amd",0.08,"seadec",2,28.87
"pc2","4cpu-amd",0.08,"seadec",4,27.26
"pc2","4cpu-amd",0.08,"seadec",2,27.58
"pc2","4cpu-amd",0.08,"seadec",3,27.97
"pc2","4cpu-amd",0.08,"seadec",1,28.09
"pc2","4cpu-amd",0.08,"seadec",1,27.19
"pc2","4cpu-amd",0.08,"seadec",2,28.28
"pc2","4cpu-amd",0.08,"seadec",3,29.06
"pc2","4cpu-amd",0.08,"seadec",4,29.07
"pc2","4cpu-amd",0.08,"seadec",4,26.96
"pc2","4cpu-amd",0.08,"seadec",2,27.77
"pc2","4cpu-amd",0.08,"seadec",1,28.48
"pc2","4cpu-amd",0.08,"seadec",3,28.48
"pc2","4cpu-amd",0.08,"seadec",4,26.04
"pc2","4cpu-amd",0.08,"seadec",1,26.66
"pc2","4cpu-amd",0.08,"seadec",3,27.17
"pc2","4cpu-amd",0.08,"seadec",2,27.47
"pc2","4cpu-amd",0.08,"seadec",2,26.95
"pc2","4cpu-amd",0.08,"seadec",3,26.94
"pc2","4cpu-amd",0.08,"seadec",4,27.24
"pc2","4cpu-amd",0.08,"seadec",1,28.46
"pc2","4cpu-amd",0.08,"seadec",3,27.84
"pc2","4cpu-amd",0.08,"seadec",2,27.95
"pc2","4cpu-amd",0.08,"seadec",4,27.96
"pc2","4cpu-amd",0.08,"seadec",1,27.96
"pc2","4cpu-amd",0.08,"seadec",2,27.67
"pc2","4cpu-amd",0.08,"seadec",3,27.87
"pc2","4cpu-amd",0.08,"seadec",4,27.87
"pc2","4cpu-amd",0.08,"seadec",1,27.98
"pc2","4cpu-amd",0.08,"seadec",3,27.08
"pc2","4cpu-amd",0.08,"seadec",1,27.89
"pc2","4cpu-amd",0.08,"seadec",4,28.57
"pc2","4cpu-amd",0.08,"seadec",2,29.48
"pc2","4cpu-amd",0.08,"seadec",1,26.56
"pc2","4cpu-amd",0.08,"seadec",2,27.75
"pc2","4cpu-amd",0.08,"seadec",4,28.83
"pc2","4cpu-amd",0.08,"seadec",3,29.04
"pc2","4cpu-amd",0.08,"seadec",1,26.29
"pc2","4cpu-amd",0.08,"seadec",4,26.67
"pc2","4cpu-amd",0.08,"seadec",3,27.58
"pc2","4cpu-amd",0.08,"seadec",2,29.59
"pc2","4cpu-amd",0.08,"seadec",1,27.66
"pc2","4cpu-amd",0.08,"seadec",2,28.05
"pc2","4cpu-amd",0.08,"seadec",4,29.03
"pc2","4cpu-amd",0.08,"seadec",3,29.33
"pc2","4cpu-amd",0.08,"seadec",3,26.57
"pc2","4cpu-amd",0.08,"seadec",2,28.08
"pc2","4cpu-amd",0.08,"seadec",4,28.46
"pc2","4cpu-amd",0.08,"seadec",1,29.59
"pc2","4cpu-amd",0.08,"seadec",4,27.03
"pc2","4cpu-amd",0.08,"seadec",1,27.57
"pc2","4cpu-amd",0.08,"seadec",2,28.25
"pc2","4cpu-amd",0.08,"seadec",3,28.64
"pc2","4cpu-amd",0.08,"seadec",2,26.94
"pc2","4cpu-amd",0.08,"seadec",1,28.04
"pc2","4cpu-amd",0.08,"seadec",4,28.32
"pc2","4cpu-amd",0.08,"seadec",3,29.32
"pc2","4cpu-amd",0.09,"seadec",4,24.56
"pc2","4cpu-amd",0.09,"seadec",1,25.19
"pc2","4cpu-amd",0.09,"seadec",3,25.37
"pc2","4cpu-amd",0.09,"seadec",2,26.18
"pc2","4cpu-amd",0.09,"seadec",2,25.36
"pc2","4cpu-amd",0.09,"seadec",3,25.54
"pc2","4cpu-amd",0.09,"seadec",1,26.16
"pc2","4cpu-amd",0.09,"seadec",4,26.33
"pc2","4cpu-amd",0.09,"seadec",4,22.74
"pc2","4cpu-amd",0.09,"seadec",1,23.77
"pc2","4cpu-amd",0.09,"seadec",3,24.25
"pc2","4cpu-amd",0.09,"seadec",2,25.26
"pc2","4cpu-amd",0.09,"seadec",1,22.38
"pc2","4cpu-amd",0.09,"seadec",3,23.17
"pc2","4cpu-amd",0.09,"seadec",2,23.48
"pc2","4cpu-amd",0.09,"seadec",4,23.87
"pc2","4cpu-amd",0.09,"seadec",1,23.36
"pc2","4cpu-amd",0.09,"seadec",3,23.44
"pc2","4cpu-amd",0.09,"seadec",2,24.05
"pc2","4cpu-amd",0.09,"seadec",4,24.43
"pc2","4cpu-amd",0.09,"seadec",3,23.84
"pc2","4cpu-amd",0.09,"seadec",2,24.65
"pc2","4cpu-amd",0.09,"seadec",4,25.03
"pc2","4cpu-amd",0.09,"seadec",1,25.66
"pc2","4cpu-amd",0.09,"seadec",2,22.86
"pc2","4cpu-amd",0.09,"seadec",4,23.53
"pc2","4cpu-amd",0.09,"seadec",3,23.65
"pc2","4cpu-amd",0.09,"seadec",1,25.17
"pc2","4cpu-amd",0.09,"seadec",3,22.34
"pc2","4cpu-amd",0.09,"seadec",4,22.93
"pc2","4cpu-amd",0.09,"seadec",2,23.14
"pc2","4cpu-amd",0.09,"seadec",1,23.66
"pc2","4cpu-amd",0.09,"seadec",4,24.35
"pc2","4cpu-amd",0.09,"seadec",2,24.77
"pc2","4cpu-amd",0.09,"seadec",1,24.99
"pc2","4cpu-amd",0.09,"seadec",3,25.16
"pc2","4cpu-amd",0.09,"seadec",4,23.63
"pc2","4cpu-amd",0.09,"seadec",2,23.63
"pc2","4cpu-amd",0.09,"seadec",3,24.41
"pc2","4cpu-amd",0.09,"seadec",1,25.35
"pc2","4cpu-amd",0.09,"seadec",3,23.64
"pc2","4cpu-amd",0.09,"seadec",1,24.86
"pc2","4cpu-amd",0.09,"seadec",2,25.04
"pc2","4cpu-amd",0.09,"seadec",4,25.52
"pc2","4cpu-amd",0.09,"seadec",4,23.28
"pc2","4cpu-amd",0.09,"seadec",3,23.88
"pc2","4cpu-amd",0.09,"seadec",2,23.88
"pc2","4cpu-amd",0.09,"seadec",1,23.97
"pc2","4cpu-amd",0.09,"seadec",1,24.3
"pc2","4cpu-amd",0.09,"seadec",3,24.88
"pc2","4cpu-amd",0.09,"seadec",2,24.98
"pc2","4cpu-amd",0.09,"seadec",4,25.17
"pc2","4cpu-amd",0.09,"seadec",1,23.37
"pc2","4cpu-amd",0.09,"seadec",3,23.94
"pc2","4cpu-amd",0.09,"seadec",4,24.04
"pc2","4cpu-amd",0.09,"seadec",2,24.66
"pc2","4cpu-amd",0.09,"seadec",4,23.45
"pc2","4cpu-amd",0.09,"seadec",2,23.68
"pc2","4cpu-amd",0.09,"seadec",1,24.07
"pc2","4cpu-amd",0.09,"seadec",3,24.07
"pc2","4cpu-amd",0.09,"seadec",1,23.98
"pc2","4cpu-amd",0.09,"seadec",3,24.67
"pc2","4cpu-amd",0.09,"seadec",2,24.66
"pc2","4cpu-amd",0.09,"seadec",4,24.66
"pc2","4cpu-amd",0.09,"seadec",2,23.15
"pc2","4cpu-amd",0.09,"seadec",1,23.46
"pc2","4cpu-amd",0.09,"seadec",3,23.75
"pc2","4cpu-amd",0.09,"seadec",4,24.14
"pc2","4cpu-amd",0.09,"seadec",1,22.77
"pc2","4cpu-amd",0.09,"seadec",2,23.65
"pc2","4cpu-amd",0.09,"seadec",3,24.04
"pc2","4cpu-amd",0.09,"seadec",4,24.64
"pc2","4cpu-amd",0.09,"seadec",2,23.58
"pc2","4cpu-amd",0.09,"seadec",4,24.05
"pc2","4cpu-amd",0.09,"seadec",1,24.28
"pc2","4cpu-amd",0.09,"seadec",3,24.86
"pc2","4cpu-amd",0.09,"seadec",2,23.34
"pc2","4cpu-amd",0.09,"seadec",1,23.36
"pc2","4cpu-amd",0.09,"seadec",4,25.03
"pc2","4cpu-amd",0.09,"seadec",3,26.64
"pc2","4cpu-amd",0.09,"seadec",3,23.17
"pc2","4cpu-amd",0.09,"seadec",1,23.38
"pc2","4cpu-amd",0.09,"seadec",4,23.66
"pc2","4cpu-amd",0.09,"seadec",2,25.07
"pc2","4cpu-amd",0.09,"seadec",4,23.87
"pc2","4cpu-amd",0.09,"seadec",3,24.18
"pc2","4cpu-amd",0.09,"seadec",1,24.7
"pc2","4cpu-amd",0.09,"seadec",2,24.98
"pc2","4cpu-amd",0.09,"seadec",3,23.88
"pc2","4cpu-amd",0.09,"seadec",1,23.88
"pc2","4cpu-amd",0.09,"seadec",4,24.14
"pc2","4cpu-amd",0.09,"seadec",2,24.56
"pc2","4cpu-amd",0.09,"seadec",3,21.24
"pc2","4cpu-amd",0.09,"seadec",1,22.47
"pc2","4cpu-amd",0.09,"seadec",4,23.24
"pc2","4cpu-amd",0.09,"seadec",2,23.75
"pc2","4cpu-amd",0.09,"seadec",3,23.11
"pc2","4cpu-amd",0.09,"seadec",4,23.2
"pc2","4cpu-amd",0.09,"seadec",2,23.54
"pc2","4cpu-amd",0.09,"seadec",1,24.97
"pc2","4cpu-amd",0.09,"seadec",4,22.25
"pc2","4cpu-amd",0.09,"seadec",1,22.68
"pc2","4cpu-amd",0.09,"seadec",3,24.16
"pc2","4cpu-amd",0.09,"seadec",2,24.97
"pc2","4cpu-amd",0.09,"seadec",2,23.05
"pc2","4cpu-amd",0.09,"seadec",4,23.13
"pc2","4cpu-amd",0.09,"seadec",3,24.64
"pc2","4cpu-amd",0.09,"seadec",1,25.26
"pc2","4cpu-amd",0.09,"seadec",2,23.69
"pc2","4cpu-amd",0.09,"seadec",1,23.79
"pc2","4cpu-amd",0.09,"seadec",4,24.16
"pc2","4cpu-amd",0.09,"seadec",3,26.86
"pc2","4cpu-amd",0.09,"seadec",4,23.46
"pc2","4cpu-amd",0.09,"seadec",3,23.96
"pc2","4cpu-amd",0.09,"seadec",1,24.79
"pc2","4cpu-amd",0.09,"seadec",2,25.27
"pc2","4cpu-amd",0.09,"seadec",1,23.38
"pc2","4cpu-amd",0.09,"seadec",4,23.85
"pc2","4cpu-amd",0.09,"seadec",2,24.07
"pc2","4cpu-amd",0.09,"seadec",3,25.76
"pc2","4cpu-amd",0.11,"seadec",4,19.9
"pc2","4cpu-amd",0.11,"seadec",2,20.12
"pc2","4cpu-amd",0.11,"seadec",3,20.7
"pc2","4cpu-amd",0.11,"seadec",1,21.13
"pc2","4cpu-amd",0.11,"seadec",3,18.78
"pc2","4cpu-amd",0.11,"seadec",4,19.47
"pc2","4cpu-amd",0.11,"seadec",1,20.8
"pc2","4cpu-amd",0.11,"seadec",2,20.88
"pc2","4cpu-amd",0.11,"seadec",4,18.36
"pc2","4cpu-amd",0.11,"seadec",3,18.67
"pc2","4cpu-amd",0.11,"seadec",1,18.99
"pc2","4cpu-amd",0.11,"seadec",2,19.99
"pc2","4cpu-amd",0.11,"seadec",4,16.14
"pc2","4cpu-amd",0.11,"seadec",3,16.83
"pc2","4cpu-amd",0.11,"seadec",2,17.85
"pc2","4cpu-amd",0.11,"seadec",1,18.08
"pc2","4cpu-amd",0.11,"seadec",2,16.44
"pc2","4cpu-amd",0.11,"seadec",1,17.26
"pc2","4cpu-amd",0.11,"seadec",3,17.84
"pc2","4cpu-amd",0.11,"seadec",4,18.34
"pc2","4cpu-amd",0.11,"seadec",3,17.13
"pc2","4cpu-amd",0.11,"seadec",4,17.73
"pc2","4cpu-amd",0.11,"seadec",1,18.05
"pc2","4cpu-amd",0.11,"seadec",2,18.64
"pc2","4cpu-amd",0.11,"seadec",2,17.36
"pc2","4cpu-amd",0.11,"seadec",3,18.04
"pc2","4cpu-amd",0.11,"seadec",1,18.08
"pc2","4cpu-amd",0.11,"seadec",4,18.54
"pc2","4cpu-amd",0.11,"seadec",1,16.9
"pc2","4cpu-amd",0.11,"seadec",4,18.18
"pc2","4cpu-amd",0.11,"seadec",3,19.08
"pc2","4cpu-amd",0.11,"seadec",2,19.58
"pc2","4cpu-amd",0.11,"seadec",1,17.6
"pc2","4cpu-amd",0.11,"seadec",4,18.07
"pc2","4cpu-amd",0.11,"seadec",3,18.58
"pc2","4cpu-amd",0.11,"seadec",2,20.68
"pc2","4cpu-amd",0.11,"seadec",1,16.88
"pc2","4cpu-amd",0.11,"seadec",4,17.06
"pc2","4cpu-amd",0.11,"seadec",3,17.47
"pc2","4cpu-amd",0.11,"seadec",2,17.87
"pc2","4cpu-amd",0.11,"seadec",3,17.05
"pc2","4cpu-amd",0.11,"seadec",1,18.06
"pc2","4cpu-amd",0.11,"seadec",4,19.23
"pc2","4cpu-amd",0.11,"seadec",2,20.35
"pc2","4cpu-amd",0.11,"seadec",4,18.03
"pc2","4cpu-amd",0.11,"seadec",3,18.24
"pc2","4cpu-amd",0.11,"seadec",2,18.34
"pc2","4cpu-amd",0.11,"seadec",1,18.37
"pc2","4cpu-amd",0.11,"seadec",3,18.27
"pc2","4cpu-amd",0.11,"seadec",4,19.25
"pc2","4cpu-amd",0.11,"seadec",1,20.17
"pc2","4cpu-amd",0.11,"seadec",2,21.06
"pc2","4cpu-amd",0.11,"seadec",4,17.34
"pc2","4cpu-amd",0.11,"seadec",3,17.53
"pc2","4cpu-amd",0.11,"seadec",1,17.95
"pc2","4cpu-amd",0.11,"seadec",2,18.55
"pc2","4cpu-amd",0.11,"seadec",1,16.57
"pc2","4cpu-amd",0.11,"seadec",2,18.06
"pc2","4cpu-amd",0.11,"seadec",3,18.46
"pc2","4cpu-amd",0.11,"seadec",4,18.94
"pc2","4cpu-amd",0.11,"seadec",1,16.58
"pc2","4cpu-amd",0.11,"seadec",4,18.25
"pc2","4cpu-amd",0.11,"seadec",2,18.58
"pc2","4cpu-amd",0.11,"seadec",3,19.07
"pc2","4cpu-amd",0.11,"seadec",1,17.19
"pc2","4cpu-amd",0.11,"seadec",2,18.28
"pc2","4cpu-amd",0.11,"seadec",3,19.46
"pc2","4cpu-amd",0.11,"seadec",4,20.46
"pc2","4cpu-amd",0.11,"seadec",3,16.45
"pc2","4cpu-amd",0.11,"seadec",2,17.35
"pc2","4cpu-amd",0.11,"seadec",1,17.96
"pc2","4cpu-amd",0.11,"seadec",4,18.83
"pc2","4cpu-amd",0.11,"seadec",3,17.25
"pc2","4cpu-amd",0.11,"seadec",4,17.26
"pc2","4cpu-amd",0.11,"seadec",1,18.39
"pc2","4cpu-amd",0.11,"seadec",2,19.56
"pc2","4cpu-amd",0.11,"seadec",4,17.14
"pc2","4cpu-amd",0.11,"seadec",2,18.55
"pc2","4cpu-amd",0.11,"seadec",3,19.65
"pc2","4cpu-amd",0.11,"seadec",1,19.77
"pc2","4cpu-amd",0.11,"seadec",3,17.97
"pc2","4cpu-amd",0.11,"seadec",4,18.57
"pc2","4cpu-amd",0.11,"seadec",1,18.69
"pc2","4cpu-amd",0.11,"seadec",2,18.8
"pc2","4cpu-amd",0.11,"seadec",3,18.14
"pc2","4cpu-amd",0.11,"seadec",2,18.36
"pc2","4cpu-amd",0.11,"seadec",4,18.73
"pc2","4cpu-amd",0.11,"seadec",1,18.95
"pc2","4cpu-amd",0.11,"seadec",4,17.22
"pc2","4cpu-amd",0.11,"seadec",3,18.62
"pc2","4cpu-amd",0.11,"seadec",2,19.45
"pc2","4cpu-amd",0.11,"seadec",1,19.66
"pc2","4cpu-amd",0.11,"seadec",3,17.95
"pc2","4cpu-amd",0.11,"seadec",4,18.14
"pc2","4cpu-amd",0.11,"seadec",2,18.75
"pc2","4cpu-amd",0.11,"seadec",1,19.08
"pc2","4cpu-amd",0.11,"seadec",3,16.96
"pc2","4cpu-amd",0.11,"seadec",1,19.77
"pc2","4cpu-amd",0.11,"seadec",4,19.95
"pc2","4cpu-amd",0.11,"seadec",2,19.98
"pc2","4cpu-amd",0.11,"seadec",1,17.59
"pc2","4cpu-amd",0.11,"seadec",4,18.85
"pc2","4cpu-amd",0.11,"seadec",2,19.37
"pc2","4cpu-amd",0.11,"seadec",3,19.65
"pc2","4cpu-amd",0.11,"seadec",3,16.74
"pc2","4cpu-amd",0.11,"seadec",1,17.76
"pc2","4cpu-amd",0.11,"seadec",4,17.92
"pc2","4cpu-amd",0.11,"seadec",2,18.06
"pc2","4cpu-amd",0.11,"seadec",4,17.24
"pc2","4cpu-amd",0.11,"seadec",1,18.56
"pc2","4cpu-amd",0.11,"seadec",2,18.56
"pc2","4cpu-amd",0.11,"seadec",3,18.65
"pc2","4cpu-amd",0.11,"seadec",3,16.87
"pc2","4cpu-amd",0.11,"seadec",2,18.68
"pc2","4cpu-amd",0.11,"seadec",1,18.78
"pc2","4cpu-amd",0.11,"seadec",4,18.77
"pc2","4cpu-amd",0.11,"seadec",1,16.77
"pc2","4cpu-amd",0.11,"seadec",2,17.06
"pc2","4cpu-amd",0.11,"seadec",4,17.74
"pc2","4cpu-amd",0.11,"seadec",3,19.15
"pc2","4cpu-amd",0.12,"seadec",3,16.09
"pc2","4cpu-amd",0.12,"seadec",2,16.91
"pc2","4cpu-amd",0.12,"seadec",1,18.02
"pc2","4cpu-amd",0.12,"seadec",4,34.28
"pc2","4cpu-amd",0.12,"seadec",4,14.72
"pc2","4cpu-amd",0.12,"seadec",2,17.54
"pc2","4cpu-amd",0.12,"seadec",3,17.53
"pc2","4cpu-amd",0.12,"seadec",1,17.67
"pc2","4cpu-amd",0.12,"seadec",2,14.35
"pc2","4cpu-amd",0.12,"seadec",4,14.4
"pc2","4cpu-amd",0.12,"seadec",1,15.84
"pc2","4cpu-amd",0.12,"seadec",3,16.52
"pc2","4cpu-amd",0.12,"seadec",3,14.66
"pc2","4cpu-amd",0.12,"seadec",4,14.95
"pc2","4cpu-amd",0.12,"seadec",2,16.07
"pc2","4cpu-amd",0.12,"seadec",1,16.98
"pc2","4cpu-amd",0.12,"seadec",2,14.34
"pc2","4cpu-amd",0.12,"seadec",3,14.54
"pc2","4cpu-amd",0.12,"seadec",1,15.86
"pc2","4cpu-amd",0.12,"seadec",4,15.84
"pc2","4cpu-amd",0.12,"seadec",3,13.65
"pc2","4cpu-amd",0.12,"seadec",2,14.95
"pc2","4cpu-amd",0.12,"seadec",4,15.43
"pc2","4cpu-amd",0.12,"seadec",1,16.06
"pc2","4cpu-amd",0.12,"seadec",2,14.34
"pc2","4cpu-amd",0.12,"seadec",1,14.77
"pc2","4cpu-amd",0.12,"seadec",3,15.24
"pc2","4cpu-amd",0.12,"seadec",4,15.63
"pc2","4cpu-amd",0.12,"seadec",3,14.26
"pc2","4cpu-amd",0.12,"seadec",2,15.27
"pc2","4cpu-amd",0.12,"seadec",1,15.78
"pc2","4cpu-amd",0.12,"seadec",4,16.25
"pc2","4cpu-amd",0.12,"seadec",4,14.14
"pc2","4cpu-amd",0.12,"seadec",3,14.63
"pc2","4cpu-amd",0.12,"seadec",1,15.85
"pc2","4cpu-amd",0.12,"seadec",2,16.14
"pc2","4cpu-amd",0.12,"seadec",2,14.65
"pc2","4cpu-amd",0.12,"seadec",3,14.75
"pc2","4cpu-amd",0.12,"seadec",1,15.26
"pc2","4cpu-amd",0.12,"seadec",4,16.64
"pc2","4cpu-amd",0.12,"seadec",2,14.66
"pc2","4cpu-amd",0.12,"seadec",4,15.03
"pc2","4cpu-amd",0.12,"seadec",1,15.17
"pc2","4cpu-amd",0.12,"seadec",3,16.44
"pc2","4cpu-amd",0.12,"seadec",1,15.39
"pc2","4cpu-amd",0.12,"seadec",2,15.98
"pc2","4cpu-amd",0.12,"seadec",4,16.36
"pc2","4cpu-amd",0.12,"seadec",3,17.17
"pc2","4cpu-amd",0.12,"seadec",4,14.23
"pc2","4cpu-amd",0.12,"seadec",1,15.15
"pc2","4cpu-amd",0.12,"seadec",3,15.74
"pc2","4cpu-amd",0.12,"seadec",2,16.05
"pc2","4cpu-amd",0.12,"seadec",2,14.34
"pc2","4cpu-amd",0.12,"seadec",1,14.96
"pc2","4cpu-amd",0.12,"seadec",4,15.73
"pc2","4cpu-amd",0.12,"seadec",3,38.57
"pc2","4cpu-amd",0.12,"seadec",2,14.83
"pc2","4cpu-amd",0.12,"seadec",1,15.53
"pc2","4cpu-amd",0.12,"seadec",4,15.53
"pc2","4cpu-amd",0.12,"seadec",3,15.73
"pc2","4cpu-amd",0.12,"seadec",1,14.57
"pc2","4cpu-amd",0.12,"seadec",3,15.15
"pc2","4cpu-amd",0.12,"seadec",2,15.66
"pc2","4cpu-amd",0.12,"seadec",4,16.05
"pc2","4cpu-amd",0.12,"seadec",3,14.54
"pc2","4cpu-amd",0.12,"seadec",1,15.46
"pc2","4cpu-amd",0.12,"seadec",4,15.62
"pc2","4cpu-amd",0.12,"seadec",2,16.94
"pc2","4cpu-amd",0.12,"seadec",4,13.94
"pc2","4cpu-amd",0.12,"seadec",3,15.24
"pc2","4cpu-amd",0.12,"seadec",2,16.75
"pc2","4cpu-amd",0.12,"seadec",1,17.47
"pc2","4cpu-amd",0.12,"seadec",2,14.85
"pc2","4cpu-amd",0.12,"seadec",1,15.27
"pc2","4cpu-amd",0.12,"seadec",3,15.34
"pc2","4cpu-amd",0.12,"seadec",4,15.64
"pc2","4cpu-amd",0.12,"seadec",1,14.35
"pc2","4cpu-amd",0.12,"seadec",3,14.92
"pc2","4cpu-amd",0.12,"seadec",4,15.23
"pc2","4cpu-amd",0.12,"seadec",2,16.73
"pc2","4cpu-amd",0.12,"seadec",2,14.76
"pc2","4cpu-amd",0.12,"seadec",3,15.54
"pc2","4cpu-amd",0.12,"seadec",4,15.84
"pc2","4cpu-amd",0.12,"seadec",1,16.16
"pc2","4cpu-amd",0.12,"seadec",2,14.55
"pc2","4cpu-amd",0.12,"seadec",3,14.74
"pc2","4cpu-amd",0.12,"seadec",1,15.27
"pc2","4cpu-amd",0.12,"seadec",4,15.64
"pc2","4cpu-amd",0.12,"seadec",3,14.37
"pc2","4cpu-amd",0.12,"seadec",4,15.26
"pc2","4cpu-amd",0.12,"seadec",2,15.58
"pc2","4cpu-amd",0.12,"seadec",1,17.68
"pc2","4cpu-amd",0.12,"seadec",1,14.87
"pc2","4cpu-amd",0.12,"seadec",2,15.47
"pc2","4cpu-amd",0.12,"seadec",3,17.55
"pc2","4cpu-amd",0.12,"seadec",4,17.65
"pc2","4cpu-amd",0.12,"seadec",1,14.2
"pc2","4cpu-amd",0.12,"seadec",4,15.27
"pc2","4cpu-amd",0.12,"seadec",3,17.07
"pc2","4cpu-amd",0.12,"seadec",2,17.27
"pc2","4cpu-amd",0.12,"seadec",2,14.67
"pc2","4cpu-amd",0.12,"seadec",4,14.95
"pc2","4cpu-amd",0.12,"seadec",1,15.07
"pc2","4cpu-amd",0.12,"seadec",3,15.74
"pc2","4cpu-amd",0.12,"seadec",2,13.28
"pc2","4cpu-amd",0.12,"seadec",1,15.18
"pc2","4cpu-amd",0.12,"seadec",3,15.87
"pc2","4cpu-amd",0.12,"seadec",4,17.25
"pc2","4cpu-amd",0.12,"seadec",1,14.77
"pc2","4cpu-amd",0.12,"seadec",2,14.95
"pc2","4cpu-amd",0.12,"seadec",3,15.84
"pc2","4cpu-amd",0.12,"seadec",4,16.11
"pc2","4cpu-amd",0.12,"seadec",1,14.86
"pc2","4cpu-amd",0.12,"seadec",4,15.05
"pc2","4cpu-amd",0.12,"seadec",2,17.06
"pc2","4cpu-amd",0.12,"seadec",3,17.35
"pc2","4cpu-amd",0.12,"seadec",3,13.85
"pc2","4cpu-amd",0.12,"seadec",4,15.73
"pc2","4cpu-amd",0.12,"seadec",1,15.87
"pc2","4cpu-amd",0.12,"seadec",2,15.95
"pc2","4cpu-amd",0.13,"seadec",3,13.83
"pc2","4cpu-amd",0.13,"seadec",2,14.63
"pc2","4cpu-amd",0.13,"seadec",1,14.75
"pc2","4cpu-amd",0.13,"seadec",4,15.63
"pc2","4cpu-amd",0.13,"seadec",1,13.78
"pc2","4cpu-amd",0.13,"seadec",2,13.87
"pc2","4cpu-amd",0.13,"seadec",3,15.17
"pc2","4cpu-amd",0.13,"seadec",4,15.65
"pc2","4cpu-amd",0.13,"seadec",3,13.48
"pc2","4cpu-amd",0.13,"seadec",1,13.59
"pc2","4cpu-amd",0.13,"seadec",2,14.48
"pc2","4cpu-amd",0.13,"seadec",4,14.76
"pc2","4cpu-amd",0.13,"seadec",3,13.17
"pc2","4cpu-amd",0.13,"seadec",4,13.86
"pc2","4cpu-amd",0.13,"seadec",1,14.59
"pc2","4cpu-amd",0.13,"seadec",2,14.98
"pc2","4cpu-amd",0.13,"seadec",4,13.38
"pc2","4cpu-amd",0.13,"seadec",3,13.87
"pc2","4cpu-amd",0.13,"seadec",2,14.28
"pc2","4cpu-amd",0.13,"seadec",1,15.19
"pc2","4cpu-amd",0.13,"seadec",4,12.62
"pc2","4cpu-amd",0.13,"seadec",1,13.06
"pc2","4cpu-amd",0.13,"seadec",3,13.33
"pc2","4cpu-amd",0.13,"seadec",2,13.64
"pc2","4cpu-amd",0.13,"seadec",4,12.64
"pc2","4cpu-amd",0.13,"seadec",1,13.08
"pc2","4cpu-amd",0.13,"seadec",2,13.57
"pc2","4cpu-amd",0.13,"seadec",3,14.25
"pc2","4cpu-amd",0.13,"seadec",4,13.65
"pc2","4cpu-amd",0.13,"seadec",2,13.96
"pc2","4cpu-amd",0.13,"seadec",3,14.05
"pc2","4cpu-amd",0.13,"seadec",1,14.48
"pc2","4cpu-amd",0.13,"seadec",4,13.1
"pc2","4cpu-amd",0.13,"seadec",3,13.22
"pc2","4cpu-amd",0.13,"seadec",1,13.36
"pc2","4cpu-amd",0.13,"seadec",2,14.45
"pc2","4cpu-amd",0.13,"seadec",1,12.26
"pc2","4cpu-amd",0.13,"seadec",2,12.26
"pc2","4cpu-amd",0.13,"seadec",3,13.43
"pc2","4cpu-amd",0.13,"seadec",4,14.42
"pc2","4cpu-amd",0.13,"seadec",1,12.8
"pc2","4cpu-amd",0.13,"seadec",3,13.57
"pc2","4cpu-amd",0.13,"seadec",4,14.35
"pc2","4cpu-amd",0.13,"seadec",2,14.97
"pc2","4cpu-amd",0.13,"seadec",4,11.93
"pc2","4cpu-amd",0.13,"seadec",2,12.34
"pc2","4cpu-amd",0.13,"seadec",3,12.84
"pc2","4cpu-amd",0.13,"seadec",1,13.27
"pc2","4cpu-amd",0.13,"seadec",2,13.02
"pc2","4cpu-amd",0.13,"seadec",4,13.27
"pc2","4cpu-amd",0.13,"seadec",1,13.74
"pc2","4cpu-amd",0.13,"seadec",3,14.19
"pc2","4cpu-amd",0.13,"seadec",3,12.14
"pc2","4cpu-amd",0.13,"seadec",1,12.77
"pc2","4cpu-amd",0.13,"seadec",4,13.34
"pc2","4cpu-amd",0.13,"seadec",2,13.55
"pc2","4cpu-amd",0.13,"seadec",3,12.43
"pc2","4cpu-amd",0.13,"seadec",1,12.96
"pc2","4cpu-amd",0.13,"seadec",4,13.52
"pc2","4cpu-amd",0.13,"seadec",2,13.85
"pc2","4cpu-amd",0.13,"seadec",1,12.89
"pc2","4cpu-amd",0.13,"seadec",3,13.47
"pc2","4cpu-amd",0.13,"seadec",2,13.87
"pc2","4cpu-amd",0.13,"seadec",4,14.57
"pc2","4cpu-amd",0.13,"seadec",2,12.35
"pc2","4cpu-amd",0.13,"seadec",4,13.04
"pc2","4cpu-amd",0.13,"seadec",1,14.06
"pc2","4cpu-amd",0.13,"seadec",3,14.34
"pc2","4cpu-amd",0.13,"seadec",1,12.96
"pc2","4cpu-amd",0.13,"seadec",2,13.36
"pc2","4cpu-amd",0.13,"seadec",3,14.73
"pc2","4cpu-amd",0.13,"seadec",4,14.91
"pc2","4cpu-amd",0.13,"seadec",1,12.78
"pc2","4cpu-amd",0.13,"seadec",3,13.15
"pc2","4cpu-amd",0.13,"seadec",4,13.34
"pc2","4cpu-amd",0.13,"seadec",2,13.45
"pc2","4cpu-amd",0.13,"seadec",3,12.88
"pc2","4cpu-amd",0.13,"seadec",4,13.38
"pc2","4cpu-amd",0.13,"seadec",2,13.77
"pc2","4cpu-amd",0.13,"seadec",1,14.79
"pc2","4cpu-amd",0.13,"seadec",2,13.25
"pc2","4cpu-amd",0.13,"seadec",4,13.53
"pc2","4cpu-amd",0.13,"seadec",3,13.73
"pc2","4cpu-amd",0.13,"seadec",1,14.48
"pc2","4cpu-amd",0.13,"seadec",2,12.78
"pc2","4cpu-amd",0.13,"seadec",3,13.77
"pc2","4cpu-amd",0.13,"seadec",1,14.79
"pc2","4cpu-amd",0.13,"seadec",4,15.07
"pc2","4cpu-amd",0.13,"seadec",4,12.91
"pc2","4cpu-amd",0.13,"seadec",1,13.07
"pc2","4cpu-amd",0.13,"seadec",2,13.45
"pc2","4cpu-amd",0.13,"seadec",3,13.53
"pc2","4cpu-amd",0.13,"seadec",4,13.37
"pc2","4cpu-amd",0.13,"seadec",1,13.5
"pc2","4cpu-amd",0.13,"seadec",2,14.08
"pc2","4cpu-amd",0.13,"seadec",3,14.67
"pc2","4cpu-amd",0.13,"seadec",1,13.48
"pc2","4cpu-amd",0.13,"seadec",4,13.54
"pc2","4cpu-amd",0.13,"seadec",2,13.95
"pc2","4cpu-amd",0.13,"seadec",3,15.15
"pc2","4cpu-amd",0.13,"seadec",4,12.92
"pc2","4cpu-amd",0.13,"seadec",2,13.85
"pc2","4cpu-amd",0.13,"seadec",3,14.58
"pc2","4cpu-amd",0.13,"seadec",1,14.58
"pc2","4cpu-amd",0.13,"seadec",4,13.46
"pc2","4cpu-amd",0.13,"seadec",1,13.78
"pc2","4cpu-amd",0.13,"seadec",2,13.78
"pc2","4cpu-amd",0.13,"seadec",3,14.37
"pc2","4cpu-amd",0.13,"seadec",1,12.96
"pc2","4cpu-amd",0.13,"seadec",4,12.94
"pc2","4cpu-amd",0.13,"seadec",2,13.55
"pc2","4cpu-amd",0.13,"seadec",3,14.74
"pc2","4cpu-amd",0.13,"seadec",4,12.44
"pc2","4cpu-amd",0.13,"seadec",3,12.74
"pc2","4cpu-amd",0.13,"seadec",1,13.87
"pc2","4cpu-amd",0.13,"seadec",2,14.06
"pc2","4cpu-amd",0.13,"seadec",3,12.93
"pc2","4cpu-amd",0.13,"seadec",4,13.34
"pc2","4cpu-amd",0.13,"seadec",1,13.46
"pc2","4cpu-amd",0.13,"seadec",2,14.65
"pc2","4cpu-amd",0.14,"seadec",2,0.02
"pc2","4cpu-amd",0.14,"seadec",1,12.03
"pc2","4cpu-amd",0.14,"seadec",3,12.61
"pc2","4cpu-amd",0.14,"seadec",4,14.2
"pc2","4cpu-amd",0.14,"seadec",3,12.53
"pc2","4cpu-amd",0.14,"seadec",2,13.05
"pc2","4cpu-amd",0.14,"seadec",4,13.12
"pc2","4cpu-amd",0.14,"seadec",1,13.97
"pc2","4cpu-amd",0.14,"seadec",3,11.23
"pc2","4cpu-amd",0.14,"seadec",4,11.52
"pc2","4cpu-amd",0.14,"seadec",1,12.45
"pc2","4cpu-amd",0.14,"seadec",2,12.94
"pc2","4cpu-amd",0.14,"seadec",4,11.49
"pc2","4cpu-amd",0.14,"seadec",2,11.72
"pc2","4cpu-amd",0.14,"seadec",3,12.3
"pc2","4cpu-amd",0.14,"seadec",1,12.64
"pc2","4cpu-amd",0.14,"seadec",4,11.43
"pc2","4cpu-amd",0.14,"seadec",3,11.45
"pc2","4cpu-amd",0.14,"seadec",2,11.75
"pc2","4cpu-amd",0.14,"seadec",1,12.06
"pc2","4cpu-amd",0.14,"seadec",4,11.75
"pc2","4cpu-amd",0.14,"seadec",3,11.75
"pc2","4cpu-amd",0.14,"seadec",1,12.27
"pc2","4cpu-amd",0.14,"seadec",2,12.55
"pc2","4cpu-amd",0.14,"seadec",1,11.17
"pc2","4cpu-amd",0.14,"seadec",3,11.24
"pc2","4cpu-amd",0.14,"seadec",2,11.44
"pc2","4cpu-amd",0.14,"seadec",4,11.72
"pc2","4cpu-amd",0.14,"seadec",3,12.68
"pc2","4cpu-amd",0.14,"seadec",1,12.89
"pc2","4cpu-amd",0.14,"seadec",4,13.16
"pc2","4cpu-amd",0.14,"seadec",2,13.18
"pc2","4cpu-amd",0.14,"seadec",3,11.65
"pc2","4cpu-amd",0.14,"seadec",1,11.87
"pc2","4cpu-amd",0.14,"seadec",2,12.35
"pc2","4cpu-amd",0.14,"seadec",4,12.54
"pc2","4cpu-amd",0.14,"seadec",3,11.88
"pc2","4cpu-amd",0.14,"seadec",1,12.29
"pc2","4cpu-amd",0.14,"seadec",2,12.78
"pc2","4cpu-amd",0.14,"seadec",4,14.17
"pc2","4cpu-amd",0.14,"seadec",4,11.62
"pc2","4cpu-amd",0.14,"seadec",2,11.74
"pc2","4cpu-amd",0.14,"seadec",3,12.03
"pc2","4cpu-amd",0.14,"seadec",1,12.15
"pc2","4cpu-amd",0.14,"seadec",1,10.78
"pc2","4cpu-amd",0.14,"seadec",2,11.47
"pc2","4cpu-amd",0.14,"seadec",3,11.86
"pc2","4cpu-amd",0.14,"seadec",4,12.65
"pc2","4cpu-amd",0.14,"seadec",1,12.29
"pc2","4cpu-amd",0.14,"seadec",3,12.37
"pc2","4cpu-amd",0.14,"seadec",4,12.66
"pc2","4cpu-amd",0.14,"seadec",2,13.17
"pc2","4cpu-amd",0.14,"seadec",3,11.55
"pc2","4cpu-amd",0.14,"seadec",2,11.85
"pc2","4cpu-amd",0.14,"seadec",4,12.04
"pc2","4cpu-amd",0.14,"seadec",1,12.18
"pc2","4cpu-amd",0.14,"seadec",2,11.67
"pc2","4cpu-amd",0.14,"seadec",1,12.07
"pc2","4cpu-amd",0.14,"seadec",3,12.17
"pc2","4cpu-amd",0.14,"seadec",4,12.76
"pc2","4cpu-amd",0.14,"seadec",2,11.35
"pc2","4cpu-amd",0.14,"seadec",1,11.65
"pc2","4cpu-amd",0.14,"seadec",4,12.23
"pc2","4cpu-amd",0.14,"seadec",3,12.93
"pc2","4cpu-amd",0.14,"seadec",1,12.08
"pc2","4cpu-amd",0.14,"seadec",2,12.15
"pc2","4cpu-amd",0.14,"seadec",4,12.24
"pc2","4cpu-amd",0.14,"seadec",3,12.64
"pc2","4cpu-amd",0.14,"seadec",1,12.38
"pc2","4cpu-amd",0.14,"seadec",3,12.38
"pc2","4cpu-amd",0.14,"seadec",2,12.78
"pc2","4cpu-amd",0.14,"seadec",4,12.87
"pc2","4cpu-amd",0.14,"seadec",2,12.29
"pc2","4cpu-amd",0.14,"seadec",1,12.39
"pc2","4cpu-amd",0.14,"seadec",3,12.88
"pc2","4cpu-amd",0.14,"seadec",4,13.66
"pc2","4cpu-amd",0.14,"seadec",3,10.96
"pc2","4cpu-amd",0.14,"seadec",2,11.97
"pc2","4cpu-amd",0.14,"seadec",1,12.98
"pc2","4cpu-amd",0.14,"seadec",4,13.14
"pc2","4cpu-amd",0.14,"seadec",1,11.57
"pc2","4cpu-amd",0.14,"seadec",2,11.66
"pc2","4cpu-amd",0.14,"seadec",3,12.55
"pc2","4cpu-amd",0.14,"seadec",4,12.95
"pc2","4cpu-amd",0.14,"seadec",1,12.17
"pc2","4cpu-amd",0.14,"seadec",4,12.2
"pc2","4cpu-amd",0.14,"seadec",3,12.72
"pc2","4cpu-amd",0.14,"seadec",2,14.13
"pc2","4cpu-amd",0.14,"seadec",2,11
"pc2","4cpu-amd",0.14,"seadec",1,11.88
"pc2","4cpu-amd",0.14,"seadec",3,12.37
"pc2","4cpu-amd",0.14,"seadec",4,12.77
"pc2","4cpu-amd",0.14,"seadec",1,11.96
"pc2","4cpu-amd",0.14,"seadec",4,12.43
"pc2","4cpu-amd",0.14,"seadec",2,12.55
"pc2","4cpu-amd",0.14,"seadec",3,13.23
"pc2","4cpu-amd",0.14,"seadec",2,11.6
"pc2","4cpu-amd",0.14,"seadec",1,12.1
"pc2","4cpu-amd",0.14,"seadec",3,12.47
"pc2","4cpu-amd",0.14,"seadec",4,12.97
"pc2","4cpu-amd",0.14,"seadec",1,11.89
"pc2","4cpu-amd",0.14,"seadec",2,12.47
"pc2","4cpu-amd",0.14,"seadec",4,12.95
"pc2","4cpu-amd",0.14,"seadec",3,12.96
"pc2","4cpu-amd",0.14,"seadec",1,11.47
"pc2","4cpu-amd",0.14,"seadec",4,11.94
"pc2","4cpu-amd",0.14,"seadec",3,12.06
"pc2","4cpu-amd",0.14,"seadec",2,12.46
"pc2","4cpu-amd",0.14,"seadec",1,11.48
"pc2","4cpu-amd",0.14,"seadec",2,11.75
"pc2","4cpu-amd",0.14,"seadec",4,11.84
"pc2","4cpu-amd",0.14,"seadec",3,11.95
"pc2","4cpu-amd",0.14,"seadec",2,11.86
"pc2","4cpu-amd",0.14,"seadec",1,12.07
"pc2","4cpu-amd",0.14,"seadec",3,12.54
"pc2","4cpu-amd",0.14,"seadec",4,13.14
"pc2","4cpu-amd",0.14,"seadec",3,11.55
"pc2","4cpu-amd",0.14,"seadec",4,11.63
"pc2","4cpu-amd",0.14,"seadec",2,12.55
"pc2","4cpu-amd",0.14,"seadec",1,12.85
"pc2","4cpu-amd",0.16,"seadec",4,0.01
"pc2","4cpu-amd",0.16,"seadec",3,9.68
"pc2","4cpu-amd",0.16,"seadec",2,9.99
"pc2","4cpu-amd",0.16,"seadec",4,0
"pc2","4cpu-amd",0.16,"seadec",1,10.36
"pc2","4cpu-amd",0.16,"seadec",3,10.44
"pc2","4cpu-amd",0.16,"seadec",2,10.46
"pc2","4cpu-amd",0.16,"seadec",3,0.01
"pc2","4cpu-amd",0.16,"seadec",1,9.05
"pc2","4cpu-amd",0.16,"seadec",2,10.25
"pc2","4cpu-amd",0.16,"seadec",4,10.73
"pc2","4cpu-amd",0.16,"seadec",4,9.66
"pc2","4cpu-amd",0.16,"seadec",1,9.87
"pc2","4cpu-amd",0.16,"seadec",3,10.76
"pc2","4cpu-amd",0.16,"seadec",2,10.87
"pc2","4cpu-amd",0.16,"seadec",2,9.19
"pc2","4cpu-amd",0.16,"seadec",1,9.59
"pc2","4cpu-amd",0.16,"seadec",4,10.07
"pc2","4cpu-amd",0.16,"seadec",3,10.38
"pc2","4cpu-amd",0.16,"seadec",4,8.82
"pc2","4cpu-amd",0.16,"seadec",2,9.34
"pc2","4cpu-amd",0.16,"seadec",1,9.46
"pc2","4cpu-amd",0.16,"seadec",3,10.13
"pc2","4cpu-amd",0.16,"seadec",3,9.17
"pc2","4cpu-amd",0.16,"seadec",2,9.67
"pc2","4cpu-amd",0.16,"seadec",4,9.76
"pc2","4cpu-amd",0.16,"seadec",1,9.9
"pc2","4cpu-amd",0.16,"seadec",4,9.37
"pc2","4cpu-amd",0.16,"seadec",3,9.55
"pc2","4cpu-amd",0.16,"seadec",2,9.77
"pc2","4cpu-amd",0.16,"seadec",1,9.78
"pc2","4cpu-amd",0.16,"seadec",1,9.06
"pc2","4cpu-amd",0.16,"seadec",2,9.35
"pc2","4cpu-amd",0.16,"seadec",3,9.44
"pc2","4cpu-amd",0.16,"seadec",4,9.83
"pc2","4cpu-amd",0.16,"seadec",2,8.89
"pc2","4cpu-amd",0.16,"seadec",3,9.08
"pc2","4cpu-amd",0.16,"seadec",4,9.78
"pc2","4cpu-amd",0.16,"seadec",1,10.39
"pc2","4cpu-amd",0.16,"seadec",4,8.63
"pc2","4cpu-amd",0.16,"seadec",2,8.76
"pc2","4cpu-amd",0.16,"seadec",3,9.04
"pc2","4cpu-amd",0.16,"seadec",1,9.77
"pc2","4cpu-amd",0.16,"seadec",2,8.98
"pc2","4cpu-amd",0.16,"seadec",4,9.36
"pc2","4cpu-amd",0.16,"seadec",3,9.38
"pc2","4cpu-amd",0.16,"seadec",1,9.97
"pc2","4cpu-amd",0.16,"seadec",4,9.04
"pc2","4cpu-amd",0.16,"seadec",3,9.15
"pc2","4cpu-amd",0.16,"seadec",2,9.16
"pc2","4cpu-amd",0.16,"seadec",1,9.37
"pc2","4cpu-amd",0.16,"seadec",1,9.29
"pc2","4cpu-amd",0.16,"seadec",3,9.29
"pc2","4cpu-amd",0.16,"seadec",4,9.48
"pc2","4cpu-amd",0.16,"seadec",2,10.28
"pc2","4cpu-amd",0.16,"seadec",1,9.4
"pc2","4cpu-amd",0.16,"seadec",4,9.68
"pc2","4cpu-amd",0.16,"seadec",3,9.77
"pc2","4cpu-amd",0.16,"seadec",2,9.79
"pc2","4cpu-amd",0.16,"seadec",3,8.35
"pc2","4cpu-amd",0.16,"seadec",2,9.65
"pc2","4cpu-amd",0.16,"seadec",4,9.94
"pc2","4cpu-amd",0.16,"seadec",1,10.37
"pc2","4cpu-amd",0.16,"seadec",4,9.04
"pc2","4cpu-amd",0.16,"seadec",1,9.27
"pc2","4cpu-amd",0.16,"seadec",3,9.34
"pc2","4cpu-amd",0.16,"seadec",2,9.55
"pc2","4cpu-amd",0.16,"seadec",1,8.96
"pc2","4cpu-amd",0.16,"seadec",4,9.02
"pc2","4cpu-amd",0.16,"seadec",2,9.74
"pc2","4cpu-amd",0.16,"seadec",3,10.33
"pc2","4cpu-amd",0.16,"seadec",3,9.47
"pc2","4cpu-amd",0.16,"seadec",2,9.47
"pc2","4cpu-amd",0.16,"seadec",1,9.85
"pc2","4cpu-amd",0.16,"seadec",4,9.85
"pc2","4cpu-amd",0.16,"seadec",2,9.25
"pc2","4cpu-amd",0.16,"seadec",3,9.25
"pc2","4cpu-amd",0.16,"seadec",1,10.06
"pc2","4cpu-amd",0.16,"seadec",4,10.14
"pc2","4cpu-amd",0.16,"seadec",3,9.87
"pc2","4cpu-amd",0.16,"seadec",4,10.07
"pc2","4cpu-amd",0.16,"seadec",1,10.19
"pc2","4cpu-amd",0.16,"seadec",2,10.48
"pc2","4cpu-amd",0.16,"seadec",1,9.58
"pc2","4cpu-amd",0.16,"seadec",2,9.75
"pc2","4cpu-amd",0.16,"seadec",4,9.75
"pc2","4cpu-amd",0.16,"seadec",3,30.68
"pc2","4cpu-amd",0.16,"seadec",2,8.93
"pc2","4cpu-amd",0.16,"seadec",3,8.93
"pc2","4cpu-amd",0.16,"seadec",4,9.11
"pc2","4cpu-amd",0.16,"seadec",1,9.15
"pc2","4cpu-amd",0.16,"seadec",1,9.59
"pc2","4cpu-amd",0.16,"seadec",4,9.77
"pc2","4cpu-amd",0.16,"seadec",3,9.98
"pc2","4cpu-amd",0.16,"seadec",2,10.18
"pc2","4cpu-amd",0.16,"seadec",2,9.37
"pc2","4cpu-amd",0.16,"seadec",1,9.48
"pc2","4cpu-amd",0.16,"seadec",3,9.76
"pc2","4cpu-amd",0.16,"seadec",4,9.84
"pc2","4cpu-amd",0.16,"seadec",3,9.36
"pc2","4cpu-amd",0.16,"seadec",2,9.64
"pc2","4cpu-amd",0.16,"seadec",1,9.64
"pc2","4cpu-amd",0.16,"seadec",4,9.64
"pc2","4cpu-amd",0.16,"seadec",1,9.16
"pc2","4cpu-amd",0.16,"seadec",2,9.37
"pc2","4cpu-amd",0.16,"seadec",3,9.56
"pc2","4cpu-amd",0.16,"seadec",4,9.94
"pc2","4cpu-amd",0.16,"seadec",1,9.59
"pc2","4cpu-amd",0.16,"seadec",3,10.37
"pc2","4cpu-amd",0.16,"seadec",2,10.48
"pc2","4cpu-amd",0.16,"seadec",4,10.56
"pc2","4cpu-amd",0.16,"seadec",2,9.38
"pc2","4cpu-amd",0.16,"seadec",3,9.49
"pc2","4cpu-amd",0.16,"seadec",1,9.69
"pc2","4cpu-amd",0.16,"seadec",4,10.36
"pc2","4cpu-amd",0.16,"seadec",1,9.29
"pc2","4cpu-amd",0.16,"seadec",3,10.05
"pc2","4cpu-amd",0.16,"seadec",2,10.26
"pc2","4cpu-amd",0.16,"seadec",4,10.93
"pc2","4cpu-amd",0.17,"seadec",2,9.12
"pc2","4cpu-amd",0.17,"seadec",3,9.3
"pc2","4cpu-amd",0.17,"seadec",1,9.71
"pc2","4cpu-amd",0.17,"seadec",4,20.18
"pc2","4cpu-amd",0.17,"seadec",4,8.53
"pc2","4cpu-amd",0.17,"seadec",3,8.94
"pc2","4cpu-amd",0.17,"seadec",2,9.35
"pc2","4cpu-amd",0.17,"seadec",1,9.37
"pc2","4cpu-amd",0.17,"seadec",1,8.7
"pc2","4cpu-amd",0.17,"seadec",2,8.98
"pc2","4cpu-amd",0.17,"seadec",4,8.97
"pc2","4cpu-amd",0.17,"seadec",3,9.97
"pc2","4cpu-amd",0.17,"seadec",1,8.88
"pc2","4cpu-amd",0.17,"seadec",2,8.88
"pc2","4cpu-amd",0.17,"seadec",3,9.08
"pc2","4cpu-amd",0.17,"seadec",4,9.67
"pc2","4cpu-amd",0.17,"seadec",3,8.17
"pc2","4cpu-amd",0.17,"seadec",4,8.18
"pc2","4cpu-amd",0.17,"seadec",1,8.99
"pc2","4cpu-amd",0.17,"seadec",2,9.07
"pc2","4cpu-amd",0.17,"seadec",1,8
"pc2","4cpu-amd",0.17,"seadec",4,8.27
"pc2","4cpu-amd",0.17,"seadec",3,9.18
"pc2","4cpu-amd",0.17,"seadec",2,9.29
"pc2","4cpu-amd",0.17,"seadec",1,8.27
"pc2","4cpu-amd",0.17,"seadec",3,8.34
"pc2","4cpu-amd",0.17,"seadec",4,8.45
"pc2","4cpu-amd",0.17,"seadec",2,8.55
"pc2","4cpu-amd",0.17,"seadec",1,8.5
"pc2","4cpu-amd",0.17,"seadec",3,8.58
"pc2","4cpu-amd",0.17,"seadec",4,8.67
"pc2","4cpu-amd",0.17,"seadec",2,9.28
"pc2","4cpu-amd",0.17,"seadec",3,8.24
"pc2","4cpu-amd",0.17,"seadec",4,8.64
"pc2","4cpu-amd",0.17,"seadec",2,8.67
"pc2","4cpu-amd",0.17,"seadec",1,8.97
"pc2","4cpu-amd",0.17,"seadec",2,7.86
"pc2","4cpu-amd",0.17,"seadec",4,8.25
"pc2","4cpu-amd",0.17,"seadec",1,8.78
"pc2","4cpu-amd",0.17,"seadec",3,8.78
"pc2","4cpu-amd",0.17,"seadec",2,8.69
"pc2","4cpu-amd",0.17,"seadec",3,8.68
"pc2","4cpu-amd",0.17,"seadec",4,8.75
"pc2","4cpu-amd",0.17,"seadec",1,9.09
"pc2","4cpu-amd",0.17,"seadec",1,8.17
"pc2","4cpu-amd",0.17,"seadec",4,8.64
"pc2","4cpu-amd",0.17,"seadec",2,8.64
"pc2","4cpu-amd",0.17,"seadec",3,9.13
"pc2","4cpu-amd",0.17,"seadec",4,8.57
"pc2","4cpu-amd",0.17,"seadec",2,8.88
"pc2","4cpu-amd",0.17,"seadec",3,8.97
"pc2","4cpu-amd",0.17,"seadec",1,9.2
"pc2","4cpu-amd",0.17,"seadec",3,8.33
"pc2","4cpu-amd",0.17,"seadec",2,8.35
"pc2","4cpu-amd",0.17,"seadec",4,8.44
"pc2","4cpu-amd",0.17,"seadec",1,8.57
"pc2","4cpu-amd",0.17,"seadec",2,8.16
"pc2","4cpu-amd",0.17,"seadec",3,8.27
"pc2","4cpu-amd",0.17,"seadec",4,8.37
"pc2","4cpu-amd",0.17,"seadec",1,8.67
"pc2","4cpu-amd",0.17,"seadec",1,8.67
"pc2","4cpu-amd",0.17,"seadec",3,8.75
"pc2","4cpu-amd",0.17,"seadec",2,9.06
"pc2","4cpu-amd",0.17,"seadec",4,9.35
"pc2","4cpu-amd",0.17,"seadec",3,8.03
"pc2","4cpu-amd",0.17,"seadec",2,8.55
"pc2","4cpu-amd",0.17,"seadec",4,8.73
"pc2","4cpu-amd",0.17,"seadec",1,9.05
"pc2","4cpu-amd",0.17,"seadec",1,8.38
"pc2","4cpu-amd",0.17,"seadec",4,8.63
"pc2","4cpu-amd",0.17,"seadec",2,8.75
"pc2","4cpu-amd",0.17,"seadec",3,8.94
"pc2","4cpu-amd",0.17,"seadec",4,8.68
"pc2","4cpu-amd",0.17,"seadec",2,8.89
"pc2","4cpu-amd",0.17,"seadec",3,9.17
"pc2","4cpu-amd",0.17,"seadec",1,9.49
"pc2","4cpu-amd",0.17,"seadec",3,7.95
"pc2","4cpu-amd",0.17,"seadec",4,8.04
"pc2","4cpu-amd",0.17,"seadec",1,8.38
"pc2","4cpu-amd",0.17,"seadec",2,8.76
"pc2","4cpu-amd",0.17,"seadec",3,8.18
"pc2","4cpu-amd",0.17,"seadec",1,8.59
"pc2","4cpu-amd",0.17,"seadec",2,8.59
"pc2","4cpu-amd",0.17,"seadec",4,8.67
"pc2","4cpu-amd",0.17,"seadec",1,8.07
"pc2","4cpu-amd",0.17,"seadec",4,8.75
"pc2","4cpu-amd",0.17,"seadec",3,8.77
"pc2","4cpu-amd",0.17,"seadec",2,8.78
"pc2","4cpu-amd",0.17,"seadec",4,8.54
"pc2","4cpu-amd",0.17,"seadec",1,8.75
"pc2","4cpu-amd",0.17,"seadec",2,8.85
"pc2","4cpu-amd",0.17,"seadec",3,8.85
"pc2","4cpu-amd",0.17,"seadec",1,8.57
"pc2","4cpu-amd",0.17,"seadec",4,8.56
"pc2","4cpu-amd",0.17,"seadec",3,8.66
"pc2","4cpu-amd",0.17,"seadec",2,9.17
"pc2","4cpu-amd",0.17,"seadec",4,8.24
"pc2","4cpu-amd",0.17,"seadec",1,8.57
"pc2","4cpu-amd",0.17,"seadec",3,8.64
"pc2","4cpu-amd",0.17,"seadec",2,9.15
"pc2","4cpu-amd",0.17,"seadec",4,7.74
"pc2","4cpu-amd",0.17,"seadec",1,8.17
"pc2","4cpu-amd",0.17,"seadec",3,8.44
"pc2","4cpu-amd",0.17,"seadec",2,8.64
"pc2","4cpu-amd",0.17,"seadec",4,8.87
"pc2","4cpu-amd",0.17,"seadec",2,9.07
"pc2","4cpu-amd",0.17,"seadec",3,9.27
"pc2","4cpu-amd",0.17,"seadec",1,9.47
"pc2","4cpu-amd",0.17,"seadec",4,8.25
"pc2","4cpu-amd",0.17,"seadec",3,8.25
"pc2","4cpu-amd",0.17,"seadec",2,8.36
"pc2","4cpu-amd",0.17,"seadec",1,8.57
"pc2","4cpu-amd",0.17,"seadec",4,8.17
"pc2","4cpu-amd",0.17,"seadec",3,8.78
"pc2","4cpu-amd",0.17,"seadec",1,9.08
"pc2","4cpu-amd",0.17,"seadec",2,9.48
"pc2","4cpu-amd",0.17,"seadec",1,8.48
"pc2","4cpu-amd",0.17,"seadec",4,8.76
"pc2","4cpu-amd",0.17,"seadec",3,8.86
"pc2","4cpu-amd",0.17,"seadec",2,9.17
"pc2","4cpu-amd",0.18,"seadec",1,8.32
"pc2","4cpu-amd",0.18,"seadec",4,8.47
"pc2","4cpu-amd",0.18,"seadec",2,8.61
"pc2","4cpu-amd",0.18,"seadec",3,9.08
"pc2","4cpu-amd",0.18,"seadec",3,8.16
"pc2","4cpu-amd",0.18,"seadec",2,8.57
"pc2","4cpu-amd",0.18,"seadec",1,8.88
"pc2","4cpu-amd",0.18,"seadec",4,8.94
"pc2","4cpu-amd",0.18,"seadec",3,7.69
"pc2","4cpu-amd",0.18,"seadec",4,8.06
"pc2","4cpu-amd",0.18,"seadec",2,8.09
"pc2","4cpu-amd",0.18,"seadec",1,8.2
"pc2","4cpu-amd",0.18,"seadec",3,7.48
"pc2","4cpu-amd",0.18,"seadec",2,7.99
"pc2","4cpu-amd",0.18,"seadec",4,8.27
"pc2","4cpu-amd",0.18,"seadec",1,8.58
"pc2","4cpu-amd",0.18,"seadec",2,7.65
"pc2","4cpu-amd",0.18,"seadec",4,7.65
"pc2","4cpu-amd",0.18,"seadec",3,7.85
"pc2","4cpu-amd",0.18,"seadec",1,8.28
"pc2","4cpu-amd",0.18,"seadec",1,7.46
"pc2","4cpu-amd",0.18,"seadec",4,7.46
"pc2","4cpu-amd",0.18,"seadec",3,7.94
"pc2","4cpu-amd",0.18,"seadec",2,8.15
"pc2","4cpu-amd",0.18,"seadec",4,7.52
"pc2","4cpu-amd",0.18,"seadec",3,7.72
"pc2","4cpu-amd",0.18,"seadec",2,8.04
"pc2","4cpu-amd",0.18,"seadec",1,8.26
"pc2","4cpu-amd",0.18,"seadec",3,7.15
"pc2","4cpu-amd",0.18,"seadec",2,7.22
"pc2","4cpu-amd",0.18,"seadec",4,7.22
"pc2","4cpu-amd",0.18,"seadec",1,7.66
"pc2","4cpu-amd",0.18,"seadec",4,7.35
"pc2","4cpu-amd",0.18,"seadec",2,7.67
"pc2","4cpu-amd",0.18,"seadec",1,7.67
"pc2","4cpu-amd",0.18,"seadec",3,7.93
"pc2","4cpu-amd",0.18,"seadec",1,7.39
"pc2","4cpu-amd",0.18,"seadec",3,7.88
"pc2","4cpu-amd",0.18,"seadec",4,8.07
"pc2","4cpu-amd",0.18,"seadec",2,8.09
"pc2","4cpu-amd",0.18,"seadec",4,7.34
"pc2","4cpu-amd",0.18,"seadec",1,7.56
"pc2","4cpu-amd",0.18,"seadec",2,7.86
"pc2","4cpu-amd",0.18,"seadec",3,8.35
"pc2","4cpu-amd",0.18,"seadec",2,7.68
"pc2","4cpu-amd",0.18,"seadec",4,7.96
"pc2","4cpu-amd",0.18,"seadec",1,7.99
"pc2","4cpu-amd",0.18,"seadec",3,8.36
"pc2","4cpu-amd",0.18,"seadec",1,7.35
"pc2","4cpu-amd",0.18,"seadec",2,7.95
"pc2","4cpu-amd",0.18,"seadec",3,8.03
"pc2","4cpu-amd",0.18,"seadec",4,8.03
"pc2","4cpu-amd",0.18,"seadec",1,7.59
"pc2","4cpu-amd",0.18,"seadec",3,8.06
"pc2","4cpu-amd",0.18,"seadec",2,8.09
"pc2","4cpu-amd",0.18,"seadec",4,8.27
"pc2","4cpu-amd",0.18,"seadec",3,7.23
"pc2","4cpu-amd",0.18,"seadec",2,7.64
"pc2","4cpu-amd",0.18,"seadec",4,7.72
"pc2","4cpu-amd",0.18,"seadec",1,7.96
"pc2","4cpu-amd",0.18,"seadec",2,7.25
"pc2","4cpu-amd",0.18,"seadec",4,7.25
"pc2","4cpu-amd",0.18,"seadec",3,7.74
"pc2","4cpu-amd",0.18,"seadec",1,7.98
"pc2","4cpu-amd",0.18,"seadec",1,7.17
"pc2","4cpu-amd",0.18,"seadec",2,7.65
"pc2","4cpu-amd",0.18,"seadec",4,8.03
"pc2","4cpu-amd",0.18,"seadec",3,8.03
"pc2","4cpu-amd",0.18,"seadec",4,7.69
"pc2","4cpu-amd",0.18,"seadec",1,7.69
"pc2","4cpu-amd",0.18,"seadec",2,8.06
"pc2","4cpu-amd",0.18,"seadec",3,8.06
"pc2","4cpu-amd",0.18,"seadec",2,8.29
"pc2","4cpu-amd",0.18,"seadec",4,8.38
"pc2","4cpu-amd",0.18,"seadec",1,8.59
"pc2","4cpu-amd",0.18,"seadec",3,8.78
"pc2","4cpu-amd",0.18,"seadec",4,7.67
"pc2","4cpu-amd",0.18,"seadec",2,7.77
"pc2","4cpu-amd",0.18,"seadec",3,7.76
"pc2","4cpu-amd",0.18,"seadec",1,7.79
"pc2","4cpu-amd",0.18,"seadec",2,7.68
"pc2","4cpu-amd",0.18,"seadec",1,7.68
"pc2","4cpu-amd",0.18,"seadec",4,7.96
"pc2","4cpu-amd",0.18,"seadec",3,7.96
"pc2","4cpu-amd",0.18,"seadec",1,8.09
"pc2","4cpu-amd",0.18,"seadec",3,8.18
"pc2","4cpu-amd",0.18,"seadec",2,8.39
"pc2","4cpu-amd",0.18,"seadec",4,8.47
"pc2","4cpu-amd",0.18,"seadec",1,7.79
"pc2","4cpu-amd",0.18,"seadec",3,7.99
"pc2","4cpu-amd",0.18,"seadec",2,7.99
"pc2","4cpu-amd",0.18,"seadec",4,8.06
"pc2","4cpu-amd",0.18,"seadec",3,7.58
"pc2","4cpu-amd",0.18,"seadec",1,7.78
"pc2","4cpu-amd",0.18,"seadec",2,7.89
"pc2","4cpu-amd",0.18,"seadec",4,8.06
"pc2","4cpu-amd",0.18,"seadec",4,7.77
"pc2","4cpu-amd",0.18,"seadec",1,8
"pc2","4cpu-amd",0.18,"seadec",2,8.19
"pc2","4cpu-amd",0.18,"seadec",3,8.47
"pc2","4cpu-amd",0.18,"seadec",4,7.85
"pc2","4cpu-amd",0.18,"seadec",1,7.97
"pc2","4cpu-amd",0.18,"seadec",2,8.06
"pc2","4cpu-amd",0.18,"seadec",3,8.14
"pc2","4cpu-amd",0.18,"seadec",3,7.68
"pc2","4cpu-amd",0.18,"seadec",1,7.8
"pc2","4cpu-amd",0.18,"seadec",4,7.86
"pc2","4cpu-amd",0.18,"seadec",2,8.5
"pc2","4cpu-amd",0.18,"seadec",4,7.55
"pc2","4cpu-amd",0.18,"seadec",2,7.77
"pc2","4cpu-amd",0.18,"seadec",3,7.86
"pc2","4cpu-amd",0.18,"seadec",1,8.28
"pc2","4cpu-amd",0.18,"seadec",3,7.54
"pc2","4cpu-amd",0.18,"seadec",4,7.61
"pc2","4cpu-amd",0.18,"seadec",2,7.84
"pc2","4cpu-amd",0.18,"seadec",1,8.46
"pc2","4cpu-amd",0.18,"seadec",2,7.44
"pc2","4cpu-amd",0.18,"seadec",1,7.65
"pc2","4cpu-amd",0.18,"seadec",3,7.65
"pc2","4cpu-amd",0.18,"seadec",4,7.82
"pc2","4cpu-amd",0.19,"seadec",2,7.79
"pc2","4cpu-amd",0.19,"seadec",4,7.86
"pc2","4cpu-amd",0.19,"seadec",3,8.37
"pc2","4cpu-amd",0.19,"seadec",1,8.89
"pc2","4cpu-amd",0.19,"seadec",1,7.57
"pc2","4cpu-amd",0.19,"seadec",4,8.12
"pc2","4cpu-amd",0.19,"seadec",2,8.15
"pc2","4cpu-amd",0.19,"seadec",3,8.52
"pc2","4cpu-amd",0.19,"seadec",3,6.85
"pc2","4cpu-amd",0.19,"seadec",4,7.04
"pc2","4cpu-amd",0.19,"seadec",2,7.56
"pc2","4cpu-amd",0.19,"seadec",1,8.18
"pc2","4cpu-amd",0.19,"seadec",4,7.16
"pc2","4cpu-amd",0.19,"seadec",1,16.89
"pc2","4cpu-amd",0.19,"seadec",2,7.28
"pc2","4cpu-amd",0.19,"seadec",3,7.76
"pc2","4cpu-amd",0.19,"seadec",1,6.68
"pc2","4cpu-amd",0.19,"seadec",4,6.73
"pc2","4cpu-amd",0.19,"seadec",2,7.05
"pc2","4cpu-amd",0.19,"seadec",3,7.15
"pc2","4cpu-amd",0.19,"seadec",4,6.95
"pc2","4cpu-amd",0.19,"seadec",3,7.06
"pc2","4cpu-amd",0.19,"seadec",2,7.18
"pc2","4cpu-amd",0.19,"seadec",1,7.19
"pc2","4cpu-amd",0.19,"seadec",4,6.96
"pc2","4cpu-amd",0.19,"seadec",3,7.15
"pc2","4cpu-amd",0.19,"seadec",2,7.57
"pc2","4cpu-amd",0.19,"seadec",1,7.79
"pc2","4cpu-amd",0.19,"seadec",3,6.67
"pc2","4cpu-amd",0.19,"seadec",2,7.18
"pc2","4cpu-amd",0.19,"seadec",1,7.27
"pc2","4cpu-amd",0.19,"seadec",4,7.36
"pc2","4cpu-amd",0.19,"seadec",3,6.97
"pc2","4cpu-amd",0.19,"seadec",2,7.36
"pc2","4cpu-amd",0.19,"seadec",1,7.59
"pc2","4cpu-amd",0.19,"seadec",4,7.77
"pc2","4cpu-amd",0.19,"seadec",3,6.82
"pc2","4cpu-amd",0.19,"seadec",4,7.21
"pc2","4cpu-amd",0.19,"seadec",1,7.24
"pc2","4cpu-amd",0.19,"seadec",2,7.33
"pc2","4cpu-amd",0.19,"seadec",4,6.78
"pc2","4cpu-amd",0.19,"seadec",3,6.98
"pc2","4cpu-amd",0.19,"seadec",1,7.1
"pc2","4cpu-amd",0.19,"seadec",2,7.3
"pc2","4cpu-amd",0.19,"seadec",4,6.82
"pc2","4cpu-amd",0.19,"seadec",1,7.33
"pc2","4cpu-amd",0.19,"seadec",3,7.33
"pc2","4cpu-amd",0.19,"seadec",2,7.53
"pc2","4cpu-amd",0.19,"seadec",4,7.28
"pc2","4cpu-amd",0.19,"seadec",1,7.28
"pc2","4cpu-amd",0.19,"seadec",3,7.48
"pc2","4cpu-amd",0.19,"seadec",2,7.59
"pc2","4cpu-amd",0.19,"seadec",4,7.24
"pc2","4cpu-amd",0.19,"seadec",3,7.35
"pc2","4cpu-amd",0.19,"seadec",2,7.38
"pc2","4cpu-amd",0.19,"seadec",1,7.57
"pc2","4cpu-amd",0.19,"seadec",1,7.07
"pc2","4cpu-amd",0.19,"seadec",4,7.24
"pc2","4cpu-amd",0.19,"seadec",3,7.26
"pc2","4cpu-amd",0.19,"seadec",2,7.97
"pc2","4cpu-amd",0.19,"seadec",1,7.06
"pc2","4cpu-amd",0.19,"seadec",3,7.23
"pc2","4cpu-amd",0.19,"seadec",2,7.53
"pc2","4cpu-amd",0.19,"seadec",4,7.63
"pc2","4cpu-amd",0.19,"seadec",2,6.88
"pc2","4cpu-amd",0.19,"seadec",3,6.88
"pc2","4cpu-amd",0.19,"seadec",1,7.39
"pc2","4cpu-amd",0.19,"seadec",4,7.47
"pc2","4cpu-amd",0.19,"seadec",2,7
"pc2","4cpu-amd",0.19,"seadec",4,7
"pc2","4cpu-amd",0.19,"seadec",1,7.22
"pc2","4cpu-amd",0.19,"seadec",3,7.2
"pc2","4cpu-amd",0.19,"seadec",3,7.05
"pc2","4cpu-amd",0.19,"seadec",1,7.05
"pc2","4cpu-amd",0.19,"seadec",4,7.11
"pc2","4cpu-amd",0.19,"seadec",2,7.51
"pc2","4cpu-amd",0.19,"seadec",2,6.86
"pc2","4cpu-amd",0.19,"seadec",4,7.04
"pc2","4cpu-amd",0.19,"seadec",3,7.14
"pc2","4cpu-amd",0.19,"seadec",1,7.47
"pc2","4cpu-amd",0.19,"seadec",2,6.95
"pc2","4cpu-amd",0.19,"seadec",4,7.33
"pc2","4cpu-amd",0.19,"seadec",3,7.36
"pc2","4cpu-amd",0.19,"seadec",1,7.46
"pc2","4cpu-amd",0.19,"seadec",3,6.88
"pc2","4cpu-amd",0.19,"seadec",2,6.99
"pc2","4cpu-amd",0.19,"seadec",1,7.29
"pc2","4cpu-amd",0.19,"seadec",4,7.38
"pc2","4cpu-amd",0.19,"seadec",3,7.36
"pc2","4cpu-amd",0.19,"seadec",1,7.48
"pc2","4cpu-amd",0.19,"seadec",2,7.48
"pc2","4cpu-amd",0.19,"seadec",4,7.65
"pc2","4cpu-amd",0.19,"seadec",4,7.01
"pc2","4cpu-amd",0.19,"seadec",1,7.38
"pc2","4cpu-amd",0.19,"seadec",2,7.46
"pc2","4cpu-amd",0.19,"seadec",3,7.52
"pc2","4cpu-amd",0.19,"seadec",4,6.98
"pc2","4cpu-amd",0.19,"seadec",2,7.28
"pc2","4cpu-amd",0.19,"seadec",3,7.48
"pc2","4cpu-amd",0.19,"seadec",1,7.7
"pc2","4cpu-amd",0.19,"seadec",4,6.95
"pc2","4cpu-amd",0.19,"seadec",2,6.95
"pc2","4cpu-amd",0.19,"seadec",3,7.14
"pc2","4cpu-amd",0.19,"seadec",1,7.56
"pc2","4cpu-amd",0.19,"seadec",4,6.66
"pc2","4cpu-amd",0.19,"seadec",3,7.26
"pc2","4cpu-amd",0.19,"seadec",2,7.36
"pc2","4cpu-amd",0.19,"seadec",1,7.48
"pc2","4cpu-amd",0.19,"seadec",4,6.64
"pc2","4cpu-amd",0.19,"seadec",3,6.97
"pc2","4cpu-amd",0.19,"seadec",1,6.97
"pc2","4cpu-amd",0.19,"seadec",2,7.25
"pc2","4cpu-amd",0.19,"seadec",4,6.74
"pc2","4cpu-amd",0.19,"seadec",2,6.84
"pc2","4cpu-amd",0.19,"seadec",3,7.14
"pc2","4cpu-amd",0.19,"seadec",1,7.37
"pc2","4cpu-amd",0.19,"seadec",4,6.94
"pc2","4cpu-amd",0.19,"seadec",3,7.16
"pc2","4cpu-amd",0.19,"seadec",1,7.35
"pc2","4cpu-amd",0.19,"seadec",2,7.35
"pc2","4cpu-amd",0.06,"SMA",2,43.82
"pc2","4cpu-amd",0.06,"SMA",3,44.9
"pc2","4cpu-amd",0.06,"SMA",4,44.9
"pc2","4cpu-amd",0.06,"SMA",1,45.33
"pc2","4cpu-amd",0.06,"SMA",2,44.46
"pc2","4cpu-amd",0.06,"SMA",3,44.95
"pc2","4cpu-amd",0.06,"SMA",1,45.56
"pc2","4cpu-amd",0.06,"SMA",4,46.24
"pc2","4cpu-amd",0.06,"SMA",2,40.86
"pc2","4cpu-amd",0.06,"SMA",3,41.25
"pc2","4cpu-amd",0.06,"SMA",4,42.15
"pc2","4cpu-amd",0.06,"SMA",1,42.67
"pc2","4cpu-amd",0.06,"SMA",1,40.57
"pc2","4cpu-amd",0.06,"SMA",4,41.92
"pc2","4cpu-amd",0.06,"SMA",3,41.94
"pc2","4cpu-amd",0.06,"SMA",2,42.25
"pc2","4cpu-amd",0.06,"SMA",2,39.95
"pc2","4cpu-amd",0.06,"SMA",1,40.36
"pc2","4cpu-amd",0.06,"SMA",4,40.42
"pc2","4cpu-amd",0.06,"SMA",3,41.44
"pc2","4cpu-amd",0.06,"SMA",1,40.46
"pc2","4cpu-amd",0.06,"SMA",4,41.34
"pc2","4cpu-amd",0.06,"SMA",3,42.84
"pc2","4cpu-amd",0.06,"SMA",2,43.24
"pc2","4cpu-amd",0.06,"SMA",1,39.89
"pc2","4cpu-amd",0.06,"SMA",3,40.07
"pc2","4cpu-amd",0.06,"SMA",2,40.28
"pc2","4cpu-amd",0.06,"SMA",4,40.36
"pc2","4cpu-amd",0.06,"SMA",2,41.28
"pc2","4cpu-amd",0.06,"SMA",1,41.39
"pc2","4cpu-amd",0.06,"SMA",3,41.88
"pc2","4cpu-amd",0.06,"SMA",4,42.77
"pc2","4cpu-amd",0.06,"SMA",3,39.05
"pc2","4cpu-amd",0.06,"SMA",4,41.04
"pc2","4cpu-amd",0.06,"SMA",2,41.77
"pc2","4cpu-amd",0.06,"SMA",1,41.86
"pc2","4cpu-amd",0.06,"SMA",2,41.69
"pc2","4cpu-amd",0.06,"SMA",4,42.17
"pc2","4cpu-amd",0.06,"SMA",1,42.59
"pc2","4cpu-amd",0.06,"SMA",3,43.07
"pc2","4cpu-amd",0.06,"SMA",1,40.89
"pc2","4cpu-amd",0.06,"SMA",4,41.16
"pc2","4cpu-amd",0.06,"SMA",3,41.86
"pc2","4cpu-amd",0.06,"SMA",2,42.58
"pc2","4cpu-amd",0.06,"SMA",1,38.77
"pc2","4cpu-amd",0.06,"SMA",4,40.44
"pc2","4cpu-amd",0.06,"SMA",3,40.44
"pc2","4cpu-amd",0.06,"SMA",2,41.86
"pc2","4cpu-amd",0.06,"SMA",4,40.26
"pc2","4cpu-amd",0.06,"SMA",1,40.58
"pc2","4cpu-amd",0.06,"SMA",2,41.18
"pc2","4cpu-amd",0.06,"SMA",3,41.77
"pc2","4cpu-amd",0.06,"SMA",1,40.08
"pc2","4cpu-amd",0.06,"SMA",3,40.57
"pc2","4cpu-amd",0.06,"SMA",2,40.78
"pc2","4cpu-amd",0.06,"SMA",4,41.16
"pc2","4cpu-amd",0.06,"SMA",1,38.56
"pc2","4cpu-amd",0.06,"SMA",3,39.74
"pc2","4cpu-amd",0.06,"SMA",2,39.86
"pc2","4cpu-amd",0.06,"SMA",4,40.44
"pc2","4cpu-amd",0.06,"SMA",3,41.65
"pc2","4cpu-amd",0.06,"SMA",4,41.95
"pc2","4cpu-amd",0.06,"SMA",2,42.27
"pc2","4cpu-amd",0.06,"SMA",1,42.48
"pc2","4cpu-amd",0.06,"SMA",1,40.25
"pc2","4cpu-amd",0.06,"SMA",2,40.25
"pc2","4cpu-amd",0.06,"SMA",3,41.04
"pc2","4cpu-amd",0.06,"SMA",4,42.23
"pc2","4cpu-amd",0.06,"SMA",1,38.59
"pc2","4cpu-amd",0.06,"SMA",2,40.68
"pc2","4cpu-amd",0.06,"SMA",3,41.67
"pc2","4cpu-amd",0.06,"SMA",4,42.97
"pc2","4cpu-amd",0.06,"SMA",2,39.35
"pc2","4cpu-amd",0.06,"SMA",3,39.74
"pc2","4cpu-amd",0.06,"SMA",1,19.75
"pc2","4cpu-amd",0.06,"SMA",4,42.23
"pc2","4cpu-amd",0.06,"SMA",1,40.18
"pc2","4cpu-amd",0.06,"SMA",4,40.77
"pc2","4cpu-amd",0.06,"SMA",3,42.27
"pc2","4cpu-amd",0.06,"SMA",2,42.48
"pc2","4cpu-amd",0.06,"SMA",4,40.36
"pc2","4cpu-amd",0.06,"SMA",2,41.28
"pc2","4cpu-amd",0.06,"SMA",3,41.37
"pc2","4cpu-amd",0.06,"SMA",1,42.19
"pc2","4cpu-amd",0.06,"SMA",1,40.78
"pc2","4cpu-amd",0.06,"SMA",3,40.86
"pc2","4cpu-amd",0.06,"SMA",2,42.06
"pc2","4cpu-amd",0.06,"SMA",4,42.06
"pc2","4cpu-amd",0.06,"SMA",1,41.06
"pc2","4cpu-amd",0.06,"SMA",2,41.06
"pc2","4cpu-amd",0.06,"SMA",3,42.15
"pc2","4cpu-amd",0.06,"SMA",4,42.35
"pc2","4cpu-amd",0.06,"SMA",3,41.63
"pc2","4cpu-amd",0.06,"SMA",2,42.25
"pc2","4cpu-amd",0.06,"SMA",1,42.27
"pc2","4cpu-amd",0.06,"SMA",4,42.41
"pc2","4cpu-amd",0.06,"SMA",2,40.57
"pc2","4cpu-amd",0.06,"SMA",4,41.26
"pc2","4cpu-amd",0.06,"SMA",3,41.78
"pc2","4cpu-amd",0.06,"SMA",1,41.78
"pc2","4cpu-amd",0.06,"SMA",2,40.47
"pc2","4cpu-amd",0.06,"SMA",3,40.96
"pc2","4cpu-amd",0.06,"SMA",1,42.28
"pc2","4cpu-amd",0.06,"SMA",4,42.55
"pc2","4cpu-amd",0.06,"SMA",2,40.28
"pc2","4cpu-amd",0.06,"SMA",4,41.17
"pc2","4cpu-amd",0.06,"SMA",1,42.29
"pc2","4cpu-amd",0.06,"SMA",3,43.57
"pc2","4cpu-amd",0.06,"SMA",3,41.44
"pc2","4cpu-amd",0.06,"SMA",1,41.66
"pc2","4cpu-amd",0.06,"SMA",4,42.13
"pc2","4cpu-amd",0.06,"SMA",2,42.45
"pc2","4cpu-amd",0.06,"SMA",4,40.13
"pc2","4cpu-amd",0.06,"SMA",3,40.64
"pc2","4cpu-amd",0.06,"SMA",1,41.37
"pc2","4cpu-amd",0.06,"SMA",2,42.05
"pc2","4cpu-amd",0.06,"SMA",4,39.13
"pc2","4cpu-amd",0.06,"SMA",3,40.85
"pc2","4cpu-amd",0.06,"SMA",1,41.37
"pc2","4cpu-amd",0.06,"SMA",2,41.55
"pc2","4cpu-amd",0.07,"SMA",4,36.45
"pc2","4cpu-amd",0.07,"SMA",2,36.65
"pc2","4cpu-amd",0.07,"SMA",3,36.85
"pc2","4cpu-amd",0.07,"SMA",2,34.96
"pc2","4cpu-amd",0.07,"SMA",4,36.94
"pc2","4cpu-amd",0.07,"SMA",1,38.07
"pc2","4cpu-amd",0.07,"SMA",3,38.14
"pc2","4cpu-amd",0.07,"SMA",3,33.78
"pc2","4cpu-amd",0.07,"SMA",2,33.98
"pc2","4cpu-amd",0.07,"SMA",4,34.26
"pc2","4cpu-amd",0.07,"SMA",1,37.19
"pc2","4cpu-amd",0.07,"SMA",2,32.73
"pc2","4cpu-amd",0.07,"SMA",1,33.15
"pc2","4cpu-amd",0.07,"SMA",3,33.15
"pc2","4cpu-amd",0.07,"SMA",4,33.78
"pc2","4cpu-amd",0.07,"SMA",3,33.97
"pc2","4cpu-amd",0.07,"SMA",1,34.39
"pc2","4cpu-amd",0.07,"SMA",4,34.46
"pc2","4cpu-amd",0.07,"SMA",2,35.39
"pc2","4cpu-amd",0.07,"SMA",3,31.44
"pc2","4cpu-amd",0.07,"SMA",1,33.46
"pc2","4cpu-amd",0.07,"SMA",2,33.85
"pc2","4cpu-amd",0.07,"SMA",4,34.43
"pc2","4cpu-amd",0.07,"SMA",2,33.96
"pc2","4cpu-amd",0.07,"SMA",3,34.24
"pc2","4cpu-amd",0.07,"SMA",1,35.27
"pc2","4cpu-amd",0.07,"SMA",4,35.84
"pc2","4cpu-amd",0.07,"SMA",1,33.38
"pc2","4cpu-amd",0.07,"SMA",3,34.06
"pc2","4cpu-amd",0.07,"SMA",4,34.26
"pc2","4cpu-amd",0.07,"SMA",2,34.87
"pc2","4cpu-amd",0.07,"SMA",2,33.84
"pc2","4cpu-amd",0.07,"SMA",4,33.84
"pc2","4cpu-amd",0.07,"SMA",1,34.06
"pc2","4cpu-amd",0.07,"SMA",3,34.94
"pc2","4cpu-amd",0.07,"SMA",1,33.28
"pc2","4cpu-amd",0.07,"SMA",2,33.97
"pc2","4cpu-amd",0.07,"SMA",4,34.76
"pc2","4cpu-amd",0.07,"SMA",4,32.23
"pc2","4cpu-amd",0.07,"SMA",3,32.83
"pc2","4cpu-amd",0.07,"SMA",1,33.57
"pc2","4cpu-amd",0.07,"SMA",2,34.44
"pc2","4cpu-amd",0.07,"SMA",1,33.57
"pc2","4cpu-amd",0.07,"SMA",4,34.15
"pc2","4cpu-amd",0.07,"SMA",3,34.35
"pc2","4cpu-amd",0.07,"SMA",2,34.56
"pc2","4cpu-amd",0.07,"SMA",2,32.15
"pc2","4cpu-amd",0.07,"SMA",1,33.57
"pc2","4cpu-amd",0.07,"SMA",4,33.63
"pc2","4cpu-amd",0.07,"SMA",3,34.45
"pc2","4cpu-amd",0.07,"SMA",1,33.35
"pc2","4cpu-amd",0.07,"SMA",2,34.24
"pc2","4cpu-amd",0.07,"SMA",4,34.62
"pc2","4cpu-amd",0.07,"SMA",3,34.93
"pc2","4cpu-amd",0.07,"SMA",1,33.87
"pc2","4cpu-amd",0.07,"SMA",4,34.24
"pc2","4cpu-amd",0.07,"SMA",3,34.45
"pc2","4cpu-amd",0.07,"SMA",2,35.26
"pc2","4cpu-amd",0.07,"SMA",4,32.77
"pc2","4cpu-amd",0.07,"SMA",3,33.07
"pc2","4cpu-amd",0.07,"SMA",1,33.19
"pc2","4cpu-amd",0.07,"SMA",2,34.68
"pc2","4cpu-amd",0.07,"SMA",3,33.27
"pc2","4cpu-amd",0.07,"SMA",1,34.48
"pc2","4cpu-amd",0.07,"SMA",2,34.58
"pc2","4cpu-amd",0.07,"SMA",4,35.16
"pc2","4cpu-amd",0.07,"SMA",1,33.29
"pc2","4cpu-amd",0.07,"SMA",2,34.37
"pc2","4cpu-amd",0.07,"SMA",3,34.95
"pc2","4cpu-amd",0.07,"SMA",4,35.24
"pc2","4cpu-amd",0.07,"SMA",3,34.65
"pc2","4cpu-amd",0.07,"SMA",2,35.45
"pc2","4cpu-amd",0.07,"SMA",4,35.55
"pc2","4cpu-amd",0.07,"SMA",1,36.07
"pc2","4cpu-amd",0.07,"SMA",3,33.74
"pc2","4cpu-amd",0.07,"SMA",4,34.43
"pc2","4cpu-amd",0.07,"SMA",2,34.75
"pc2","4cpu-amd",0.07,"SMA",1,35.36
"pc2","4cpu-amd",0.07,"SMA",2,33.35
"pc2","4cpu-amd",0.07,"SMA",3,34.14
"pc2","4cpu-amd",0.07,"SMA",1,34.75
"pc2","4cpu-amd",0.07,"SMA",4,35.33
"pc2","4cpu-amd",0.07,"SMA",3,34.27
"pc2","4cpu-amd",0.07,"SMA",4,35.07
"pc2","4cpu-amd",0.07,"SMA",2,35.18
"pc2","4cpu-amd",0.07,"SMA",1,35.18
"pc2","4cpu-amd",0.07,"SMA",2,32.74
"pc2","4cpu-amd",0.07,"SMA",4,34.84
"pc2","4cpu-amd",0.07,"SMA",3,35.46
"pc2","4cpu-amd",0.07,"SMA",1,36.38
"pc2","4cpu-amd",0.07,"SMA",2,35.28
"pc2","4cpu-amd",0.07,"SMA",4,35.47
"pc2","4cpu-amd",0.07,"SMA",1,35.99
"pc2","4cpu-amd",0.07,"SMA",3,36.78
"pc2","4cpu-amd",0.07,"SMA",4,32.82
"pc2","4cpu-amd",0.07,"SMA",1,32.96
"pc2","4cpu-amd",0.07,"SMA",3,34.21
"pc2","4cpu-amd",0.07,"SMA",2,34.85
"pc2","4cpu-amd",0.07,"SMA",4,33.85
"pc2","4cpu-amd",0.07,"SMA",2,34.07
"pc2","4cpu-amd",0.07,"SMA",3,34.36
"pc2","4cpu-amd",0.07,"SMA",1,35.47
"pc2","4cpu-amd",0.07,"SMA",4,33.77
"pc2","4cpu-amd",0.07,"SMA",1,34.18
"pc2","4cpu-amd",0.07,"SMA",2,34.18
"pc2","4cpu-amd",0.07,"SMA",3,34.37
"pc2","4cpu-amd",0.07,"SMA",3,34.14
"pc2","4cpu-amd",0.07,"SMA",2,34.65
"pc2","4cpu-amd",0.07,"SMA",4,34.84
"pc2","4cpu-amd",0.07,"SMA",1,35.17
"pc2","4cpu-amd",0.07,"SMA",1,35.25
"pc2","4cpu-amd",0.07,"SMA",3,35.54
"pc2","4cpu-amd",0.07,"SMA",2,35.73
"pc2","4cpu-amd",0.07,"SMA",4,35.73
"pc2","4cpu-amd",0.07,"SMA",3,33.52
"pc2","4cpu-amd",0.07,"SMA",2,34.04
"pc2","4cpu-amd",0.07,"SMA",4,34.51
"pc2","4cpu-amd",0.07,"SMA",1,34.74
"pc2","4cpu-amd",0.08,"SMA",2,29.72
"pc2","4cpu-amd",0.08,"SMA",4,29.91
"pc2","4cpu-amd",0.08,"SMA",1,30.33
"pc2","4cpu-amd",0.08,"SMA",3,30.61
"pc2","4cpu-amd",0.08,"SMA",2,29.85
"pc2","4cpu-amd",0.08,"SMA",1,30.27
"pc2","4cpu-amd",0.08,"SMA",4,30.94
"pc2","4cpu-amd",0.08,"SMA",3,31.15
"pc2","4cpu-amd",0.08,"SMA",2,28.65
"pc2","4cpu-amd",0.08,"SMA",1,28.75
"pc2","4cpu-amd",0.08,"SMA",4,28.92
"pc2","4cpu-amd",0.08,"SMA",3,29.33
"pc2","4cpu-amd",0.08,"SMA",4,27.04
"pc2","4cpu-amd",0.08,"SMA",3,27.46
"pc2","4cpu-amd",0.08,"SMA",2,27.46
"pc2","4cpu-amd",0.08,"SMA",1,28.87
"pc2","4cpu-amd",0.08,"SMA",1,27.87
"pc2","4cpu-amd",0.08,"SMA",2,28.35
"pc2","4cpu-amd",0.08,"SMA",3,28.95
"pc2","4cpu-amd",0.08,"SMA",4,28.95
"pc2","4cpu-amd",0.08,"SMA",3,28.68
"pc2","4cpu-amd",0.08,"SMA",1,28.94
"pc2","4cpu-amd",0.08,"SMA",2,29.32
"pc2","4cpu-amd",0.08,"SMA",4,30.17
"pc2","4cpu-amd",0.08,"SMA",3,27
"pc2","4cpu-amd",0.08,"SMA",4,27.1
"pc2","4cpu-amd",0.08,"SMA",1,28.27
"pc2","4cpu-amd",0.08,"SMA",2,29.56
"pc2","4cpu-amd",0.08,"SMA",4,27.14
"pc2","4cpu-amd",0.08,"SMA",2,27.76
"pc2","4cpu-amd",0.08,"SMA",3,28.04
"pc2","4cpu-amd",0.08,"SMA",1,28.15
"pc2","4cpu-amd",0.08,"SMA",3,28.16
"pc2","4cpu-amd",0.08,"SMA",1,28.28
"pc2","4cpu-amd",0.08,"SMA",2,28.88
"pc2","4cpu-amd",0.08,"SMA",4,29.06
"pc2","4cpu-amd",0.08,"SMA",1,26.86
"pc2","4cpu-amd",0.08,"SMA",2,27.46
"pc2","4cpu-amd",0.08,"SMA",3,28.14
"pc2","4cpu-amd",0.08,"SMA",4,28.23
"pc2","4cpu-amd",0.08,"SMA",2,27.99
"pc2","4cpu-amd",0.08,"SMA",3,29.37
"pc2","4cpu-amd",0.08,"SMA",1,29.49
"pc2","4cpu-amd",0.08,"SMA",4,30.77
"pc2","4cpu-amd",0.08,"SMA",3,27.74
"pc2","4cpu-amd",0.08,"SMA",1,27.84
"pc2","4cpu-amd",0.08,"SMA",2,28.45
"pc2","4cpu-amd",0.08,"SMA",4,29.93
"pc2","4cpu-amd",0.08,"SMA",3,26.75
"pc2","4cpu-amd",0.08,"SMA",4,28.44
"pc2","4cpu-amd",0.08,"SMA",1,28.57
"pc2","4cpu-amd",0.08,"SMA",2,29.06
"pc2","4cpu-amd",0.08,"SMA",4,28.74
"pc2","4cpu-amd",0.08,"SMA",3,29.06
"pc2","4cpu-amd",0.08,"SMA",2,29.56
"pc2","4cpu-amd",0.08,"SMA",1,29.77
"pc2","4cpu-amd",0.08,"SMA",1,28.07
"pc2","4cpu-amd",0.08,"SMA",4,28.24
"pc2","4cpu-amd",0.08,"SMA",2,28.66
"pc2","4cpu-amd",0.08,"SMA",3,28.95
"pc2","4cpu-amd",0.08,"SMA",2,27.44
"pc2","4cpu-amd",0.08,"SMA",4,27.83
"pc2","4cpu-amd",0.08,"SMA",1,28.07
"pc2","4cpu-amd",0.08,"SMA",3,28.84
"pc2","4cpu-amd",0.08,"SMA",1,29.18
"pc2","4cpu-amd",0.08,"SMA",4,29.55
"pc2","4cpu-amd",0.08,"SMA",2,29.86
"pc2","4cpu-amd",0.08,"SMA",3,29.87
"pc2","4cpu-amd",0.08,"SMA",1,27.26
"pc2","4cpu-amd",0.08,"SMA",3,29.23
"pc2","4cpu-amd",0.08,"SMA",2,29.64
"pc2","4cpu-amd",0.08,"SMA",4,29.9
"pc2","4cpu-amd",0.08,"SMA",2,26.55
"pc2","4cpu-amd",0.08,"SMA",4,27.84
"pc2","4cpu-amd",0.08,"SMA",3,30.54
"pc2","4cpu-amd",0.08,"SMA",2,28.46
"pc2","4cpu-amd",0.08,"SMA",1,28.97
"pc2","4cpu-amd",0.08,"SMA",4,29.54
"pc2","4cpu-amd",0.08,"SMA",3,29.64
"pc2","4cpu-amd",0.08,"SMA",4,26.77
"pc2","4cpu-amd",0.08,"SMA",2,28.18
"pc2","4cpu-amd",0.08,"SMA",1,28.99
"pc2","4cpu-amd",0.08,"SMA",3,30.07
"pc2","4cpu-amd",0.08,"SMA",4,27.23
"pc2","4cpu-amd",0.08,"SMA",3,28.74
"pc2","4cpu-amd",0.08,"SMA",2,28.95
"pc2","4cpu-amd",0.08,"SMA",1,29.27
"pc2","4cpu-amd",0.08,"SMA",3,27.44
"pc2","4cpu-amd",0.08,"SMA",1,28.26
"pc2","4cpu-amd",0.08,"SMA",2,29.05
"pc2","4cpu-amd",0.08,"SMA",4,30.32
"pc2","4cpu-amd",0.08,"SMA",4,26.64
"pc2","4cpu-amd",0.08,"SMA",1,28.26
"pc2","4cpu-amd",0.08,"SMA",3,28.84
"pc2","4cpu-amd",0.08,"SMA",2,29.25
"pc2","4cpu-amd",0.08,"SMA",3,27.51
"pc2","4cpu-amd",0.08,"SMA",4,28.01
"pc2","4cpu-amd",0.08,"SMA",1,28.86
"pc2","4cpu-amd",0.08,"SMA",2,29.72
"pc2","4cpu-amd",0.08,"SMA",4,27.24
"pc2","4cpu-amd",0.08,"SMA",3,28.35
"pc2","4cpu-amd",0.08,"SMA",1,28.96
"pc2","4cpu-amd",0.08,"SMA",2,29.86
"pc2","4cpu-amd",0.08,"SMA",4,25.23
"pc2","4cpu-amd",0.08,"SMA",3,27.14
"pc2","4cpu-amd",0.08,"SMA",2,28.35
"pc2","4cpu-amd",0.08,"SMA",1,28.46
"pc2","4cpu-amd",0.08,"SMA",2,26.58
"pc2","4cpu-amd",0.08,"SMA",4,27.66
"pc2","4cpu-amd",0.08,"SMA",1,30.08
"pc2","4cpu-amd",0.08,"SMA",3,31.17
"pc2","4cpu-amd",0.08,"SMA",3,27.87
"pc2","4cpu-amd",0.08,"SMA",1,28.38
"pc2","4cpu-amd",0.08,"SMA",4,28.76
"pc2","4cpu-amd",0.08,"SMA",2,29.17
"pc2","4cpu-amd",0.08,"SMA",1,27.26
"pc2","4cpu-amd",0.08,"SMA",3,27.65
"pc2","4cpu-amd",0.08,"SMA",4,27.65
"pc2","4cpu-amd",0.08,"SMA",2,28.46
"pc2","4cpu-amd",0.09,"SMA",3,25.52
"pc2","4cpu-amd",0.09,"SMA",4,26.31
"pc2","4cpu-amd",0.09,"SMA",2,26.62
"pc2","4cpu-amd",0.09,"SMA",4,25.92
"pc2","4cpu-amd",0.09,"SMA",3,10.39
"pc2","4cpu-amd",0.09,"SMA",2,28.34
"pc2","4cpu-amd",0.09,"SMA",1,29.76
"pc2","4cpu-amd",0.09,"SMA",4,23.16
"pc2","4cpu-amd",0.09,"SMA",3,23.57
"pc2","4cpu-amd",0.09,"SMA",2,23.99
"pc2","4cpu-amd",0.09,"SMA",1,28.19
"pc2","4cpu-amd",0.09,"SMA",3,23.74
"pc2","4cpu-amd",0.09,"SMA",4,24.53
"pc2","4cpu-amd",0.09,"SMA",2,24.86
"pc2","4cpu-amd",0.09,"SMA",1,25.36
"pc2","4cpu-amd",0.09,"SMA",4,23.16
"pc2","4cpu-amd",0.09,"SMA",1,23.49
"pc2","4cpu-amd",0.09,"SMA",3,24.87
"pc2","4cpu-amd",0.09,"SMA",2,24.98
"pc2","4cpu-amd",0.09,"SMA",2,23.17
"pc2","4cpu-amd",0.09,"SMA",4,23.75
"pc2","4cpu-amd",0.09,"SMA",1,23.87
"pc2","4cpu-amd",0.09,"SMA",3,25.56
"pc2","4cpu-amd",0.09,"SMA",1,24.34
"pc2","4cpu-amd",0.09,"SMA",3,24.34
"pc2","4cpu-amd",0.09,"SMA",4,24.34
"pc2","4cpu-amd",0.09,"SMA",2,25.25
"pc2","4cpu-amd",0.09,"SMA",3,24.27
"pc2","4cpu-amd",0.09,"SMA",2,24.88
"pc2","4cpu-amd",0.09,"SMA",4,25.06
"pc2","4cpu-amd",0.09,"SMA",1,26.68
"pc2","4cpu-amd",0.09,"SMA",3,24.17
"pc2","4cpu-amd",0.09,"SMA",1,24.29
"pc2","4cpu-amd",0.09,"SMA",2,24.48
"pc2","4cpu-amd",0.09,"SMA",4,24.56
"pc2","4cpu-amd",0.09,"SMA",2,22.79
"pc2","4cpu-amd",0.09,"SMA",3,24.17
"pc2","4cpu-amd",0.09,"SMA",4,24.17
"pc2","4cpu-amd",0.09,"SMA",1,26.29
"pc2","4cpu-amd",0.09,"SMA",1,23.07
"pc2","4cpu-amd",0.09,"SMA",4,23.63
"pc2","4cpu-amd",0.09,"SMA",3,23.64
"pc2","4cpu-amd",0.09,"SMA",2,24.95
"pc2","4cpu-amd",0.09,"SMA",2,22.46
"pc2","4cpu-amd",0.09,"SMA",4,23.45
"pc2","4cpu-amd",0.09,"SMA",1,24.47
"pc2","4cpu-amd",0.09,"SMA",3,24.76
"pc2","4cpu-amd",0.09,"SMA",2,22.57
"pc2","4cpu-amd",0.09,"SMA",4,24.06
"pc2","4cpu-amd",0.09,"SMA",1,24.49
"pc2","4cpu-amd",0.09,"SMA",3,26.17
"pc2","4cpu-amd",0.09,"SMA",1,24.78
"pc2","4cpu-amd",0.09,"SMA",2,24.97
"pc2","4cpu-amd",0.09,"SMA",4,25.25
"pc2","4cpu-amd",0.09,"SMA",3,25.86
"pc2","4cpu-amd",0.09,"SMA",2,23.18
"pc2","4cpu-amd",0.09,"SMA",3,23.68
"pc2","4cpu-amd",0.09,"SMA",4,23.77
"pc2","4cpu-amd",0.09,"SMA",1,25.29
"pc2","4cpu-amd",0.09,"SMA",2,23.07
"pc2","4cpu-amd",0.09,"SMA",3,23.56
"pc2","4cpu-amd",0.09,"SMA",1,24.58
"pc2","4cpu-amd",0.09,"SMA",4,24.96
"pc2","4cpu-amd",0.09,"SMA",1,23.85
"pc2","4cpu-amd",0.09,"SMA",4,23.85
"pc2","4cpu-amd",0.09,"SMA",2,24.79
"pc2","4cpu-amd",0.09,"SMA",3,25.66
"pc2","4cpu-amd",0.09,"SMA",1,23.67
"pc2","4cpu-amd",0.09,"SMA",3,24.34
"pc2","4cpu-amd",0.09,"SMA",4,25.03
"pc2","4cpu-amd",0.09,"SMA",2,25.95
"pc2","4cpu-amd",0.09,"SMA",3,23.14
"pc2","4cpu-amd",0.09,"SMA",1,23.57
"pc2","4cpu-amd",0.09,"SMA",2,23.85
"pc2","4cpu-amd",0.09,"SMA",4,24.63
"pc2","4cpu-amd",0.09,"SMA",1,23.88
"pc2","4cpu-amd",0.09,"SMA",2,24.67
"pc2","4cpu-amd",0.09,"SMA",3,24.96
"pc2","4cpu-amd",0.09,"SMA",4,24.96
"pc2","4cpu-amd",0.09,"SMA",1,23.86
"pc2","4cpu-amd",0.09,"SMA",2,24.16
"pc2","4cpu-amd",0.09,"SMA",3,24.85
"pc2","4cpu-amd",0.09,"SMA",4,26.05
"pc2","4cpu-amd",0.09,"SMA",2,23.96
"pc2","4cpu-amd",0.09,"SMA",3,24.05
"pc2","4cpu-amd",0.09,"SMA",4,24.05
"pc2","4cpu-amd",0.09,"SMA",1,24.57
"pc2","4cpu-amd",0.09,"SMA",2,23.34
"pc2","4cpu-amd",0.09,"SMA",3,23.84
"pc2","4cpu-amd",0.09,"SMA",1,24.76
"pc2","4cpu-amd",0.09,"SMA",4,25.02
"pc2","4cpu-amd",0.09,"SMA",1,24.18
"pc2","4cpu-amd",0.09,"SMA",4,24.21
"pc2","4cpu-amd",0.09,"SMA",2,24.45
"pc2","4cpu-amd",0.09,"SMA",3,25.33
"pc2","4cpu-amd",0.09,"SMA",2,23.06
"pc2","4cpu-amd",0.09,"SMA",1,23.88
"pc2","4cpu-amd",0.09,"SMA",4,24.75
"pc2","4cpu-amd",0.09,"SMA",3,25.26
"pc2","4cpu-amd",0.09,"SMA",1,21.76
"pc2","4cpu-amd",0.09,"SMA",4,22.44
"pc2","4cpu-amd",0.09,"SMA",3,23.14
"pc2","4cpu-amd",0.09,"SMA",2,23.14
"pc2","4cpu-amd",0.09,"SMA",3,22.25
"pc2","4cpu-amd",0.09,"SMA",2,24.06
"pc2","4cpu-amd",0.09,"SMA",4,24.04
"pc2","4cpu-amd",0.09,"SMA",1,24.97
"pc2","4cpu-amd",0.09,"SMA",3,22.96
"pc2","4cpu-amd",0.09,"SMA",4,23.46
"pc2","4cpu-amd",0.09,"SMA",2,23.57
"pc2","4cpu-amd",0.09,"SMA",1,24.47
"pc2","4cpu-amd",0.09,"SMA",2,24.05
"pc2","4cpu-amd",0.09,"SMA",4,24.11
"pc2","4cpu-amd",0.09,"SMA",3,25.03
"pc2","4cpu-amd",0.09,"SMA",1,25.47
"pc2","4cpu-amd",0.09,"SMA",3,23.87
"pc2","4cpu-amd",0.09,"SMA",4,24.05
"pc2","4cpu-amd",0.09,"SMA",2,24.87
"pc2","4cpu-amd",0.09,"SMA",1,25.47
"pc2","4cpu-amd",0.11,"SMA",2,18.8
"pc2","4cpu-amd",0.11,"SMA",4,19.79
"pc2","4cpu-amd",0.11,"SMA",1,20
"pc2","4cpu-amd",0.11,"SMA",3,20.4
"pc2","4cpu-amd",0.11,"SMA",2,19.57
"pc2","4cpu-amd",0.11,"SMA",4,19.76
"pc2","4cpu-amd",0.11,"SMA",1,20.47
"pc2","4cpu-amd",0.11,"SMA",3,22.26
"pc2","4cpu-amd",0.11,"SMA",4,16.82
"pc2","4cpu-amd",0.11,"SMA",1,17.06
"pc2","4cpu-amd",0.11,"SMA",3,17.63
"pc2","4cpu-amd",0.11,"SMA",2,19.05
"pc2","4cpu-amd",0.11,"SMA",2,18.16
"pc2","4cpu-amd",0.11,"SMA",3,18.55
"pc2","4cpu-amd",0.11,"SMA",4,18.85
"pc2","4cpu-amd",0.11,"SMA",1,19.47
"pc2","4cpu-amd",0.11,"SMA",4,17.43
"pc2","4cpu-amd",0.11,"SMA",3,17.94
"pc2","4cpu-amd",0.11,"SMA",1,17.97
"pc2","4cpu-amd",0.11,"SMA",2,18.36
"pc2","4cpu-amd",0.11,"SMA",4,17.05
"pc2","4cpu-amd",0.11,"SMA",3,18.06
"pc2","4cpu-amd",0.11,"SMA",2,18.79
"pc2","4cpu-amd",0.11,"SMA",1,18.86
"pc2","4cpu-amd",0.11,"SMA",3,18.16
"pc2","4cpu-amd",0.11,"SMA",1,18.57
"pc2","4cpu-amd",0.11,"SMA",2,18.57
"pc2","4cpu-amd",0.11,"SMA",4,18.65
"pc2","4cpu-amd",0.11,"SMA",1,17.68
"pc2","4cpu-amd",0.11,"SMA",4,18.07
"pc2","4cpu-amd",0.11,"SMA",2,20.79
"pc2","4cpu-amd",0.11,"SMA",3,22.58
"pc2","4cpu-amd",0.11,"SMA",4,17.73
"pc2","4cpu-amd",0.11,"SMA",2,18.55
"pc2","4cpu-amd",0.11,"SMA",3,19.04
"pc2","4cpu-amd",0.11,"SMA",1,19.46
"pc2","4cpu-amd",0.11,"SMA",1,17.87
"pc2","4cpu-amd",0.11,"SMA",2,18.45
"pc2","4cpu-amd",0.11,"SMA",3,18.84
"pc2","4cpu-amd",0.11,"SMA",4,19.44
"pc2","4cpu-amd",0.11,"SMA",3,16.83
"pc2","4cpu-amd",0.11,"SMA",1,17.95
"pc2","4cpu-amd",0.11,"SMA",2,18.15
"pc2","4cpu-amd",0.11,"SMA",4,18.62
"pc2","4cpu-amd",0.11,"SMA",2,17.75
"pc2","4cpu-amd",0.11,"SMA",1,17.85
"pc2","4cpu-amd",0.11,"SMA",3,18.63
"pc2","4cpu-amd",0.11,"SMA",4,19.03
"pc2","4cpu-amd",0.11,"SMA",2,17.27
"pc2","4cpu-amd",0.11,"SMA",4,17.95
"pc2","4cpu-amd",0.11,"SMA",3,18.16
"pc2","4cpu-amd",0.11,"SMA",1,19.67
"pc2","4cpu-amd",0.11,"SMA",3,17.96
"pc2","4cpu-amd",0.11,"SMA",4,18.65
"pc2","4cpu-amd",0.11,"SMA",1,18.76
"pc2","4cpu-amd",0.11,"SMA",2,19.17
"pc2","4cpu-amd",0.11,"SMA",4,18.32
"pc2","4cpu-amd",0.11,"SMA",1,18.32
"pc2","4cpu-amd",0.11,"SMA",2,19.32
"pc2","4cpu-amd",0.11,"SMA",3,20.82
"pc2","4cpu-amd",0.11,"SMA",3,17.27
"pc2","4cpu-amd",0.11,"SMA",1,18.09
"pc2","4cpu-amd",0.11,"SMA",2,19.58
"pc2","4cpu-amd",0.11,"SMA",4,21.17
"pc2","4cpu-amd",0.11,"SMA",2,17.84
"pc2","4cpu-amd",0.11,"SMA",4,17.93
"pc2","4cpu-amd",0.11,"SMA",1,19.06
"pc2","4cpu-amd",0.11,"SMA",3,19.74
"pc2","4cpu-amd",0.11,"SMA",2,18.47
"pc2","4cpu-amd",0.11,"SMA",1,18.58
"pc2","4cpu-amd",0.11,"SMA",3,18.86
"pc2","4cpu-amd",0.11,"SMA",4,19.35
"pc2","4cpu-amd",0.11,"SMA",4,17.84
"pc2","4cpu-amd",0.11,"SMA",2,18.85
"pc2","4cpu-amd",0.11,"SMA",3,18.86
"pc2","4cpu-amd",0.11,"SMA",1,19.57
"pc2","4cpu-amd",0.11,"SMA",1,18.41
"pc2","4cpu-amd",0.11,"SMA",4,18.41
"pc2","4cpu-amd",0.11,"SMA",3,19.12
"pc2","4cpu-amd",0.11,"SMA",2,20.06
"pc2","4cpu-amd",0.11,"SMA",3,18.05
"pc2","4cpu-amd",0.11,"SMA",4,19.14
"pc2","4cpu-amd",0.11,"SMA",2,19.26
"pc2","4cpu-amd",0.11,"SMA",1,21.37
"pc2","4cpu-amd",0.11,"SMA",3,17.32
"pc2","4cpu-amd",0.11,"SMA",4,19.1
"pc2","4cpu-amd",0.11,"SMA",1,19.96
"pc2","4cpu-amd",0.11,"SMA",2,21.45
"pc2","4cpu-amd",0.11,"SMA",1,17.39
"pc2","4cpu-amd",0.11,"SMA",4,17.46
"pc2","4cpu-amd",0.11,"SMA",2,18.27
"pc2","4cpu-amd",0.11,"SMA",3,18.95
"pc2","4cpu-amd",0.11,"SMA",3,18.64
"pc2","4cpu-amd",0.11,"SMA",2,18.64
"pc2","4cpu-amd",0.11,"SMA",4,19.9
"pc2","4cpu-amd",0.11,"SMA",1,20.17
"pc2","4cpu-amd",0.11,"SMA",1,18.17
"pc2","4cpu-amd",0.11,"SMA",3,18.74
"pc2","4cpu-amd",0.11,"SMA",4,19.14
"pc2","4cpu-amd",0.11,"SMA",2,19.55
"pc2","4cpu-amd",0.11,"SMA",4,17.21
"pc2","4cpu-amd",0.11,"SMA",1,18.67
"pc2","4cpu-amd",0.11,"SMA",3,18.93
"pc2","4cpu-amd",0.11,"SMA",2,20.25
"pc2","4cpu-amd",0.11,"SMA",3,17.82
"pc2","4cpu-amd",0.11,"SMA",4,18.31
"pc2","4cpu-amd",0.11,"SMA",1,19.14
"pc2","4cpu-amd",0.11,"SMA",2,19.22
"pc2","4cpu-amd",0.11,"SMA",4,18.27
"pc2","4cpu-amd",0.11,"SMA",2,18.38
"pc2","4cpu-amd",0.11,"SMA",1,18.49
"pc2","4cpu-amd",0.11,"SMA",3,19.27
"pc2","4cpu-amd",0.11,"SMA",3,18.07
"pc2","4cpu-amd",0.11,"SMA",1,18.58
"pc2","4cpu-amd",0.11,"SMA",2,18.77
"pc2","4cpu-amd",0.11,"SMA",4,19.66
"pc2","4cpu-amd",0.11,"SMA",4,17.73
"pc2","4cpu-amd",0.11,"SMA",2,19.45
"pc2","4cpu-amd",0.11,"SMA",1,19.86
"pc2","4cpu-amd",0.11,"SMA",3,21.34
"pc2","4cpu-amd",0.12,"SMA",1,15.99
"pc2","4cpu-amd",0.12,"SMA",3,16.58
"pc2","4cpu-amd",0.12,"SMA",4,16.58
"pc2","4cpu-amd",0.12,"SMA",2,16.78
"pc2","4cpu-amd",0.12,"SMA",3,16.74
"pc2","4cpu-amd",0.12,"SMA",4,17.03
"pc2","4cpu-amd",0.12,"SMA",1,17.95
"pc2","4cpu-amd",0.12,"SMA",2,19.65
"pc2","4cpu-amd",0.12,"SMA",2,14.86
"pc2","4cpu-amd",0.12,"SMA",4,15.12
"pc2","4cpu-amd",0.12,"SMA",3,15.53
"pc2","4cpu-amd",0.12,"SMA",1,16.18
"pc2","4cpu-amd",0.12,"SMA",4,14.94
"pc2","4cpu-amd",0.12,"SMA",3,15.35
"pc2","4cpu-amd",0.12,"SMA",1,15.89
"pc2","4cpu-amd",0.12,"SMA",2,17.97
"pc2","4cpu-amd",0.12,"SMA",2,15.18
"pc2","4cpu-amd",0.12,"SMA",1,15.58
"pc2","4cpu-amd",0.12,"SMA",3,15.74
"pc2","4cpu-amd",0.12,"SMA",4,16.44
"pc2","4cpu-amd",0.12,"SMA",1,14.39
"pc2","4cpu-amd",0.12,"SMA",3,15.36
"pc2","4cpu-amd",0.12,"SMA",4,16.03
"pc2","4cpu-amd",0.12,"SMA",2,16.27
"pc2","4cpu-amd",0.12,"SMA",1,15.28
"pc2","4cpu-amd",0.12,"SMA",3,15.46
"pc2","4cpu-amd",0.12,"SMA",4,15.82
"pc2","4cpu-amd",0.12,"SMA",2,16.16
"pc2","4cpu-amd",0.12,"SMA",3,16.38
"pc2","4cpu-amd",0.12,"SMA",2,16.58
"pc2","4cpu-amd",0.12,"SMA",4,16.76
"pc2","4cpu-amd",0.12,"SMA",1,17.59
"pc2","4cpu-amd",0.12,"SMA",2,15.52
"pc2","4cpu-amd",0.12,"SMA",3,16.3
"pc2","4cpu-amd",0.12,"SMA",4,16.37
"pc2","4cpu-amd",0.12,"SMA",1,17.14
"pc2","4cpu-amd",0.12,"SMA",2,15.66
"pc2","4cpu-amd",0.12,"SMA",4,15.95
"pc2","4cpu-amd",0.12,"SMA",1,16.46
"pc2","4cpu-amd",0.12,"SMA",3,16.46
"pc2","4cpu-amd",0.12,"SMA",1,14.58
"pc2","4cpu-amd",0.12,"SMA",4,16.55
"pc2","4cpu-amd",0.12,"SMA",3,17.06
"pc2","4cpu-amd",0.12,"SMA",2,17.27
"pc2","4cpu-amd",0.12,"SMA",1,15.57
"pc2","4cpu-amd",0.12,"SMA",4,15.82
"pc2","4cpu-amd",0.12,"SMA",2,15.85
"pc2","4cpu-amd",0.12,"SMA",3,16.45
"pc2","4cpu-amd",0.12,"SMA",4,15.54
"pc2","4cpu-amd",0.12,"SMA",2,15.68
"pc2","4cpu-amd",0.12,"SMA",1,16.18
"pc2","4cpu-amd",0.12,"SMA",3,16.25
"pc2","4cpu-amd",0.12,"SMA",1,15.77
"pc2","4cpu-amd",0.12,"SMA",2,16.08
"pc2","4cpu-amd",0.12,"SMA",3,16.14
"pc2","4cpu-amd",0.12,"SMA",4,17.02
"pc2","4cpu-amd",0.12,"SMA",1,15.19
"pc2","4cpu-amd",0.12,"SMA",4,16.03
"pc2","4cpu-amd",0.12,"SMA",2,16.26
"pc2","4cpu-amd",0.12,"SMA",3,16.36
"pc2","4cpu-amd",0.12,"SMA",1,14.58
"pc2","4cpu-amd",0.12,"SMA",4,15.03
"pc2","4cpu-amd",0.12,"SMA",2,15.74
"pc2","4cpu-amd",0.12,"SMA",3,16.14
"pc2","4cpu-amd",0.12,"SMA",3,15.27
"pc2","4cpu-amd",0.12,"SMA",1,15.79
"pc2","4cpu-amd",0.12,"SMA",4,16.46
"pc2","4cpu-amd",0.12,"SMA",2,16.79
"pc2","4cpu-amd",0.12,"SMA",1,15.17
"pc2","4cpu-amd",0.12,"SMA",2,15.54
"pc2","4cpu-amd",0.12,"SMA",3,15.81
"pc2","4cpu-amd",0.12,"SMA",4,17.72
"pc2","4cpu-amd",0.12,"SMA",4,14.74
"pc2","4cpu-amd",0.12,"SMA",1,15.69
"pc2","4cpu-amd",0.12,"SMA",2,16.47
"pc2","4cpu-amd",0.12,"SMA",3,16.55
"pc2","4cpu-amd",0.12,"SMA",4,14.77
"pc2","4cpu-amd",0.12,"SMA",3,15.17
"pc2","4cpu-amd",0.12,"SMA",2,15.68
"pc2","4cpu-amd",0.12,"SMA",1,17.5
"pc2","4cpu-amd",0.12,"SMA",3,15.53
"pc2","4cpu-amd",0.12,"SMA",4,15.73
"pc2","4cpu-amd",0.12,"SMA",2,16.34
"pc2","4cpu-amd",0.12,"SMA",1,16.96
"pc2","4cpu-amd",0.12,"SMA",2,14.97
"pc2","4cpu-amd",0.12,"SMA",3,16.66
"pc2","4cpu-amd",0.12,"SMA",1,17.08
"pc2","4cpu-amd",0.12,"SMA",4,17.76
"pc2","4cpu-amd",0.12,"SMA",1,15.56
"pc2","4cpu-amd",0.12,"SMA",3,16.35
"pc2","4cpu-amd",0.12,"SMA",4,16.45
"pc2","4cpu-amd",0.12,"SMA",2,16.75
"pc2","4cpu-amd",0.12,"SMA",4,15.74
"pc2","4cpu-amd",0.12,"SMA",3,15.86
"pc2","4cpu-amd",0.12,"SMA",2,16.56
"pc2","4cpu-amd",0.12,"SMA",1,16.78
"pc2","4cpu-amd",0.12,"SMA",1,15.17
"pc2","4cpu-amd",0.12,"SMA",3,15.73
"pc2","4cpu-amd",0.12,"SMA",2,15.85
"pc2","4cpu-amd",0.12,"SMA",4,15.91
"pc2","4cpu-amd",0.12,"SMA",2,15.99
"pc2","4cpu-amd",0.12,"SMA",4,16.07
"pc2","4cpu-amd",0.12,"SMA",1,16.69
"pc2","4cpu-amd",0.12,"SMA",3,16.78
"pc2","4cpu-amd",0.12,"SMA",4,15.87
"pc2","4cpu-amd",0.12,"SMA",3,16.77
"pc2","4cpu-amd",0.12,"SMA",2,16.87
"pc2","4cpu-amd",0.12,"SMA",1,16.88
"pc2","4cpu-amd",0.12,"SMA",3,15.56
"pc2","4cpu-amd",0.12,"SMA",4,16.38
"pc2","4cpu-amd",0.12,"SMA",1,16.38
"pc2","4cpu-amd",0.12,"SMA",2,17.49
"pc2","4cpu-amd",0.12,"SMA",4,15.35
"pc2","4cpu-amd",0.12,"SMA",2,15.96
"pc2","4cpu-amd",0.12,"SMA",3,16.54
"pc2","4cpu-amd",0.12,"SMA",1,17.57
"pc2","4cpu-amd",0.12,"SMA",4,13.93
"pc2","4cpu-amd",0.12,"SMA",2,16.34
"pc2","4cpu-amd",0.12,"SMA",3,16.34
"pc2","4cpu-amd",0.12,"SMA",1,16.46
"pc2","4cpu-amd",0.13,"SMA",4,14.58
"pc2","4cpu-amd",0.13,"SMA",3,14.69
"pc2","4cpu-amd",0.13,"SMA",1,15.12
"pc2","4cpu-amd",0.13,"SMA",2,15.7
"pc2","4cpu-amd",0.13,"SMA",4,14.22
"pc2","4cpu-amd",0.13,"SMA",2,14.43
"pc2","4cpu-amd",0.13,"SMA",3,14.73
"pc2","4cpu-amd",0.13,"SMA",1,15.75
"pc2","4cpu-amd",0.13,"SMA",3,13.18
"pc2","4cpu-amd",0.13,"SMA",2,13.57
"pc2","4cpu-amd",0.13,"SMA",4,13.86
"pc2","4cpu-amd",0.13,"SMA",1,14.69
"pc2","4cpu-amd",0.13,"SMA",2,12.74
"pc2","4cpu-amd",0.13,"SMA",1,13.06
"pc2","4cpu-amd",0.13,"SMA",3,13.13
"pc2","4cpu-amd",0.13,"SMA",4,13.72
"pc2","4cpu-amd",0.13,"SMA",3,13.14
"pc2","4cpu-amd",0.13,"SMA",2,13.46
"pc2","4cpu-amd",0.13,"SMA",1,14.47
"pc2","4cpu-amd",0.13,"SMA",4,14.65
"pc2","4cpu-amd",0.13,"SMA",2,13.27
"pc2","4cpu-amd",0.13,"SMA",4,14.15
"pc2","4cpu-amd",0.13,"SMA",3,14.26
"pc2","4cpu-amd",0.13,"SMA",1,14.77
"pc2","4cpu-amd",0.13,"SMA",1,12.36
"pc2","4cpu-amd",0.13,"SMA",3,13.35
"pc2","4cpu-amd",0.13,"SMA",4,13.53
"pc2","4cpu-amd",0.13,"SMA",2,13.95
"pc2","4cpu-amd",0.13,"SMA",4,13.16
"pc2","4cpu-amd",0.13,"SMA",2,13.68
"pc2","4cpu-amd",0.13,"SMA",1,14.49
"pc2","4cpu-amd",0.13,"SMA",3,14.86
"pc2","4cpu-amd",0.13,"SMA",3,13.58
"pc2","4cpu-amd",0.13,"SMA",1,13.69
"pc2","4cpu-amd",0.13,"SMA",2,14.38
"pc2","4cpu-amd",0.13,"SMA",4,14.87
"pc2","4cpu-amd",0.13,"SMA",3,12.94
"pc2","4cpu-amd",0.13,"SMA",4,13.23
"pc2","4cpu-amd",0.13,"SMA",1,13.76
"pc2","4cpu-amd",0.13,"SMA",2,14.44
"pc2","4cpu-amd",0.13,"SMA",2,13.05
"pc2","4cpu-amd",0.13,"SMA",3,13.14
"pc2","4cpu-amd",0.13,"SMA",1,13.76
"pc2","4cpu-amd",0.13,"SMA",4,15.03
"pc2","4cpu-amd",0.13,"SMA",4,13.67
"pc2","4cpu-amd",0.13,"SMA",1,14.37
"pc2","4cpu-amd",0.13,"SMA",2,14.37
"pc2","4cpu-amd",0.13,"SMA",3,14.76
"pc2","4cpu-amd",0.13,"SMA",3,13.64
"pc2","4cpu-amd",0.13,"SMA",2,13.96
"pc2","4cpu-amd",0.13,"SMA",1,14.16
"pc2","4cpu-amd",0.13,"SMA",4,14.15
"pc2","4cpu-amd",0.13,"SMA",2,13.37
"pc2","4cpu-amd",0.13,"SMA",1,13.88
"pc2","4cpu-amd",0.13,"SMA",4,14.16
"pc2","4cpu-amd",0.13,"SMA",3,14.27
"pc2","4cpu-amd",0.13,"SMA",4,14.16
"pc2","4cpu-amd",0.13,"SMA",2,14.27
"pc2","4cpu-amd",0.13,"SMA",3,14.36
"pc2","4cpu-amd",0.13,"SMA",1,14.58
"pc2","4cpu-amd",0.13,"SMA",1,13.17
"pc2","4cpu-amd",0.13,"SMA",3,13.44
"pc2","4cpu-amd",0.13,"SMA",2,13.85
"pc2","4cpu-amd",0.13,"SMA",4,14.23
"pc2","4cpu-amd",0.13,"SMA",3,12.85
"pc2","4cpu-amd",0.13,"SMA",1,12.87
"pc2","4cpu-amd",0.13,"SMA",2,14.15
"pc2","4cpu-amd",0.13,"SMA",4,14.24
"pc2","4cpu-amd",0.13,"SMA",1,13.98
"pc2","4cpu-amd",0.13,"SMA",2,14.17
"pc2","4cpu-amd",0.13,"SMA",3,14.66
"pc2","4cpu-amd",0.13,"SMA",4,15.14
"pc2","4cpu-amd",0.13,"SMA",1,13.58
"pc2","4cpu-amd",0.13,"SMA",3,14.06
"pc2","4cpu-amd",0.13,"SMA",2,14.98
"pc2","4cpu-amd",0.13,"SMA",4,15.47
"pc2","4cpu-amd",0.13,"SMA",4,13.51
"pc2","4cpu-amd",0.13,"SMA",3,13.92
"pc2","4cpu-amd",0.13,"SMA",1,14.77
"pc2","4cpu-amd",0.13,"SMA",2,14.93
"pc2","4cpu-amd",0.13,"SMA",4,13.74
"pc2","4cpu-amd",0.13,"SMA",3,13.86
"pc2","4cpu-amd",0.13,"SMA",2,14.37
"pc2","4cpu-amd",0.13,"SMA",1,14.67
"pc2","4cpu-amd",0.13,"SMA",1,13.77
"pc2","4cpu-amd",0.13,"SMA",3,14.25
"pc2","4cpu-amd",0.13,"SMA",2,14.66
"pc2","4cpu-amd",0.13,"SMA",4,15.15
"pc2","4cpu-amd",0.13,"SMA",2,13.44
"pc2","4cpu-amd",0.13,"SMA",3,13.43
"pc2","4cpu-amd",0.13,"SMA",1,13.55
"pc2","4cpu-amd",0.13,"SMA",4,13.74
"pc2","4cpu-amd",0.13,"SMA",2,13.03
"pc2","4cpu-amd",0.13,"SMA",3,13.41
"pc2","4cpu-amd",0.13,"SMA",4,13.71
"pc2","4cpu-amd",0.13,"SMA",1,14.96
"pc2","4cpu-amd",0.13,"SMA",3,13.43
"pc2","4cpu-amd",0.13,"SMA",2,13.55
"pc2","4cpu-amd",0.13,"SMA",1,13.65
"pc2","4cpu-amd",0.13,"SMA",4,14.23
"pc2","4cpu-amd",0.13,"SMA",1,13.38
"pc2","4cpu-amd",0.13,"SMA",2,13.57
"pc2","4cpu-amd",0.13,"SMA",3,13.86
"pc2","4cpu-amd",0.13,"SMA",4,14.14
"pc2","4cpu-amd",0.13,"SMA",1,13.17
"pc2","4cpu-amd",0.13,"SMA",3,13.84
"pc2","4cpu-amd",0.13,"SMA",4,14.13
"pc2","4cpu-amd",0.13,"SMA",2,14.45
"pc2","4cpu-amd",0.13,"SMA",4,13.06
"pc2","4cpu-amd",0.13,"SMA",3,14.46
"pc2","4cpu-amd",0.13,"SMA",2,14.48
"pc2","4cpu-amd",0.13,"SMA",1,14.58
"pc2","4cpu-amd",0.13,"SMA",3,13.08
"pc2","4cpu-amd",0.13,"SMA",4,13.47
"pc2","4cpu-amd",0.13,"SMA",1,14.59
"pc2","4cpu-amd",0.13,"SMA",2,15.58
"pc2","4cpu-amd",0.13,"SMA",4,13.92
"pc2","4cpu-amd",0.13,"SMA",1,14.25
"pc2","4cpu-amd",0.13,"SMA",2,14.25
"pc2","4cpu-amd",0.13,"SMA",3,14.24
"pc2","4cpu-amd",0.14,"SMA",2,12.69
"pc2","4cpu-amd",0.14,"SMA",1,13.11
"pc2","4cpu-amd",0.14,"SMA",4,13.86
"pc2","4cpu-amd",0.14,"SMA",3,14.18
"pc2","4cpu-amd",0.14,"SMA",3,12.93
"pc2","4cpu-amd",0.14,"SMA",1,12.97
"pc2","4cpu-amd",0.14,"SMA",4,13.02
"pc2","4cpu-amd",0.14,"SMA",2,13.54
"pc2","4cpu-amd",0.14,"SMA",2,11.16
"pc2","4cpu-amd",0.14,"SMA",1,12.38
"pc2","4cpu-amd",0.14,"SMA",3,12.85
"pc2","4cpu-amd",0.14,"SMA",4,13.03
"pc2","4cpu-amd",0.14,"SMA",1,11.76
"pc2","4cpu-amd",0.14,"SMA",2,11.95
"pc2","4cpu-amd",0.14,"SMA",4,12.45
"pc2","4cpu-amd",0.14,"SMA",3,12.54
"pc2","4cpu-amd",0.14,"SMA",2,11.9
"pc2","4cpu-amd",0.14,"SMA",3,12.78
"pc2","4cpu-amd",0.14,"SMA",1,13.5
"pc2","4cpu-amd",0.14,"SMA",4,13.68
"pc2","4cpu-amd",0.14,"SMA",3,11.84
"pc2","4cpu-amd",0.14,"SMA",2,12.04
"pc2","4cpu-amd",0.14,"SMA",1,12.26
"pc2","4cpu-amd",0.14,"SMA",4,12.33
"pc2","4cpu-amd",0.14,"SMA",2,12.18
"pc2","4cpu-amd",0.14,"SMA",3,12.28
"pc2","4cpu-amd",0.14,"SMA",1,12.4
"pc2","4cpu-amd",0.14,"SMA",4,13.38
"pc2","4cpu-amd",0.14,"SMA",4,11.42
"pc2","4cpu-amd",0.14,"SMA",2,12.14
"pc2","4cpu-amd",0.14,"SMA",1,12.16
"pc2","4cpu-amd",0.14,"SMA",3,12.34
"pc2","4cpu-amd",0.14,"SMA",1,11.76
"pc2","4cpu-amd",0.14,"SMA",2,11.86
"pc2","4cpu-amd",0.14,"SMA",4,12.04
"pc2","4cpu-amd",0.14,"SMA",3,12.13
"pc2","4cpu-amd",0.14,"SMA",2,11.97
"pc2","4cpu-amd",0.14,"SMA",3,12.47
"pc2","4cpu-amd",0.14,"SMA",1,12.7
"pc2","4cpu-amd",0.14,"SMA",4,12.96
"pc2","4cpu-amd",0.14,"SMA",1,11.77
"pc2","4cpu-amd",0.14,"SMA",2,12.16
"pc2","4cpu-amd",0.14,"SMA",4,12.14
"pc2","4cpu-amd",0.14,"SMA",3,12.25
"pc2","4cpu-amd",0.14,"SMA",4,11.86
"pc2","4cpu-amd",0.14,"SMA",2,12.07
"pc2","4cpu-amd",0.14,"SMA",3,12.28
"pc2","4cpu-amd",0.14,"SMA",1,12.9
"pc2","4cpu-amd",0.14,"SMA",4,11.35
"pc2","4cpu-amd",0.14,"SMA",2,11.65
"pc2","4cpu-amd",0.14,"SMA",1,11.96
"pc2","4cpu-amd",0.14,"SMA",3,12.25
"pc2","4cpu-amd",0.14,"SMA",1,11.45
"pc2","4cpu-amd",0.14,"SMA",3,12.02
"pc2","4cpu-amd",0.14,"SMA",4,12.21
"pc2","4cpu-amd",0.14,"SMA",2,12.34
"pc2","4cpu-amd",0.14,"SMA",3,11.74
"pc2","4cpu-amd",0.14,"SMA",1,11.98
"pc2","4cpu-amd",0.14,"SMA",4,12.24
"pc2","4cpu-amd",0.14,"SMA",2,12.76
"pc2","4cpu-amd",0.14,"SMA",4,11.74
"pc2","4cpu-amd",0.14,"SMA",2,12.17
"pc2","4cpu-amd",0.14,"SMA",3,13.25
"pc2","4cpu-amd",0.14,"SMA",1,13.37
"pc2","4cpu-amd",0.14,"SMA",3,11.59
"pc2","4cpu-amd",0.14,"SMA",2,11.99
"pc2","4cpu-amd",0.14,"SMA",1,12.21
"pc2","4cpu-amd",0.14,"SMA",4,12.77
"pc2","4cpu-amd",0.14,"SMA",4,12.16
"pc2","4cpu-amd",0.14,"SMA",2,12.16
"pc2","4cpu-amd",0.14,"SMA",1,12.26
"pc2","4cpu-amd",0.14,"SMA",3,12.74
"pc2","4cpu-amd",0.14,"SMA",2,11.68
"pc2","4cpu-amd",0.14,"SMA",3,12.57
"pc2","4cpu-amd",0.14,"SMA",1,13.38
"pc2","4cpu-amd",0.14,"SMA",4,13.38
"pc2","4cpu-amd",0.14,"SMA",1,11.26
"pc2","4cpu-amd",0.14,"SMA",3,11.54
"pc2","4cpu-amd",0.14,"SMA",4,12.83
"pc2","4cpu-amd",0.14,"SMA",2,13.34
"pc2","4cpu-amd",0.14,"SMA",3,11.84
"pc2","4cpu-amd",0.14,"SMA",1,12.36
"pc2","4cpu-amd",0.14,"SMA",4,12.42
"pc2","4cpu-amd",0.14,"SMA",2,12.55
"pc2","4cpu-amd",0.14,"SMA",1,12.58
"pc2","4cpu-amd",0.14,"SMA",2,13.08
"pc2","4cpu-amd",0.14,"SMA",3,13.16
"pc2","4cpu-amd",0.14,"SMA",4,13.46
"pc2","4cpu-amd",0.14,"SMA",1,11.97
"pc2","4cpu-amd",0.14,"SMA",4,12.51
"pc2","4cpu-amd",0.14,"SMA",2,12.75
"pc2","4cpu-amd",0.14,"SMA",3,13.63
"pc2","4cpu-amd",0.14,"SMA",3,11.42
"pc2","4cpu-amd",0.14,"SMA",1,11.76
"pc2","4cpu-amd",0.14,"SMA",2,11.94
"pc2","4cpu-amd",0.14,"SMA",4,12.2
"pc2","4cpu-amd",0.14,"SMA",3,11.94
"pc2","4cpu-amd",0.14,"SMA",2,12.05
"pc2","4cpu-amd",0.14,"SMA",4,12.45
"pc2","4cpu-amd",0.14,"SMA",1,12.66
"pc2","4cpu-amd",0.14,"SMA",3,11.34
"pc2","4cpu-amd",0.14,"SMA",1,12.97
"pc2","4cpu-amd",0.14,"SMA",4,13.34
"pc2","4cpu-amd",0.14,"SMA",2,13.65
"pc2","4cpu-amd",0.14,"SMA",1,11.48
"pc2","4cpu-amd",0.14,"SMA",3,11.86
"pc2","4cpu-amd",0.14,"SMA",2,11.96
"pc2","4cpu-amd",0.14,"SMA",4,12.35
"pc2","4cpu-amd",0.14,"SMA",2,11.85
"pc2","4cpu-amd",0.14,"SMA",4,12.13
"pc2","4cpu-amd",0.14,"SMA",3,12.24
"pc2","4cpu-amd",0.14,"SMA",1,12.66
"pc2","4cpu-amd",0.14,"SMA",3,11.94
"pc2","4cpu-amd",0.14,"SMA",2,12.05
"pc2","4cpu-amd",0.14,"SMA",4,12.34
"pc2","4cpu-amd",0.14,"SMA",1,12.87
"pc2","4cpu-amd",0.14,"SMA",1,11.99
"pc2","4cpu-amd",0.14,"SMA",3,12.07
"pc2","4cpu-amd",0.14,"SMA",2,12.18
"pc2","4cpu-amd",0.14,"SMA",4,12.36
"pc2","4cpu-amd",0.16,"SMA",1,10.36
"pc2","4cpu-amd",0.16,"SMA",2,10.65
"pc2","4cpu-amd",0.16,"SMA",3,10.74
"pc2","4cpu-amd",0.16,"SMA",4,11.12
"pc2","4cpu-amd",0.16,"SMA",2,10.18
"pc2","4cpu-amd",0.16,"SMA",1,10.88
"pc2","4cpu-amd",0.16,"SMA",4,10.86
"pc2","4cpu-amd",0.16,"SMA",3,11.46
"pc2","4cpu-amd",0.16,"SMA",2,9.55
"pc2","4cpu-amd",0.16,"SMA",3,9.74
"pc2","4cpu-amd",0.16,"SMA",1,10.06
"pc2","4cpu-amd",0.16,"SMA",4,10.25
"pc2","4cpu-amd",0.16,"SMA",1,8.86
"pc2","4cpu-amd",0.16,"SMA",2,9.15
"pc2","4cpu-amd",0.16,"SMA",4,9.43
"pc2","4cpu-amd",0.16,"SMA",3,9.54
"pc2","4cpu-amd",0.16,"SMA",2,8.97
"pc2","4cpu-amd",0.16,"SMA",4,9.45
"pc2","4cpu-amd",0.16,"SMA",3,9.78
"pc2","4cpu-amd",0.16,"SMA",1,9.78
"pc2","4cpu-amd",0.16,"SMA",1,9.29
"pc2","4cpu-amd",0.16,"SMA",2,9.37
"pc2","4cpu-amd",0.16,"SMA",4,9.46
"pc2","4cpu-amd",0.16,"SMA",3,9.47
"pc2","4cpu-amd",0.16,"SMA",2,9.16
"pc2","4cpu-amd",0.16,"SMA",4,9.94
"pc2","4cpu-amd",0.16,"SMA",1,10.18
"pc2","4cpu-amd",0.16,"SMA",3,10.56
"pc2","4cpu-amd",0.16,"SMA",1,8.96
"pc2","4cpu-amd",0.16,"SMA",2,9.16
"pc2","4cpu-amd",0.16,"SMA",4,9.42
"pc2","4cpu-amd",0.16,"SMA",3,9.83
"pc2","4cpu-amd",0.16,"SMA",3,8.96
"pc2","4cpu-amd",0.16,"SMA",4,9.34
"pc2","4cpu-amd",0.16,"SMA",1,9.48
"pc2","4cpu-amd",0.16,"SMA",2,10.17
"pc2","4cpu-amd",0.16,"SMA",1,9.18
"pc2","4cpu-amd",0.16,"SMA",4,9.25
"pc2","4cpu-amd",0.16,"SMA",2,9.47
"pc2","4cpu-amd",0.16,"SMA",3,9.55
"pc2","4cpu-amd",0.16,"SMA",1,9.29
"pc2","4cpu-amd",0.16,"SMA",3,9.49
"pc2","4cpu-amd",0.16,"SMA",4,9.57
"pc2","4cpu-amd",0.16,"SMA",2,10.18
"pc2","4cpu-amd",0.16,"SMA",2,9.59
"pc2","4cpu-amd",0.16,"SMA",3,9.67
"pc2","4cpu-amd",0.16,"SMA",1,9.78
"pc2","4cpu-amd",0.16,"SMA",4,9.78
"pc2","4cpu-amd",0.16,"SMA",3,9.84
"pc2","4cpu-amd",0.16,"SMA",1,9.84
"pc2","4cpu-amd",0.16,"SMA",4,10.13
"pc2","4cpu-amd",0.16,"SMA",2,10.15
"pc2","4cpu-amd",0.16,"SMA",2,9.57
"pc2","4cpu-amd",0.16,"SMA",3,9.76
"pc2","4cpu-amd",0.16,"SMA",4,10.04
"pc2","4cpu-amd",0.16,"SMA",1,10.18
"pc2","4cpu-amd",0.16,"SMA",2,9.38
"pc2","4cpu-amd",0.16,"SMA",4,9.75
"pc2","4cpu-amd",0.16,"SMA",1,9.88
"pc2","4cpu-amd",0.16,"SMA",3,9.97
"pc2","4cpu-amd",0.16,"SMA",1,9.29
"pc2","4cpu-amd",0.16,"SMA",2,9.78
"pc2","4cpu-amd",0.16,"SMA",4,10.05
"pc2","4cpu-amd",0.16,"SMA",3,10.17
"pc2","4cpu-amd",0.16,"SMA",1,8.98
"pc2","4cpu-amd",0.16,"SMA",2,9.26
"pc2","4cpu-amd",0.16,"SMA",3,9.64
"pc2","4cpu-amd",0.16,"SMA",4,10.43
"pc2","4cpu-amd",0.16,"SMA",1,9.18
"pc2","4cpu-amd",0.16,"SMA",3,9.84
"pc2","4cpu-amd",0.16,"SMA",2,10.15
"pc2","4cpu-amd",0.16,"SMA",4,10.23
"pc2","4cpu-amd",0.16,"SMA",1,9.3
"pc2","4cpu-amd",0.16,"SMA",3,9.38
"pc2","4cpu-amd",0.16,"SMA",4,9.68
"pc2","4cpu-amd",0.16,"SMA",2,10.18
"pc2","4cpu-amd",0.16,"SMA",4,9.48
"pc2","4cpu-amd",0.16,"SMA",1,10.29
"pc2","4cpu-amd",0.16,"SMA",2,10.48
"pc2","4cpu-amd",0.16,"SMA",3,10.69
"pc2","4cpu-amd",0.16,"SMA",1,9.55
"pc2","4cpu-amd",0.16,"SMA",4,9.53
"pc2","4cpu-amd",0.16,"SMA",3,9.95
"pc2","4cpu-amd",0.16,"SMA",2,9.95
"pc2","4cpu-amd",0.16,"SMA",2,9.56
"pc2","4cpu-amd",0.16,"SMA",4,9.56
"pc2","4cpu-amd",0.16,"SMA",1,9.68
"pc2","4cpu-amd",0.16,"SMA",3,9.76
"pc2","4cpu-amd",0.16,"SMA",4,9.57
"pc2","4cpu-amd",0.16,"SMA",2,9.69
"pc2","4cpu-amd",0.16,"SMA",3,10.28
"pc2","4cpu-amd",0.16,"SMA",1,10.39
"pc2","4cpu-amd",0.16,"SMA",2,9.57
"pc2","4cpu-amd",0.16,"SMA",1,10.18
"pc2","4cpu-amd",0.16,"SMA",3,10.65
"pc2","4cpu-amd",0.16,"SMA",4,10.66
"pc2","4cpu-amd",0.16,"SMA",1,9.55
"pc2","4cpu-amd",0.16,"SMA",2,9.76
"pc2","4cpu-amd",0.16,"SMA",3,9.85
"pc2","4cpu-amd",0.16,"SMA",4,10.55
"pc2","4cpu-amd",0.16,"SMA",3,8.92
"pc2","4cpu-amd",0.16,"SMA",4,9.42
"pc2","4cpu-amd",0.16,"SMA",2,9.53
"pc2","4cpu-amd",0.16,"SMA",1,10.15
"pc2","4cpu-amd",0.16,"SMA",4,9.96
"pc2","4cpu-amd",0.16,"SMA",1,10.29
"pc2","4cpu-amd",0.16,"SMA",3,10.36
"pc2","4cpu-amd",0.16,"SMA",2,10.46
"pc2","4cpu-amd",0.16,"SMA",1,9.7
"pc2","4cpu-amd",0.16,"SMA",4,10.16
"pc2","4cpu-amd",0.16,"SMA",2,10.48
"pc2","4cpu-amd",0.16,"SMA",3,10.57
"pc2","4cpu-amd",0.16,"SMA",4,10.06
"pc2","4cpu-amd",0.16,"SMA",1,10.29
"pc2","4cpu-amd",0.16,"SMA",3,10.48
"pc2","4cpu-amd",0.16,"SMA",2,11.09
"pc2","4cpu-amd",0.16,"SMA",2,9.45
"pc2","4cpu-amd",0.16,"SMA",4,9.63
"pc2","4cpu-amd",0.16,"SMA",1,10.16
"pc2","4cpu-amd",0.16,"SMA",3,10.45
"pc2","4cpu-amd",0.17,"SMA",2,9.57
"pc2","4cpu-amd",0.17,"SMA",3,9.86
"pc2","4cpu-amd",0.17,"SMA",1,9.99
"pc2","4cpu-amd",0.17,"SMA",4,10.34
"pc2","4cpu-amd",0.17,"SMA",4,9.67
"pc2","4cpu-amd",0.17,"SMA",1,9.67
"pc2","4cpu-amd",0.17,"SMA",2,9.95
"pc2","4cpu-amd",0.17,"SMA",3,9.95
"pc2","4cpu-amd",0.17,"SMA",2,8.96
"pc2","4cpu-amd",0.17,"SMA",1,8.96
"pc2","4cpu-amd",0.17,"SMA",3,8.96
"pc2","4cpu-amd",0.17,"SMA",4,9.05
"pc2","4cpu-amd",0.17,"SMA",2,8.47
"pc2","4cpu-amd",0.17,"SMA",3,8.87
"pc2","4cpu-amd",0.17,"SMA",4,9.28
"pc2","4cpu-amd",0.17,"SMA",1,9.28
"pc2","4cpu-amd",0.17,"SMA",1,8.58
"pc2","4cpu-amd",0.17,"SMA",3,8.85
"pc2","4cpu-amd",0.17,"SMA",2,9.06
"pc2","4cpu-amd",0.17,"SMA",4,9.44
"pc2","4cpu-amd",0.17,"SMA",1,8.16
"pc2","4cpu-amd",0.17,"SMA",3,8.64
"pc2","4cpu-amd",0.17,"SMA",2,8.66
"pc2","4cpu-amd",0.17,"SMA",4,8.93
"pc2","4cpu-amd",0.17,"SMA",2,8.68
"pc2","4cpu-amd",0.17,"SMA",3,8.75
"pc2","4cpu-amd",0.17,"SMA",4,8.75
"pc2","4cpu-amd",0.17,"SMA",1,9.27
"pc2","4cpu-amd",0.17,"SMA",2,8.97
"pc2","4cpu-amd",0.17,"SMA",3,8.97
"pc2","4cpu-amd",0.17,"SMA",1,9.1
"pc2","4cpu-amd",0.17,"SMA",4,9.36
"pc2","4cpu-amd",0.17,"SMA",4,8.66
"pc2","4cpu-amd",0.17,"SMA",3,8.89
"pc2","4cpu-amd",0.17,"SMA",2,8.98
"pc2","4cpu-amd",0.17,"SMA",1,9.09
"pc2","4cpu-amd",0.17,"SMA",2,8.38
"pc2","4cpu-amd",0.17,"SMA",4,9.08
"pc2","4cpu-amd",0.17,"SMA",3,9.08
"pc2","4cpu-amd",0.17,"SMA",1,9.59
"pc2","4cpu-amd",0.17,"SMA",4,8.24
"pc2","4cpu-amd",0.17,"SMA",2,8.47
"pc2","4cpu-amd",0.17,"SMA",1,8.97
"pc2","4cpu-amd",0.17,"SMA",3,9.15
"pc2","4cpu-amd",0.17,"SMA",1,8.27
"pc2","4cpu-amd",0.17,"SMA",4,8.64
"pc2","4cpu-amd",0.17,"SMA",2,8.94
"pc2","4cpu-amd",0.17,"SMA",3,9.03
"pc2","4cpu-amd",0.17,"SMA",4,8.36
"pc2","4cpu-amd",0.17,"SMA",2,8.49
"pc2","4cpu-amd",0.17,"SMA",1,8.59
"pc2","4cpu-amd",0.17,"SMA",3,9.08
"pc2","4cpu-amd",0.17,"SMA",1,8.66
"pc2","4cpu-amd",0.17,"SMA",2,8.75
"pc2","4cpu-amd",0.17,"SMA",3,8.94
"pc2","4cpu-amd",0.17,"SMA",4,9.44
"pc2","4cpu-amd",0.17,"SMA",2,8.68
"pc2","4cpu-amd",0.17,"SMA",4,8.74
"pc2","4cpu-amd",0.17,"SMA",3,8.74
"pc2","4cpu-amd",0.17,"SMA",1,9.39
"pc2","4cpu-amd",0.17,"SMA",1,8.65
"pc2","4cpu-amd",0.17,"SMA",4,8.83
"pc2","4cpu-amd",0.17,"SMA",3,8.93
"pc2","4cpu-amd",0.17,"SMA",2,9.05
"pc2","4cpu-amd",0.17,"SMA",3,8.57
"pc2","4cpu-amd",0.17,"SMA",1,8.57
"pc2","4cpu-amd",0.17,"SMA",4,8.62
"pc2","4cpu-amd",0.17,"SMA",2,8.74
"pc2","4cpu-amd",0.17,"SMA",1,8.78
"pc2","4cpu-amd",0.17,"SMA",4,8.96
"pc2","4cpu-amd",0.17,"SMA",2,9.08
"pc2","4cpu-amd",0.17,"SMA",3,9.47
"pc2","4cpu-amd",0.17,"SMA",3,8.64
"pc2","4cpu-amd",0.17,"SMA",2,8.94
"pc2","4cpu-amd",0.17,"SMA",1,8.97
"pc2","4cpu-amd",0.17,"SMA",4,9.24
"pc2","4cpu-amd",0.17,"SMA",2,8.75
"pc2","4cpu-amd",0.17,"SMA",1,8.86
"pc2","4cpu-amd",0.17,"SMA",4,8.82
"pc2","4cpu-amd",0.17,"SMA",3,8.82
"pc2","4cpu-amd",0.17,"SMA",1,8.79
"pc2","4cpu-amd",0.17,"SMA",4,8.85
"pc2","4cpu-amd",0.17,"SMA",2,9.57
"pc2","4cpu-amd",0.17,"SMA",3,9.57
"pc2","4cpu-amd",0.17,"SMA",2,8.57
"pc2","4cpu-amd",0.17,"SMA",1,8.59
"pc2","4cpu-amd",0.17,"SMA",4,9.05
"pc2","4cpu-amd",0.17,"SMA",3,9.37
"pc2","4cpu-amd",0.17,"SMA",4,8.33
"pc2","4cpu-amd",0.17,"SMA",1,8.45
"pc2","4cpu-amd",0.17,"SMA",2,8.64
"pc2","4cpu-amd",0.17,"SMA",3,9.23
"pc2","4cpu-amd",0.17,"SMA",2,8.86
"pc2","4cpu-amd",0.17,"SMA",1,9.18
"pc2","4cpu-amd",0.17,"SMA",3,9.45
"pc2","4cpu-amd",0.17,"SMA",4,9.54
"pc2","4cpu-amd",0.17,"SMA",1,8.68
"pc2","4cpu-amd",0.17,"SMA",3,8.87
"pc2","4cpu-amd",0.17,"SMA",2,9.28
"pc2","4cpu-amd",0.17,"SMA",4,9.56
"pc2","4cpu-amd",0.17,"SMA",3,8.95
"pc2","4cpu-amd",0.17,"SMA",2,8.95
"pc2","4cpu-amd",0.17,"SMA",1,9.17
"pc2","4cpu-amd",0.17,"SMA",4,9.34
"pc2","4cpu-amd",0.17,"SMA",1,8.98
"pc2","4cpu-amd",0.17,"SMA",2,9.28
"pc2","4cpu-amd",0.17,"SMA",4,9.43
"pc2","4cpu-amd",0.17,"SMA",3,9.54
"pc2","4cpu-amd",0.17,"SMA",4,9.17
"pc2","4cpu-amd",0.17,"SMA",1,9.2
"pc2","4cpu-amd",0.17,"SMA",3,9.48
"pc2","4cpu-amd",0.17,"SMA",2,9.67
"pc2","4cpu-amd",0.17,"SMA",3,8.45
"pc2","4cpu-amd",0.17,"SMA",4,8.55
"pc2","4cpu-amd",0.17,"SMA",1,9.27
"pc2","4cpu-amd",0.17,"SMA",2,9.77
"pc2","4cpu-amd",0.17,"SMA",4,8.63
"pc2","4cpu-amd",0.17,"SMA",1,8.97
"pc2","4cpu-amd",0.17,"SMA",3,9.13
"pc2","4cpu-amd",0.17,"SMA",2,9.46
"pc2","4cpu-amd",0.18,"SMA",1,8.3
"pc2","4cpu-amd",0.18,"SMA",3,8.86
"pc2","4cpu-amd",0.18,"SMA",2,8.88
"pc2","4cpu-amd",0.18,"SMA",4,16.64
"pc2","4cpu-amd",0.18,"SMA",2,7.91
"pc2","4cpu-amd",0.18,"SMA",3,8.28
"pc2","4cpu-amd",0.18,"SMA",1,8.81
"pc2","4cpu-amd",0.18,"SMA",4,8.88
"pc2","4cpu-amd",0.18,"SMA",2,7.78
"pc2","4cpu-amd",0.18,"SMA",4,7.99
"pc2","4cpu-amd",0.18,"SMA",1,7.99
"pc2","4cpu-amd",0.18,"SMA",3,8.98
"pc2","4cpu-amd",0.18,"SMA",4,7.44
"pc2","4cpu-amd",0.18,"SMA",2,7.76
"pc2","4cpu-amd",0.18,"SMA",1,7.86
"pc2","4cpu-amd",0.18,"SMA",3,8.56
"pc2","4cpu-amd",0.18,"SMA",4,7.78
"pc2","4cpu-amd",0.18,"SMA",1,7.89
"pc2","4cpu-amd",0.18,"SMA",2,8.08
"pc2","4cpu-amd",0.18,"SMA",3,8.17
"pc2","4cpu-amd",0.18,"SMA",2,7.39
"pc2","4cpu-amd",0.18,"SMA",4,7.55
"pc2","4cpu-amd",0.18,"SMA",1,8.29
"pc2","4cpu-amd",0.18,"SMA",3,8.38
"pc2","4cpu-amd",0.18,"SMA",1,7.57
"pc2","4cpu-amd",0.18,"SMA",2,7.67
"pc2","4cpu-amd",0.18,"SMA",4,7.74
"pc2","4cpu-amd",0.18,"SMA",3,7.96
"pc2","4cpu-amd",0.18,"SMA",4,7.5
"pc2","4cpu-amd",0.18,"SMA",1,7.74
"pc2","4cpu-amd",0.18,"SMA",3,7.91
"pc2","4cpu-amd",0.18,"SMA",2,8.15
"pc2","4cpu-amd",0.18,"SMA",3,7.42
"pc2","4cpu-amd",0.18,"SMA",4,7.81
"pc2","4cpu-amd",0.18,"SMA",1,7.86
"pc2","4cpu-amd",0.18,"SMA",2,8.14
"pc2","4cpu-amd",0.18,"SMA",4,7.34
"pc2","4cpu-amd",0.18,"SMA",2,8.05
"pc2","4cpu-amd",0.18,"SMA",1,8.16
"pc2","4cpu-amd",0.18,"SMA",3,8.23
"pc2","4cpu-amd",0.18,"SMA",2,7.38
"pc2","4cpu-amd",0.18,"SMA",1,7.66
"pc2","4cpu-amd",0.18,"SMA",4,7.66
"pc2","4cpu-amd",0.18,"SMA",3,7.87
"pc2","4cpu-amd",0.18,"SMA",1,7.67
"pc2","4cpu-amd",0.18,"SMA",3,7.84
"pc2","4cpu-amd",0.18,"SMA",2,7.96
"pc2","4cpu-amd",0.18,"SMA",4,8.34
"pc2","4cpu-amd",0.18,"SMA",2,7.15
"pc2","4cpu-amd",0.18,"SMA",3,8.02
"pc2","4cpu-amd",0.18,"SMA",4,8.12
"pc2","4cpu-amd",0.18,"SMA",1,8.12
"pc2","4cpu-amd",0.18,"SMA",4,8.06
"pc2","4cpu-amd",0.18,"SMA",3,8.26
"pc2","4cpu-amd",0.18,"SMA",1,8.37
"pc2","4cpu-amd",0.18,"SMA",2,9.17
"pc2","4cpu-amd",0.18,"SMA",3,7.76
"pc2","4cpu-amd",0.18,"SMA",1,7.76
"pc2","4cpu-amd",0.18,"SMA",2,7.93
"pc2","4cpu-amd",0.18,"SMA",4,7.93
"pc2","4cpu-amd",0.18,"SMA",4,7.4
"pc2","4cpu-amd",0.18,"SMA",2,7.97
"pc2","4cpu-amd",0.18,"SMA",1,7.97
"pc2","4cpu-amd",0.18,"SMA",3,8.23
"pc2","4cpu-amd",0.18,"SMA",1,7.56
"pc2","4cpu-amd",0.18,"SMA",4,7.64
"pc2","4cpu-amd",0.18,"SMA",2,8.16
"pc2","4cpu-amd",0.18,"SMA",3,8.76
"pc2","4cpu-amd",0.18,"SMA",1,7.65
"pc2","4cpu-amd",0.18,"SMA",4,8.03
"pc2","4cpu-amd",0.18,"SMA",2,8.24
"pc2","4cpu-amd",0.18,"SMA",3,8.44
"pc2","4cpu-amd",0.18,"SMA",3,8.12
"pc2","4cpu-amd",0.18,"SMA",2,8.25
"pc2","4cpu-amd",0.18,"SMA",1,8.41
"pc2","4cpu-amd",0.18,"SMA",4,8.41
"pc2","4cpu-amd",0.18,"SMA",1,7.46
"pc2","4cpu-amd",0.18,"SMA",3,7.73
"pc2","4cpu-amd",0.18,"SMA",2,7.75
"pc2","4cpu-amd",0.18,"SMA",4,8.62
"pc2","4cpu-amd",0.18,"SMA",3,7.96
"pc2","4cpu-amd",0.18,"SMA",1,8.37
"pc2","4cpu-amd",0.18,"SMA",2,8.37
"pc2","4cpu-amd",0.18,"SMA",4,8.46
"pc2","4cpu-amd",0.18,"SMA",4,7.86
"pc2","4cpu-amd",0.18,"SMA",2,7.98
"pc2","4cpu-amd",0.18,"SMA",3,8.17
"pc2","4cpu-amd",0.18,"SMA",1,8.38
"pc2","4cpu-amd",0.18,"SMA",2,7.56
"pc2","4cpu-amd",0.18,"SMA",3,7.75
"pc2","4cpu-amd",0.18,"SMA",4,7.84
"pc2","4cpu-amd",0.18,"SMA",1,8.16
"pc2","4cpu-amd",0.18,"SMA",3,7.55
"pc2","4cpu-amd",0.18,"SMA",4,7.84
"pc2","4cpu-amd",0.18,"SMA",1,7.88
"pc2","4cpu-amd",0.18,"SMA",2,8.05
"pc2","4cpu-amd",0.18,"SMA",2,8.06
"pc2","4cpu-amd",0.18,"SMA",3,8.05
"pc2","4cpu-amd",0.18,"SMA",4,8.24
"pc2","4cpu-amd",0.18,"SMA",1,8.37
"pc2","4cpu-amd",0.18,"SMA",3,7.99
"pc2","4cpu-amd",0.18,"SMA",1,7.99
"pc2","4cpu-amd",0.18,"SMA",4,8.3
"pc2","4cpu-amd",0.18,"SMA",2,8.3
"pc2","4cpu-amd",0.18,"SMA",4,7.92
"pc2","4cpu-amd",0.18,"SMA",2,8.05
"pc2","4cpu-amd",0.18,"SMA",3,8.13
"pc2","4cpu-amd",0.18,"SMA",1,8.36
"pc2","4cpu-amd",0.18,"SMA",1,7.76
"pc2","4cpu-amd",0.18,"SMA",3,7.93
"pc2","4cpu-amd",0.18,"SMA",4,7.94
"pc2","4cpu-amd",0.18,"SMA",2,8.06
"pc2","4cpu-amd",0.18,"SMA",4,8.01
"pc2","4cpu-amd",0.18,"SMA",3,8.22
"pc2","4cpu-amd",0.18,"SMA",2,8.51
"pc2","4cpu-amd",0.18,"SMA",1,8.65
"pc2","4cpu-amd",0.18,"SMA",3,8.07
"pc2","4cpu-amd",0.18,"SMA",4,8.26
"pc2","4cpu-amd",0.18,"SMA",1,8.48
"pc2","4cpu-amd",0.18,"SMA",2,8.68
"pc2","4cpu-amd",0.19,"SMA",3,7.88
"pc2","4cpu-amd",0.19,"SMA",1,8.12
"pc2","4cpu-amd",0.19,"SMA",2,8.31
"pc2","4cpu-amd",0.19,"SMA",4,16.37
"pc2","4cpu-amd",0.19,"SMA",4,7.5
"pc2","4cpu-amd",0.19,"SMA",1,7.77
"pc2","4cpu-amd",0.19,"SMA",2,8.14
"pc2","4cpu-amd",0.19,"SMA",3,8.43
"pc2","4cpu-amd",0.19,"SMA",1,6.86
"pc2","4cpu-amd",0.19,"SMA",4,6.93
"pc2","4cpu-amd",0.19,"SMA",2,7.55
"pc2","4cpu-amd",0.19,"SMA",3,8.14
"pc2","4cpu-amd",0.19,"SMA",3,6.92
"pc2","4cpu-amd",0.19,"SMA",1,7.16
"pc2","4cpu-amd",0.19,"SMA",2,7.35
"pc2","4cpu-amd",0.19,"SMA",4,7.53
"pc2","4cpu-amd",0.19,"SMA",4,7.04
"pc2","4cpu-amd",0.19,"SMA",2,7.14
"pc2","4cpu-amd",0.19,"SMA",1,7.27
"pc2","4cpu-amd",0.19,"SMA",3,7.35
"pc2","4cpu-amd",0.19,"SMA",3,7.08
"pc2","4cpu-amd",0.19,"SMA",4,7.17
"pc2","4cpu-amd",0.19,"SMA",2,7.69
"pc2","4cpu-amd",0.19,"SMA",1,7.79
"pc2","4cpu-amd",0.19,"SMA",1,7.26
"pc2","4cpu-amd",0.19,"SMA",2,7.35
"pc2","4cpu-amd",0.19,"SMA",3,7.35
"pc2","4cpu-amd",0.19,"SMA",4,7.74
"pc2","4cpu-amd",0.19,"SMA",4,7.13
"pc2","4cpu-amd",0.19,"SMA",3,7.27
"pc2","4cpu-amd",0.19,"SMA",1,7.27
"pc2","4cpu-amd",0.19,"SMA",2,7.74
"pc2","4cpu-amd",0.19,"SMA",4,7.12
"pc2","4cpu-amd",0.19,"SMA",3,7.12
"pc2","4cpu-amd",0.19,"SMA",1,7.38
"pc2","4cpu-amd",0.19,"SMA",2,7.66
"pc2","4cpu-amd",0.19,"SMA",1,7.16
"pc2","4cpu-amd",0.19,"SMA",3,7.14
"pc2","4cpu-amd",0.19,"SMA",4,7.22
"pc2","4cpu-amd",0.19,"SMA",2,7.64
"pc2","4cpu-amd",0.19,"SMA",4,7.15
"pc2","4cpu-amd",0.19,"SMA",3,7.25
"pc2","4cpu-amd",0.19,"SMA",1,7.48
"pc2","4cpu-amd",0.19,"SMA",2,7.65
"pc2","4cpu-amd",0.19,"SMA",4,6.93
"pc2","4cpu-amd",0.19,"SMA",2,7.06
"pc2","4cpu-amd",0.19,"SMA",1,7.25
"pc2","4cpu-amd",0.19,"SMA",3,7.25
"pc2","4cpu-amd",0.19,"SMA",4,7.27
"pc2","4cpu-amd",0.19,"SMA",3,7.36
"pc2","4cpu-amd",0.19,"SMA",1,7.48
"pc2","4cpu-amd",0.19,"SMA",2,7.48
"pc2","4cpu-amd",0.19,"SMA",2,6.89
"pc2","4cpu-amd",0.19,"SMA",3,7.07
"pc2","4cpu-amd",0.19,"SMA",1,7.68
"pc2","4cpu-amd",0.19,"SMA",4,7.75
"pc2","4cpu-amd",0.19,"SMA",1,7.31
"pc2","4cpu-amd",0.19,"SMA",2,7.31
"pc2","4cpu-amd",0.19,"SMA",3,7.47
"pc2","4cpu-amd",0.19,"SMA",4,7.87
"pc2","4cpu-amd",0.19,"SMA",1,6.76
"pc2","4cpu-amd",0.19,"SMA",4,6.82
"pc2","4cpu-amd",0.19,"SMA",3,7.02
"pc2","4cpu-amd",0.19,"SMA",2,7.14
"pc2","4cpu-amd",0.19,"SMA",1,7.4
"pc2","4cpu-amd",0.19,"SMA",4,7.47
"pc2","4cpu-amd",0.19,"SMA",2,7.57
"pc2","4cpu-amd",0.19,"SMA",3,7.96
"pc2","4cpu-amd",0.19,"SMA",3,6.95
"pc2","4cpu-amd",0.19,"SMA",1,7.08
"pc2","4cpu-amd",0.19,"SMA",2,7.35
"pc2","4cpu-amd",0.19,"SMA",4,7.75
"pc2","4cpu-amd",0.19,"SMA",3,7.02
"pc2","4cpu-amd",0.19,"SMA",2,7.15
"pc2","4cpu-amd",0.19,"SMA",4,7.22
"pc2","4cpu-amd",0.19,"SMA",1,7.87
"pc2","4cpu-amd",0.19,"SMA",1,7.19
"pc2","4cpu-amd",0.19,"SMA",3,7.46
"pc2","4cpu-amd",0.19,"SMA",4,7.47
"pc2","4cpu-amd",0.19,"SMA",2,7.88
"pc2","4cpu-amd",0.19,"SMA",1,7.58
"pc2","4cpu-amd",0.19,"SMA",3,7.66
"pc2","4cpu-amd",0.19,"SMA",4,7.75
"pc2","4cpu-amd",0.19,"SMA",2,8.06
"pc2","4cpu-amd",0.19,"SMA",4,7.06
"pc2","4cpu-amd",0.19,"SMA",1,7.28
"pc2","4cpu-amd",0.19,"SMA",2,7.56
"pc2","4cpu-amd",0.19,"SMA",3,7.57
"pc2","4cpu-amd",0.19,"SMA",4,7.13
"pc2","4cpu-amd",0.19,"SMA",2,7.54
"pc2","4cpu-amd",0.19,"SMA",1,7.54
"pc2","4cpu-amd",0.19,"SMA",3,7.54
"pc2","4cpu-amd",0.19,"SMA",4,6.73
"pc2","4cpu-amd",0.19,"SMA",2,7.35
"pc2","4cpu-amd",0.19,"SMA",1,7.36
"pc2","4cpu-amd",0.19,"SMA",3,7.64
"pc2","4cpu-amd",0.19,"SMA",1,6.84
"pc2","4cpu-amd",0.19,"SMA",3,7.24
"pc2","4cpu-amd",0.19,"SMA",2,7.55
"pc2","4cpu-amd",0.19,"SMA",4,7.64
"pc2","4cpu-amd",0.19,"SMA",2,7.28
"pc2","4cpu-amd",0.19,"SMA",1,7.38
"pc2","4cpu-amd",0.19,"SMA",3,7.56
"pc2","4cpu-amd",0.19,"SMA",4,7.66
"pc2","4cpu-amd",0.19,"SMA",2,7.18
"pc2","4cpu-amd",0.19,"SMA",1,7.67
"pc2","4cpu-amd",0.19,"SMA",3,7.66
"pc2","4cpu-amd",0.19,"SMA",4,7.76
"pc2","4cpu-amd",0.19,"SMA",3,6.76
"pc2","4cpu-amd",0.19,"SMA",2,7.36
"pc2","4cpu-amd",0.19,"SMA",1,7.48
"pc2","4cpu-amd",0.19,"SMA",4,7.66
"pc2","4cpu-amd",0.19,"SMA",3,7.2
"pc2","4cpu-amd",0.19,"SMA",1,7.26
"pc2","4cpu-amd",0.19,"SMA",4,7.39
"pc2","4cpu-amd",0.19,"SMA",2,7.54
"pc2","4cpu-amd",0.19,"SMA",2,7.16
"pc2","4cpu-amd",0.19,"SMA",3,7.16
"pc2","4cpu-amd",0.19,"SMA",4,7.46
"pc2","4cpu-amd",0.19,"SMA",1,7.77
"pc3","2cpu-dc",0.06,"stine",1,40.43
"pc3","2cpu-dc",0.06,"stine",2,40.61
"pc3","2cpu-dc",0.06,"stine",2,37.57
"pc3","2cpu-dc",0.06,"stine",1,37.87
"pc3","2cpu-dc",0.06,"stine",2,37.26
"pc3","2cpu-dc",0.06,"stine",1,43.45
"pc3","2cpu-dc",0.06,"stine",2,36.94
"pc3","2cpu-dc",0.06,"stine",1,37.36
"pc3","2cpu-dc",0.06,"stine",2,37.29
"pc3","2cpu-dc",0.06,"stine",1,37.29
"pc3","2cpu-dc",0.06,"stine",1,37.58
"pc3","2cpu-dc",0.06,"stine",2,39.87
"pc3","2cpu-dc",0.06,"stine",1,37.86
"pc3","2cpu-dc",0.06,"stine",2,37.96
"pc3","2cpu-dc",0.06,"stine",1,37.68
"pc3","2cpu-dc",0.06,"stine",2,37.98
"pc3","2cpu-dc",0.06,"stine",1,37.53
"pc3","2cpu-dc",0.06,"stine",2,37.81
"pc3","2cpu-dc",0.06,"stine",2,37.1
"pc3","2cpu-dc",0.06,"stine",1,37.25
"pc3","2cpu-dc",0.06,"stine",1,37.87
"pc3","2cpu-dc",0.06,"stine",2,37.96
"pc3","2cpu-dc",0.06,"stine",2,37.65
"pc3","2cpu-dc",0.06,"stine",1,37.76
"pc3","2cpu-dc",0.06,"stine",2,37.47
"pc3","2cpu-dc",0.06,"stine",1,37.58
"pc3","2cpu-dc",0.06,"stine",1,37.48
"pc3","2cpu-dc",0.06,"stine",2,37.58
"pc3","2cpu-dc",0.06,"stine",2,37.17
"pc3","2cpu-dc",0.06,"stine",1,37.37
"pc3","2cpu-dc",0.06,"stine",2,37.57
"pc3","2cpu-dc",0.06,"stine",1,37.79
"pc3","2cpu-dc",0.06,"stine",2,37.36
"pc3","2cpu-dc",0.06,"stine",1,37.36
"pc3","2cpu-dc",0.06,"stine",1,37.44
"pc3","2cpu-dc",0.06,"stine",2,37.52
"pc3","2cpu-dc",0.06,"stine",1,37.49
"pc3","2cpu-dc",0.06,"stine",2,37.67
"pc3","2cpu-dc",0.06,"stine",1,37.67
"pc3","2cpu-dc",0.06,"stine",2,38.05
"pc3","2cpu-dc",0.06,"stine",1,37.47
"pc3","2cpu-dc",0.06,"stine",2,37.75
"pc3","2cpu-dc",0.06,"stine",2,37.46
"pc3","2cpu-dc",0.06,"stine",1,37.57
"pc3","2cpu-dc",0.06,"stine",1,37.47
"pc3","2cpu-dc",0.06,"stine",2,37.86
"pc3","2cpu-dc",0.06,"stine",1,37.34
"pc3","2cpu-dc",0.06,"stine",2,37.34
"pc3","2cpu-dc",0.06,"stine",1,37.55
"pc3","2cpu-dc",0.06,"stine",2,37.54
"pc3","2cpu-dc",0.06,"stine",1,37.56
"pc3","2cpu-dc",0.06,"stine",2,37.95
"pc3","2cpu-dc",0.06,"stine",2,37.66
"pc3","2cpu-dc",0.06,"stine",1,37.87
"pc3","2cpu-dc",0.06,"stine",2,37.85
"pc3","2cpu-dc",0.06,"stine",1,38.07
"pc3","2cpu-dc",0.06,"stine",2,37.76
"pc3","2cpu-dc",0.06,"stine",1,37.97
"pc3","2cpu-dc",0.06,"stine",2,37.55
"pc3","2cpu-dc",0.06,"stine",1,37.87
"pc3","2cpu-dc",0.07,"stine",2,33.13
"pc3","2cpu-dc",0.07,"stine",1,33.25
"pc3","2cpu-dc",0.07,"stine",2,34.08
"pc3","2cpu-dc",0.07,"stine",1,34.38
"pc3","2cpu-dc",0.07,"stine",2,30.75
"pc3","2cpu-dc",0.07,"stine",1,30.87
"pc3","2cpu-dc",0.07,"stine",2,30.48
"pc3","2cpu-dc",0.07,"stine",1,30.78
"pc3","2cpu-dc",0.07,"stine",1,30.47
"pc3","2cpu-dc",0.07,"stine",2,30.54
"pc3","2cpu-dc",0.07,"stine",1,30.57
"pc3","2cpu-dc",0.07,"stine",2,30.75
"pc3","2cpu-dc",0.07,"stine",2,30.45
"pc3","2cpu-dc",0.07,"stine",1,30.57
"pc3","2cpu-dc",0.07,"stine",1,30.77
"pc3","2cpu-dc",0.07,"stine",2,30.85
"pc3","2cpu-dc",0.07,"stine",1,30.57
"pc3","2cpu-dc",0.07,"stine",2,30.76
"pc3","2cpu-dc",0.07,"stine",1,30.45
"pc3","2cpu-dc",0.07,"stine",2,30.45
"pc3","2cpu-dc",0.07,"stine",2,29.85
"pc3","2cpu-dc",0.07,"stine",1,29.96
"pc3","2cpu-dc",0.07,"stine",2,30.35
"pc3","2cpu-dc",0.07,"stine",1,30.59
"pc3","2cpu-dc",0.07,"stine",1,30.57
"pc3","2cpu-dc",0.07,"stine",2,30.64
"pc3","2cpu-dc",0.07,"stine",1,30.47
"pc3","2cpu-dc",0.07,"stine",2,30.66
"pc3","2cpu-dc",0.07,"stine",2,30.67
"pc3","2cpu-dc",0.07,"stine",1,30.67
"pc3","2cpu-dc",0.07,"stine",1,31.26
"pc3","2cpu-dc",0.07,"stine",2,31.54
"pc3","2cpu-dc",0.07,"stine",1,30.76
"pc3","2cpu-dc",0.07,"stine",2,31.25
"pc3","2cpu-dc",0.07,"stine",1,30.77
"pc3","2cpu-dc",0.07,"stine",2,31.35
"pc3","2cpu-dc",0.07,"stine",1,30.77
"pc3","2cpu-dc",0.07,"stine",2,31.15
"pc3","2cpu-dc",0.07,"stine",1,30.98
"pc3","2cpu-dc",0.07,"stine",2,31.08
"pc3","2cpu-dc",0.07,"stine",2,30.89
"pc3","2cpu-dc",0.07,"stine",1,30.99
"pc3","2cpu-dc",0.07,"stine",1,30.09
"pc3","2cpu-dc",0.07,"stine",2,30.09
"pc3","2cpu-dc",0.07,"stine",1,30.77
"pc3","2cpu-dc",0.07,"stine",2,30.87
"pc3","2cpu-dc",0.07,"stine",2,31.07
"pc3","2cpu-dc",0.07,"stine",1,31.07
"pc3","2cpu-dc",0.07,"stine",1,30.56
"pc3","2cpu-dc",0.07,"stine",2,30.65
"pc3","2cpu-dc",0.07,"stine",1,31.09
"pc3","2cpu-dc",0.07,"stine",2,31.48
"pc3","2cpu-dc",0.07,"stine",2,31.16
"pc3","2cpu-dc",0.07,"stine",1,31.16
"pc3","2cpu-dc",0.07,"stine",1,31.02
"pc3","2cpu-dc",0.07,"stine",2,31.02
"pc3","2cpu-dc",0.07,"stine",1,31.38
"pc3","2cpu-dc",0.07,"stine",2,31.48
"pc3","2cpu-dc",0.07,"stine",1,31.27
"pc3","2cpu-dc",0.07,"stine",2,31.35
"pc3","2cpu-dc",0.08,"stine",1,28.32
"pc3","2cpu-dc",0.08,"stine",2,28.7
"pc3","2cpu-dc",0.08,"stine",1,28.47
"pc3","2cpu-dc",0.08,"stine",2,28.56
"pc3","2cpu-dc",0.08,"stine",2,25.56
"pc3","2cpu-dc",0.08,"stine",1,25.56
"pc3","2cpu-dc",0.08,"stine",2,26.03
"pc3","2cpu-dc",0.08,"stine",1,26.13
"pc3","2cpu-dc",0.08,"stine",2,26.26
"pc3","2cpu-dc",0.08,"stine",1,26.47
"pc3","2cpu-dc",0.08,"stine",2,26.45
"pc3","2cpu-dc",0.08,"stine",1,26.57
"pc3","2cpu-dc",0.08,"stine",2,26.16
"pc3","2cpu-dc",0.08,"stine",1,26.37
"pc3","2cpu-dc",0.08,"stine",1,26.08
"pc3","2cpu-dc",0.08,"stine",2,26.08
"pc3","2cpu-dc",0.08,"stine",1,26.36
"pc3","2cpu-dc",0.08,"stine",2,26.74
"pc3","2cpu-dc",0.08,"stine",1,26.78
"pc3","2cpu-dc",0.08,"stine",2,26.98
"pc3","2cpu-dc",0.08,"stine",1,26.64
"pc3","2cpu-dc",0.08,"stine",2,26.83
"pc3","2cpu-dc",0.08,"stine",1,26.46
"pc3","2cpu-dc",0.08,"stine",2,26.75
"pc3","2cpu-dc",0.08,"stine",1,26.27
"pc3","2cpu-dc",0.08,"stine",2,26.35
"pc3","2cpu-dc",0.08,"stine",2,26.28
"pc3","2cpu-dc",0.08,"stine",1,26.49
"pc3","2cpu-dc",0.08,"stine",2,26.34
"pc3","2cpu-dc",0.08,"stine",1,26.46
"pc3","2cpu-dc",0.08,"stine",2,25.39
"pc3","2cpu-dc",0.08,"stine",1,25.49
"pc3","2cpu-dc",0.08,"stine",2,25.47
"pc3","2cpu-dc",0.08,"stine",1,25.88
"pc3","2cpu-dc",0.08,"stine",2,26.49
"pc3","2cpu-dc",0.08,"stine",1,26.6
"pc3","2cpu-dc",0.08,"stine",2,26.58
"pc3","2cpu-dc",0.08,"stine",1,26.88
"pc3","2cpu-dc",0.08,"stine",1,26.37
"pc3","2cpu-dc",0.08,"stine",2,26.75
"pc3","2cpu-dc",0.08,"stine",1,26.36
"pc3","2cpu-dc",0.08,"stine",2,26.64
"pc3","2cpu-dc",0.08,"stine",2,26.96
"pc3","2cpu-dc",0.08,"stine",1,27.06
"pc3","2cpu-dc",0.08,"stine",2,26.58
"pc3","2cpu-dc",0.08,"stine",1,27.09
"pc3","2cpu-dc",0.08,"stine",2,26.65
"pc3","2cpu-dc",0.08,"stine",1,26.77
"pc3","2cpu-dc",0.08,"stine",2,26.77
"pc3","2cpu-dc",0.08,"stine",1,26.98
"pc3","2cpu-dc",0.08,"stine",2,26.96
"pc3","2cpu-dc",0.08,"stine",1,27.27
"pc3","2cpu-dc",0.08,"stine",2,26.65
"pc3","2cpu-dc",0.08,"stine",1,26.96
"pc3","2cpu-dc",0.08,"stine",1,26.28
"pc3","2cpu-dc",0.08,"stine",2,26.47
"pc3","2cpu-dc",0.08,"stine",2,25.76
"pc3","2cpu-dc",0.08,"stine",1,26.18
"pc3","2cpu-dc",0.08,"stine",2,25.65
"pc3","2cpu-dc",0.08,"stine",1,26.06
"pc3","2cpu-dc",0.09,"stine",2,25.42
"pc3","2cpu-dc",0.09,"stine",1,25.72
"pc3","2cpu-dc",0.09,"stine",2,25.75
"pc3","2cpu-dc",0.09,"stine",1,25.86
"pc3","2cpu-dc",0.09,"stine",2,23.07
"pc3","2cpu-dc",0.09,"stine",1,23.28
"pc3","2cpu-dc",0.09,"stine",2,23.45
"pc3","2cpu-dc",0.09,"stine",1,23.47
"pc3","2cpu-dc",0.09,"stine",2,23.15
"pc3","2cpu-dc",0.09,"stine",1,23.26
"pc3","2cpu-dc",0.09,"stine",2,23.34
"pc3","2cpu-dc",0.09,"stine",1,23.46
"pc3","2cpu-dc",0.09,"stine",1,22.99
"pc3","2cpu-dc",0.09,"stine",2,22.98
"pc3","2cpu-dc",0.09,"stine",1,22.98
"pc3","2cpu-dc",0.09,"stine",2,23.17
"pc3","2cpu-dc",0.09,"stine",2,22.66
"pc3","2cpu-dc",0.09,"stine",1,22.88
"pc3","2cpu-dc",0.09,"stine",2,22.26
"pc3","2cpu-dc",0.09,"stine",1,22.56
"pc3","2cpu-dc",0.09,"stine",2,22.46
"pc3","2cpu-dc",0.09,"stine",1,22.67
"pc3","2cpu-dc",0.09,"stine",2,22.65
"pc3","2cpu-dc",0.09,"stine",1,22.87
"pc3","2cpu-dc",0.09,"stine",2,22.65
"pc3","2cpu-dc",0.09,"stine",1,22.86
"pc3","2cpu-dc",0.09,"stine",1,23.06
"pc3","2cpu-dc",0.09,"stine",2,23.15
"pc3","2cpu-dc",0.09,"stine",1,22.97
"pc3","2cpu-dc",0.09,"stine",2,23.04
"pc3","2cpu-dc",0.09,"stine",1,23.18
"pc3","2cpu-dc",0.09,"stine",2,23.18
"pc3","2cpu-dc",0.09,"stine",2,23.16
"pc3","2cpu-dc",0.09,"stine",1,23.38
"pc3","2cpu-dc",0.09,"stine",2,23.05
"pc3","2cpu-dc",0.09,"stine",1,23.16
"pc3","2cpu-dc",0.09,"stine",2,22.98
"pc3","2cpu-dc",0.09,"stine",1,23.29
"pc3","2cpu-dc",0.09,"stine",1,22.94
"pc3","2cpu-dc",0.09,"stine",2,22.94
"pc3","2cpu-dc",0.09,"stine",1,23.17
"pc3","2cpu-dc",0.09,"stine",2,23.38
"pc3","2cpu-dc",0.09,"stine",1,22.96
"pc3","2cpu-dc",0.09,"stine",2,23.34
"pc3","2cpu-dc",0.09,"stine",1,23.57
"pc3","2cpu-dc",0.09,"stine",2,23.76
"pc3","2cpu-dc",0.09,"stine",1,22.66
"pc3","2cpu-dc",0.09,"stine",2,22.85
"pc3","2cpu-dc",0.09,"stine",1,22.78
"pc3","2cpu-dc",0.09,"stine",2,22.87
"pc3","2cpu-dc",0.09,"stine",2,23.09
"pc3","2cpu-dc",0.09,"stine",1,23.2
"pc3","2cpu-dc",0.09,"stine",2,23.45
"pc3","2cpu-dc",0.09,"stine",1,23.56
"pc3","2cpu-dc",0.09,"stine",2,24.08
"pc3","2cpu-dc",0.09,"stine",1,24.09
"pc3","2cpu-dc",0.09,"stine",2,24.06
"pc3","2cpu-dc",0.09,"stine",1,24.06
"pc3","2cpu-dc",0.09,"stine",1,23.58
"pc3","2cpu-dc",0.09,"stine",2,23.67
"pc3","2cpu-dc",0.11,"stine",2,20.53
"pc3","2cpu-dc",0.11,"stine",1,20.55
"pc3","2cpu-dc",0.11,"stine",2,20.57
"pc3","2cpu-dc",0.11,"stine",1,21.49
"pc3","2cpu-dc",0.11,"stine",1,18.51
"pc3","2cpu-dc",0.11,"stine",2,18.51
"pc3","2cpu-dc",0.11,"stine",1,18.36
"pc3","2cpu-dc",0.11,"stine",2,18.44
"pc3","2cpu-dc",0.11,"stine",2,18.1
"pc3","2cpu-dc",0.11,"stine",1,18.1
"pc3","2cpu-dc",0.11,"stine",2,18.62
"pc3","2cpu-dc",0.11,"stine",1,18.62
"pc3","2cpu-dc",0.11,"stine",1,18.28
"pc3","2cpu-dc",0.11,"stine",2,18.47
"pc3","2cpu-dc",0.11,"stine",1,17.67
"pc3","2cpu-dc",0.11,"stine",2,17.67
"pc3","2cpu-dc",0.11,"stine",2,17.44
"pc3","2cpu-dc",0.11,"stine",1,17.45
"pc3","2cpu-dc",0.11,"stine",1,17.97
"pc3","2cpu-dc",0.11,"stine",2,18.25
"pc3","2cpu-dc",0.11,"stine",2,18.39
"pc3","2cpu-dc",0.11,"stine",1,18.49
"pc3","2cpu-dc",0.11,"stine",2,18.51
"pc3","2cpu-dc",0.11,"stine",1,18.61
"pc3","2cpu-dc",0.11,"stine",1,18.86
"pc3","2cpu-dc",0.11,"stine",2,19.26
"pc3","2cpu-dc",0.11,"stine",2,19.04
"pc3","2cpu-dc",0.11,"stine",1,19.16
"pc3","2cpu-dc",0.11,"stine",2,19.18
"pc3","2cpu-dc",0.11,"stine",1,19.29
"pc3","2cpu-dc",0.11,"stine",2,18.25
"pc3","2cpu-dc",0.11,"stine",1,18.34
"pc3","2cpu-dc",0.11,"stine",1,18.88
"pc3","2cpu-dc",0.11,"stine",2,18.88
"pc3","2cpu-dc",0.11,"stine",1,18.34
"pc3","2cpu-dc",0.11,"stine",2,18.52
"pc3","2cpu-dc",0.11,"stine",1,18.19
"pc3","2cpu-dc",0.11,"stine",2,18.28
"pc3","2cpu-dc",0.11,"stine",1,18.59
"pc3","2cpu-dc",0.11,"stine",2,18.68
"pc3","2cpu-dc",0.11,"stine",2,17.98
"pc3","2cpu-dc",0.11,"stine",1,18.18
"pc3","2cpu-dc",0.11,"stine",1,18.87
"pc3","2cpu-dc",0.11,"stine",2,19.16
"pc3","2cpu-dc",0.11,"stine",1,18.58
"pc3","2cpu-dc",0.11,"stine",2,18.97
"pc3","2cpu-dc",0.11,"stine",1,18.7
"pc3","2cpu-dc",0.11,"stine",2,18.99
"pc3","2cpu-dc",0.11,"stine",2,19.07
"pc3","2cpu-dc",0.11,"stine",1,19.17
"pc3","2cpu-dc",0.11,"stine",1,17.98
"pc3","2cpu-dc",0.11,"stine",2,18.08
"pc3","2cpu-dc",0.11,"stine",2,19.96
"pc3","2cpu-dc",0.11,"stine",1,17.99
"pc3","2cpu-dc",0.11,"stine",1,17.85
"pc3","2cpu-dc",0.11,"stine",2,17.86
"pc3","2cpu-dc",0.11,"stine",1,17.99
"pc3","2cpu-dc",0.11,"stine",2,18.18
"pc3","2cpu-dc",0.11,"stine",1,18.56
"pc3","2cpu-dc",0.11,"stine",2,18.65
"pc3","2cpu-dc",0.12,"stine",2,17.95
"pc3","2cpu-dc",0.12,"stine",1,18.07
"pc3","2cpu-dc",0.12,"stine",1,18.18
"pc3","2cpu-dc",0.12,"stine",2,18.18
"pc3","2cpu-dc",0.12,"stine",2,17.15
"pc3","2cpu-dc",0.12,"stine",1,17.95
"pc3","2cpu-dc",0.12,"stine",1,16.19
"pc3","2cpu-dc",0.12,"stine",2,16.28
"pc3","2cpu-dc",0.12,"stine",2,16.48
"pc3","2cpu-dc",0.12,"stine",1,16.48
"pc3","2cpu-dc",0.12,"stine",2,16.46
"pc3","2cpu-dc",0.12,"stine",1,16.47
"pc3","2cpu-dc",0.12,"stine",2,16.25
"pc3","2cpu-dc",0.12,"stine",1,16.36
"pc3","2cpu-dc",0.12,"stine",2,15.97
"pc3","2cpu-dc",0.12,"stine",1,16.07
"pc3","2cpu-dc",0.12,"stine",2,16.4
"pc3","2cpu-dc",0.12,"stine",1,16.4
"pc3","2cpu-dc",0.12,"stine",2,16.23
"pc3","2cpu-dc",0.12,"stine",1,16.26
"pc3","2cpu-dc",0.12,"stine",1,16.28
"pc3","2cpu-dc",0.12,"stine",2,16.28
"pc3","2cpu-dc",0.12,"stine",2,16.25
"pc3","2cpu-dc",0.12,"stine",1,16.36
"pc3","2cpu-dc",0.12,"stine",2,16.28
"pc3","2cpu-dc",0.12,"stine",1,16.38
"pc3","2cpu-dc",0.12,"stine",2,16.06
"pc3","2cpu-dc",0.12,"stine",1,16.17
"pc3","2cpu-dc",0.12,"stine",2,15.97
"pc3","2cpu-dc",0.12,"stine",1,16.08
"pc3","2cpu-dc",0.12,"stine",1,15.78
"pc3","2cpu-dc",0.12,"stine",2,15.78
"pc3","2cpu-dc",0.12,"stine",1,15.78
"pc3","2cpu-dc",0.12,"stine",2,15.86
"pc3","2cpu-dc",0.12,"stine",1,15.89
"pc3","2cpu-dc",0.12,"stine",2,15.98
"pc3","2cpu-dc",0.12,"stine",2,16.05
"pc3","2cpu-dc",0.12,"stine",1,16.16
"pc3","2cpu-dc",0.12,"stine",2,16.39
"pc3","2cpu-dc",0.12,"stine",1,16.7
"pc3","2cpu-dc",0.12,"stine",2,16.54
"pc3","2cpu-dc",0.12,"stine",1,16.56
"pc3","2cpu-dc",0.12,"stine",1,16.37
"pc3","2cpu-dc",0.12,"stine",2,16.47
"pc3","2cpu-dc",0.12,"stine",1,16.38
"pc3","2cpu-dc",0.12,"stine",2,16.58
"pc3","2cpu-dc",0.12,"stine",1,16.57
"pc3","2cpu-dc",0.12,"stine",2,16.64
"pc3","2cpu-dc",0.12,"stine",2,16.49
"pc3","2cpu-dc",0.12,"stine",1,16.49
"pc3","2cpu-dc",0.12,"stine",1,16.59
"pc3","2cpu-dc",0.12,"stine",2,16.67
"pc3","2cpu-dc",0.12,"stine",1,16.49
"pc3","2cpu-dc",0.12,"stine",2,16.58
"pc3","2cpu-dc",0.12,"stine",2,16.58
"pc3","2cpu-dc",0.12,"stine",1,16.58
"pc3","2cpu-dc",0.12,"stine",2,16.65
"pc3","2cpu-dc",0.12,"stine",1,16.86
"pc3","2cpu-dc",0.12,"stine",2,16.75
"pc3","2cpu-dc",0.12,"stine",1,16.86
"pc3","2cpu-dc",0.13,"stine",2,16.57
"pc3","2cpu-dc",0.13,"stine",1,16.78
"pc3","2cpu-dc",0.13,"stine",2,16.15
"pc3","2cpu-dc",0.13,"stine",1,16.16
"pc3","2cpu-dc",0.13,"stine",2,14.67
"pc3","2cpu-dc",0.13,"stine",1,15.68
"pc3","2cpu-dc",0.13,"stine",2,14.25
"pc3","2cpu-dc",0.13,"stine",1,14.37
"pc3","2cpu-dc",0.13,"stine",2,14.47
"pc3","2cpu-dc",0.13,"stine",1,14.68
"pc3","2cpu-dc",0.13,"stine",2,14.74
"pc3","2cpu-dc",0.13,"stine",1,14.85
"pc3","2cpu-dc",0.13,"stine",2,14.79
"pc3","2cpu-dc",0.13,"stine",1,14.9
"pc3","2cpu-dc",0.13,"stine",2,14.46
"pc3","2cpu-dc",0.13,"stine",1,14.66
"pc3","2cpu-dc",0.13,"stine",2,14.66
"pc3","2cpu-dc",0.13,"stine",1,14.77
"pc3","2cpu-dc",0.13,"stine",2,14.77
"pc3","2cpu-dc",0.13,"stine",1,14.79
"pc3","2cpu-dc",0.13,"stine",1,14.67
"pc3","2cpu-dc",0.13,"stine",2,14.76
"pc3","2cpu-dc",0.13,"stine",1,14.47
"pc3","2cpu-dc",0.13,"stine",2,14.46
"pc3","2cpu-dc",0.13,"stine",1,14.46
"pc3","2cpu-dc",0.13,"stine",2,14.46
"pc3","2cpu-dc",0.13,"stine",2,14.88
"pc3","2cpu-dc",0.13,"stine",1,14.97
"pc3","2cpu-dc",0.13,"stine",2,14.59
"pc3","2cpu-dc",0.13,"stine",1,14.59
"pc3","2cpu-dc",0.13,"stine",2,14.46
"pc3","2cpu-dc",0.13,"stine",1,14.56
"pc3","2cpu-dc",0.13,"stine",1,14.69
"pc3","2cpu-dc",0.13,"stine",2,14.78
"pc3","2cpu-dc",0.13,"stine",2,14.58
"pc3","2cpu-dc",0.13,"stine",1,14.58
"pc3","2cpu-dc",0.13,"stine",2,15.04
"pc3","2cpu-dc",0.13,"stine",1,15.04
"pc3","2cpu-dc",0.13,"stine",2,14.75
"pc3","2cpu-dc",0.13,"stine",1,14.77
"pc3","2cpu-dc",0.13,"stine",2,14.55
"pc3","2cpu-dc",0.13,"stine",1,14.75
"pc3","2cpu-dc",0.13,"stine",1,14.97
"pc3","2cpu-dc",0.13,"stine",2,14.96
"pc3","2cpu-dc",0.13,"stine",1,14.87
"pc3","2cpu-dc",0.13,"stine",2,15.06
"pc3","2cpu-dc",0.13,"stine",1,14.96
"pc3","2cpu-dc",0.13,"stine",2,15.04
"pc3","2cpu-dc",0.13,"stine",1,15.6
"pc3","2cpu-dc",0.13,"stine",2,15.88
"pc3","2cpu-dc",0.13,"stine",1,14.58
"pc3","2cpu-dc",0.13,"stine",2,14.66
"pc3","2cpu-dc",0.13,"stine",2,14.58
"pc3","2cpu-dc",0.13,"stine",1,14.66
"pc3","2cpu-dc",0.13,"stine",2,14.68
"pc3","2cpu-dc",0.13,"stine",1,14.78
"pc3","2cpu-dc",0.13,"stine",2,14.9
"pc3","2cpu-dc",0.13,"stine",1,14.9
"pc3","2cpu-dc",0.13,"stine",2,15.05
"pc3","2cpu-dc",0.13,"stine",1,15.25
"pc3","2cpu-dc",0.14,"stine",2,14.94
"pc3","2cpu-dc",0.14,"stine",1,14.96
"pc3","2cpu-dc",0.14,"stine",2,15.17
"pc3","2cpu-dc",0.14,"stine",1,15.28
"pc3","2cpu-dc",0.14,"stine",2,13.47
"pc3","2cpu-dc",0.14,"stine",1,14.08
"pc3","2cpu-dc",0.14,"stine",2,13.25
"pc3","2cpu-dc",0.14,"stine",1,13.26
"pc3","2cpu-dc",0.14,"stine",1,13.28
"pc3","2cpu-dc",0.14,"stine",2,13.28
"pc3","2cpu-dc",0.14,"stine",1,13.46
"pc3","2cpu-dc",0.14,"stine",2,13.54
"pc3","2cpu-dc",0.14,"stine",1,13.38
"pc3","2cpu-dc",0.14,"stine",2,13.38
"pc3","2cpu-dc",0.14,"stine",1,13.56
"pc3","2cpu-dc",0.14,"stine",2,13.65
"pc3","2cpu-dc",0.14,"stine",1,13.38
"pc3","2cpu-dc",0.14,"stine",2,13.57
"pc3","2cpu-dc",0.14,"stine",1,13.37
"pc3","2cpu-dc",0.14,"stine",2,13.45
"pc3","2cpu-dc",0.14,"stine",1,13.49
"pc3","2cpu-dc",0.14,"stine",2,13.58
"pc3","2cpu-dc",0.14,"stine",2,13.59
"pc3","2cpu-dc",0.14,"stine",1,13.59
"pc3","2cpu-dc",0.14,"stine",1,13.58
"pc3","2cpu-dc",0.14,"stine",2,13.66
"pc3","2cpu-dc",0.14,"stine",1,13.48
"pc3","2cpu-dc",0.14,"stine",2,13.49
"pc3","2cpu-dc",0.14,"stine",2,13.58
"pc3","2cpu-dc",0.14,"stine",1,13.58
"pc3","2cpu-dc",0.14,"stine",2,13.48
"pc3","2cpu-dc",0.14,"stine",1,13.58
"pc3","2cpu-dc",0.14,"stine",2,13.26
"pc3","2cpu-dc",0.14,"stine",1,13.38
"pc3","2cpu-dc",0.14,"stine",1,13.28
"pc3","2cpu-dc",0.14,"stine",2,13.29
"pc3","2cpu-dc",0.14,"stine",2,13.15
"pc3","2cpu-dc",0.14,"stine",1,13.25
"pc3","2cpu-dc",0.14,"stine",2,13.2
"pc3","2cpu-dc",0.14,"stine",1,13.2
"pc3","2cpu-dc",0.14,"stine",1,13.05
"pc3","2cpu-dc",0.14,"stine",2,13.12
"pc3","2cpu-dc",0.14,"stine",1,13.19
"pc3","2cpu-dc",0.14,"stine",2,13.39
"pc3","2cpu-dc",0.14,"stine",1,13.37
"pc3","2cpu-dc",0.14,"stine",2,13.76
"pc3","2cpu-dc",0.14,"stine",1,13.55
"pc3","2cpu-dc",0.14,"stine",2,13.73
"pc3","2cpu-dc",0.14,"stine",1,13.67
"pc3","2cpu-dc",0.14,"stine",2,13.81
"pc3","2cpu-dc",0.14,"stine",1,13.78
"pc3","2cpu-dc",0.14,"stine",2,13.87
"pc3","2cpu-dc",0.14,"stine",1,13.69
"pc3","2cpu-dc",0.14,"stine",2,13.78
"pc3","2cpu-dc",0.14,"stine",1,14.11
"pc3","2cpu-dc",0.14,"stine",2,14.2
"pc3","2cpu-dc",0.14,"stine",1,14.26
"pc3","2cpu-dc",0.14,"stine",2,14.44
"pc3","2cpu-dc",0.14,"stine",1,13.7
"pc3","2cpu-dc",0.14,"stine",2,13.89
"pc3","2cpu-dc",0.16,"stine",1,12.78
"pc3","2cpu-dc",0.16,"stine",2,12.77
"pc3","2cpu-dc",0.16,"stine",2,12.66
"pc3","2cpu-dc",0.16,"stine",1,12.77
"pc3","2cpu-dc",0.16,"stine",2,11.38
"pc3","2cpu-dc",0.16,"stine",1,12.1
"pc3","2cpu-dc",0.16,"stine",2,11.53
"pc3","2cpu-dc",0.16,"stine",1,11.55
"pc3","2cpu-dc",0.16,"stine",2,11.84
"pc3","2cpu-dc",0.16,"stine",1,12.06
"pc3","2cpu-dc",0.16,"stine",2,11.54
"pc3","2cpu-dc",0.16,"stine",1,11.65
"pc3","2cpu-dc",0.16,"stine",2,11.19
"pc3","2cpu-dc",0.16,"stine",1,11.29
"pc3","2cpu-dc",0.16,"stine",2,11.78
"pc3","2cpu-dc",0.16,"stine",1,11.88
"pc3","2cpu-dc",0.16,"stine",2,12.53
"pc3","2cpu-dc",0.16,"stine",1,11.86
"pc3","2cpu-dc",0.16,"stine",2,11.85
"pc3","2cpu-dc",0.16,"stine",1,11.97
"pc3","2cpu-dc",0.16,"stine",2,11.28
"pc3","2cpu-dc",0.16,"stine",1,11.48
"pc3","2cpu-dc",0.16,"stine",2,11.15
"pc3","2cpu-dc",0.16,"stine",1,11.36
"pc3","2cpu-dc",0.16,"stine",2,11.19
"pc3","2cpu-dc",0.16,"stine",1,11.19
"pc3","2cpu-dc",0.16,"stine",2,11.27
"pc3","2cpu-dc",0.16,"stine",1,11.28
"pc3","2cpu-dc",0.16,"stine",2,11.25
"pc3","2cpu-dc",0.16,"stine",1,11.35
"pc3","2cpu-dc",0.16,"stine",2,11.09
"pc3","2cpu-dc",0.16,"stine",1,11.18
"pc3","2cpu-dc",0.16,"stine",2,11.88
"pc3","2cpu-dc",0.16,"stine",1,12
"pc3","2cpu-dc",0.16,"stine",2,11.1
"pc3","2cpu-dc",0.16,"stine",1,11.35
"pc3","2cpu-dc",0.16,"stine",2,11.14
"pc3","2cpu-dc",0.16,"stine",1,11.26
"pc3","2cpu-dc",0.16,"stine",2,11.17
"pc3","2cpu-dc",0.16,"stine",1,11.38
"pc3","2cpu-dc",0.16,"stine",2,11.46
"pc3","2cpu-dc",0.16,"stine",1,11.46
"pc3","2cpu-dc",0.16,"stine",1,11.45
"pc3","2cpu-dc",0.16,"stine",2,11.54
"pc3","2cpu-dc",0.16,"stine",1,11.19
"pc3","2cpu-dc",0.16,"stine",2,11.38
"pc3","2cpu-dc",0.16,"stine",2,11.56
"pc3","2cpu-dc",0.16,"stine",1,11.56
"pc3","2cpu-dc",0.16,"stine",2,11.38
"pc3","2cpu-dc",0.16,"stine",1,11.47
"pc3","2cpu-dc",0.16,"stine",2,11.26
"pc3","2cpu-dc",0.16,"stine",1,11.37
"pc3","2cpu-dc",0.16,"stine",2,11.38
"pc3","2cpu-dc",0.16,"stine",1,11.49
"pc3","2cpu-dc",0.16,"stine",2,11.47
"pc3","2cpu-dc",0.16,"stine",1,11.59
"pc3","2cpu-dc",0.16,"stine",2,11.67
"pc3","2cpu-dc",0.16,"stine",1,11.78
"pc3","2cpu-dc",0.16,"stine",2,11.58
"pc3","2cpu-dc",0.16,"stine",1,11.69
"pc3","2cpu-dc",0.17,"stine",1,11.74
"pc3","2cpu-dc",0.17,"stine",2,11.74
"pc3","2cpu-dc",0.17,"stine",1,12.16
"pc3","2cpu-dc",0.17,"stine",2,12.24
"pc3","2cpu-dc",0.17,"stine",2,10.96
"pc3","2cpu-dc",0.17,"stine",1,11.48
"pc3","2cpu-dc",0.17,"stine",2,10.84
"pc3","2cpu-dc",0.17,"stine",1,10.94
"pc3","2cpu-dc",0.17,"stine",2,11.66
"pc3","2cpu-dc",0.17,"stine",1,10.39
"pc3","2cpu-dc",0.17,"stine",2,10.38
"pc3","2cpu-dc",0.17,"stine",1,10.57
"pc3","2cpu-dc",0.17,"stine",1,10.37
"pc3","2cpu-dc",0.17,"stine",2,10.44
"pc3","2cpu-dc",0.17,"stine",1,10.49
"pc3","2cpu-dc",0.17,"stine",2,10.57
"pc3","2cpu-dc",0.17,"stine",1,10.4
"pc3","2cpu-dc",0.17,"stine",2,10.4
"pc3","2cpu-dc",0.17,"stine",2,10.46
"pc3","2cpu-dc",0.17,"stine",1,10.46
"pc3","2cpu-dc",0.17,"stine",2,10.43
"pc3","2cpu-dc",0.17,"stine",1,10.44
"pc3","2cpu-dc",0.17,"stine",2,10.55
"pc3","2cpu-dc",0.17,"stine",1,10.58
"pc3","2cpu-dc",0.17,"stine",2,10.96
"pc3","2cpu-dc",0.17,"stine",1,11.07
"pc3","2cpu-dc",0.17,"stine",2,11.18
"pc3","2cpu-dc",0.17,"stine",1,11.29
"pc3","2cpu-dc",0.17,"stine",1,10.68
"pc3","2cpu-dc",0.17,"stine",2,10.68
"pc3","2cpu-dc",0.17,"stine",1,10.56
"pc3","2cpu-dc",0.17,"stine",2,10.56
"pc3","2cpu-dc",0.17,"stine",1,10.88
"pc3","2cpu-dc",0.17,"stine",2,11.08
"pc3","2cpu-dc",0.17,"stine",1,10.4
"pc3","2cpu-dc",0.17,"stine",2,10.57
"pc3","2cpu-dc",0.17,"stine",1,10.36
"pc3","2cpu-dc",0.17,"stine",2,10.36
"pc3","2cpu-dc",0.17,"stine",1,10.38
"pc3","2cpu-dc",0.17,"stine",2,10.38
"pc3","2cpu-dc",0.17,"stine",1,10.46
"pc3","2cpu-dc",0.17,"stine",2,10.74
"pc3","2cpu-dc",0.17,"stine",1,10.54
"pc3","2cpu-dc",0.17,"stine",2,10.73
"pc3","2cpu-dc",0.17,"stine",1,10.47
"pc3","2cpu-dc",0.17,"stine",2,10.67
"pc3","2cpu-dc",0.17,"stine",1,10.66
"pc3","2cpu-dc",0.17,"stine",2,10.85
"pc3","2cpu-dc",0.17,"stine",1,10.58
"pc3","2cpu-dc",0.17,"stine",2,10.58
"pc3","2cpu-dc",0.17,"stine",1,10.58
"pc3","2cpu-dc",0.17,"stine",2,10.66
"pc3","2cpu-dc",0.17,"stine",1,10.58
"pc3","2cpu-dc",0.17,"stine",2,10.67
"pc3","2cpu-dc",0.17,"stine",1,10.59
"pc3","2cpu-dc",0.17,"stine",2,10.6
"pc3","2cpu-dc",0.17,"stine",1,10.38
"pc3","2cpu-dc",0.17,"stine",2,10.47
"pc3","2cpu-dc",0.17,"stine",1,10.67
"pc3","2cpu-dc",0.17,"stine",2,10.78
"pc3","2cpu-dc",0.18,"stine",2,10.77
"pc3","2cpu-dc",0.18,"stine",1,10.96
"pc3","2cpu-dc",0.18,"stine",2,10.75
"pc3","2cpu-dc",0.18,"stine",1,10.86
"pc3","2cpu-dc",0.18,"stine",2,9.89
"pc3","2cpu-dc",0.18,"stine",1,10.51
"pc3","2cpu-dc",0.18,"stine",2,9.81
"pc3","2cpu-dc",0.18,"stine",1,9.94
"pc3","2cpu-dc",0.18,"stine",2,9.56
"pc3","2cpu-dc",0.18,"stine",1,9.58
"pc3","2cpu-dc",0.18,"stine",2,9.63
"pc3","2cpu-dc",0.18,"stine",1,9.75
"pc3","2cpu-dc",0.18,"stine",2,9.69
"pc3","2cpu-dc",0.18,"stine",1,9.8
"pc3","2cpu-dc",0.18,"stine",2,9.59
"pc3","2cpu-dc",0.18,"stine",1,9.68
"pc3","2cpu-dc",0.18,"stine",2,9.77
"pc3","2cpu-dc",0.18,"stine",1,9.88
"pc3","2cpu-dc",0.18,"stine",2,9.78
"pc3","2cpu-dc",0.18,"stine",1,9.89
"pc3","2cpu-dc",0.18,"stine",2,10.09
"pc3","2cpu-dc",0.18,"stine",1,10.19
"pc3","2cpu-dc",0.18,"stine",2,10.07
"pc3","2cpu-dc",0.18,"stine",1,10.27
"pc3","2cpu-dc",0.18,"stine",2,9.88
"pc3","2cpu-dc",0.18,"stine",1,9.98
"pc3","2cpu-dc",0.18,"stine",1,9.99
"pc3","2cpu-dc",0.18,"stine",2,9.99
"pc3","2cpu-dc",0.18,"stine",2,10.04
"pc3","2cpu-dc",0.18,"stine",1,10.27
"pc3","2cpu-dc",0.18,"stine",1,9.85
"pc3","2cpu-dc",0.18,"stine",2,9.84
"pc3","2cpu-dc",0.18,"stine",2,9.78
"pc3","2cpu-dc",0.18,"stine",1,9.78
"pc3","2cpu-dc",0.18,"stine",1,9.79
"pc3","2cpu-dc",0.18,"stine",2,9.87
"pc3","2cpu-dc",0.18,"stine",2,9.78
"pc3","2cpu-dc",0.18,"stine",1,9.79
"pc3","2cpu-dc",0.18,"stine",2,9.97
"pc3","2cpu-dc",0.18,"stine",1,10
"pc3","2cpu-dc",0.18,"stine",1,9.86
"pc3","2cpu-dc",0.18,"stine",2,9.94
"pc3","2cpu-dc",0.18,"stine",1,10.08
"pc3","2cpu-dc",0.18,"stine",2,10.37
"pc3","2cpu-dc",0.18,"stine",1,9.87
"pc3","2cpu-dc",0.18,"stine",2,9.97
"pc3","2cpu-dc",0.18,"stine",2,9.96
"pc3","2cpu-dc",0.18,"stine",1,8.35
"pc3","2cpu-dc",0.18,"stine",2,9.87
"pc3","2cpu-dc",0.18,"stine",1,9.98
"pc3","2cpu-dc",0.18,"stine",1,9.98
"pc3","2cpu-dc",0.18,"stine",2,9.98
"pc3","2cpu-dc",0.18,"stine",2,9.97
"pc3","2cpu-dc",0.18,"stine",1,9.97
"pc3","2cpu-dc",0.18,"stine",1,9.97
"pc3","2cpu-dc",0.18,"stine",2,9.97
"pc3","2cpu-dc",0.18,"stine",1,9.88
"pc3","2cpu-dc",0.18,"stine",2,10.07
"pc3","2cpu-dc",0.18,"stine",1,10.26
"pc3","2cpu-dc",0.18,"stine",2,10.26
"pc3","2cpu-dc",0.19,"stine",2,10.23
"pc3","2cpu-dc",0.19,"stine",1,10.44
"pc3","2cpu-dc",0.19,"stine",2,10.69
"pc3","2cpu-dc",0.19,"stine",1,10.69
"pc3","2cpu-dc",0.19,"stine",2,9.39
"pc3","2cpu-dc",0.19,"stine",1,10.01
"pc3","2cpu-dc",0.19,"stine",2,9.15
"pc3","2cpu-dc",0.19,"stine",1,9.36
"pc3","2cpu-dc",0.19,"stine",2,9.15
"pc3","2cpu-dc",0.19,"stine",1,9.27
"pc3","2cpu-dc",0.19,"stine",2,9.07
"pc3","2cpu-dc",0.19,"stine",1,9.17
"pc3","2cpu-dc",0.19,"stine",2,9.18
"pc3","2cpu-dc",0.19,"stine",1,9.28
"pc3","2cpu-dc",0.19,"stine",2,9.06
"pc3","2cpu-dc",0.19,"stine",1,9.17
"pc3","2cpu-dc",0.19,"stine",2,9.29
"pc3","2cpu-dc",0.19,"stine",1,9.37
"pc3","2cpu-dc",0.19,"stine",2,9.19
"pc3","2cpu-dc",0.19,"stine",1,9.29
"pc3","2cpu-dc",0.19,"stine",2,9.47
"pc3","2cpu-dc",0.19,"stine",1,9.58
"pc3","2cpu-dc",0.19,"stine",2,9
"pc3","2cpu-dc",0.19,"stine",1,9.18
"pc3","2cpu-dc",0.19,"stine",1,9.15
"pc3","2cpu-dc",0.19,"stine",2,9.15
"pc3","2cpu-dc",0.19,"stine",2,9.04
"pc3","2cpu-dc",0.19,"stine",1,9.16
"pc3","2cpu-dc",0.19,"stine",2,9.17
"pc3","2cpu-dc",0.19,"stine",1,9.37
"pc3","2cpu-dc",0.19,"stine",2,9.15
"pc3","2cpu-dc",0.19,"stine",1,9.18
"pc3","2cpu-dc",0.19,"stine",2,9.44
"pc3","2cpu-dc",0.19,"stine",1,9.56
"pc3","2cpu-dc",0.19,"stine",2,9.18
"pc3","2cpu-dc",0.19,"stine",1,9.29
"pc3","2cpu-dc",0.19,"stine",2,9.59
"pc3","2cpu-dc",0.19,"stine",1,9.79
"pc3","2cpu-dc",0.19,"stine",2,9.25
"pc3","2cpu-dc",0.19,"stine",1,9.37
"pc3","2cpu-dc",0.19,"stine",1,9.25
"pc3","2cpu-dc",0.19,"stine",2,9.35
"pc3","2cpu-dc",0.19,"stine",2,9.17
"pc3","2cpu-dc",0.19,"stine",1,9.48
"pc3","2cpu-dc",0.19,"stine",1,9.29
"pc3","2cpu-dc",0.19,"stine",2,9.39
"pc3","2cpu-dc",0.19,"stine",1,9.29
"pc3","2cpu-dc",0.19,"stine",2,9.38
"pc3","2cpu-dc",0.19,"stine",1,9.37
"pc3","2cpu-dc",0.19,"stine",2,9.47
"pc3","2cpu-dc",0.19,"stine",1,9.57
"pc3","2cpu-dc",0.19,"stine",2,9.58
"pc3","2cpu-dc",0.19,"stine",1,9.36
"pc3","2cpu-dc",0.19,"stine",2,9.44
"pc3","2cpu-dc",0.19,"stine",1,9.19
"pc3","2cpu-dc",0.19,"stine",2,9.37
"pc3","2cpu-dc",0.19,"stine",2,9.3
"pc3","2cpu-dc",0.19,"stine",1,9.3
"pc3","2cpu-dc",0.19,"stine",2,9.35
"pc3","2cpu-dc",0.19,"stine",1,9.45
"pc3","2cpu-dc",0.06,"locf",1,38.83
"pc3","2cpu-dc",0.06,"locf",2,39.12
"pc3","2cpu-dc",0.06,"locf",1,39.58
"pc3","2cpu-dc",0.06,"locf",2,39.87
"pc3","2cpu-dc",0.06,"locf",1,35.78
"pc3","2cpu-dc",0.06,"locf",2,35.88
"pc3","2cpu-dc",0.06,"locf",1,36.18
"pc3","2cpu-dc",0.06,"locf",2,36.28
"pc3","2cpu-dc",0.06,"locf",2,35.96
"pc3","2cpu-dc",0.06,"locf",1,36.07
"pc3","2cpu-dc",0.06,"locf",2,35.77
"pc3","2cpu-dc",0.06,"locf",1,35.88
"pc3","2cpu-dc",0.06,"locf",2,36.08
"pc3","2cpu-dc",0.06,"locf",1,36.19
"pc3","2cpu-dc",0.06,"locf",2,36.28
"pc3","2cpu-dc",0.06,"locf",1,36.39
"pc3","2cpu-dc",0.06,"locf",2,35.79
"pc3","2cpu-dc",0.06,"locf",1,36.39
"pc3","2cpu-dc",0.06,"locf",1,35.29
"pc3","2cpu-dc",0.06,"locf",2,35.38
"pc3","2cpu-dc",0.06,"locf",1,36.39
"pc3","2cpu-dc",0.06,"locf",2,36.78
"pc3","2cpu-dc",0.06,"locf",1,35.68
"pc3","2cpu-dc",0.06,"locf",2,36.87
"pc3","2cpu-dc",0.06,"locf",1,36.28
"pc3","2cpu-dc",0.06,"locf",2,36.97
"pc3","2cpu-dc",0.06,"locf",1,36.39
"pc3","2cpu-dc",0.06,"locf",2,36.76
"pc3","2cpu-dc",0.06,"locf",1,36.38
"pc3","2cpu-dc",0.06,"locf",2,36.78
"pc3","2cpu-dc",0.06,"locf",1,36.27
"pc3","2cpu-dc",0.06,"locf",2,36.46
"pc3","2cpu-dc",0.06,"locf",1,36.48
"pc3","2cpu-dc",0.06,"locf",2,36.68
"pc3","2cpu-dc",0.06,"locf",1,36.19
"pc3","2cpu-dc",0.06,"locf",2,36.46
"pc3","2cpu-dc",0.06,"locf",1,41.13
"pc3","2cpu-dc",0.06,"locf",2,36.57
"pc3","2cpu-dc",0.06,"locf",1,36.5
"pc3","2cpu-dc",0.06,"locf",2,36.88
"pc3","2cpu-dc",0.06,"locf",1,36.57
"pc3","2cpu-dc",0.06,"locf",2,36.75
"pc3","2cpu-dc",0.06,"locf",2,36.16
"pc3","2cpu-dc",0.06,"locf",1,36.16
"pc3","2cpu-dc",0.06,"locf",2,36.39
"pc3","2cpu-dc",0.06,"locf",1,36.81
"pc3","2cpu-dc",0.06,"locf",2,36.45
"pc3","2cpu-dc",0.06,"locf",1,36.87
"pc3","2cpu-dc",0.06,"locf",1,36.28
"pc3","2cpu-dc",0.06,"locf",2,36.47
"pc3","2cpu-dc",0.06,"locf",1,36.27
"pc3","2cpu-dc",0.06,"locf",2,36.55
"pc3","2cpu-dc",0.06,"locf",2,36.66
"pc3","2cpu-dc",0.06,"locf",1,36.86
"pc3","2cpu-dc",0.06,"locf",1,36.06
"pc3","2cpu-dc",0.06,"locf",2,36.15
"pc3","2cpu-dc",0.06,"locf",2,36.38
"pc3","2cpu-dc",0.06,"locf",1,36.49
"pc3","2cpu-dc",0.06,"locf",2,36.19
"pc3","2cpu-dc",0.06,"locf",1,36.58
"pc3","2cpu-dc",0.07,"locf",2,33.19
"pc3","2cpu-dc",0.07,"locf",1,33.39
"pc3","2cpu-dc",0.07,"locf",2,34.24
"pc3","2cpu-dc",0.07,"locf",1,34.55
"pc3","2cpu-dc",0.07,"locf",2,30.68
"pc3","2cpu-dc",0.07,"locf",1,30.79
"pc3","2cpu-dc",0.07,"locf",1,29.88
"pc3","2cpu-dc",0.07,"locf",2,30.18
"pc3","2cpu-dc",0.07,"locf",1,29.57
"pc3","2cpu-dc",0.07,"locf",2,29.85
"pc3","2cpu-dc",0.07,"locf",1,29.86
"pc3","2cpu-dc",0.07,"locf",2,30.04
"pc3","2cpu-dc",0.07,"locf",1,30.19
"pc3","2cpu-dc",0.07,"locf",2,30.28
"pc3","2cpu-dc",0.07,"locf",1,30.19
"pc3","2cpu-dc",0.07,"locf",2,30.58
"pc3","2cpu-dc",0.07,"locf",1,30.18
"pc3","2cpu-dc",0.07,"locf",2,30.56
"pc3","2cpu-dc",0.07,"locf",1,30.66
"pc3","2cpu-dc",0.07,"locf",2,30.95
"pc3","2cpu-dc",0.07,"locf",2,30.27
"pc3","2cpu-dc",0.07,"locf",1,30.37
"pc3","2cpu-dc",0.07,"locf",1,30.39
"pc3","2cpu-dc",0.07,"locf",2,30.48
"pc3","2cpu-dc",0.07,"locf",1,30.49
"pc3","2cpu-dc",0.07,"locf",2,30.58
"pc3","2cpu-dc",0.07,"locf",1,30.39
"pc3","2cpu-dc",0.07,"locf",2,30.39
"pc3","2cpu-dc",0.07,"locf",1,30.45
"pc3","2cpu-dc",0.07,"locf",2,30.64
"pc3","2cpu-dc",0.07,"locf",2,29.49
"pc3","2cpu-dc",0.07,"locf",1,29.69
"pc3","2cpu-dc",0.07,"locf",1,29.66
"pc3","2cpu-dc",0.07,"locf",2,30.04
"pc3","2cpu-dc",0.07,"locf",1,30.5
"pc3","2cpu-dc",0.07,"locf",2,31.28
"pc3","2cpu-dc",0.07,"locf",1,30.58
"pc3","2cpu-dc",0.07,"locf",2,31.19
"pc3","2cpu-dc",0.07,"locf",1,30.86
"pc3","2cpu-dc",0.07,"locf",2,31.16
"pc3","2cpu-dc",0.07,"locf",1,30.87
"pc3","2cpu-dc",0.07,"locf",2,31.16
"pc3","2cpu-dc",0.07,"locf",1,30.76
"pc3","2cpu-dc",0.07,"locf",2,31.16
"pc3","2cpu-dc",0.07,"locf",1,31.06
"pc3","2cpu-dc",0.07,"locf",2,31.24
"pc3","2cpu-dc",0.07,"locf",1,31.07
"pc3","2cpu-dc",0.07,"locf",2,31.25
"pc3","2cpu-dc",0.07,"locf",1,30.77
"pc3","2cpu-dc",0.07,"locf",2,30.77
"pc3","2cpu-dc",0.07,"locf",1,30.96
"pc3","2cpu-dc",0.07,"locf",2,31.13
"pc3","2cpu-dc",0.07,"locf",1,25.78
"pc3","2cpu-dc",0.07,"locf",2,25.87
"pc3","2cpu-dc",0.07,"locf",1,22.5
"pc3","2cpu-dc",0.07,"locf",2,22.58
"pc3","2cpu-dc",0.07,"locf",2,22.08
"pc3","2cpu-dc",0.07,"locf",1,22.19
"pc3","2cpu-dc",0.07,"locf",2,21.18
"pc3","2cpu-dc",0.07,"locf",1,21.49
"pc3","2cpu-dc",0.08,"locf",2,27.64
"pc3","2cpu-dc",0.08,"locf",1,28.16
"pc3","2cpu-dc",0.08,"locf",1,29.14
"pc3","2cpu-dc",0.08,"locf",2,29.17
"pc3","2cpu-dc",0.08,"locf",1,25.99
"pc3","2cpu-dc",0.08,"locf",2,26.09
"pc3","2cpu-dc",0.08,"locf",2,26.18
"pc3","2cpu-dc",0.08,"locf",1,26.38
"pc3","2cpu-dc",0.08,"locf",2,26.17
"pc3","2cpu-dc",0.08,"locf",1,26.38
"pc3","2cpu-dc",0.08,"locf",2,26.35
"pc3","2cpu-dc",0.08,"locf",1,26.37
"pc3","2cpu-dc",0.08,"locf",2,25.77
"pc3","2cpu-dc",0.08,"locf",1,25.88
"pc3","2cpu-dc",0.08,"locf",2,25.89
"pc3","2cpu-dc",0.08,"locf",1,26.09
"pc3","2cpu-dc",0.08,"locf",2,26.07
"pc3","2cpu-dc",0.08,"locf",1,26.07
"pc3","2cpu-dc",0.08,"locf",2,25.38
"pc3","2cpu-dc",0.08,"locf",1,25.48
"pc3","2cpu-dc",0.08,"locf",2,24.98
"pc3","2cpu-dc",0.08,"locf",1,25.18
"pc3","2cpu-dc",0.08,"locf",2,25.64
"pc3","2cpu-dc",0.08,"locf",1,25.96
"pc3","2cpu-dc",0.08,"locf",2,25.77
"pc3","2cpu-dc",0.08,"locf",1,26.08
"pc3","2cpu-dc",0.08,"locf",2,26.14
"pc3","2cpu-dc",0.08,"locf",1,26.47
"pc3","2cpu-dc",0.08,"locf",2,25.66
"pc3","2cpu-dc",0.08,"locf",1,25.77
"pc3","2cpu-dc",0.08,"locf",2,26.48
"pc3","2cpu-dc",0.08,"locf",1,26.58
"pc3","2cpu-dc",0.08,"locf",1,26.09
"pc3","2cpu-dc",0.08,"locf",2,26.28
"pc3","2cpu-dc",0.08,"locf",2,26.03
"pc3","2cpu-dc",0.08,"locf",1,26.13
"pc3","2cpu-dc",0.08,"locf",2,25.68
"pc3","2cpu-dc",0.08,"locf",1,25.7
"pc3","2cpu-dc",0.08,"locf",1,26.42
"pc3","2cpu-dc",0.08,"locf",2,26.89
"pc3","2cpu-dc",0.08,"locf",1,25.86
"pc3","2cpu-dc",0.08,"locf",2,26.26
"pc3","2cpu-dc",0.08,"locf",2,26.28
"pc3","2cpu-dc",0.08,"locf",1,26.38
"pc3","2cpu-dc",0.08,"locf",2,25.69
"pc3","2cpu-dc",0.08,"locf",1,25.69
"pc3","2cpu-dc",0.08,"locf",1,25.56
"pc3","2cpu-dc",0.08,"locf",1,26.07
"pc3","2cpu-dc",0.08,"locf",2,25.27
"pc3","2cpu-dc",0.08,"locf",1,25.58
"pc3","2cpu-dc",0.08,"locf",2,25.85
"pc3","2cpu-dc",0.08,"locf",1,26.07
"pc3","2cpu-dc",0.08,"locf",2,26.35
"pc3","2cpu-dc",0.08,"locf",1,26.66
"pc3","2cpu-dc",0.08,"locf",2,25.38
"pc3","2cpu-dc",0.08,"locf",1,25.48
"pc3","2cpu-dc",0.08,"locf",2,26.28
"pc3","2cpu-dc",0.08,"locf",1,26.49
"pc3","2cpu-dc",0.09,"locf",2,24.74
"pc3","2cpu-dc",0.09,"locf",1,24.85
"pc3","2cpu-dc",0.09,"locf",2,25.77
"pc3","2cpu-dc",0.09,"locf",1,25.88
"pc3","2cpu-dc",0.09,"locf",1,23.37
"pc3","2cpu-dc",0.09,"locf",2,23.37
"pc3","2cpu-dc",0.09,"locf",1,22.06
"pc3","2cpu-dc",0.09,"locf",2,22.14
"pc3","2cpu-dc",0.09,"locf",1,22.49
"pc3","2cpu-dc",0.09,"locf",2,22.59
"pc3","2cpu-dc",0.09,"locf",2,21.98
"pc3","2cpu-dc",0.09,"locf",1,22.09
"pc3","2cpu-dc",0.09,"locf",2,22.27
"pc3","2cpu-dc",0.09,"locf",1,22.48
"pc3","2cpu-dc",0.09,"locf",1,22.88
"pc3","2cpu-dc",0.09,"locf",2,22.97
"pc3","2cpu-dc",0.09,"locf",2,22.88
"pc3","2cpu-dc",0.09,"locf",1,22.99
"pc3","2cpu-dc",0.09,"locf",2,23.38
"pc3","2cpu-dc",0.09,"locf",1,23.58
"pc3","2cpu-dc",0.09,"locf",2,22.78
"pc3","2cpu-dc",0.09,"locf",1,22.88
"pc3","2cpu-dc",0.09,"locf",2,23.48
"pc3","2cpu-dc",0.09,"locf",1,23.58
"pc3","2cpu-dc",0.09,"locf",2,22.79
"pc3","2cpu-dc",0.09,"locf",1,22.9
"pc3","2cpu-dc",0.09,"locf",2,23.47
"pc3","2cpu-dc",0.09,"locf",1,23.68
"pc3","2cpu-dc",0.09,"locf",1,23.48
"pc3","2cpu-dc",0.09,"locf",2,23.56
"pc3","2cpu-dc",0.09,"locf",1,23.1
"pc3","2cpu-dc",0.09,"locf",2,23.19
"pc3","2cpu-dc",0.09,"locf",1,23.58
"pc3","2cpu-dc",0.09,"locf",2,23.58
"pc3","2cpu-dc",0.09,"locf",1,23.12
"pc3","2cpu-dc",0.09,"locf",2,23.22
"pc3","2cpu-dc",0.09,"locf",2,23.38
"pc3","2cpu-dc",0.09,"locf",1,23.59
"pc3","2cpu-dc",0.09,"locf",1,22.77
"pc3","2cpu-dc",0.09,"locf",2,23.05
"pc3","2cpu-dc",0.09,"locf",1,21.48
"pc3","2cpu-dc",0.09,"locf",2,21.87
"pc3","2cpu-dc",0.09,"locf",1,21.97
"pc3","2cpu-dc",0.09,"locf",2,22.45
"pc3","2cpu-dc",0.09,"locf",1,23.68
"pc3","2cpu-dc",0.09,"locf",2,23.97
"pc3","2cpu-dc",0.09,"locf",2,23.09
"pc3","2cpu-dc",0.09,"locf",1,23.18
"pc3","2cpu-dc",0.09,"locf",1,23.29
"pc3","2cpu-dc",0.09,"locf",2,23.48
"pc3","2cpu-dc",0.09,"locf",1,22.28
"pc3","2cpu-dc",0.09,"locf",2,22.47
"pc3","2cpu-dc",0.09,"locf",1,23.36
"pc3","2cpu-dc",0.09,"locf",2,23.55
"pc3","2cpu-dc",0.09,"locf",1,22.88
"pc3","2cpu-dc",0.09,"locf",2,23.17
"pc3","2cpu-dc",0.09,"locf",1,22.18
"pc3","2cpu-dc",0.09,"locf",2,22.37
"pc3","2cpu-dc",0.09,"locf",1,23.75
"pc3","2cpu-dc",0.09,"locf",2,23.95
"pc3","2cpu-dc",0.11,"locf",2,20.12
"pc3","2cpu-dc",0.11,"locf",1,20.33
"pc3","2cpu-dc",0.11,"locf",2,19.35
"pc3","2cpu-dc",0.11,"locf",1,19.57
"pc3","2cpu-dc",0.11,"locf",2,17.37
"pc3","2cpu-dc",0.11,"locf",1,17.58
"pc3","2cpu-dc",0.11,"locf",2,17.07
"pc3","2cpu-dc",0.11,"locf",1,17.27
"pc3","2cpu-dc",0.11,"locf",2,17.94
"pc3","2cpu-dc",0.11,"locf",1,17.97
"pc3","2cpu-dc",0.11,"locf",2,17.55
"pc3","2cpu-dc",0.11,"locf",1,17.67
"pc3","2cpu-dc",0.11,"locf",2,18.26
"pc3","2cpu-dc",0.11,"locf",1,18.36
"pc3","2cpu-dc",0.11,"locf",2,18.18
"pc3","2cpu-dc",0.11,"locf",1,18.19
"pc3","2cpu-dc",0.11,"locf",2,17.96
"pc3","2cpu-dc",0.11,"locf",1,17.96
"pc3","2cpu-dc",0.11,"locf",1,18.53
"pc3","2cpu-dc",0.11,"locf",2,18.53
"pc3","2cpu-dc",0.11,"locf",2,17.65
"pc3","2cpu-dc",0.11,"locf",1,17.76
"pc3","2cpu-dc",0.11,"locf",1,18.48
"pc3","2cpu-dc",0.11,"locf",2,18.67
"pc3","2cpu-dc",0.11,"locf",1,18.47
"pc3","2cpu-dc",0.11,"locf",2,18.46
"pc3","2cpu-dc",0.11,"locf",1,18.29
"pc3","2cpu-dc",0.11,"locf",2,18.38
"pc3","2cpu-dc",0.11,"locf",2,18.48
"pc3","2cpu-dc",0.11,"locf",1,18.68
"pc3","2cpu-dc",0.11,"locf",2,18.36
"pc3","2cpu-dc",0.11,"locf",1,18.66
"pc3","2cpu-dc",0.11,"locf",2,18.38
"pc3","2cpu-dc",0.11,"locf",1,18.48
"pc3","2cpu-dc",0.11,"locf",2,17.68
"pc3","2cpu-dc",0.11,"locf",1,17.79
"pc3","2cpu-dc",0.11,"locf",2,17.77
"pc3","2cpu-dc",0.11,"locf",1,18.07
"pc3","2cpu-dc",0.11,"locf",2,18.16
"pc3","2cpu-dc",0.11,"locf",1,18.26
"pc3","2cpu-dc",0.11,"locf",2,17.09
"pc3","2cpu-dc",0.11,"locf",1,17.46
"pc3","2cpu-dc",0.11,"locf",2,17.75
"pc3","2cpu-dc",0.11,"locf",1,17.18
"pc3","2cpu-dc",0.11,"locf",2,17.35
"pc3","2cpu-dc",0.11,"locf",1,18.62
"pc3","2cpu-dc",0.11,"locf",2,18.71
"pc3","2cpu-dc",0.11,"locf",2,17.17
"pc3","2cpu-dc",0.11,"locf",1,17.27
"pc3","2cpu-dc",0.11,"locf",1,18.09
"pc3","2cpu-dc",0.11,"locf",2,18.09
"pc3","2cpu-dc",0.11,"locf",1,19.26
"pc3","2cpu-dc",0.11,"locf",2,19.26
"pc3","2cpu-dc",0.11,"locf",2,18.84
"pc3","2cpu-dc",0.11,"locf",1,18.96
"pc3","2cpu-dc",0.11,"locf",2,18.88
"pc3","2cpu-dc",0.11,"locf",1,18.98
"pc3","2cpu-dc",0.11,"locf",2,18.58
"pc3","2cpu-dc",0.11,"locf",1,18.78
"pc3","2cpu-dc",0.12,"locf",2,17.17
"pc3","2cpu-dc",0.12,"locf",1,17.29
"pc3","2cpu-dc",0.12,"locf",2,17.88
"pc3","2cpu-dc",0.12,"locf",1,18.79
"pc3","2cpu-dc",0.12,"locf",2,15.96
"pc3","2cpu-dc",0.12,"locf",1,16.26
"pc3","2cpu-dc",0.12,"locf",2,16.23
"pc3","2cpu-dc",0.12,"locf",1,16.26
"pc3","2cpu-dc",0.12,"locf",1,16.18
"pc3","2cpu-dc",0.12,"locf",2,16.18
"pc3","2cpu-dc",0.12,"locf",1,16.18
"pc3","2cpu-dc",0.12,"locf",2,16.18
"pc3","2cpu-dc",0.12,"locf",2,15.77
"pc3","2cpu-dc",0.12,"locf",1,15.87
"pc3","2cpu-dc",0.12,"locf",1,15.69
"pc3","2cpu-dc",0.12,"locf",2,15.77
"pc3","2cpu-dc",0.12,"locf",1,15.59
"pc3","2cpu-dc",0.12,"locf",2,15.79
"pc3","2cpu-dc",0.12,"locf",1,15.98
"pc3","2cpu-dc",0.12,"locf",2,16.18
"pc3","2cpu-dc",0.12,"locf",1,15.79
"pc3","2cpu-dc",0.12,"locf",2,15.79
"pc3","2cpu-dc",0.12,"locf",1,15.68
"pc3","2cpu-dc",0.12,"locf",2,15.96
"pc3","2cpu-dc",0.12,"locf",2,16.19
"pc3","2cpu-dc",0.12,"locf",1,16.19
"pc3","2cpu-dc",0.12,"locf",1,16.04
"pc3","2cpu-dc",0.12,"locf",2,16.03
"pc3","2cpu-dc",0.12,"locf",1,16.07
"pc3","2cpu-dc",0.12,"locf",2,16.16
"pc3","2cpu-dc",0.12,"locf",2,16.16
"pc3","2cpu-dc",0.12,"locf",1,16.26
"pc3","2cpu-dc",0.12,"locf",2,16.09
"pc3","2cpu-dc",0.12,"locf",1,16.18
"pc3","2cpu-dc",0.12,"locf",2,16.27
"pc3","2cpu-dc",0.12,"locf",1,16.38
"pc3","2cpu-dc",0.12,"locf",1,16.18
"pc3","2cpu-dc",0.12,"locf",2,16.27
"pc3","2cpu-dc",0.12,"locf",1,15.99
"pc3","2cpu-dc",0.12,"locf",2,16.07
"pc3","2cpu-dc",0.12,"locf",1,16.29
"pc3","2cpu-dc",0.12,"locf",2,16.48
"pc3","2cpu-dc",0.12,"locf",1,16.68
"pc3","2cpu-dc",0.12,"locf",2,16.88
"pc3","2cpu-dc",0.12,"locf",1,16.96
"pc3","2cpu-dc",0.12,"locf",1,16.57
"pc3","2cpu-dc",0.12,"locf",2,16.57
"pc3","2cpu-dc",0.12,"locf",1,16.58
"pc3","2cpu-dc",0.12,"locf",2,16.77
"pc3","2cpu-dc",0.12,"locf",1,16.7
"pc3","2cpu-dc",0.12,"locf",2,16.78
"pc3","2cpu-dc",0.12,"locf",1,17
"pc3","2cpu-dc",0.12,"locf",2,17.08
"pc3","2cpu-dc",0.12,"locf",1,16.67
"pc3","2cpu-dc",0.12,"locf",2,16.67
"pc3","2cpu-dc",0.12,"locf",1,15.95
"pc3","2cpu-dc",0.12,"locf",2,15.95
"pc3","2cpu-dc",0.12,"locf",1,15.77
"pc3","2cpu-dc",0.12,"locf",2,15.86
"pc3","2cpu-dc",0.13,"locf",2,16.14
"pc3","2cpu-dc",0.13,"locf",1,16.34
"pc3","2cpu-dc",0.13,"locf",2,16.37
"pc3","2cpu-dc",0.13,"locf",1,16.47
"pc3","2cpu-dc",0.13,"locf",2,14.77
"pc3","2cpu-dc",0.13,"locf",1,15.67
"pc3","2cpu-dc",0.13,"locf",2,15.56
"pc3","2cpu-dc",0.13,"locf",1,15.76
"pc3","2cpu-dc",0.13,"locf",2,14.45
"pc3","2cpu-dc",0.13,"locf",1,20.49
"pc3","2cpu-dc",0.13,"locf",2,15.36
"pc3","2cpu-dc",0.13,"locf",1,15.5
"pc3","2cpu-dc",0.13,"locf",2,14.26
"pc3","2cpu-dc",0.13,"locf",1,14.36
"pc3","2cpu-dc",0.13,"locf",2,15.38
"pc3","2cpu-dc",0.13,"locf",1,15.49
"pc3","2cpu-dc",0.13,"locf",2,14.68
"pc3","2cpu-dc",0.13,"locf",1,14.78
"pc3","2cpu-dc",0.13,"locf",2,15.18
"pc3","2cpu-dc",0.13,"locf",1,15.18
"pc3","2cpu-dc",0.13,"locf",2,14.59
"pc3","2cpu-dc",0.13,"locf",1,14.78
"pc3","2cpu-dc",0.13,"locf",1,15.37
"pc3","2cpu-dc",0.13,"locf",2,15.45
"pc3","2cpu-dc",0.13,"locf",1,14.58
"pc3","2cpu-dc",0.13,"locf",2,14.58
"pc3","2cpu-dc",0.13,"locf",2,15.24
"pc3","2cpu-dc",0.13,"locf",1,15.26
"pc3","2cpu-dc",0.13,"locf",2,14.45
"pc3","2cpu-dc",0.13,"locf",1,14.47
"pc3","2cpu-dc",0.13,"locf",1,14.66
"pc3","2cpu-dc",0.13,"locf",2,14.84
"pc3","2cpu-dc",0.13,"locf",1,14.79
"pc3","2cpu-dc",0.13,"locf",2,14.88
"pc3","2cpu-dc",0.13,"locf",1,14.58
"pc3","2cpu-dc",0.13,"locf",2,14.58
"pc3","2cpu-dc",0.13,"locf",2,14.36
"pc3","2cpu-dc",0.13,"locf",1,14.48
"pc3","2cpu-dc",0.13,"locf",2,14.15
"pc3","2cpu-dc",0.13,"locf",1,14.18
"pc3","2cpu-dc",0.13,"locf",1,14.56
"pc3","2cpu-dc",0.13,"locf",2,14.65
"pc3","2cpu-dc",0.13,"locf",1,15.2
"pc3","2cpu-dc",0.13,"locf",2,15.49
"pc3","2cpu-dc",0.13,"locf",1,15.26
"pc3","2cpu-dc",0.13,"locf",2,15.34
"pc3","2cpu-dc",0.13,"locf",2,15.59
"pc3","2cpu-dc",0.13,"locf",1,15.69
"pc3","2cpu-dc",0.13,"locf",2,15.39
"pc3","2cpu-dc",0.13,"locf",1,15.69
"pc3","2cpu-dc",0.13,"locf",2,15.35
"pc3","2cpu-dc",0.13,"locf",1,15.38
"pc3","2cpu-dc",0.13,"locf",2,14.75
"pc3","2cpu-dc",0.13,"locf",1,14.87
"pc3","2cpu-dc",0.13,"locf",2,15.77
"pc3","2cpu-dc",0.13,"locf",1,15.87
"pc3","2cpu-dc",0.13,"locf",1,15.08
"pc3","2cpu-dc",0.13,"locf",2,15.09
"pc3","2cpu-dc",0.13,"locf",2,14.75
"pc3","2cpu-dc",0.13,"locf",1,14.77
"pc3","2cpu-dc",0.14,"locf",2,14.96
"pc3","2cpu-dc",0.14,"locf",1,15.07
"pc3","2cpu-dc",0.14,"locf",2,15.08
"pc3","2cpu-dc",0.14,"locf",1,15.19
"pc3","2cpu-dc",0.14,"locf",2,13.98
"pc3","2cpu-dc",0.14,"locf",1,14.88
"pc3","2cpu-dc",0.14,"locf",2,13.38
"pc3","2cpu-dc",0.14,"locf",1,13.59
"pc3","2cpu-dc",0.14,"locf",2,13.29
"pc3","2cpu-dc",0.14,"locf",1,13.49
"pc3","2cpu-dc",0.14,"locf",2,13.48
"pc3","2cpu-dc",0.14,"locf",1,13.57
"pc3","2cpu-dc",0.14,"locf",2,13.39
"pc3","2cpu-dc",0.14,"locf",1,13.49
"pc3","2cpu-dc",0.14,"locf",2,13.17
"pc3","2cpu-dc",0.14,"locf",1,13.37
"pc3","2cpu-dc",0.14,"locf",1,12.98
"pc3","2cpu-dc",0.14,"locf",2,13
"pc3","2cpu-dc",0.14,"locf",1,13.05
"pc3","2cpu-dc",0.14,"locf",2,13.13
"pc3","2cpu-dc",0.14,"locf",1,13.1
"pc3","2cpu-dc",0.14,"locf",2,13.18
"pc3","2cpu-dc",0.14,"locf",1,12.99
"pc3","2cpu-dc",0.14,"locf",2,12.99
"pc3","2cpu-dc",0.14,"locf",1,13.37
"pc3","2cpu-dc",0.14,"locf",2,13.45
"pc3","2cpu-dc",0.14,"locf",1,14.17
"pc3","2cpu-dc",0.14,"locf",2,14.17
"pc3","2cpu-dc",0.14,"locf",1,13.29
"pc3","2cpu-dc",0.14,"locf",2,13.29
"pc3","2cpu-dc",0.14,"locf",2,14.19
"pc3","2cpu-dc",0.14,"locf",1,14.19
"pc3","2cpu-dc",0.14,"locf",1,14.36
"pc3","2cpu-dc",0.14,"locf",2,14.56
"pc3","2cpu-dc",0.14,"locf",2,14.27
"pc3","2cpu-dc",0.14,"locf",1,14.48
"pc3","2cpu-dc",0.14,"locf",2,13.47
"pc3","2cpu-dc",0.14,"locf",1,13.56
"pc3","2cpu-dc",0.14,"locf",2,13.5
"pc3","2cpu-dc",0.14,"locf",1,13.59
"pc3","2cpu-dc",0.14,"locf",2,13.48
"pc3","2cpu-dc",0.14,"locf",1,13.67
"pc3","2cpu-dc",0.14,"locf",1,13.5
"pc3","2cpu-dc",0.14,"locf",2,13.68
"pc3","2cpu-dc",0.14,"locf",1,14.36
"pc3","2cpu-dc",0.14,"locf",2,14.45
"pc3","2cpu-dc",0.14,"locf",1,13.69
"pc3","2cpu-dc",0.14,"locf",2,13.87
"pc3","2cpu-dc",0.14,"locf",1,13.57
"pc3","2cpu-dc",0.14,"locf",2,13.65
"pc3","2cpu-dc",0.14,"locf",1,13.59
"pc3","2cpu-dc",0.14,"locf",2,13.59
"pc3","2cpu-dc",0.14,"locf",1,14.35
"pc3","2cpu-dc",0.14,"locf",2,14.35
"pc3","2cpu-dc",0.14,"locf",1,13.69
"pc3","2cpu-dc",0.14,"locf",2,13.68
"pc3","2cpu-dc",0.14,"locf",2,14.08
"pc3","2cpu-dc",0.14,"locf",1,14.19
"pc3","2cpu-dc",0.14,"locf",1,13.59
"pc3","2cpu-dc",0.14,"locf",2,13.68
"pc3","2cpu-dc",0.16,"locf",1,12.27
"pc3","2cpu-dc",0.16,"locf",2,12.35
"pc3","2cpu-dc",0.16,"locf",2,12.49
"pc3","2cpu-dc",0.16,"locf",1,12.59
"pc3","2cpu-dc",0.16,"locf",2,11.18
"pc3","2cpu-dc",0.16,"locf",1,11.88
"pc3","2cpu-dc",0.16,"locf",2,10.95
"pc3","2cpu-dc",0.16,"locf",1,10.97
"pc3","2cpu-dc",0.16,"locf",2,11.86
"pc3","2cpu-dc",0.16,"locf",1,11.95
"pc3","2cpu-dc",0.16,"locf",2,11.19
"pc3","2cpu-dc",0.16,"locf",1,11.2
"pc3","2cpu-dc",0.16,"locf",2,11.37
"pc3","2cpu-dc",0.16,"locf",1,11.37
"pc3","2cpu-dc",0.16,"locf",2,11.27
"pc3","2cpu-dc",0.16,"locf",1,11.27
"pc3","2cpu-dc",0.16,"locf",1,11.76
"pc3","2cpu-dc",0.16,"locf",2,11.86
"pc3","2cpu-dc",0.16,"locf",1,11.89
"pc3","2cpu-dc",0.16,"locf",2,11.98
"pc3","2cpu-dc",0.16,"locf",1,11.69
"pc3","2cpu-dc",0.16,"locf",2,11.77
"pc3","2cpu-dc",0.16,"locf",1,11.37
"pc3","2cpu-dc",0.16,"locf",2,11.56
"pc3","2cpu-dc",0.16,"locf",1,11.35
"pc3","2cpu-dc",0.16,"locf",2,11.43
"pc3","2cpu-dc",0.16,"locf",2,10.99
"pc3","2cpu-dc",0.16,"locf",1,11.09
"pc3","2cpu-dc",0.16,"locf",2,11.17
"pc3","2cpu-dc",0.16,"locf",1,11.28
"pc3","2cpu-dc",0.16,"locf",2,11.04
"pc3","2cpu-dc",0.16,"locf",1,11.24
"pc3","2cpu-dc",0.16,"locf",2,11.87
"pc3","2cpu-dc",0.16,"locf",1,11.87
"pc3","2cpu-dc",0.16,"locf",2,11.66
"pc3","2cpu-dc",0.16,"locf",1,11.76
"pc3","2cpu-dc",0.16,"locf",2,11.27
"pc3","2cpu-dc",0.16,"locf",1,11.4
"pc3","2cpu-dc",0.16,"locf",1,11.25
"pc3","2cpu-dc",0.16,"locf",2,11.25
"pc3","2cpu-dc",0.16,"locf",2,11.25
"pc3","2cpu-dc",0.16,"locf",1,11.36
"pc3","2cpu-dc",0.16,"locf",1,11.36
"pc3","2cpu-dc",0.16,"locf",2,11.36
"pc3","2cpu-dc",0.16,"locf",1,11.35
"pc3","2cpu-dc",0.16,"locf",2,11.44
"pc3","2cpu-dc",0.16,"locf",1,11.1
"pc3","2cpu-dc",0.16,"locf",2,11.38
"pc3","2cpu-dc",0.16,"locf",1,11.29
"pc3","2cpu-dc",0.16,"locf",2,11.37
"pc3","2cpu-dc",0.16,"locf",1,11.58
"pc3","2cpu-dc",0.16,"locf",2,11.58
"pc3","2cpu-dc",0.16,"locf",1,11.37
"pc3","2cpu-dc",0.16,"locf",2,11.47
"pc3","2cpu-dc",0.16,"locf",1,11.43
"pc3","2cpu-dc",0.16,"locf",2,11.43
"pc3","2cpu-dc",0.16,"locf",2,11.22
"pc3","2cpu-dc",0.16,"locf",1,11.31
"pc3","2cpu-dc",0.16,"locf",2,11.28
"pc3","2cpu-dc",0.16,"locf",1,11.28
"pc3","2cpu-dc",0.17,"locf",2,11.74
"pc3","2cpu-dc",0.17,"locf",1,11.84
"pc3","2cpu-dc",0.17,"locf",1,11.78
"pc3","2cpu-dc",0.17,"locf",2,11.86
"pc3","2cpu-dc",0.17,"locf",2,10.49
"pc3","2cpu-dc",0.17,"locf",1,11.19
"pc3","2cpu-dc",0.17,"locf",2,10.95
"pc3","2cpu-dc",0.17,"locf",1,11.07
"pc3","2cpu-dc",0.17,"locf",2,10.76
"pc3","2cpu-dc",0.17,"locf",1,10.95
"pc3","2cpu-dc",0.17,"locf",2,10.85
"pc3","2cpu-dc",0.17,"locf",1,10.87
"pc3","2cpu-dc",0.17,"locf",1,10.57
"pc3","2cpu-dc",0.17,"locf",2,10.63
"pc3","2cpu-dc",0.17,"locf",2,10.3
"pc3","2cpu-dc",0.17,"locf",1,10.39
"pc3","2cpu-dc",0.17,"locf",2,10.98
"pc3","2cpu-dc",0.17,"locf",1,11.09
"pc3","2cpu-dc",0.17,"locf",2,10.48
"pc3","2cpu-dc",0.17,"locf",1,10.5
"pc3","2cpu-dc",0.17,"locf",2,10.35
"pc3","2cpu-dc",0.17,"locf",1,10.46
"pc3","2cpu-dc",0.17,"locf",1,10.37
"pc3","2cpu-dc",0.17,"locf",2,10.45
"pc3","2cpu-dc",0.17,"locf",2,10.25
"pc3","2cpu-dc",0.17,"locf",1,10.28
"pc3","2cpu-dc",0.17,"locf",2,10.44
"pc3","2cpu-dc",0.17,"locf",1,10.55
"pc3","2cpu-dc",0.17,"locf",2,10.88
"pc3","2cpu-dc",0.17,"locf",1,11.07
"pc3","2cpu-dc",0.17,"locf",2,10.37
"pc3","2cpu-dc",0.17,"locf",1,10.48
"pc3","2cpu-dc",0.17,"locf",2,10.78
"pc3","2cpu-dc",0.17,"locf",1,10.89
"pc3","2cpu-dc",0.17,"locf",2,10.78
"pc3","2cpu-dc",0.17,"locf",1,10.87
"pc3","2cpu-dc",0.17,"locf",2,10.28
"pc3","2cpu-dc",0.17,"locf",1,10.49
"pc3","2cpu-dc",0.17,"locf",2,10.69
"pc3","2cpu-dc",0.17,"locf",1,10.79
"pc3","2cpu-dc",0.17,"locf",2,10.96
"pc3","2cpu-dc",0.17,"locf",1,10.98
"pc3","2cpu-dc",0.17,"locf",2,10.55
"pc3","2cpu-dc",0.17,"locf",1,10.65
"pc3","2cpu-dc",0.17,"locf",1,10.48
"pc3","2cpu-dc",0.17,"locf",2,10.68
"pc3","2cpu-dc",0.17,"locf",2,10.57
"pc3","2cpu-dc",0.17,"locf",1,10.57
"pc3","2cpu-dc",0.17,"locf",2,10.63
"pc3","2cpu-dc",0.17,"locf",1,10.72
"pc3","2cpu-dc",0.17,"locf",2,10.69
"pc3","2cpu-dc",0.17,"locf",1,10.79
"pc3","2cpu-dc",0.17,"locf",2,11.17
"pc3","2cpu-dc",0.17,"locf",1,11.18
"pc3","2cpu-dc",0.17,"locf",1,10.64
"pc3","2cpu-dc",0.17,"locf",2,10.64
"pc3","2cpu-dc",0.17,"locf",2,10.48
"pc3","2cpu-dc",0.17,"locf",1,10.5
"pc3","2cpu-dc",0.17,"locf",2,10.64
"pc3","2cpu-dc",0.17,"locf",1,10.76
"pc3","2cpu-dc",0.18,"locf",1,10.87
"pc3","2cpu-dc",0.18,"locf",2,10.87
"pc3","2cpu-dc",0.18,"locf",1,10.98
"pc3","2cpu-dc",0.18,"locf",2,10.98
"pc3","2cpu-dc",0.18,"locf",2,9.94
"pc3","2cpu-dc",0.18,"locf",1,10.46
"pc3","2cpu-dc",0.18,"locf",2,9.66
"pc3","2cpu-dc",0.18,"locf",1,9.77
"pc3","2cpu-dc",0.18,"locf",2,9.79
"pc3","2cpu-dc",0.18,"locf",1,9.99
"pc3","2cpu-dc",0.18,"locf",2,9.69
"pc3","2cpu-dc",0.18,"locf",1,9.79
"pc3","2cpu-dc",0.18,"locf",2,9.77
"pc3","2cpu-dc",0.18,"locf",1,9.88
"pc3","2cpu-dc",0.18,"locf",2,9.69
"pc3","2cpu-dc",0.18,"locf",1,9.8
"pc3","2cpu-dc",0.18,"locf",2,9.78
"pc3","2cpu-dc",0.18,"locf",1,9.87
"pc3","2cpu-dc",0.18,"locf",2,9.7
"pc3","2cpu-dc",0.18,"locf",1,9.8
"pc3","2cpu-dc",0.18,"locf",1,9.68
"pc3","2cpu-dc",0.18,"locf",2,9.69
"pc3","2cpu-dc",0.18,"locf",2,9.94
"pc3","2cpu-dc",0.18,"locf",1,10.06
"pc3","2cpu-dc",0.18,"locf",2,9.77
"pc3","2cpu-dc",0.18,"locf",1,9.87
"pc3","2cpu-dc",0.18,"locf",2,9.58
"pc3","2cpu-dc",0.18,"locf",1,9.69
"pc3","2cpu-dc",0.18,"locf",2,9.77
"pc3","2cpu-dc",0.18,"locf",1,9.88
"pc3","2cpu-dc",0.18,"locf",2,9.79
"pc3","2cpu-dc",0.18,"locf",1,9.79
"pc3","2cpu-dc",0.18,"locf",2,9.77
"pc3","2cpu-dc",0.18,"locf",1,9.88
"pc3","2cpu-dc",0.18,"locf",2,9.67
"pc3","2cpu-dc",0.18,"locf",1,9.78
"pc3","2cpu-dc",0.18,"locf",2,9.77
"pc3","2cpu-dc",0.18,"locf",1,10.07
"pc3","2cpu-dc",0.18,"locf",2,9.69
"pc3","2cpu-dc",0.18,"locf",1,9.69
"pc3","2cpu-dc",0.18,"locf",2,9.85
"pc3","2cpu-dc",0.18,"locf",1,9.96
"pc3","2cpu-dc",0.18,"locf",1,10.08
"pc3","2cpu-dc",0.18,"locf",2,10.28
"pc3","2cpu-dc",0.18,"locf",1,9.87
"pc3","2cpu-dc",0.18,"locf",2,9.98
"pc3","2cpu-dc",0.18,"locf",1,9.86
"pc3","2cpu-dc",0.18,"locf",2,9.96
"pc3","2cpu-dc",0.18,"locf",1,9.79
"pc3","2cpu-dc",0.18,"locf",2,9.87
"pc3","2cpu-dc",0.18,"locf",2,9.88
"pc3","2cpu-dc",0.18,"locf",1,9.9
"pc3","2cpu-dc",0.18,"locf",1,9.77
"pc3","2cpu-dc",0.18,"locf",2,9.76
"pc3","2cpu-dc",0.18,"locf",2,9.89
"pc3","2cpu-dc",0.18,"locf",1,9.98
"pc3","2cpu-dc",0.18,"locf",2,9.75
"pc3","2cpu-dc",0.18,"locf",1,9.87
"pc3","2cpu-dc",0.18,"locf",2,9.99
"pc3","2cpu-dc",0.18,"locf",1,9.99
"pc3","2cpu-dc",0.19,"locf",2,10.31
"pc3","2cpu-dc",0.19,"locf",1,10.51
"pc3","2cpu-dc",0.19,"locf",2,10.35
"pc3","2cpu-dc",0.19,"locf",1,10.47
"pc3","2cpu-dc",0.19,"locf",2,9.26
"pc3","2cpu-dc",0.19,"locf",1,9.79
"pc3","2cpu-dc",0.19,"locf",2,9.15
"pc3","2cpu-dc",0.19,"locf",1,9.26
"pc3","2cpu-dc",0.19,"locf",1,9.09
"pc3","2cpu-dc",0.19,"locf",2,9.1
"pc3","2cpu-dc",0.19,"locf",2,9.17
"pc3","2cpu-dc",0.19,"locf",1,9.27
"pc3","2cpu-dc",0.19,"locf",1,9.09
"pc3","2cpu-dc",0.19,"locf",2,9.07
"pc3","2cpu-dc",0.19,"locf",1,9.17
"pc3","2cpu-dc",0.19,"locf",2,9.17
"pc3","2cpu-dc",0.19,"locf",2,9.17
"pc3","2cpu-dc",0.19,"locf",1,9.17
"pc3","2cpu-dc",0.19,"locf",2,9.18
"pc3","2cpu-dc",0.19,"locf",1,9.28
"pc3","2cpu-dc",0.19,"locf",1,9.09
"pc3","2cpu-dc",0.19,"locf",2,9.09
"pc3","2cpu-dc",0.19,"locf",2,9.16
"pc3","2cpu-dc",0.19,"locf",1,9.16
"pc3","2cpu-dc",0.19,"locf",2,9.06
"pc3","2cpu-dc",0.19,"locf",1,9.07
"pc3","2cpu-dc",0.19,"locf",2,9.19
"pc3","2cpu-dc",0.19,"locf",1,9.19
"pc3","2cpu-dc",0.19,"locf",2,9.17
"pc3","2cpu-dc",0.19,"locf",1,9.19
"pc3","2cpu-dc",0.19,"locf",2,9.17
"pc3","2cpu-dc",0.19,"locf",1,9.28
"pc3","2cpu-dc",0.19,"locf",2,9.28
"pc3","2cpu-dc",0.19,"locf",1,9.3
"pc3","2cpu-dc",0.19,"locf",2,9.06
"pc3","2cpu-dc",0.19,"locf",1,9.17
"pc3","2cpu-dc",0.19,"locf",2,9.08
"pc3","2cpu-dc",0.19,"locf",1,9.19
"pc3","2cpu-dc",0.19,"locf",2,9.08
"pc3","2cpu-dc",0.19,"locf",1,9.17
"pc3","2cpu-dc",0.19,"locf",2,9.17
"pc3","2cpu-dc",0.19,"locf",1,9.28
"pc3","2cpu-dc",0.19,"locf",1,9.1
"pc3","2cpu-dc",0.19,"locf",2,9.28
"pc3","2cpu-dc",0.19,"locf",1,9.17
"pc3","2cpu-dc",0.19,"locf",2,9.35
"pc3","2cpu-dc",0.19,"locf",1,9.08
"pc3","2cpu-dc",0.19,"locf",2,9.28
"pc3","2cpu-dc",0.19,"locf",2,9.37
"pc3","2cpu-dc",0.19,"locf",1,9.47
"pc3","2cpu-dc",0.19,"locf",2,9.57
"pc3","2cpu-dc",0.19,"locf",1,9.6
"pc3","2cpu-dc",0.19,"locf",2,9.26
"pc3","2cpu-dc",0.19,"locf",1,9.36
"pc3","2cpu-dc",0.19,"locf",2,9.4
"pc3","2cpu-dc",0.19,"locf",1,9.58
"pc3","2cpu-dc",0.19,"locf",2,9.6
"pc3","2cpu-dc",0.19,"locf",1,9.6
"pc3","2cpu-dc",0.19,"locf",1,9.27
"pc3","2cpu-dc",0.19,"locf",2,9.34
"pc3","2cpu-dc",0.06,"ssa",2,54.32
"pc3","2cpu-dc",0.06,"ssa",1,57.73
"pc3","2cpu-dc",0.06,"ssa",1,57.67
"pc3","2cpu-dc",0.06,"ssa",2,60.37
"pc3","2cpu-dc",0.06,"ssa",1,50.77
"pc3","2cpu-dc",0.06,"ssa",2,52.88
"pc3","2cpu-dc",0.06,"ssa",1,52.08
"pc3","2cpu-dc",0.06,"ssa",2,53.08
"pc3","2cpu-dc",0.06,"ssa",1,51.98
"pc3","2cpu-dc",0.06,"ssa",2,52.97
"pc3","2cpu-dc",0.06,"ssa",1,53.85
"pc3","2cpu-dc",0.06,"ssa",2,54.95
"pc3","2cpu-dc",0.06,"ssa",2,51.15
"pc3","2cpu-dc",0.06,"ssa",1,51.97
"pc3","2cpu-dc",0.06,"ssa",1,51.59
"pc3","2cpu-dc",0.06,"ssa",2,55.67
"pc3","2cpu-dc",0.06,"ssa",1,54.77
"pc3","2cpu-dc",0.06,"ssa",2,55.05
"pc3","2cpu-dc",0.06,"ssa",1,52.27
"pc3","2cpu-dc",0.06,"ssa",2,53.95
"pc3","2cpu-dc",0.06,"ssa",1,48.79
"pc3","2cpu-dc",0.06,"ssa",2,50.39
"pc3","2cpu-dc",0.06,"ssa",2,54.95
"pc3","2cpu-dc",0.06,"ssa",1,55.46
"pc3","2cpu-dc",0.06,"ssa",1,51.85
"pc3","2cpu-dc",0.06,"ssa",2,54.73
"pc3","2cpu-dc",0.06,"ssa",1,49.38
"pc3","2cpu-dc",0.06,"ssa",2,51.77
"pc3","2cpu-dc",0.06,"ssa",2,50.55
"pc3","2cpu-dc",0.06,"ssa",1,51.47
"pc3","2cpu-dc",0.06,"ssa",2,52.35
"pc3","2cpu-dc",0.06,"ssa",1,52.97
"pc3","2cpu-dc",0.06,"ssa",1,55.56
"pc3","2cpu-dc",0.06,"ssa",2,56.16
"pc3","2cpu-dc",0.06,"ssa",1,50.86
"pc3","2cpu-dc",0.06,"ssa",2,54.26
"pc3","2cpu-dc",0.06,"ssa",1,50.65
"pc3","2cpu-dc",0.06,"ssa",2,52.15
"pc3","2cpu-dc",0.06,"ssa",2,53.05
"pc3","2cpu-dc",0.06,"ssa",1,54.27
"pc3","2cpu-dc",0.06,"ssa",1,53.38
"pc3","2cpu-dc",0.06,"ssa",2,55.47
"pc3","2cpu-dc",0.06,"ssa",1,52.56
"pc3","2cpu-dc",0.06,"ssa",2,53.34
"pc3","2cpu-dc",0.06,"ssa",2,50.2
"pc3","2cpu-dc",0.06,"ssa",1,51.79
"pc3","2cpu-dc",0.06,"ssa",2,50.86
"pc3","2cpu-dc",0.06,"ssa",1,57.57
"pc3","2cpu-dc",0.06,"ssa",2,51.65
"pc3","2cpu-dc",0.06,"ssa",1,54.86
"pc3","2cpu-dc",0.06,"ssa",1,54.17
"pc3","2cpu-dc",0.06,"ssa",2,54.24
"pc3","2cpu-dc",0.06,"ssa",2,50.09
"pc3","2cpu-dc",0.06,"ssa",1,53.89
"pc3","2cpu-dc",0.06,"ssa",1,55.57
"pc3","2cpu-dc",0.06,"ssa",2,56.04
"pc3","2cpu-dc",0.06,"ssa",1,51.77
"pc3","2cpu-dc",0.06,"ssa",2,51.85
"pc3","2cpu-dc",0.06,"ssa",2,53.18
"pc3","2cpu-dc",0.06,"ssa",1,53.79
"pc3","2cpu-dc",0.07,"ssa",1,43.58
"pc3","2cpu-dc",0.07,"ssa",2,45.07
"pc3","2cpu-dc",0.07,"ssa",1,44.58
"pc3","2cpu-dc",0.07,"ssa",2,45.18
"pc3","2cpu-dc",0.07,"ssa",2,40.67
"pc3","2cpu-dc",0.07,"ssa",1,42.38
"pc3","2cpu-dc",0.07,"ssa",1,41.86
"pc3","2cpu-dc",0.07,"ssa",2,42.54
"pc3","2cpu-dc",0.07,"ssa",1,41.89
"pc3","2cpu-dc",0.07,"ssa",2,46.77
"pc3","2cpu-dc",0.07,"ssa",2,38.86
"pc3","2cpu-dc",0.07,"ssa",1,43.27
"pc3","2cpu-dc",0.07,"ssa",1,40.47
"pc3","2cpu-dc",0.07,"ssa",2,40.75
"pc3","2cpu-dc",0.07,"ssa",2,40.86
"pc3","2cpu-dc",0.07,"ssa",1,41.47
"pc3","2cpu-dc",0.07,"ssa",2,40.76
"pc3","2cpu-dc",0.07,"ssa",1,41.66
"pc3","2cpu-dc",0.07,"ssa",1,41.07
"pc3","2cpu-dc",0.07,"ssa",2,41.96
"pc3","2cpu-dc",0.07,"ssa",1,40.66
"pc3","2cpu-dc",0.07,"ssa",2,41.16
"pc3","2cpu-dc",0.07,"ssa",2,40.53
"pc3","2cpu-dc",0.07,"ssa",1,43.56
"pc3","2cpu-dc",0.07,"ssa",2,40.25
"pc3","2cpu-dc",0.07,"ssa",1,43.67
"pc3","2cpu-dc",0.07,"ssa",2,31.04
"pc3","2cpu-dc",0.07,"ssa",1,31.26
"pc3","2cpu-dc",0.07,"ssa",2,36.45
"pc3","2cpu-dc",0.07,"ssa",1,37.67
"pc3","2cpu-dc",0.07,"ssa",2,41.16
"pc3","2cpu-dc",0.07,"ssa",1,42.57
"pc3","2cpu-dc",0.07,"ssa",2,41.56
"pc3","2cpu-dc",0.07,"ssa",1,42.06
"pc3","2cpu-dc",0.07,"ssa",2,40.23
"pc3","2cpu-dc",0.07,"ssa",1,43.84
"pc3","2cpu-dc",0.07,"ssa",2,41.18
"pc3","2cpu-dc",0.07,"ssa",1,42.38
"pc3","2cpu-dc",0.07,"ssa",2,40.14
"pc3","2cpu-dc",0.07,"ssa",1,40.67
"pc3","2cpu-dc",0.07,"ssa",2,40.26
"pc3","2cpu-dc",0.07,"ssa",1,43.97
"pc3","2cpu-dc",0.07,"ssa",2,41.16
"pc3","2cpu-dc",0.07,"ssa",1,41.37
"pc3","2cpu-dc",0.07,"ssa",1,41.36
"pc3","2cpu-dc",0.07,"ssa",2,43.15
"pc3","2cpu-dc",0.07,"ssa",2,40.88
"pc3","2cpu-dc",0.07,"ssa",1,42.49
"pc3","2cpu-dc",0.07,"ssa",2,40.15
"pc3","2cpu-dc",0.07,"ssa",1,41.56
"pc3","2cpu-dc",0.07,"ssa",2,39.89
"pc3","2cpu-dc",0.07,"ssa",1,41.49
"pc3","2cpu-dc",0.07,"ssa",2,42.68
"pc3","2cpu-dc",0.07,"ssa",1,42.68
"pc3","2cpu-dc",0.07,"ssa",2,40.66
"pc3","2cpu-dc",0.07,"ssa",1,41.36
"pc3","2cpu-dc",0.07,"ssa",2,40.18
"pc3","2cpu-dc",0.07,"ssa",1,40.38
"pc3","2cpu-dc",0.07,"ssa",2,40.17
"pc3","2cpu-dc",0.07,"ssa",1,40.57
"pc3","2cpu-dc",0.08,"ssa",1,37.55
"pc3","2cpu-dc",0.08,"ssa",2,38.03
"pc3","2cpu-dc",0.08,"ssa",1,38.07
"pc3","2cpu-dc",0.08,"ssa",2,43.46
"pc3","2cpu-dc",0.08,"ssa",1,35.07
"pc3","2cpu-dc",0.08,"ssa",2,35.65
"pc3","2cpu-dc",0.08,"ssa",2,34.45
"pc3","2cpu-dc",0.08,"ssa",1,36.36
"pc3","2cpu-dc",0.08,"ssa",1,35.29
"pc3","2cpu-dc",0.08,"ssa",2,36.58
"pc3","2cpu-dc",0.08,"ssa",1,34.57
"pc3","2cpu-dc",0.08,"ssa",2,34.96
"pc3","2cpu-dc",0.08,"ssa",1,33.25
"pc3","2cpu-dc",0.08,"ssa",2,34.33
"pc3","2cpu-dc",0.08,"ssa",2,34.99
"pc3","2cpu-dc",0.08,"ssa",1,35.49
"pc3","2cpu-dc",0.08,"ssa",1,35.07
"pc3","2cpu-dc",0.08,"ssa",2,35.46
"pc3","2cpu-dc",0.08,"ssa",1,34.97
"pc3","2cpu-dc",0.08,"ssa",2,37.57
"pc3","2cpu-dc",0.08,"ssa",1,35.67
"pc3","2cpu-dc",0.08,"ssa",2,35.75
"pc3","2cpu-dc",0.08,"ssa",2,34.78
"pc3","2cpu-dc",0.08,"ssa",1,35.49
"pc3","2cpu-dc",0.08,"ssa",2,34.98
"pc3","2cpu-dc",0.08,"ssa",1,35.99
"pc3","2cpu-dc",0.08,"ssa",1,35.27
"pc3","2cpu-dc",0.08,"ssa",2,35.45
"pc3","2cpu-dc",0.08,"ssa",1,35.28
"pc3","2cpu-dc",0.08,"ssa",2,35.98
"pc3","2cpu-dc",0.08,"ssa",2,33.77
"pc3","2cpu-dc",0.08,"ssa",1,34.47
"pc3","2cpu-dc",0.08,"ssa",2,35.09
"pc3","2cpu-dc",0.08,"ssa",1,35.69
"pc3","2cpu-dc",0.08,"ssa",1,35.36
"pc3","2cpu-dc",0.08,"ssa",2,47.37
"pc3","2cpu-dc",0.08,"ssa",1,34.28
"pc3","2cpu-dc",0.08,"ssa",2,35.76
"pc3","2cpu-dc",0.08,"ssa",2,34.77
"pc3","2cpu-dc",0.08,"ssa",1,35.97
"pc3","2cpu-dc",0.08,"ssa",2,35.68
"pc3","2cpu-dc",0.08,"ssa",1,36.08
"pc3","2cpu-dc",0.08,"ssa",1,35.69
"pc3","2cpu-dc",0.08,"ssa",2,36.09
"pc3","2cpu-dc",0.08,"ssa",1,35.47
"pc3","2cpu-dc",0.08,"ssa",2,35.55
"pc3","2cpu-dc",0.08,"ssa",2,35.18
"pc3","2cpu-dc",0.08,"ssa",1,36.08
"pc3","2cpu-dc",0.08,"ssa",2,34.99
"pc3","2cpu-dc",0.08,"ssa",1,35.87
"pc3","2cpu-dc",0.08,"ssa",1,33.68
"pc3","2cpu-dc",0.08,"ssa",2,37.25
"pc3","2cpu-dc",0.08,"ssa",1,34.88
"pc3","2cpu-dc",0.08,"ssa",2,35.67
"pc3","2cpu-dc",0.08,"ssa",2,34.19
"pc3","2cpu-dc",0.08,"ssa",1,35.89
"pc3","2cpu-dc",0.08,"ssa",1,34.64
"pc3","2cpu-dc",0.08,"ssa",2,35.73
"pc3","2cpu-dc",0.08,"ssa",1,34.56
"pc3","2cpu-dc",0.08,"ssa",2,42.18
"pc3","2cpu-dc",0.09,"ssa",2,32.68
"pc3","2cpu-dc",0.09,"ssa",1,33.29
"pc3","2cpu-dc",0.09,"ssa",1,33.68
"pc3","2cpu-dc",0.09,"ssa",2,33.98
"pc3","2cpu-dc",0.09,"ssa",1,29.28
"pc3","2cpu-dc",0.09,"ssa",2,29.48
"pc3","2cpu-dc",0.09,"ssa",2,29.27
"pc3","2cpu-dc",0.09,"ssa",1,30.58
"pc3","2cpu-dc",0.09,"ssa",1,30.49
"pc3","2cpu-dc",0.09,"ssa",2,30.57
"pc3","2cpu-dc",0.09,"ssa",1,29.78
"pc3","2cpu-dc",0.09,"ssa",2,31.28
"pc3","2cpu-dc",0.09,"ssa",1,29.76
"pc3","2cpu-dc",0.09,"ssa",2,31.86
"pc3","2cpu-dc",0.09,"ssa",2,30.17
"pc3","2cpu-dc",0.09,"ssa",1,31.07
"pc3","2cpu-dc",0.09,"ssa",1,30.37
"pc3","2cpu-dc",0.09,"ssa",2,31.45
"pc3","2cpu-dc",0.09,"ssa",1,30.09
"pc3","2cpu-dc",0.09,"ssa",2,31.38
"pc3","2cpu-dc",0.09,"ssa",2,30.25
"pc3","2cpu-dc",0.09,"ssa",1,31.97
"pc3","2cpu-dc",0.09,"ssa",1,31.07
"pc3","2cpu-dc",0.09,"ssa",2,31.95
"pc3","2cpu-dc",0.09,"ssa",1,30.68
"pc3","2cpu-dc",0.09,"ssa",2,31.05
"pc3","2cpu-dc",0.09,"ssa",2,29.26
"pc3","2cpu-dc",0.09,"ssa",1,29.88
"pc3","2cpu-dc",0.09,"ssa",2,29.45
"pc3","2cpu-dc",0.09,"ssa",1,30.16
"pc3","2cpu-dc",0.09,"ssa",1,29.76
"pc3","2cpu-dc",0.09,"ssa",2,31.35
"pc3","2cpu-dc",0.09,"ssa",2,29.86
"pc3","2cpu-dc",0.09,"ssa",1,30.97
"pc3","2cpu-dc",0.09,"ssa",1,29.67
"pc3","2cpu-dc",0.09,"ssa",2,30.45
"pc3","2cpu-dc",0.09,"ssa",1,29.38
"pc3","2cpu-dc",0.09,"ssa",2,32.57
"pc3","2cpu-dc",0.09,"ssa",2,30.15
"pc3","2cpu-dc",0.09,"ssa",1,31.36
"pc3","2cpu-dc",0.09,"ssa",1,29.76
"pc3","2cpu-dc",0.09,"ssa",2,30.76
"pc3","2cpu-dc",0.09,"ssa",1,30.06
"pc3","2cpu-dc",0.09,"ssa",2,31.04
"pc3","2cpu-dc",0.09,"ssa",2,29.75
"pc3","2cpu-dc",0.09,"ssa",1,32.57
"pc3","2cpu-dc",0.09,"ssa",1,30.28
"pc3","2cpu-dc",0.09,"ssa",2,31.17
"pc3","2cpu-dc",0.09,"ssa",1,29.66
"pc3","2cpu-dc",0.09,"ssa",2,30.56
"pc3","2cpu-dc",0.09,"ssa",2,28.96
"pc3","2cpu-dc",0.09,"ssa",1,31.06
"pc3","2cpu-dc",0.09,"ssa",1,30.07
"pc3","2cpu-dc",0.09,"ssa",2,30.45
"pc3","2cpu-dc",0.09,"ssa",1,29.87
"pc3","2cpu-dc",0.09,"ssa",2,31.05
"pc3","2cpu-dc",0.09,"ssa",2,30.35
"pc3","2cpu-dc",0.09,"ssa",1,31.17
"pc3","2cpu-dc",0.09,"ssa",1,30.38
"pc3","2cpu-dc",0.09,"ssa",2,31.48
"pc3","2cpu-dc",0.11,"ssa",1,26.28
"pc3","2cpu-dc",0.11,"ssa",2,26.37
"pc3","2cpu-dc",0.11,"ssa",1,26.59
"pc3","2cpu-dc",0.11,"ssa",2,27.29
"pc3","2cpu-dc",0.11,"ssa",1,23.77
"pc3","2cpu-dc",0.11,"ssa",2,24.44
"pc3","2cpu-dc",0.11,"ssa",1,23.48
"pc3","2cpu-dc",0.11,"ssa",2,25.36
"pc3","2cpu-dc",0.11,"ssa",2,23.16
"pc3","2cpu-dc",0.11,"ssa",1,23.77
"pc3","2cpu-dc",0.11,"ssa",1,23.07
"pc3","2cpu-dc",0.11,"ssa",2,23.44
"pc3","2cpu-dc",0.11,"ssa",1,22.78
"pc3","2cpu-dc",0.11,"ssa",2,22.96
"pc3","2cpu-dc",0.11,"ssa",1,23.97
"pc3","2cpu-dc",0.11,"ssa",2,24.35
"pc3","2cpu-dc",0.11,"ssa",1,23.68
"pc3","2cpu-dc",0.11,"ssa",2,24.76
"pc3","2cpu-dc",0.11,"ssa",1,23.78
"pc3","2cpu-dc",0.11,"ssa",2,24.58
"pc3","2cpu-dc",0.11,"ssa",2,24.09
"pc3","2cpu-dc",0.11,"ssa",1,24.54
"pc3","2cpu-dc",0.11,"ssa",1,24.16
"pc3","2cpu-dc",0.11,"ssa",2,24.46
"pc3","2cpu-dc",0.11,"ssa",1,23.56
"pc3","2cpu-dc",0.11,"ssa",2,23.75
"pc3","2cpu-dc",0.11,"ssa",2,24.25
"pc3","2cpu-dc",0.11,"ssa",1,24.67
"pc3","2cpu-dc",0.11,"ssa",1,24.28
"pc3","2cpu-dc",0.11,"ssa",2,25.07
"pc3","2cpu-dc",0.11,"ssa",1,24.48
"pc3","2cpu-dc",0.11,"ssa",2,25.06
"pc3","2cpu-dc",0.11,"ssa",2,23.86
"pc3","2cpu-dc",0.11,"ssa",1,25.27
"pc3","2cpu-dc",0.11,"ssa",1,23.58
"pc3","2cpu-dc",0.11,"ssa",2,23.76
"pc3","2cpu-dc",0.11,"ssa",1,23.37
"pc3","2cpu-dc",0.11,"ssa",2,23.96
"pc3","2cpu-dc",0.11,"ssa",2,23.74
"pc3","2cpu-dc",0.11,"ssa",1,23.85
"pc3","2cpu-dc",0.11,"ssa",1,22.69
"pc3","2cpu-dc",0.11,"ssa",2,23.29
"pc3","2cpu-dc",0.11,"ssa",1,22.76
"pc3","2cpu-dc",0.11,"ssa",2,23.55
"pc3","2cpu-dc",0.11,"ssa",2,22.97
"pc3","2cpu-dc",0.11,"ssa",1,23.88
"pc3","2cpu-dc",0.11,"ssa",1,22.97
"pc3","2cpu-dc",0.11,"ssa",2,24.35
"pc3","2cpu-dc",0.11,"ssa",1,23.28
"pc3","2cpu-dc",0.11,"ssa",2,23.97
"pc3","2cpu-dc",0.11,"ssa",2,24.49
"pc3","2cpu-dc",0.11,"ssa",1,24.49
"pc3","2cpu-dc",0.11,"ssa",1,23.87
"pc3","2cpu-dc",0.11,"ssa",2,24.76
"pc3","2cpu-dc",0.11,"ssa",1,23.57
"pc3","2cpu-dc",0.11,"ssa",2,25.15
"pc3","2cpu-dc",0.11,"ssa",2,23.27
"pc3","2cpu-dc",0.11,"ssa",1,24.17
"pc3","2cpu-dc",0.11,"ssa",1,24.36
"pc3","2cpu-dc",0.11,"ssa",2,24.65
"pc3","2cpu-dc",0.12,"ssa",1,22.96
"pc3","2cpu-dc",0.12,"ssa",2,22.96
"pc3","2cpu-dc",0.12,"ssa",2,23.05
"pc3","2cpu-dc",0.12,"ssa",1,24.16
"pc3","2cpu-dc",0.12,"ssa",1,20.48
"pc3","2cpu-dc",0.12,"ssa",2,20.57
"pc3","2cpu-dc",0.12,"ssa",2,20.87
"pc3","2cpu-dc",0.12,"ssa",1,20.98
"pc3","2cpu-dc",0.12,"ssa",2,20.72
"pc3","2cpu-dc",0.12,"ssa",1,21.01
"pc3","2cpu-dc",0.12,"ssa",2,21.65
"pc3","2cpu-dc",0.12,"ssa",1,21.76
"pc3","2cpu-dc",0.12,"ssa",1,20.79
"pc3","2cpu-dc",0.12,"ssa",2,21.58
"pc3","2cpu-dc",0.12,"ssa",2,21.89
"pc3","2cpu-dc",0.12,"ssa",1,23.8
"pc3","2cpu-dc",0.12,"ssa",1,21.06
"pc3","2cpu-dc",0.12,"ssa",2,21.15
"pc3","2cpu-dc",0.12,"ssa",2,21.26
"pc3","2cpu-dc",0.12,"ssa",1,21.57
"pc3","2cpu-dc",0.12,"ssa",1,21.39
"pc3","2cpu-dc",0.12,"ssa",2,21.48
"pc3","2cpu-dc",0.12,"ssa",2,21.39
"pc3","2cpu-dc",0.12,"ssa",1,21.39
"pc3","2cpu-dc",0.12,"ssa",1,20.56
"pc3","2cpu-dc",0.12,"ssa",2,21.26
"pc3","2cpu-dc",0.12,"ssa",1,21.06
"pc3","2cpu-dc",0.12,"ssa",2,21.24
"pc3","2cpu-dc",0.12,"ssa",1,21.07
"pc3","2cpu-dc",0.12,"ssa",2,21.47
"pc3","2cpu-dc",0.12,"ssa",2,21.64
"pc3","2cpu-dc",0.12,"ssa",1,23.67
"pc3","2cpu-dc",0.12,"ssa",2,21.97
"pc3","2cpu-dc",0.12,"ssa",1,22.06
"pc3","2cpu-dc",0.12,"ssa",2,21.4
"pc3","2cpu-dc",0.12,"ssa",1,21.49
"pc3","2cpu-dc",0.12,"ssa",1,20.58
"pc3","2cpu-dc",0.12,"ssa",2,20.58
"pc3","2cpu-dc",0.12,"ssa",1,20.89
"pc3","2cpu-dc",0.12,"ssa",2,20.98
"pc3","2cpu-dc",0.12,"ssa",1,20.78
"pc3","2cpu-dc",0.12,"ssa",2,20.88
"pc3","2cpu-dc",0.12,"ssa",2,22.18
"pc3","2cpu-dc",0.12,"ssa",1,22.59
"pc3","2cpu-dc",0.12,"ssa",2,20.54
"pc3","2cpu-dc",0.12,"ssa",1,20.97
"pc3","2cpu-dc",0.12,"ssa",2,20.66
"pc3","2cpu-dc",0.12,"ssa",1,21.37
"pc3","2cpu-dc",0.12,"ssa",2,20.95
"pc3","2cpu-dc",0.12,"ssa",1,21.06
"pc3","2cpu-dc",0.12,"ssa",1,21.39
"pc3","2cpu-dc",0.12,"ssa",2,21.68
"pc3","2cpu-dc",0.12,"ssa",1,20.64
"pc3","2cpu-dc",0.12,"ssa",2,21.13
"pc3","2cpu-dc",0.12,"ssa",2,21.57
"pc3","2cpu-dc",0.12,"ssa",1,23.69
"pc3","2cpu-dc",0.12,"ssa",1,21.17
"pc3","2cpu-dc",0.12,"ssa",2,21.26
"pc3","2cpu-dc",0.12,"ssa",2,22.18
"pc3","2cpu-dc",0.12,"ssa",1,22.29
"pc3","2cpu-dc",0.13,"ssa",1,20.86
"pc3","2cpu-dc",0.13,"ssa",2,21.36
"pc3","2cpu-dc",0.13,"ssa",2,21.38
"pc3","2cpu-dc",0.13,"ssa",1,22.29
"pc3","2cpu-dc",0.13,"ssa",2,18.66
"pc3","2cpu-dc",0.13,"ssa",1,20.16
"pc3","2cpu-dc",0.13,"ssa",2,18.99
"pc3","2cpu-dc",0.13,"ssa",1,19.5
"pc3","2cpu-dc",0.13,"ssa",1,18.74
"pc3","2cpu-dc",0.13,"ssa",2,18.74
"pc3","2cpu-dc",0.13,"ssa",2,18.54
"pc3","2cpu-dc",0.13,"ssa",1,19.64
"pc3","2cpu-dc",0.13,"ssa",2,18.96
"pc3","2cpu-dc",0.13,"ssa",1,19.57
"pc3","2cpu-dc",0.13,"ssa",2,18.85
"pc3","2cpu-dc",0.13,"ssa",1,19.16
"pc3","2cpu-dc",0.13,"ssa",2,19.45
"pc3","2cpu-dc",0.13,"ssa",1,20.27
"pc3","2cpu-dc",0.13,"ssa",2,19.27
"pc3","2cpu-dc",0.13,"ssa",1,20.08
"pc3","2cpu-dc",0.13,"ssa",2,19.46
"pc3","2cpu-dc",0.13,"ssa",1,19.77
"pc3","2cpu-dc",0.13,"ssa",2,19.16
"pc3","2cpu-dc",0.13,"ssa",1,19.98
"pc3","2cpu-dc",0.13,"ssa",2,18.76
"pc3","2cpu-dc",0.13,"ssa",1,19.47
"pc3","2cpu-dc",0.13,"ssa",2,19.16
"pc3","2cpu-dc",0.13,"ssa",1,19.36
"pc3","2cpu-dc",0.13,"ssa",2,19.16
"pc3","2cpu-dc",0.13,"ssa",1,19.77
"pc3","2cpu-dc",0.13,"ssa",2,19.15
"pc3","2cpu-dc",0.13,"ssa",1,19.68
"pc3","2cpu-dc",0.13,"ssa",2,19.94
"pc3","2cpu-dc",0.13,"ssa",1,20.36
"pc3","2cpu-dc",0.13,"ssa",2,18.96
"pc3","2cpu-dc",0.13,"ssa",1,19.97
"pc3","2cpu-dc",0.13,"ssa",2,18.45
"pc3","2cpu-dc",0.13,"ssa",1,19.76
"pc3","2cpu-dc",0.13,"ssa",2,19.17
"pc3","2cpu-dc",0.13,"ssa",1,19.47
"pc3","2cpu-dc",0.13,"ssa",2,18.74
"pc3","2cpu-dc",0.13,"ssa",1,21.87
"pc3","2cpu-dc",0.13,"ssa",2,18.35
"pc3","2cpu-dc",0.13,"ssa",1,19.25
"pc3","2cpu-dc",0.13,"ssa",1,18.97
"pc3","2cpu-dc",0.13,"ssa",2,18.96
"pc3","2cpu-dc",0.13,"ssa",2,18.65
"pc3","2cpu-dc",0.13,"ssa",1,19.37
"pc3","2cpu-dc",0.13,"ssa",2,18.77
"pc3","2cpu-dc",0.13,"ssa",1,19.58
"pc3","2cpu-dc",0.13,"ssa",2,19.06
"pc3","2cpu-dc",0.13,"ssa",1,19.16
"pc3","2cpu-dc",0.13,"ssa",2,19.07
"pc3","2cpu-dc",0.13,"ssa",1,19.49
"pc3","2cpu-dc",0.13,"ssa",2,19.65
"pc3","2cpu-dc",0.13,"ssa",1,20.56
"pc3","2cpu-dc",0.13,"ssa",2,20.16
"pc3","2cpu-dc",0.13,"ssa",1,20.26
"pc3","2cpu-dc",0.13,"ssa",2,19.69
"pc3","2cpu-dc",0.13,"ssa",1,20.69
"pc3","2cpu-dc",0.14,"ssa",2,20.05
"pc3","2cpu-dc",0.14,"ssa",1,20.26
"pc3","2cpu-dc",0.14,"ssa",1,19.47
"pc3","2cpu-dc",0.14,"ssa",2,20.05
"pc3","2cpu-dc",0.14,"ssa",2,18.28
"pc3","2cpu-dc",0.14,"ssa",1,18.78
"pc3","2cpu-dc",0.14,"ssa",2,17.86
"pc3","2cpu-dc",0.14,"ssa",1,18.08
"pc3","2cpu-dc",0.14,"ssa",1,17.35
"pc3","2cpu-dc",0.14,"ssa",2,17.45
"pc3","2cpu-dc",0.14,"ssa",2,17.48
"pc3","2cpu-dc",0.14,"ssa",1,17.69
"pc3","2cpu-dc",0.14,"ssa",2,18.05
"pc3","2cpu-dc",0.14,"ssa",1,18.16
"pc3","2cpu-dc",0.14,"ssa",1,18.6
"pc3","2cpu-dc",0.14,"ssa",2,18.59
"pc3","2cpu-dc",0.14,"ssa",2,17.14
"pc3","2cpu-dc",0.14,"ssa",1,17.85
"pc3","2cpu-dc",0.14,"ssa",2,17.27
"pc3","2cpu-dc",0.14,"ssa",1,17.39
"pc3","2cpu-dc",0.14,"ssa",1,17.07
"pc3","2cpu-dc",0.14,"ssa",2,17.39
"pc3","2cpu-dc",0.14,"ssa",2,17.15
"pc3","2cpu-dc",0.14,"ssa",1,17.46
"pc3","2cpu-dc",0.14,"ssa",1,18.67
"pc3","2cpu-dc",0.14,"ssa",2,18.76
"pc3","2cpu-dc",0.14,"ssa",1,17.39
"pc3","2cpu-dc",0.14,"ssa",2,17.78
"pc3","2cpu-dc",0.14,"ssa",2,17.27
"pc3","2cpu-dc",0.14,"ssa",1,17.47
"pc3","2cpu-dc",0.14,"ssa",2,17.85
"pc3","2cpu-dc",0.14,"ssa",1,18.46
"pc3","2cpu-dc",0.14,"ssa",1,17.58
"pc3","2cpu-dc",0.14,"ssa",2,18.05
"pc3","2cpu-dc",0.14,"ssa",2,18.26
"pc3","2cpu-dc",0.14,"ssa",1,18.36
"pc3","2cpu-dc",0.14,"ssa",1,18
"pc3","2cpu-dc",0.14,"ssa",2,18.28
"pc3","2cpu-dc",0.14,"ssa",1,17.87
"pc3","2cpu-dc",0.14,"ssa",2,18.35
"pc3","2cpu-dc",0.14,"ssa",2,17.06
"pc3","2cpu-dc",0.14,"ssa",1,17.78
"pc3","2cpu-dc",0.14,"ssa",2,17.94
"pc3","2cpu-dc",0.14,"ssa",1,18.15
"pc3","2cpu-dc",0.14,"ssa",1,17.56
"pc3","2cpu-dc",0.14,"ssa",2,17.64
"pc3","2cpu-dc",0.14,"ssa",2,17.27
"pc3","2cpu-dc",0.14,"ssa",1,17.69
"pc3","2cpu-dc",0.14,"ssa",2,17.75
"pc3","2cpu-dc",0.14,"ssa",1,17.87
"pc3","2cpu-dc",0.14,"ssa",1,17.19
"pc3","2cpu-dc",0.14,"ssa",2,18.17
"pc3","2cpu-dc",0.14,"ssa",2,17.06
"pc3","2cpu-dc",0.14,"ssa",1,17.17
"pc3","2cpu-dc",0.14,"ssa",1,17.48
"pc3","2cpu-dc",0.14,"ssa",2,17.87
"pc3","2cpu-dc",0.14,"ssa",1,17.18
"pc3","2cpu-dc",0.14,"ssa",2,17.45
"pc3","2cpu-dc",0.14,"ssa",2,17.07
"pc3","2cpu-dc",0.14,"ssa",1,17.38
"pc3","2cpu-dc",0.16,"ssa",2,16.22
"pc3","2cpu-dc",0.16,"ssa",1,16.61
"pc3","2cpu-dc",0.16,"ssa",1,16.07
"pc3","2cpu-dc",0.16,"ssa",2,16.16
"pc3","2cpu-dc",0.16,"ssa",2,14.97
"pc3","2cpu-dc",0.16,"ssa",1,15.27
"pc3","2cpu-dc",0.16,"ssa",2,14.28
"pc3","2cpu-dc",0.16,"ssa",1,14.78
"pc3","2cpu-dc",0.16,"ssa",1,14.68
"pc3","2cpu-dc",0.16,"ssa",2,15.16
"pc3","2cpu-dc",0.16,"ssa",1,14.48
"pc3","2cpu-dc",0.16,"ssa",2,14.78
"pc3","2cpu-dc",0.16,"ssa",1,14.96
"pc3","2cpu-dc",0.16,"ssa",2,15.48
"pc3","2cpu-dc",0.16,"ssa",1,14.69
"pc3","2cpu-dc",0.16,"ssa",2,15.07
"pc3","2cpu-dc",0.16,"ssa",1,14.66
"pc3","2cpu-dc",0.16,"ssa",2,15.25
"pc3","2cpu-dc",0.16,"ssa",1,14.76
"pc3","2cpu-dc",0.16,"ssa",2,15.06
"pc3","2cpu-dc",0.16,"ssa",1,14.86
"pc3","2cpu-dc",0.16,"ssa",2,15.04
"pc3","2cpu-dc",0.16,"ssa",1,15.07
"pc3","2cpu-dc",0.16,"ssa",2,15.17
"pc3","2cpu-dc",0.16,"ssa",1,14.25
"pc3","2cpu-dc",0.16,"ssa",2,15.02
"pc3","2cpu-dc",0.16,"ssa",1,14.57
"pc3","2cpu-dc",0.16,"ssa",2,15.16
"pc3","2cpu-dc",0.16,"ssa",1,14.88
"pc3","2cpu-dc",0.16,"ssa",2,15.07
"pc3","2cpu-dc",0.16,"ssa",1,15.07
"pc3","2cpu-dc",0.16,"ssa",2,15.65
"pc3","2cpu-dc",0.16,"ssa",2,14.99
"pc3","2cpu-dc",0.16,"ssa",1,14.95
"pc3","2cpu-dc",0.16,"ssa",2,15.14
"pc3","2cpu-dc",0.16,"ssa",1,14.68
"pc3","2cpu-dc",0.16,"ssa",2,14.97
"pc3","2cpu-dc",0.16,"ssa",2,14.45
"pc3","2cpu-dc",0.16,"ssa",1,14.66
"pc3","2cpu-dc",0.16,"ssa",1,14.86
"pc3","2cpu-dc",0.16,"ssa",2,15.14
"pc3","2cpu-dc",0.16,"ssa",1,14.89
"pc3","2cpu-dc",0.16,"ssa",2,15.87
"pc3","2cpu-dc",0.16,"ssa",1,14.58
"pc3","2cpu-dc",0.16,"ssa",2,15.26
"pc3","2cpu-dc",0.16,"ssa",1,14.87
"pc3","2cpu-dc",0.16,"ssa",2,15.05
"pc3","2cpu-dc",0.16,"ssa",1,14.48
"pc3","2cpu-dc",0.16,"ssa",2,15.46
"pc3","2cpu-dc",0.16,"ssa",1,14.97
"pc3","2cpu-dc",0.16,"ssa",2,15.46
"pc3","2cpu-dc",0.16,"ssa",1,14.77
"pc3","2cpu-dc",0.16,"ssa",2,15.26
"pc3","2cpu-dc",0.16,"ssa",1,15.27
"pc3","2cpu-dc",0.16,"ssa",2,15.75
"pc3","2cpu-dc",0.16,"ssa",1,14.96
"pc3","2cpu-dc",0.16,"ssa",2,15.25
"pc3","2cpu-dc",0.16,"ssa",2,15.56
"pc3","2cpu-dc",0.16,"ssa",1,15.67
"pc3","2cpu-dc",0.17,"ssa",2,14.56
"pc3","2cpu-dc",0.17,"ssa",1,15.06
"pc3","2cpu-dc",0.17,"ssa",2,15.35
"pc3","2cpu-dc",0.17,"ssa",1,15.38
"pc3","2cpu-dc",0.17,"ssa",2,14.37
"pc3","2cpu-dc",0.17,"ssa",1,14.87
"pc3","2cpu-dc",0.17,"ssa",2,13.66
"pc3","2cpu-dc",0.17,"ssa",1,13.87
"pc3","2cpu-dc",0.17,"ssa",1,13.86
"pc3","2cpu-dc",0.17,"ssa",2,14.24
"pc3","2cpu-dc",0.17,"ssa",2,14.3
"pc3","2cpu-dc",0.17,"ssa",1,14.39
"pc3","2cpu-dc",0.17,"ssa",2,14.28
"pc3","2cpu-dc",0.17,"ssa",1,14.38
"pc3","2cpu-dc",0.17,"ssa",1,13.89
"pc3","2cpu-dc",0.17,"ssa",2,14.08
"pc3","2cpu-dc",0.17,"ssa",2,13.86
"pc3","2cpu-dc",0.17,"ssa",1,14.07
"pc3","2cpu-dc",0.17,"ssa",1,13.87
"pc3","2cpu-dc",0.17,"ssa",2,13.86
"pc3","2cpu-dc",0.17,"ssa",2,13.87
"pc3","2cpu-dc",0.17,"ssa",1,13.96
"pc3","2cpu-dc",0.17,"ssa",2,14.49
"pc3","2cpu-dc",0.17,"ssa",1,14.79
"pc3","2cpu-dc",0.17,"ssa",1,14.07
"pc3","2cpu-dc",0.17,"ssa",2,14.06
"pc3","2cpu-dc",0.17,"ssa",1,14.55
"pc3","2cpu-dc",0.17,"ssa",2,14.55
"pc3","2cpu-dc",0.17,"ssa",2,13.85
"pc3","2cpu-dc",0.17,"ssa",1,14.06
"pc3","2cpu-dc",0.17,"ssa",2,13.96
"pc3","2cpu-dc",0.17,"ssa",1,14.27
"pc3","2cpu-dc",0.17,"ssa",2,14.07
"pc3","2cpu-dc",0.17,"ssa",1,14.27
"pc3","2cpu-dc",0.17,"ssa",2,14.19
"pc3","2cpu-dc",0.17,"ssa",1,14.38
"pc3","2cpu-dc",0.17,"ssa",1,13.98
"pc3","2cpu-dc",0.17,"ssa",2,13.98
"pc3","2cpu-dc",0.17,"ssa",1,13.97
"pc3","2cpu-dc",0.17,"ssa",2,13.97
"pc3","2cpu-dc",0.17,"ssa",2,13.59
"pc3","2cpu-dc",0.17,"ssa",1,13.79
"pc3","2cpu-dc",0.17,"ssa",2,13.53
"pc3","2cpu-dc",0.17,"ssa",1,13.86
"pc3","2cpu-dc",0.17,"ssa",1,14.24
"pc3","2cpu-dc",0.17,"ssa",2,14.24
"pc3","2cpu-dc",0.17,"ssa",2,14.06
"pc3","2cpu-dc",0.17,"ssa",1,14.17
"pc3","2cpu-dc",0.17,"ssa",2,14.19
"pc3","2cpu-dc",0.17,"ssa",1,14.59
"pc3","2cpu-dc",0.17,"ssa",1,13.58
"pc3","2cpu-dc",0.17,"ssa",2,13.75
"pc3","2cpu-dc",0.17,"ssa",2,13.86
"pc3","2cpu-dc",0.17,"ssa",1,14.37
"pc3","2cpu-dc",0.17,"ssa",2,13.64
"pc3","2cpu-dc",0.17,"ssa",1,14.17
"pc3","2cpu-dc",0.17,"ssa",2,14.23
"pc3","2cpu-dc",0.17,"ssa",1,14.25
"pc3","2cpu-dc",0.17,"ssa",2,13.99
"pc3","2cpu-dc",0.17,"ssa",1,14.09
"pc3","2cpu-dc",0.18,"ssa",1,13.79
"pc3","2cpu-dc",0.18,"ssa",2,13.97
"pc3","2cpu-dc",0.18,"ssa",1,13.57
"pc3","2cpu-dc",0.18,"ssa",2,13.96
"pc3","2cpu-dc",0.18,"ssa",2,19.63
"pc3","2cpu-dc",0.18,"ssa",1,13.25
"pc3","2cpu-dc",0.18,"ssa",1,12.69
"pc3","2cpu-dc",0.18,"ssa",2,12.79
"pc3","2cpu-dc",0.18,"ssa",2,12.69
"pc3","2cpu-dc",0.18,"ssa",1,12.78
"pc3","2cpu-dc",0.18,"ssa",2,12.6
"pc3","2cpu-dc",0.18,"ssa",1,12.69
"pc3","2cpu-dc",0.18,"ssa",1,13.09
"pc3","2cpu-dc",0.18,"ssa",2,13.3
"pc3","2cpu-dc",0.18,"ssa",2,13.16
"pc3","2cpu-dc",0.18,"ssa",1,13.16
"pc3","2cpu-dc",0.18,"ssa",1,12.48
"pc3","2cpu-dc",0.18,"ssa",2,12.49
"pc3","2cpu-dc",0.18,"ssa",2,12.85
"pc3","2cpu-dc",0.18,"ssa",1,12.86
"pc3","2cpu-dc",0.18,"ssa",2,12.68
"pc3","2cpu-dc",0.18,"ssa",1,12.98
"pc3","2cpu-dc",0.18,"ssa",1,12.77
"pc3","2cpu-dc",0.18,"ssa",2,12.94
"pc3","2cpu-dc",0.18,"ssa",1,12.97
"pc3","2cpu-dc",0.18,"ssa",2,13.06
"pc3","2cpu-dc",0.18,"ssa",1,13.09
"pc3","2cpu-dc",0.18,"ssa",2,13.09
"pc3","2cpu-dc",0.18,"ssa",1,12.94
"pc3","2cpu-dc",0.18,"ssa",2,12.93
"pc3","2cpu-dc",0.18,"ssa",2,12.77
"pc3","2cpu-dc",0.18,"ssa",1,12.87
"pc3","2cpu-dc",0.18,"ssa",2,12.48
"pc3","2cpu-dc",0.18,"ssa",1,12.68
"pc3","2cpu-dc",0.18,"ssa",1,12.49
"pc3","2cpu-dc",0.18,"ssa",2,12.88
"pc3","2cpu-dc",0.18,"ssa",2,12.53
"pc3","2cpu-dc",0.18,"ssa",1,12.66
"pc3","2cpu-dc",0.18,"ssa",1,13.06
"pc3","2cpu-dc",0.18,"ssa",2,13.38
"pc3","2cpu-dc",0.18,"ssa",1,13.49
"pc3","2cpu-dc",0.18,"ssa",1,12.69
"pc3","2cpu-dc",0.18,"ssa",2,12.78
"pc3","2cpu-dc",0.18,"ssa",2,13.08
"pc3","2cpu-dc",0.18,"ssa",1,13.19
"pc3","2cpu-dc",0.18,"ssa",2,12.78
"pc3","2cpu-dc",0.18,"ssa",1,12.8
"pc3","2cpu-dc",0.18,"ssa",2,12.54
"pc3","2cpu-dc",0.18,"ssa",1,12.56
"pc3","2cpu-dc",0.18,"ssa",1,12.67
"pc3","2cpu-dc",0.18,"ssa",2,12.67
"pc3","2cpu-dc",0.18,"ssa",1,12.86
"pc3","2cpu-dc",0.18,"ssa",2,13.04
"pc3","2cpu-dc",0.18,"ssa",1,12.9
"pc3","2cpu-dc",0.18,"ssa",2,13.09
"pc3","2cpu-dc",0.18,"ssa",2,13.18
"pc3","2cpu-dc",0.18,"ssa",1,13.19
"pc3","2cpu-dc",0.18,"ssa",2,12.68
"pc3","2cpu-dc",0.18,"ssa",1,12.67
"pc3","2cpu-dc",0.19,"ssa",2,13.03
"pc3","2cpu-dc",0.19,"ssa",1,13.63
"pc3","2cpu-dc",0.19,"ssa",1,13.28
"pc3","2cpu-dc",0.19,"ssa",2,13.59
"pc3","2cpu-dc",0.19,"ssa",2,12.47
"pc3","2cpu-dc",0.19,"ssa",1,13.08
"pc3","2cpu-dc",0.19,"ssa",2,11.98
"pc3","2cpu-dc",0.19,"ssa",1,12.18
"pc3","2cpu-dc",0.19,"ssa",2,11.79
"pc3","2cpu-dc",0.19,"ssa",1,11.79
"pc3","2cpu-dc",0.19,"ssa",2,11.65
"pc3","2cpu-dc",0.19,"ssa",1,12.14
"pc3","2cpu-dc",0.19,"ssa",2,12.07
"pc3","2cpu-dc",0.19,"ssa",1,12.18
"pc3","2cpu-dc",0.19,"ssa",2,11.77
"pc3","2cpu-dc",0.19,"ssa",1,11.97
"pc3","2cpu-dc",0.19,"ssa",2,11.96
"pc3","2cpu-dc",0.19,"ssa",1,12.06
"pc3","2cpu-dc",0.19,"ssa",2,11.81
"pc3","2cpu-dc",0.19,"ssa",1,11.95
"pc3","2cpu-dc",0.19,"ssa",2,11.77
"pc3","2cpu-dc",0.19,"ssa",1,11.97
"pc3","2cpu-dc",0.19,"ssa",2,11.97
"pc3","2cpu-dc",0.19,"ssa",1,12.17
"pc3","2cpu-dc",0.19,"ssa",2,11.67
"pc3","2cpu-dc",0.19,"ssa",1,11.76
"pc3","2cpu-dc",0.19,"ssa",2,11.88
"pc3","2cpu-dc",0.19,"ssa",1,12.09
"pc3","2cpu-dc",0.19,"ssa",2,11.79
"pc3","2cpu-dc",0.19,"ssa",1,11.89
"pc3","2cpu-dc",0.19,"ssa",2,11.76
"pc3","2cpu-dc",0.19,"ssa",1,11.97
"pc3","2cpu-dc",0.19,"ssa",2,11.47
"pc3","2cpu-dc",0.19,"ssa",1,12.17
"pc3","2cpu-dc",0.19,"ssa",2,11.77
"pc3","2cpu-dc",0.19,"ssa",1,12.16
"pc3","2cpu-dc",0.19,"ssa",2,11.55
"pc3","2cpu-dc",0.19,"ssa",1,12.18
"pc3","2cpu-dc",0.19,"ssa",2,11.76
"pc3","2cpu-dc",0.19,"ssa",1,12.06
"pc3","2cpu-dc",0.19,"ssa",2,11.64
"pc3","2cpu-dc",0.19,"ssa",1,11.97
"pc3","2cpu-dc",0.19,"ssa",2,11.85
"pc3","2cpu-dc",0.19,"ssa",1,12.08
"pc3","2cpu-dc",0.19,"ssa",2,11.55
"pc3","2cpu-dc",0.19,"ssa",1,11.95
"pc3","2cpu-dc",0.19,"ssa",2,11.7
"pc3","2cpu-dc",0.19,"ssa",1,11.89
"pc3","2cpu-dc",0.19,"ssa",2,11.75
"pc3","2cpu-dc",0.19,"ssa",1,12.07
"pc3","2cpu-dc",0.19,"ssa",2,11.66
"pc3","2cpu-dc",0.19,"ssa",1,12.05
"pc3","2cpu-dc",0.19,"ssa",2,11.74
"pc3","2cpu-dc",0.19,"ssa",1,11.87
"pc3","2cpu-dc",0.19,"ssa",2,11.88
"pc3","2cpu-dc",0.19,"ssa",1,12.08
"pc3","2cpu-dc",0.19,"ssa",2,12.36
"pc3","2cpu-dc",0.19,"ssa",1,12.48
"pc3","2cpu-dc",0.19,"ssa",2,11.87
"pc3","2cpu-dc",0.19,"ssa",1,12.18
"pc3","2cpu-dc",0.06,"seadec",2,40.31
"pc3","2cpu-dc",0.06,"seadec",1,40.42
"pc3","2cpu-dc",0.06,"seadec",2,40.58
"pc3","2cpu-dc",0.06,"seadec",1,40.88
"pc3","2cpu-dc",0.06,"seadec",2,36.98
"pc3","2cpu-dc",0.06,"seadec",1,37.19
"pc3","2cpu-dc",0.06,"seadec",2,36.64
"pc3","2cpu-dc",0.06,"seadec",1,36.86
"pc3","2cpu-dc",0.06,"seadec",2,36.65
"pc3","2cpu-dc",0.06,"seadec",1,37.17
"pc3","2cpu-dc",0.06,"seadec",2,36.42
"pc3","2cpu-dc",0.06,"seadec",1,36.64
"pc3","2cpu-dc",0.06,"seadec",1,36.88
"pc3","2cpu-dc",0.06,"seadec",2,37.38
"pc3","2cpu-dc",0.06,"seadec",1,36.29
"pc3","2cpu-dc",0.06,"seadec",2,36.68
"pc3","2cpu-dc",0.06,"seadec",1,36.97
"pc3","2cpu-dc",0.06,"seadec",2,37.26
"pc3","2cpu-dc",0.06,"seadec",1,36.86
"pc3","2cpu-dc",0.06,"seadec",2,37.55
"pc3","2cpu-dc",0.06,"seadec",2,37.36
"pc3","2cpu-dc",0.06,"seadec",1,37.67
"pc3","2cpu-dc",0.06,"seadec",2,37.29
"pc3","2cpu-dc",0.06,"seadec",1,37.79
"pc3","2cpu-dc",0.06,"seadec",2,37.15
"pc3","2cpu-dc",0.06,"seadec",1,37.37
"pc3","2cpu-dc",0.06,"seadec",2,37.35
"pc3","2cpu-dc",0.06,"seadec",1,37.47
"pc3","2cpu-dc",0.06,"seadec",2,37.15
"pc3","2cpu-dc",0.06,"seadec",1,37.26
"pc3","2cpu-dc",0.06,"seadec",2,37.09
"pc3","2cpu-dc",0.06,"seadec",1,37.49
"pc3","2cpu-dc",0.06,"seadec",2,37.25
"pc3","2cpu-dc",0.06,"seadec",1,37.36
"pc3","2cpu-dc",0.06,"seadec",2,37.48
"pc3","2cpu-dc",0.06,"seadec",1,37.69
"pc3","2cpu-dc",0.06,"seadec",2,37.15
"pc3","2cpu-dc",0.06,"seadec",1,37.76
"pc3","2cpu-dc",0.06,"seadec",2,37.37
"pc3","2cpu-dc",0.06,"seadec",1,37.78
"pc3","2cpu-dc",0.06,"seadec",2,36.85
"pc3","2cpu-dc",0.06,"seadec",1,37.46
"pc3","2cpu-dc",0.06,"seadec",2,36.75
"pc3","2cpu-dc",0.06,"seadec",1,37.17
"pc3","2cpu-dc",0.06,"seadec",2,36.95
"pc3","2cpu-dc",0.06,"seadec",1,37.46
"pc3","2cpu-dc",0.06,"seadec",2,37.15
"pc3","2cpu-dc",0.06,"seadec",1,37.47
"pc3","2cpu-dc",0.06,"seadec",2,37.46
"pc3","2cpu-dc",0.06,"seadec",1,37.67
"pc3","2cpu-dc",0.06,"seadec",2,37.07
"pc3","2cpu-dc",0.06,"seadec",1,37.28
"pc3","2cpu-dc",0.06,"seadec",2,37.25
"pc3","2cpu-dc",0.06,"seadec",1,37.57
"pc3","2cpu-dc",0.06,"seadec",2,37.15
"pc3","2cpu-dc",0.06,"seadec",1,37.36
"pc3","2cpu-dc",0.06,"seadec",1,37.26
"pc3","2cpu-dc",0.06,"seadec",2,37.26
"pc3","2cpu-dc",0.06,"seadec",2,37.28
"pc3","2cpu-dc",0.06,"seadec",1,37.48
"pc3","2cpu-dc",0.07,"seadec",2,34.22
"pc3","2cpu-dc",0.07,"seadec",1,34.33
"pc3","2cpu-dc",0.07,"seadec",2,34.88
"pc3","2cpu-dc",0.07,"seadec",1,35.29
"pc3","2cpu-dc",0.07,"seadec",2,31.06
"pc3","2cpu-dc",0.07,"seadec",1,31.27
"pc3","2cpu-dc",0.07,"seadec",2,31.15
"pc3","2cpu-dc",0.07,"seadec",1,31.36
"pc3","2cpu-dc",0.07,"seadec",1,31.07
"pc3","2cpu-dc",0.07,"seadec",2,31.16
"pc3","2cpu-dc",0.07,"seadec",1,31.09
"pc3","2cpu-dc",0.07,"seadec",2,31.38
"pc3","2cpu-dc",0.07,"seadec",1,30.87
"pc3","2cpu-dc",0.07,"seadec",2,31.26
"pc3","2cpu-dc",0.07,"seadec",2,31.26
"pc3","2cpu-dc",0.07,"seadec",1,31.36
"pc3","2cpu-dc",0.07,"seadec",2,29.88
"pc3","2cpu-dc",0.07,"seadec",1,30.39
"pc3","2cpu-dc",0.07,"seadec",2,30.16
"pc3","2cpu-dc",0.07,"seadec",1,30.37
"pc3","2cpu-dc",0.07,"seadec",2,30.55
"pc3","2cpu-dc",0.07,"seadec",1,30.96
"pc3","2cpu-dc",0.07,"seadec",2,31.67
"pc3","2cpu-dc",0.07,"seadec",1,31.89
"pc3","2cpu-dc",0.07,"seadec",1,31.37
"pc3","2cpu-dc",0.07,"seadec",2,31.85
"pc3","2cpu-dc",0.07,"seadec",1,31.19
"pc3","2cpu-dc",0.07,"seadec",2,31.67
"pc3","2cpu-dc",0.07,"seadec",1,31.28
"pc3","2cpu-dc",0.07,"seadec",2,31.77
"pc3","2cpu-dc",0.07,"seadec",1,30.97
"pc3","2cpu-dc",0.07,"seadec",2,31.55
"pc3","2cpu-dc",0.07,"seadec",2,31.06
"pc3","2cpu-dc",0.07,"seadec",1,31.36
"pc3","2cpu-dc",0.07,"seadec",2,31.75
"pc3","2cpu-dc",0.07,"seadec",1,31.76
"pc3","2cpu-dc",0.07,"seadec",1,31.59
"pc3","2cpu-dc",0.07,"seadec",2,31.69
"pc3","2cpu-dc",0.07,"seadec",2,31.46
"pc3","2cpu-dc",0.07,"seadec",1,31.67
"pc3","2cpu-dc",0.07,"seadec",1,30.76
"pc3","2cpu-dc",0.07,"seadec",2,31.35
"pc3","2cpu-dc",0.07,"seadec",1,30.97
"pc3","2cpu-dc",0.07,"seadec",2,31.05
"pc3","2cpu-dc",0.07,"seadec",1,31.18
"pc3","2cpu-dc",0.07,"seadec",2,31.56
"pc3","2cpu-dc",0.07,"seadec",1,31.69
"pc3","2cpu-dc",0.07,"seadec",2,31.88
"pc3","2cpu-dc",0.07,"seadec",2,31.76
"pc3","2cpu-dc",0.07,"seadec",1,31.87
"pc3","2cpu-dc",0.07,"seadec",2,31.65
"pc3","2cpu-dc",0.07,"seadec",1,32.06
"pc3","2cpu-dc",0.07,"seadec",2,31.36
"pc3","2cpu-dc",0.07,"seadec",1,31.67
"pc3","2cpu-dc",0.07,"seadec",2,31.44
"pc3","2cpu-dc",0.07,"seadec",1,31.86
"pc3","2cpu-dc",0.07,"seadec",2,31.68
"pc3","2cpu-dc",0.07,"seadec",1,31.79
"pc3","2cpu-dc",0.07,"seadec",1,31.78
"pc3","2cpu-dc",0.07,"seadec",2,31.88
"pc3","2cpu-dc",0.08,"seadec",2,28.5
"pc3","2cpu-dc",0.08,"seadec",1,28.7
"pc3","2cpu-dc",0.08,"seadec",2,29.06
"pc3","2cpu-dc",0.08,"seadec",1,29.16
"pc3","2cpu-dc",0.08,"seadec",2,26.48
"pc3","2cpu-dc",0.08,"seadec",1,26.78
"pc3","2cpu-dc",0.08,"seadec",1,26.66
"pc3","2cpu-dc",0.08,"seadec",2,26.66
"pc3","2cpu-dc",0.08,"seadec",1,26.77
"pc3","2cpu-dc",0.08,"seadec",2,26.77
"pc3","2cpu-dc",0.08,"seadec",1,26.88
"pc3","2cpu-dc",0.08,"seadec",2,27.18
"pc3","2cpu-dc",0.08,"seadec",1,26.56
"pc3","2cpu-dc",0.08,"seadec",2,26.56
"pc3","2cpu-dc",0.08,"seadec",2,26.84
"pc3","2cpu-dc",0.08,"seadec",1,27.06
"pc3","2cpu-dc",0.08,"seadec",2,26.96
"pc3","2cpu-dc",0.08,"seadec",1,27.38
"pc3","2cpu-dc",0.08,"seadec",1,26.97
"pc3","2cpu-dc",0.08,"seadec",2,27.06
"pc3","2cpu-dc",0.08,"seadec",1,27.28
"pc3","2cpu-dc",0.08,"seadec",2,27.47
"pc3","2cpu-dc",0.08,"seadec",2,27.19
"pc3","2cpu-dc",0.08,"seadec",1,27.49
"pc3","2cpu-dc",0.08,"seadec",1,26.36
"pc3","2cpu-dc",0.08,"seadec",2,26.46
"pc3","2cpu-dc",0.08,"seadec",1,25.79
"pc3","2cpu-dc",0.08,"seadec",2,26.08
"pc3","2cpu-dc",0.08,"seadec",1,26.28
"pc3","2cpu-dc",0.08,"seadec",2,26.48
"pc3","2cpu-dc",0.08,"seadec",2,26.97
"pc3","2cpu-dc",0.08,"seadec",1,26.97
"pc3","2cpu-dc",0.08,"seadec",1,27.06
"pc3","2cpu-dc",0.08,"seadec",2,27.44
"pc3","2cpu-dc",0.08,"seadec",2,26.86
"pc3","2cpu-dc",0.08,"seadec",1,27.17
"pc3","2cpu-dc",0.08,"seadec",2,26.86
"pc3","2cpu-dc",0.08,"seadec",1,26.86
"pc3","2cpu-dc",0.08,"seadec",2,27.07
"pc3","2cpu-dc",0.08,"seadec",1,27.08
"pc3","2cpu-dc",0.08,"seadec",2,27.33
"pc3","2cpu-dc",0.08,"seadec",1,27.85
"pc3","2cpu-dc",0.08,"seadec",2,27.45
"pc3","2cpu-dc",0.08,"seadec",1,27.56
"pc3","2cpu-dc",0.08,"seadec",2,27.47
"pc3","2cpu-dc",0.08,"seadec",1,27.58
"pc3","2cpu-dc",0.08,"seadec",2,27.18
"pc3","2cpu-dc",0.08,"seadec",1,27.23
"pc3","2cpu-dc",0.08,"seadec",2,27.23
"pc3","2cpu-dc",0.08,"seadec",2,26.84
"pc3","2cpu-dc",0.08,"seadec",1,27.14
"pc3","2cpu-dc",0.08,"seadec",2,26.57
"pc3","2cpu-dc",0.08,"seadec",1,26.78
"pc3","2cpu-dc",0.08,"seadec",1,27.26
"pc3","2cpu-dc",0.08,"seadec",2,27.26
"pc3","2cpu-dc",0.08,"seadec",2,27.15
"pc3","2cpu-dc",0.08,"seadec",1,27.36
"pc3","2cpu-dc",0.08,"seadec",2,27.26
"pc3","2cpu-dc",0.08,"seadec",1,27.56
"pc3","2cpu-dc",0.09,"seadec",2,26.06
"pc3","2cpu-dc",0.09,"seadec",1,26.16
"pc3","2cpu-dc",0.09,"seadec",1,26.39
"pc3","2cpu-dc",0.09,"seadec",2,26.48
"pc3","2cpu-dc",0.09,"seadec",2,23.37
"pc3","2cpu-dc",0.09,"seadec",1,23.48
"pc3","2cpu-dc",0.09,"seadec",2,23.48
"pc3","2cpu-dc",0.09,"seadec",1,23.49
"pc3","2cpu-dc",0.09,"seadec",2,23.26
"pc3","2cpu-dc",0.09,"seadec",1,23.28
"pc3","2cpu-dc",0.09,"seadec",1,23.38
"pc3","2cpu-dc",0.09,"seadec",2,23.48
"pc3","2cpu-dc",0.09,"seadec",2,22.58
"pc3","2cpu-dc",0.09,"seadec",1,22.68
"pc3","2cpu-dc",0.09,"seadec",2,23.08
"pc3","2cpu-dc",0.09,"seadec",1,23.09
"pc3","2cpu-dc",0.09,"seadec",1,23.35
"pc3","2cpu-dc",0.09,"seadec",2,23.35
"pc3","2cpu-dc",0.09,"seadec",2,23.67
"pc3","2cpu-dc",0.09,"seadec",1,23.77
"pc3","2cpu-dc",0.09,"seadec",1,23.69
"pc3","2cpu-dc",0.09,"seadec",2,23.69
"pc3","2cpu-dc",0.09,"seadec",1,23.68
"pc3","2cpu-dc",0.09,"seadec",2,23.68
"pc3","2cpu-dc",0.09,"seadec",2,23.86
"pc3","2cpu-dc",0.09,"seadec",1,23.86
"pc3","2cpu-dc",0.09,"seadec",1,23.65
"pc3","2cpu-dc",0.09,"seadec",2,23.65
"pc3","2cpu-dc",0.09,"seadec",1,23.56
"pc3","2cpu-dc",0.09,"seadec",2,23.74
"pc3","2cpu-dc",0.09,"seadec",1,23.69
"pc3","2cpu-dc",0.09,"seadec",2,23.78
"pc3","2cpu-dc",0.09,"seadec",2,23.88
"pc3","2cpu-dc",0.09,"seadec",1,23.89
"pc3","2cpu-dc",0.09,"seadec",1,23.76
"pc3","2cpu-dc",0.09,"seadec",2,24.05
"pc3","2cpu-dc",0.09,"seadec",1,23.86
"pc3","2cpu-dc",0.09,"seadec",2,24.05
"pc3","2cpu-dc",0.09,"seadec",2,23.26
"pc3","2cpu-dc",0.09,"seadec",1,23.77
"pc3","2cpu-dc",0.09,"seadec",1,23.27
"pc3","2cpu-dc",0.09,"seadec",2,23.45
"pc3","2cpu-dc",0.09,"seadec",1,23.38
"pc3","2cpu-dc",0.09,"seadec",2,23.58
"pc3","2cpu-dc",0.09,"seadec",1,23.36
"pc3","2cpu-dc",0.09,"seadec",2,23.55
"pc3","2cpu-dc",0.09,"seadec",2,24.16
"pc3","2cpu-dc",0.09,"seadec",1,24.16
"pc3","2cpu-dc",0.09,"seadec",2,24.08
"pc3","2cpu-dc",0.09,"seadec",1,24.28
"pc3","2cpu-dc",0.09,"seadec",2,24.26
"pc3","2cpu-dc",0.09,"seadec",1,24.37
"pc3","2cpu-dc",0.09,"seadec",1,23.98
"pc3","2cpu-dc",0.09,"seadec",2,24.07
"pc3","2cpu-dc",0.09,"seadec",1,23.99
"pc3","2cpu-dc",0.09,"seadec",2,23.99
"pc3","2cpu-dc",0.09,"seadec",2,23.95
"pc3","2cpu-dc",0.09,"seadec",1,24.06
"pc3","2cpu-dc",0.09,"seadec",2,24.09
"pc3","2cpu-dc",0.09,"seadec",1,24.29
"pc3","2cpu-dc",0.11,"seadec",2,20.7
"pc3","2cpu-dc",0.11,"seadec",1,20.8
"pc3","2cpu-dc",0.11,"seadec",2,20.49
"pc3","2cpu-dc",0.11,"seadec",1,20.69
"pc3","2cpu-dc",0.11,"seadec",2,18.66
"pc3","2cpu-dc",0.11,"seadec",1,18.77
"pc3","2cpu-dc",0.11,"seadec",2,18.76
"pc3","2cpu-dc",0.11,"seadec",1,18.76
"pc3","2cpu-dc",0.11,"seadec",1,17.99
"pc3","2cpu-dc",0.11,"seadec",2,18.18
"pc3","2cpu-dc",0.11,"seadec",1,17.86
"pc3","2cpu-dc",0.11,"seadec",2,18.05
"pc3","2cpu-dc",0.11,"seadec",1,18.08
"pc3","2cpu-dc",0.11,"seadec",2,18.08
"pc3","2cpu-dc",0.11,"seadec",1,18.46
"pc3","2cpu-dc",0.11,"seadec",2,18.47
"pc3","2cpu-dc",0.11,"seadec",1,18.87
"pc3","2cpu-dc",0.11,"seadec",2,19.05
"pc3","2cpu-dc",0.11,"seadec",2,18.96
"pc3","2cpu-dc",0.11,"seadec",1,18.98
"pc3","2cpu-dc",0.11,"seadec",1,18.76
"pc3","2cpu-dc",0.11,"seadec",2,18.85
"pc3","2cpu-dc",0.11,"seadec",1,18.88
"pc3","2cpu-dc",0.11,"seadec",2,18.88
"pc3","2cpu-dc",0.11,"seadec",2,18.97
"pc3","2cpu-dc",0.11,"seadec",1,19.08
"pc3","2cpu-dc",0.11,"seadec",2,19.17
"pc3","2cpu-dc",0.11,"seadec",1,19.17
"pc3","2cpu-dc",0.11,"seadec",2,18.93
"pc3","2cpu-dc",0.11,"seadec",1,19.05
"pc3","2cpu-dc",0.11,"seadec",2,18.89
"pc3","2cpu-dc",0.11,"seadec",1,18.9
"pc3","2cpu-dc",0.11,"seadec",2,19.14
"pc3","2cpu-dc",0.11,"seadec",1,19.26
"pc3","2cpu-dc",0.11,"seadec",1,18.58
"pc3","2cpu-dc",0.11,"seadec",2,18.67
"pc3","2cpu-dc",0.11,"seadec",1,18.58
"pc3","2cpu-dc",0.11,"seadec",2,18.87
"pc3","2cpu-dc",0.11,"seadec",2,18.76
"pc3","2cpu-dc",0.11,"seadec",1,19.08
"pc3","2cpu-dc",0.11,"seadec",1,19.07
"pc3","2cpu-dc",0.11,"seadec",2,19.25
"pc3","2cpu-dc",0.11,"seadec",2,19.06
"pc3","2cpu-dc",0.11,"seadec",1,19.17
"pc3","2cpu-dc",0.11,"seadec",2,19.3
"pc3","2cpu-dc",0.11,"seadec",1,19.3
"pc3","2cpu-dc",0.11,"seadec",2,18.28
"pc3","2cpu-dc",0.11,"seadec",1,18.28
"pc3","2cpu-dc",0.11,"seadec",2,18.24
"pc3","2cpu-dc",0.11,"seadec",1,18.36
"pc3","2cpu-dc",0.11,"seadec",1,18.17
"pc3","2cpu-dc",0.11,"seadec",2,18.25
"pc3","2cpu-dc",0.11,"seadec",1,19.09
"pc3","2cpu-dc",0.11,"seadec",2,19.27
"pc3","2cpu-dc",0.11,"seadec",1,19.17
"pc3","2cpu-dc",0.11,"seadec",2,19.26
"pc3","2cpu-dc",0.11,"seadec",1,19.15
"pc3","2cpu-dc",0.11,"seadec",2,19.26
"pc3","2cpu-dc",0.11,"seadec",2,18.96
"pc3","2cpu-dc",0.11,"seadec",1,19.08
"pc3","2cpu-dc",0.12,"seadec",1,17.74
"pc3","2cpu-dc",0.12,"seadec",2,17.84
"pc3","2cpu-dc",0.12,"seadec",2,18.58
"pc3","2cpu-dc",0.12,"seadec",1,18.69
"pc3","2cpu-dc",0.12,"seadec",1,16.48
"pc3","2cpu-dc",0.12,"seadec",2,16.54
"pc3","2cpu-dc",0.12,"seadec",1,16.66
"pc3","2cpu-dc",0.12,"seadec",2,16.64
"pc3","2cpu-dc",0.12,"seadec",1,16.36
"pc3","2cpu-dc",0.12,"seadec",2,16.43
"pc3","2cpu-dc",0.12,"seadec",1,16.59
"pc3","2cpu-dc",0.12,"seadec",2,16.56
"pc3","2cpu-dc",0.12,"seadec",1,16.57
"pc3","2cpu-dc",0.12,"seadec",2,16.75
"pc3","2cpu-dc",0.12,"seadec",1,16.39
"pc3","2cpu-dc",0.12,"seadec",2,16.57
"pc3","2cpu-dc",0.12,"seadec",1,17.06
"pc3","2cpu-dc",0.12,"seadec",2,17.06
"pc3","2cpu-dc",0.12,"seadec",1,16.26
"pc3","2cpu-dc",0.12,"seadec",2,16.53
"pc3","2cpu-dc",0.12,"seadec",1,15.99
"pc3","2cpu-dc",0.12,"seadec",2,16.28
"pc3","2cpu-dc",0.12,"seadec",2,16.05
"pc3","2cpu-dc",0.12,"seadec",1,16.07
"pc3","2cpu-dc",0.12,"seadec",1,16.28
"pc3","2cpu-dc",0.12,"seadec",2,16.37
"pc3","2cpu-dc",0.12,"seadec",1,16.79
"pc3","2cpu-dc",0.12,"seadec",2,16.88
"pc3","2cpu-dc",0.12,"seadec",1,16.47
"pc3","2cpu-dc",0.12,"seadec",2,16.47
"pc3","2cpu-dc",0.12,"seadec",1,16.28
"pc3","2cpu-dc",0.12,"seadec",2,16.28
"pc3","2cpu-dc",0.12,"seadec",2,16.65
"pc3","2cpu-dc",0.12,"seadec",1,16.65
"pc3","2cpu-dc",0.12,"seadec",1,17.17
"pc3","2cpu-dc",0.12,"seadec",2,17.56
"pc3","2cpu-dc",0.12,"seadec",1,16.56
"pc3","2cpu-dc",0.12,"seadec",2,16.75
"pc3","2cpu-dc",0.12,"seadec",1,16.97
"pc3","2cpu-dc",0.12,"seadec",2,17.36
"pc3","2cpu-dc",0.12,"seadec",1,16.65
"pc3","2cpu-dc",0.12,"seadec",2,16.83
"pc3","2cpu-dc",0.12,"seadec",2,17.18
"pc3","2cpu-dc",0.12,"seadec",1,17.38
"pc3","2cpu-dc",0.12,"seadec",1,16.58
"pc3","2cpu-dc",0.12,"seadec",2,16.66
"pc3","2cpu-dc",0.12,"seadec",1,16.68
"pc3","2cpu-dc",0.12,"seadec",2,16.87
"pc3","2cpu-dc",0.12,"seadec",1,17.27
"pc3","2cpu-dc",0.12,"seadec",2,17.45
"pc3","2cpu-dc",0.12,"seadec",1,16.85
"pc3","2cpu-dc",0.12,"seadec",2,16.85
"pc3","2cpu-dc",0.12,"seadec",2,16.69
"pc3","2cpu-dc",0.12,"seadec",1,16.69
"pc3","2cpu-dc",0.12,"seadec",2,17.37
"pc3","2cpu-dc",0.12,"seadec",1,17.47
"pc3","2cpu-dc",0.12,"seadec",1,17.59
"pc3","2cpu-dc",0.12,"seadec",2,17.59
"pc3","2cpu-dc",0.12,"seadec",2,16.05
"pc3","2cpu-dc",0.12,"seadec",1,16.16
"pc3","2cpu-dc",0.13,"seadec",2,16.24
"pc3","2cpu-dc",0.13,"seadec",1,16.34
"pc3","2cpu-dc",0.13,"seadec",2,16.69
"pc3","2cpu-dc",0.13,"seadec",1,17.6
"pc3","2cpu-dc",0.13,"seadec",2,14.75
"pc3","2cpu-dc",0.13,"seadec",1,15.06
"pc3","2cpu-dc",0.13,"seadec",2,15.65
"pc3","2cpu-dc",0.13,"seadec",1,15.77
"pc3","2cpu-dc",0.13,"seadec",2,15.68
"pc3","2cpu-dc",0.13,"seadec",1,15.98
"pc3","2cpu-dc",0.13,"seadec",1,15.88
"pc3","2cpu-dc",0.13,"seadec",2,16.07
"pc3","2cpu-dc",0.13,"seadec",2,14.57
"pc3","2cpu-dc",0.13,"seadec",1,14.77
"pc3","2cpu-dc",0.13,"seadec",2,14.96
"pc3","2cpu-dc",0.13,"seadec",1,15.27
"pc3","2cpu-dc",0.13,"seadec",2,14.85
"pc3","2cpu-dc",0.13,"seadec",1,15.27
"pc3","2cpu-dc",0.13,"seadec",1,14.96
"pc3","2cpu-dc",0.13,"seadec",2,14.94
"pc3","2cpu-dc",0.13,"seadec",1,15.67
"pc3","2cpu-dc",0.13,"seadec",2,15.67
"pc3","2cpu-dc",0.13,"seadec",1,14.78
"pc3","2cpu-dc",0.13,"seadec",2,14.78
"pc3","2cpu-dc",0.13,"seadec",1,15.69
"pc3","2cpu-dc",0.13,"seadec",2,15.77
"pc3","2cpu-dc",0.13,"seadec",1,15.29
"pc3","2cpu-dc",0.13,"seadec",2,15.29
"pc3","2cpu-dc",0.13,"seadec",1,15.68
"pc3","2cpu-dc",0.13,"seadec",2,15.67
"pc3","2cpu-dc",0.13,"seadec",1,15.48
"pc3","2cpu-dc",0.13,"seadec",2,15.57
"pc3","2cpu-dc",0.13,"seadec",1,15.49
"pc3","2cpu-dc",0.13,"seadec",2,15.78
"pc3","2cpu-dc",0.13,"seadec",1,14.77
"pc3","2cpu-dc",0.13,"seadec",2,15.05
"pc3","2cpu-dc",0.13,"seadec",1,14.48
"pc3","2cpu-dc",0.13,"seadec",2,14.87
"pc3","2cpu-dc",0.13,"seadec",1,14.68
"pc3","2cpu-dc",0.13,"seadec",2,14.96
"pc3","2cpu-dc",0.13,"seadec",1,14.95
"pc3","2cpu-dc",0.13,"seadec",2,15.04
"pc3","2cpu-dc",0.13,"seadec",2,14.88
"pc3","2cpu-dc",0.13,"seadec",1,14.99
"pc3","2cpu-dc",0.13,"seadec",2,15.08
"pc3","2cpu-dc",0.13,"seadec",1,15.08
"pc3","2cpu-dc",0.13,"seadec",1,15.08
"pc3","2cpu-dc",0.13,"seadec",2,15.18
"pc3","2cpu-dc",0.13,"seadec",2,15.17
"pc3","2cpu-dc",0.13,"seadec",1,15.27
"pc3","2cpu-dc",0.13,"seadec",2,15.2
"pc3","2cpu-dc",0.13,"seadec",1,15.2
"pc3","2cpu-dc",0.13,"seadec",1,15.05
"pc3","2cpu-dc",0.13,"seadec",2,15.14
"pc3","2cpu-dc",0.13,"seadec",1,14.99
"pc3","2cpu-dc",0.13,"seadec",2,15.17
"pc3","2cpu-dc",0.13,"seadec",2,15.18
"pc3","2cpu-dc",0.13,"seadec",1,15.28
"pc3","2cpu-dc",0.13,"seadec",2,15.2
"pc3","2cpu-dc",0.13,"seadec",1,15.49
"pc3","2cpu-dc",0.14,"seadec",1,15.26
"pc3","2cpu-dc",0.14,"seadec",2,15.34
"pc3","2cpu-dc",0.14,"seadec",1,15.3
"pc3","2cpu-dc",0.14,"seadec",2,15.39
"pc3","2cpu-dc",0.14,"seadec",2,13.75
"pc3","2cpu-dc",0.14,"seadec",1,14.36
"pc3","2cpu-dc",0.14,"seadec",2,13.79
"pc3","2cpu-dc",0.14,"seadec",1,13.79
"pc3","2cpu-dc",0.14,"seadec",2,13.67
"pc3","2cpu-dc",0.14,"seadec",1,13.67
"pc3","2cpu-dc",0.14,"seadec",2,13.57
"pc3","2cpu-dc",0.14,"seadec",1,13.67
"pc3","2cpu-dc",0.14,"seadec",2,13.77
"pc3","2cpu-dc",0.14,"seadec",1,13.88
"pc3","2cpu-dc",0.14,"seadec",2,13.48
"pc3","2cpu-dc",0.14,"seadec",1,13.6
"pc3","2cpu-dc",0.14,"seadec",2,13.29
"pc3","2cpu-dc",0.14,"seadec",1,13.58
"pc3","2cpu-dc",0.14,"seadec",2,13.26
"pc3","2cpu-dc",0.14,"seadec",1,13.47
"pc3","2cpu-dc",0.14,"seadec",2,13.36
"pc3","2cpu-dc",0.14,"seadec",1,13.66
"pc3","2cpu-dc",0.14,"seadec",2,13.27
"pc3","2cpu-dc",0.14,"seadec",1,13.38
"pc3","2cpu-dc",0.14,"seadec",2,13.48
"pc3","2cpu-dc",0.14,"seadec",1,13.58
"pc3","2cpu-dc",0.14,"seadec",2,13.57
"pc3","2cpu-dc",0.14,"seadec",1,13.69
"pc3","2cpu-dc",0.14,"seadec",2,13.57
"pc3","2cpu-dc",0.14,"seadec",1,13.78
"pc3","2cpu-dc",0.14,"seadec",2,13.65
"pc3","2cpu-dc",0.14,"seadec",1,13.77
"pc3","2cpu-dc",0.14,"seadec",2,13.87
"pc3","2cpu-dc",0.14,"seadec",1,13.98
"pc3","2cpu-dc",0.14,"seadec",1,13.69
"pc3","2cpu-dc",0.14,"seadec",2,13.69
"pc3","2cpu-dc",0.14,"seadec",1,13.75
"pc3","2cpu-dc",0.14,"seadec",2,13.84
"pc3","2cpu-dc",0.14,"seadec",1,13.69
"pc3","2cpu-dc",0.14,"seadec",2,14.07
"pc3","2cpu-dc",0.14,"seadec",1,13.8
"pc3","2cpu-dc",0.14,"seadec",2,13.98
"pc3","2cpu-dc",0.14,"seadec",1,13.78
"pc3","2cpu-dc",0.14,"seadec",2,13.78
"pc3","2cpu-dc",0.14,"seadec",1,13.87
"pc3","2cpu-dc",0.14,"seadec",2,13.87
"pc3","2cpu-dc",0.14,"seadec",2,14.64
"pc3","2cpu-dc",0.14,"seadec",1,14.75
"pc3","2cpu-dc",0.14,"seadec",2,14.08
"pc3","2cpu-dc",0.14,"seadec",1,14.18
"pc3","2cpu-dc",0.14,"seadec",1,14.08
"pc3","2cpu-dc",0.14,"seadec",2,14.16
"pc3","2cpu-dc",0.14,"seadec",2,13.99
"pc3","2cpu-dc",0.14,"seadec",1,13.99
"pc3","2cpu-dc",0.14,"seadec",2,14.67
"pc3","2cpu-dc",0.14,"seadec",1,14.69
"pc3","2cpu-dc",0.14,"seadec",2,13.75
"pc3","2cpu-dc",0.14,"seadec",1,13.76
"pc3","2cpu-dc",0.14,"seadec",2,13.58
"pc3","2cpu-dc",0.14,"seadec",1,13.67
"pc3","2cpu-dc",0.16,"seadec",2,12.7
"pc3","2cpu-dc",0.16,"seadec",1,12.91
"pc3","2cpu-dc",0.16,"seadec",1,12.58
"pc3","2cpu-dc",0.16,"seadec",2,12.66
"pc3","2cpu-dc",0.16,"seadec",2,11.58
"pc3","2cpu-dc",0.16,"seadec",1,12.2
"pc3","2cpu-dc",0.16,"seadec",2,11.34
"pc3","2cpu-dc",0.16,"seadec",1,11.55
"pc3","2cpu-dc",0.16,"seadec",1,11.59
"pc3","2cpu-dc",0.16,"seadec",2,11.6
"pc3","2cpu-dc",0.16,"seadec",1,11.25
"pc3","2cpu-dc",0.16,"seadec",2,11.25
"pc3","2cpu-dc",0.16,"seadec",1,11.57
"pc3","2cpu-dc",0.16,"seadec",2,11.57
"pc3","2cpu-dc",0.16,"seadec",1,11.37
"pc3","2cpu-dc",0.16,"seadec",2,11.37
"pc3","2cpu-dc",0.16,"seadec",2,11.35
"pc3","2cpu-dc",0.16,"seadec",1,11.55
"pc3","2cpu-dc",0.16,"seadec",2,11.56
"pc3","2cpu-dc",0.16,"seadec",1,11.67
"pc3","2cpu-dc",0.16,"seadec",2,11.28
"pc3","2cpu-dc",0.16,"seadec",1,11.37
"pc3","2cpu-dc",0.16,"seadec",1,11.49
"pc3","2cpu-dc",0.16,"seadec",2,11.57
"pc3","2cpu-dc",0.16,"seadec",2,11.28
"pc3","2cpu-dc",0.16,"seadec",1,11.31
"pc3","2cpu-dc",0.16,"seadec",1,11.24
"pc3","2cpu-dc",0.16,"seadec",2,11.32
"pc3","2cpu-dc",0.16,"seadec",1,11.48
"pc3","2cpu-dc",0.16,"seadec",2,11.49
"pc3","2cpu-dc",0.16,"seadec",2,11.44
"pc3","2cpu-dc",0.16,"seadec",1,11.46
"pc3","2cpu-dc",0.16,"seadec",2,11.56
"pc3","2cpu-dc",0.16,"seadec",1,11.56
"pc3","2cpu-dc",0.16,"seadec",2,11.48
"pc3","2cpu-dc",0.16,"seadec",1,11.57
"pc3","2cpu-dc",0.16,"seadec",1,11.6
"pc3","2cpu-dc",0.16,"seadec",2,11.79
"pc3","2cpu-dc",0.16,"seadec",1,11.77
"pc3","2cpu-dc",0.16,"seadec",2,12.05
"pc3","2cpu-dc",0.16,"seadec",1,12.08
"pc3","2cpu-dc",0.16,"seadec",2,12.15
"pc3","2cpu-dc",0.16,"seadec",1,12.2
"pc3","2cpu-dc",0.16,"seadec",2,12.28
"pc3","2cpu-dc",0.16,"seadec",1,12.5
"pc3","2cpu-dc",0.16,"seadec",2,12.59
"pc3","2cpu-dc",0.16,"seadec",1,11.79
"pc3","2cpu-dc",0.16,"seadec",2,11.97
"pc3","2cpu-dc",0.16,"seadec",1,12.2
"pc3","2cpu-dc",0.16,"seadec",2,12.29
"pc3","2cpu-dc",0.16,"seadec",1,11.58
"pc3","2cpu-dc",0.16,"seadec",2,11.77
"pc3","2cpu-dc",0.16,"seadec",1,11.76
"pc3","2cpu-dc",0.16,"seadec",2,11.84
"pc3","2cpu-dc",0.16,"seadec",1,11.79
"pc3","2cpu-dc",0.16,"seadec",2,11.86
"pc3","2cpu-dc",0.16,"seadec",1,11.58
"pc3","2cpu-dc",0.16,"seadec",2,11.77
"pc3","2cpu-dc",0.16,"seadec",2,11.57
"pc3","2cpu-dc",0.16,"seadec",1,11.66
"pc3","2cpu-dc",0.17,"seadec",2,11.94
"pc3","2cpu-dc",0.17,"seadec",1,11.95
"pc3","2cpu-dc",0.17,"seadec",1,11.76
"pc3","2cpu-dc",0.17,"seadec",2,11.76
"pc3","2cpu-dc",0.17,"seadec",2,10.78
"pc3","2cpu-dc",0.17,"seadec",1,11.38
"pc3","2cpu-dc",0.17,"seadec",2,10.76
"pc3","2cpu-dc",0.17,"seadec",1,10.86
"pc3","2cpu-dc",0.17,"seadec",2,10.69
"pc3","2cpu-dc",0.17,"seadec",1,10.8
"pc3","2cpu-dc",0.17,"seadec",2,10.99
"pc3","2cpu-dc",0.17,"seadec",1,11.17
"pc3","2cpu-dc",0.17,"seadec",2,11
"pc3","2cpu-dc",0.17,"seadec",1,11.1
"pc3","2cpu-dc",0.17,"seadec",2,10.76
"pc3","2cpu-dc",0.17,"seadec",1,10.86
"pc3","2cpu-dc",0.17,"seadec",2,10.68
"pc3","2cpu-dc",0.17,"seadec",1,10.79
"pc3","2cpu-dc",0.17,"seadec",2,10.99
"pc3","2cpu-dc",0.17,"seadec",1,10.99
"pc3","2cpu-dc",0.17,"seadec",1,10.67
"pc3","2cpu-dc",0.17,"seadec",2,10.67
"pc3","2cpu-dc",0.17,"seadec",1,11.15
"pc3","2cpu-dc",0.17,"seadec",2,11.15
"pc3","2cpu-dc",0.17,"seadec",2,10.85
"pc3","2cpu-dc",0.17,"seadec",1,10.85
"pc3","2cpu-dc",0.17,"seadec",1,10.66
"pc3","2cpu-dc",0.17,"seadec",2,10.66
"pc3","2cpu-dc",0.17,"seadec",1,10.85
"pc3","2cpu-dc",0.17,"seadec",2,10.85
"pc3","2cpu-dc",0.17,"seadec",2,10.56
"pc3","2cpu-dc",0.17,"seadec",1,10.67
"pc3","2cpu-dc",0.17,"seadec",2,11.19
"pc3","2cpu-dc",0.17,"seadec",1,11.19
"pc3","2cpu-dc",0.17,"seadec",1,11.35
"pc3","2cpu-dc",0.17,"seadec",2,11.44
"pc3","2cpu-dc",0.17,"seadec",1,10.99
"pc3","2cpu-dc",0.17,"seadec",2,11.27
"pc3","2cpu-dc",0.17,"seadec",1,10.79
"pc3","2cpu-dc",0.17,"seadec",2,10.88
"pc3","2cpu-dc",0.17,"seadec",1,10.77
"pc3","2cpu-dc",0.17,"seadec",2,10.78
"pc3","2cpu-dc",0.17,"seadec",1,10.96
"pc3","2cpu-dc",0.17,"seadec",2,10.96
"pc3","2cpu-dc",0.17,"seadec",1,10.89
"pc3","2cpu-dc",0.17,"seadec",2,10.97
"pc3","2cpu-dc",0.17,"seadec",1,10.89
"pc3","2cpu-dc",0.17,"seadec",2,10.89
"pc3","2cpu-dc",0.17,"seadec",1,10.88
"pc3","2cpu-dc",0.17,"seadec",2,10.88
"pc3","2cpu-dc",0.17,"seadec",2,10.88
"pc3","2cpu-dc",0.17,"seadec",1,10.97
"pc3","2cpu-dc",0.17,"seadec",2,10.87
"pc3","2cpu-dc",0.17,"seadec",1,10.89
"pc3","2cpu-dc",0.17,"seadec",2,10.95
"pc3","2cpu-dc",0.17,"seadec",1,11.06
"pc3","2cpu-dc",0.17,"seadec",2,10.79
"pc3","2cpu-dc",0.17,"seadec",1,10.99
"pc3","2cpu-dc",0.17,"seadec",2,10.85
"pc3","2cpu-dc",0.17,"seadec",1,11.05
"pc3","2cpu-dc",0.18,"seadec",2,11.38
"pc3","2cpu-dc",0.18,"seadec",1,11.48
"pc3","2cpu-dc",0.18,"seadec",2,11.59
"pc3","2cpu-dc",0.18,"seadec",1,11.6
"pc3","2cpu-dc",0.18,"seadec",2,10.42
"pc3","2cpu-dc",0.18,"seadec",1,10.96
"pc3","2cpu-dc",0.18,"seadec",2,9.87
"pc3","2cpu-dc",0.18,"seadec",1,9.97
"pc3","2cpu-dc",0.18,"seadec",2,9.97
"pc3","2cpu-dc",0.18,"seadec",1,10.08
"pc3","2cpu-dc",0.18,"seadec",2,9.98
"pc3","2cpu-dc",0.18,"seadec",1,10.1
"pc3","2cpu-dc",0.18,"seadec",2,9.95
"pc3","2cpu-dc",0.18,"seadec",1,10.06
"pc3","2cpu-dc",0.18,"seadec",2,10.19
"pc3","2cpu-dc",0.18,"seadec",1,10.29
"pc3","2cpu-dc",0.18,"seadec",1,9.89
"pc3","2cpu-dc",0.18,"seadec",2,9.89
"pc3","2cpu-dc",0.18,"seadec",2,10.15
"pc3","2cpu-dc",0.18,"seadec",1,10.17
"pc3","2cpu-dc",0.18,"seadec",2,9.85
"pc3","2cpu-dc",0.18,"seadec",1,9.96
"pc3","2cpu-dc",0.18,"seadec",2,10.06
"pc3","2cpu-dc",0.18,"seadec",1,10.17
"pc3","2cpu-dc",0.18,"seadec",2,9.87
"pc3","2cpu-dc",0.18,"seadec",1,9.99
"pc3","2cpu-dc",0.18,"seadec",2,9.85
"pc3","2cpu-dc",0.18,"seadec",1,10.06
"pc3","2cpu-dc",0.18,"seadec",2,10.25
"pc3","2cpu-dc",0.18,"seadec",1,10.28
"pc3","2cpu-dc",0.18,"seadec",2,10.05
"pc3","2cpu-dc",0.18,"seadec",1,10.16
"pc3","2cpu-dc",0.18,"seadec",2,10.08
"pc3","2cpu-dc",0.18,"seadec",1,10.28
"pc3","2cpu-dc",0.18,"seadec",2,10.47
"pc3","2cpu-dc",0.18,"seadec",1,10.47
"pc3","2cpu-dc",0.18,"seadec",1,10.47
"pc3","2cpu-dc",0.18,"seadec",2,10.47
"pc3","2cpu-dc",0.18,"seadec",1,10.37
"pc3","2cpu-dc",0.18,"seadec",2,10.45
"pc3","2cpu-dc",0.18,"seadec",1,10.29
"pc3","2cpu-dc",0.18,"seadec",2,10.29
"pc3","2cpu-dc",0.18,"seadec",2,10.18
"pc3","2cpu-dc",0.18,"seadec",1,10.27
"pc3","2cpu-dc",0.18,"seadec",2,10.39
"pc3","2cpu-dc",0.18,"seadec",1,10.49
"pc3","2cpu-dc",0.18,"seadec",2,10.37
"pc3","2cpu-dc",0.18,"seadec",1,10.49
"pc3","2cpu-dc",0.18,"seadec",2,10.08
"pc3","2cpu-dc",0.18,"seadec",1,10.28
"pc3","2cpu-dc",0.18,"seadec",2,10.26
"pc3","2cpu-dc",0.18,"seadec",1,10.37
"pc3","2cpu-dc",0.18,"seadec",2,10.18
"pc3","2cpu-dc",0.18,"seadec",1,10.27
"pc3","2cpu-dc",0.18,"seadec",2,9.98
"pc3","2cpu-dc",0.18,"seadec",1,10.19
"pc3","2cpu-dc",0.18,"seadec",2,9.97
"pc3","2cpu-dc",0.18,"seadec",1,10.08
"pc3","2cpu-dc",0.18,"seadec",2,10.04
"pc3","2cpu-dc",0.18,"seadec",1,10.07
"pc3","2cpu-dc",0.19,"seadec",2,10.35
"pc3","2cpu-dc",0.19,"seadec",1,10.45
"pc3","2cpu-dc",0.19,"seadec",1,10.49
"pc3","2cpu-dc",0.19,"seadec",2,10.58
"pc3","2cpu-dc",0.19,"seadec",2,9.78
"pc3","2cpu-dc",0.19,"seadec",1,10.2
"pc3","2cpu-dc",0.19,"seadec",2,9.28
"pc3","2cpu-dc",0.19,"seadec",1,9.38
"pc3","2cpu-dc",0.19,"seadec",1,9.38
"pc3","2cpu-dc",0.19,"seadec",2,9.38
"pc3","2cpu-dc",0.19,"seadec",1,9.29
"pc3","2cpu-dc",0.19,"seadec",2,9.36
"pc3","2cpu-dc",0.19,"seadec",1,9.2
"pc3","2cpu-dc",0.19,"seadec",2,9.3
"pc3","2cpu-dc",0.19,"seadec",1,9.36
"pc3","2cpu-dc",0.19,"seadec",2,9.37
"pc3","2cpu-dc",0.19,"seadec",1,9.47
"pc3","2cpu-dc",0.19,"seadec",2,9.55
"pc3","2cpu-dc",0.19,"seadec",1,9.3
"pc3","2cpu-dc",0.19,"seadec",2,9.48
"pc3","2cpu-dc",0.19,"seadec",2,9.38
"pc3","2cpu-dc",0.19,"seadec",1,9.38
"pc3","2cpu-dc",0.19,"seadec",1,9.56
"pc3","2cpu-dc",0.19,"seadec",2,9.64
"pc3","2cpu-dc",0.19,"seadec",1,9.59
"pc3","2cpu-dc",0.19,"seadec",2,9.66
"pc3","2cpu-dc",0.19,"seadec",1,9.29
"pc3","2cpu-dc",0.19,"seadec",2,9.39
"pc3","2cpu-dc",0.19,"seadec",1,9.77
"pc3","2cpu-dc",0.19,"seadec",2,9.77
"pc3","2cpu-dc",0.19,"seadec",2,9.78
"pc3","2cpu-dc",0.19,"seadec",1,9.78
"pc3","2cpu-dc",0.19,"seadec",2,9.58
"pc3","2cpu-dc",0.19,"seadec",1,9.67
"pc3","2cpu-dc",0.19,"seadec",1,9.4
"pc3","2cpu-dc",0.19,"seadec",2,9.6
"pc3","2cpu-dc",0.19,"seadec",1,9.47
"pc3","2cpu-dc",0.19,"seadec",2,9.77
"pc3","2cpu-dc",0.19,"seadec",1,9.39
"pc3","2cpu-dc",0.19,"seadec",2,9.57
"pc3","2cpu-dc",0.19,"seadec",1,9.39
"pc3","2cpu-dc",0.19,"seadec",2,9.39
"pc3","2cpu-dc",0.19,"seadec",1,9.57
"pc3","2cpu-dc",0.19,"seadec",2,9.57
"pc3","2cpu-dc",0.19,"seadec",1,9.43
"pc3","2cpu-dc",0.19,"seadec",2,9.43
"pc3","2cpu-dc",0.19,"seadec",1,9.59
"pc3","2cpu-dc",0.19,"seadec",2,9.59
"pc3","2cpu-dc",0.19,"seadec",1,9.49
"pc3","2cpu-dc",0.19,"seadec",2,9.58
"pc3","2cpu-dc",0.19,"seadec",1,9.39
"pc3","2cpu-dc",0.19,"seadec",2,9.48
"pc3","2cpu-dc",0.19,"seadec",1,9.58
"pc3","2cpu-dc",0.19,"seadec",2,9.67
"pc3","2cpu-dc",0.19,"seadec",1,9.37
"pc3","2cpu-dc",0.19,"seadec",2,9.37
"pc3","2cpu-dc",0.19,"seadec",2,9.56
"pc3","2cpu-dc",0.19,"seadec",1,9.67
"pc3","2cpu-dc",0.19,"seadec",2,9.47
"pc3","2cpu-dc",0.19,"seadec",1,9.57
"pc3","2cpu-dc",0.06,"SMA",1,40.55
"pc3","2cpu-dc",0.06,"SMA",2,41.03
"pc3","2cpu-dc",0.06,"SMA",2,40.78
"pc3","2cpu-dc",0.06,"SMA",1,40.98
"pc3","2cpu-dc",0.06,"SMA",1,37.37
"pc3","2cpu-dc",0.06,"SMA",2,37.47
"pc3","2cpu-dc",0.06,"SMA",2,37.35
"pc3","2cpu-dc",0.06,"SMA",1,37.67
"pc3","2cpu-dc",0.06,"SMA",2,37.65
"pc3","2cpu-dc",0.06,"SMA",1,37.86
"pc3","2cpu-dc",0.06,"SMA",1,37.75
"pc3","2cpu-dc",0.06,"SMA",2,37.86
"pc3","2cpu-dc",0.06,"SMA",2,37.26
"pc3","2cpu-dc",0.06,"SMA",1,37.58
"pc3","2cpu-dc",0.06,"SMA",2,37.25
"pc3","2cpu-dc",0.06,"SMA",1,37.46
"pc3","2cpu-dc",0.06,"SMA",1,37.87
"pc3","2cpu-dc",0.06,"SMA",2,38.16
"pc3","2cpu-dc",0.06,"SMA",1,37.67
"pc3","2cpu-dc",0.06,"SMA",2,38.16
"pc3","2cpu-dc",0.06,"SMA",1,37.76
"pc3","2cpu-dc",0.06,"SMA",2,38.36
"pc3","2cpu-dc",0.06,"SMA",2,38.05
"pc3","2cpu-dc",0.06,"SMA",1,38.26
"pc3","2cpu-dc",0.06,"SMA",2,37.55
"pc3","2cpu-dc",0.06,"SMA",1,37.96
"pc3","2cpu-dc",0.06,"SMA",2,37.79
"pc3","2cpu-dc",0.06,"SMA",1,37.99
"pc3","2cpu-dc",0.06,"SMA",2,38.55
"pc3","2cpu-dc",0.06,"SMA",1,38.66
"pc3","2cpu-dc",0.06,"SMA",2,37.99
"pc3","2cpu-dc",0.06,"SMA",1,38.49
"pc3","2cpu-dc",0.06,"SMA",2,38.26
"pc3","2cpu-dc",0.06,"SMA",1,38.26
"pc3","2cpu-dc",0.06,"SMA",2,37.75
"pc3","2cpu-dc",0.06,"SMA",1,38.26
"pc3","2cpu-dc",0.06,"SMA",2,38.35
"pc3","2cpu-dc",0.06,"SMA",1,38.66
"pc3","2cpu-dc",0.06,"SMA",2,37.94
"pc3","2cpu-dc",0.06,"SMA",1,38.57
"pc3","2cpu-dc",0.06,"SMA",2,38.14
"pc3","2cpu-dc",0.06,"SMA",1,38.76
"pc3","2cpu-dc",0.06,"SMA",2,38.15
"pc3","2cpu-dc",0.06,"SMA",1,38.77
"pc3","2cpu-dc",0.06,"SMA",2,37.95
"pc3","2cpu-dc",0.06,"SMA",1,38.56
"pc3","2cpu-dc",0.06,"SMA",2,37.68
"pc3","2cpu-dc",0.06,"SMA",1,38.28
"pc3","2cpu-dc",0.06,"SMA",2,37.57
"pc3","2cpu-dc",0.06,"SMA",1,37.88
"pc3","2cpu-dc",0.06,"SMA",2,37.75
"pc3","2cpu-dc",0.06,"SMA",1,38.06
"pc3","2cpu-dc",0.06,"SMA",2,37.87
"pc3","2cpu-dc",0.06,"SMA",1,37.87
"pc3","2cpu-dc",0.06,"SMA",2,37.75
"pc3","2cpu-dc",0.06,"SMA",1,37.86
"pc3","2cpu-dc",0.06,"SMA",2,37.76
"pc3","2cpu-dc",0.06,"SMA",1,38.28
"pc3","2cpu-dc",0.06,"SMA",2,37.94
"pc3","2cpu-dc",0.06,"SMA",1,38.17
"pc3","2cpu-dc",0.07,"SMA",2,34.33
"pc3","2cpu-dc",0.07,"SMA",1,34.54
"pc3","2cpu-dc",0.07,"SMA",2,34.77
"pc3","2cpu-dc",0.07,"SMA",1,35.08
"pc3","2cpu-dc",0.07,"SMA",2,31.38
"pc3","2cpu-dc",0.07,"SMA",1,31.79
"pc3","2cpu-dc",0.07,"SMA",2,31.86
"pc3","2cpu-dc",0.07,"SMA",1,32.18
"pc3","2cpu-dc",0.07,"SMA",1,32.06
"pc3","2cpu-dc",0.07,"SMA",2,32.16
"pc3","2cpu-dc",0.07,"SMA",2,31.89
"pc3","2cpu-dc",0.07,"SMA",1,32.09
"pc3","2cpu-dc",0.07,"SMA",2,31.66
"pc3","2cpu-dc",0.07,"SMA",1,31.68
"pc3","2cpu-dc",0.07,"SMA",2,31.73
"pc3","2cpu-dc",0.07,"SMA",1,31.84
"pc3","2cpu-dc",0.07,"SMA",2,31.87
"pc3","2cpu-dc",0.07,"SMA",1,31.99
"pc3","2cpu-dc",0.07,"SMA",2,31.57
"pc3","2cpu-dc",0.07,"SMA",1,31.67
"pc3","2cpu-dc",0.07,"SMA",1,31.77
"pc3","2cpu-dc",0.07,"SMA",2,31.96
"pc3","2cpu-dc",0.07,"SMA",2,31.16
"pc3","2cpu-dc",0.07,"SMA",1,31.27
"pc3","2cpu-dc",0.07,"SMA",2,31.18
"pc3","2cpu-dc",0.07,"SMA",1,31.58
"pc3","2cpu-dc",0.07,"SMA",2,31.37
"pc3","2cpu-dc",0.07,"SMA",1,31.67
"pc3","2cpu-dc",0.07,"SMA",1,32.08
"pc3","2cpu-dc",0.07,"SMA",2,32.48
"pc3","2cpu-dc",0.07,"SMA",1,31.76
"pc3","2cpu-dc",0.07,"SMA",2,32.15
"pc3","2cpu-dc",0.07,"SMA",1,31.49
"pc3","2cpu-dc",0.07,"SMA",2,31.89
"pc3","2cpu-dc",0.07,"SMA",1,32.16
"pc3","2cpu-dc",0.07,"SMA",2,32.45
"pc3","2cpu-dc",0.07,"SMA",1,32.36
"pc3","2cpu-dc",0.07,"SMA",2,32.55
"pc3","2cpu-dc",0.07,"SMA",2,32.17
"pc3","2cpu-dc",0.07,"SMA",1,32.17
"pc3","2cpu-dc",0.07,"SMA",2,32.34
"pc3","2cpu-dc",0.07,"SMA",1,32.76
"pc3","2cpu-dc",0.07,"SMA",2,32.45
"pc3","2cpu-dc",0.07,"SMA",1,32.77
"pc3","2cpu-dc",0.07,"SMA",2,31.99
"pc3","2cpu-dc",0.07,"SMA",1,32.08
"pc3","2cpu-dc",0.07,"SMA",2,31.78
"pc3","2cpu-dc",0.07,"SMA",1,31.89
"pc3","2cpu-dc",0.07,"SMA",2,31.58
"pc3","2cpu-dc",0.07,"SMA",1,32.08
"pc3","2cpu-dc",0.07,"SMA",2,31.15
"pc3","2cpu-dc",0.07,"SMA",1,31.96
"pc3","2cpu-dc",0.07,"SMA",2,31.88
"pc3","2cpu-dc",0.07,"SMA",1,32.39
"pc3","2cpu-dc",0.07,"SMA",2,31.98
"pc3","2cpu-dc",0.07,"SMA",1,32.39
"pc3","2cpu-dc",0.07,"SMA",2,31.95
"pc3","2cpu-dc",0.07,"SMA",1,32.56
"pc3","2cpu-dc",0.07,"SMA",2,32.19
"pc3","2cpu-dc",0.07,"SMA",1,32.49
"pc3","2cpu-dc",0.08,"SMA",2,30.16
"pc3","2cpu-dc",0.08,"SMA",1,30.28
"pc3","2cpu-dc",0.08,"SMA",1,30.68
"pc3","2cpu-dc",0.08,"SMA",2,30.68
"pc3","2cpu-dc",0.08,"SMA",2,27.17
"pc3","2cpu-dc",0.08,"SMA",1,27.17
"pc3","2cpu-dc",0.08,"SMA",1,26.96
"pc3","2cpu-dc",0.08,"SMA",2,26.94
"pc3","2cpu-dc",0.08,"SMA",2,26.58
"pc3","2cpu-dc",0.08,"SMA",1,26.68
"pc3","2cpu-dc",0.08,"SMA",1,27.58
"pc3","2cpu-dc",0.08,"SMA",2,27.67
"pc3","2cpu-dc",0.08,"SMA",1,27.39
"pc3","2cpu-dc",0.08,"SMA",2,27.48
"pc3","2cpu-dc",0.08,"SMA",2,27.68
"pc3","2cpu-dc",0.08,"SMA",1,27.69
"pc3","2cpu-dc",0.08,"SMA",2,27.28
"pc3","2cpu-dc",0.08,"SMA",1,27.48
"pc3","2cpu-dc",0.08,"SMA",1,27.17
"pc3","2cpu-dc",0.08,"SMA",2,27.25
"pc3","2cpu-dc",0.08,"SMA",1,27.37
"pc3","2cpu-dc",0.08,"SMA",2,27.56
"pc3","2cpu-dc",0.08,"SMA",2,27.15
"pc3","2cpu-dc",0.08,"SMA",1,27.47
"pc3","2cpu-dc",0.08,"SMA",2,27.16
"pc3","2cpu-dc",0.08,"SMA",1,27.37
"pc3","2cpu-dc",0.08,"SMA",2,27.85
"pc3","2cpu-dc",0.08,"SMA",1,27.96
"pc3","2cpu-dc",0.08,"SMA",2,26.77
"pc3","2cpu-dc",0.08,"SMA",1,26.98
"pc3","2cpu-dc",0.08,"SMA",2,26.96
"pc3","2cpu-dc",0.08,"SMA",1,27.06
"pc3","2cpu-dc",0.08,"SMA",2,27.18
"pc3","2cpu-dc",0.08,"SMA",1,27.58
"pc3","2cpu-dc",0.08,"SMA",1,27.25
"pc3","2cpu-dc",0.08,"SMA",2,27.25
"pc3","2cpu-dc",0.08,"SMA",1,26.66
"pc3","2cpu-dc",0.08,"SMA",2,27.46
"pc3","2cpu-dc",0.08,"SMA",1,27.36
"pc3","2cpu-dc",0.08,"SMA",2,27.45
"pc3","2cpu-dc",0.08,"SMA",2,27.67
"pc3","2cpu-dc",0.08,"SMA",1,27.78
"pc3","2cpu-dc",0.08,"SMA",1,27.77
"pc3","2cpu-dc",0.08,"SMA",2,27.78
"pc3","2cpu-dc",0.08,"SMA",2,27.68
"pc3","2cpu-dc",0.08,"SMA",1,27.68
"pc3","2cpu-dc",0.08,"SMA",1,27.76
"pc3","2cpu-dc",0.08,"SMA",2,27.85
"pc3","2cpu-dc",0.08,"SMA",1,28.29
"pc3","2cpu-dc",0.08,"SMA",2,28.39
"pc3","2cpu-dc",0.08,"SMA",1,27.67
"pc3","2cpu-dc",0.08,"SMA",2,27.67
"pc3","2cpu-dc",0.08,"SMA",1,27.69
"pc3","2cpu-dc",0.08,"SMA",2,27.88
"pc3","2cpu-dc",0.08,"SMA",2,27.85
"pc3","2cpu-dc",0.08,"SMA",1,27.96
"pc3","2cpu-dc",0.08,"SMA",2,27.66
"pc3","2cpu-dc",0.08,"SMA",1,28.28
"pc3","2cpu-dc",0.08,"SMA",2,27.55
"pc3","2cpu-dc",0.08,"SMA",1,28.16
"pc3","2cpu-dc",0.09,"SMA",2,26.13
"pc3","2cpu-dc",0.09,"SMA",1,26.24
"pc3","2cpu-dc",0.09,"SMA",1,20.4
"pc3","2cpu-dc",0.09,"SMA",2,20.47
"pc3","2cpu-dc",0.09,"SMA",1,16.81
"pc3","2cpu-dc",0.09,"SMA",2,16.89
"pc3","2cpu-dc",0.09,"SMA",1,17.16
"pc3","2cpu-dc",0.09,"SMA",2,17.24
"pc3","2cpu-dc",0.09,"SMA",1,18.1
"pc3","2cpu-dc",0.09,"SMA",2,18.29
"pc3","2cpu-dc",0.09,"SMA",1,22.55
"pc3","2cpu-dc",0.09,"SMA",2,22.75
"pc3","2cpu-dc",0.09,"SMA",2,23.39
"pc3","2cpu-dc",0.09,"SMA",1,23.39
"pc3","2cpu-dc",0.09,"SMA",2,7
"pc3","2cpu-dc",0.09,"SMA",1,7.2
"pc3","2cpu-dc",0.09,"SMA",2,24.37
"pc3","2cpu-dc",0.09,"SMA",1,24.37
"pc3","2cpu-dc",0.09,"SMA",2,24.16
"pc3","2cpu-dc",0.09,"SMA",1,24.18
"pc3","2cpu-dc",0.09,"SMA",2,24.27
"pc3","2cpu-dc",0.09,"SMA",1,24.48
"pc3","2cpu-dc",0.09,"SMA",2,24.16
"pc3","2cpu-dc",0.09,"SMA",1,24.37
"pc3","2cpu-dc",0.09,"SMA",2,23.95
"pc3","2cpu-dc",0.09,"SMA",1,24.27
"pc3","2cpu-dc",0.09,"SMA",1,23.65
"pc3","2cpu-dc",0.09,"SMA",2,23.64
"pc3","2cpu-dc",0.09,"SMA",1,22.99
"pc3","2cpu-dc",0.09,"SMA",2,23.08
"pc3","2cpu-dc",0.09,"SMA",2,23.47
"pc3","2cpu-dc",0.09,"SMA",1,23.89
"pc3","2cpu-dc",0.09,"SMA",1,24.16
"pc3","2cpu-dc",0.09,"SMA",2,24.15
"pc3","2cpu-dc",0.09,"SMA",2,23.86
"pc3","2cpu-dc",0.09,"SMA",1,24.08
"pc3","2cpu-dc",0.09,"SMA",1,23.87
"pc3","2cpu-dc",0.09,"SMA",2,24.35
"pc3","2cpu-dc",0.09,"SMA",1,23.77
"pc3","2cpu-dc",0.09,"SMA",2,24.46
"pc3","2cpu-dc",0.09,"SMA",1,24.47
"pc3","2cpu-dc",0.09,"SMA",2,24.87
"pc3","2cpu-dc",0.09,"SMA",2,24.35
"pc3","2cpu-dc",0.09,"SMA",1,24.37
"pc3","2cpu-dc",0.09,"SMA",2,24.57
"pc3","2cpu-dc",0.09,"SMA",1,24.68
"pc3","2cpu-dc",0.09,"SMA",1,24.49
"pc3","2cpu-dc",0.09,"SMA",2,24.49
"pc3","2cpu-dc",0.09,"SMA",2,24.06
"pc3","2cpu-dc",0.09,"SMA",1,24.07
"pc3","2cpu-dc",0.09,"SMA",1,24.56
"pc3","2cpu-dc",0.09,"SMA",2,24.74
"pc3","2cpu-dc",0.09,"SMA",2,24.85
"pc3","2cpu-dc",0.09,"SMA",1,24.95
"pc3","2cpu-dc",0.09,"SMA",2,24.69
"pc3","2cpu-dc",0.09,"SMA",1,24.69
"pc3","2cpu-dc",0.09,"SMA",2,23.56
"pc3","2cpu-dc",0.09,"SMA",1,24.06
"pc3","2cpu-dc",0.09,"SMA",2,23.56
"pc3","2cpu-dc",0.09,"SMA",1,23.78
"pc3","2cpu-dc",0.11,"SMA",2,21.21
"pc3","2cpu-dc",0.11,"SMA",1,21.42
"pc3","2cpu-dc",0.11,"SMA",2,21.56
"pc3","2cpu-dc",0.11,"SMA",1,21.56
"pc3","2cpu-dc",0.11,"SMA",1,19.15
"pc3","2cpu-dc",0.11,"SMA",2,19.15
"pc3","2cpu-dc",0.11,"SMA",1,18.77
"pc3","2cpu-dc",0.11,"SMA",2,18.96
"pc3","2cpu-dc",0.11,"SMA",1,18.98
"pc3","2cpu-dc",0.11,"SMA",2,19.15
"pc3","2cpu-dc",0.11,"SMA",1,19.38
"pc3","2cpu-dc",0.11,"SMA",2,19.66
"pc3","2cpu-dc",0.11,"SMA",2,18.65
"pc3","2cpu-dc",0.11,"SMA",1,18.77
"pc3","2cpu-dc",0.11,"SMA",2,19.18
"pc3","2cpu-dc",0.11,"SMA",1,19.39
"pc3","2cpu-dc",0.11,"SMA",2,19.14
"pc3","2cpu-dc",0.11,"SMA",1,19.44
"pc3","2cpu-dc",0.11,"SMA",1,18.87
"pc3","2cpu-dc",0.11,"SMA",2,18.96
"pc3","2cpu-dc",0.11,"SMA",1,19.18
"pc3","2cpu-dc",0.11,"SMA",2,19.28
"pc3","2cpu-dc",0.11,"SMA",1,18.79
"pc3","2cpu-dc",0.11,"SMA",2,18.96
"pc3","2cpu-dc",0.11,"SMA",2,18.76
"pc3","2cpu-dc",0.11,"SMA",1,18.88
"pc3","2cpu-dc",0.11,"SMA",2,18.48
"pc3","2cpu-dc",0.11,"SMA",1,18.68
"pc3","2cpu-dc",0.11,"SMA",2,18.16
"pc3","2cpu-dc",0.11,"SMA",1,18.46
"pc3","2cpu-dc",0.11,"SMA",2,18.09
"pc3","2cpu-dc",0.11,"SMA",1,18.19
"pc3","2cpu-dc",0.11,"SMA",2,18.65
"pc3","2cpu-dc",0.11,"SMA",1,18.96
"pc3","2cpu-dc",0.11,"SMA",2,19.06
"pc3","2cpu-dc",0.11,"SMA",1,19.16
"pc3","2cpu-dc",0.11,"SMA",1,18.79
"pc3","2cpu-dc",0.11,"SMA",2,18.78
"pc3","2cpu-dc",0.11,"SMA",2,19.07
"pc3","2cpu-dc",0.11,"SMA",1,19.38
"pc3","2cpu-dc",0.11,"SMA",2,19.17
"pc3","2cpu-dc",0.11,"SMA",1,19.57
"pc3","2cpu-dc",0.11,"SMA",2,19.86
"pc3","2cpu-dc",0.11,"SMA",1,19.86
"pc3","2cpu-dc",0.11,"SMA",1,19.26
"pc3","2cpu-dc",0.11,"SMA",2,19.34
"pc3","2cpu-dc",0.11,"SMA",1,19.88
"pc3","2cpu-dc",0.11,"SMA",2,20.09
"pc3","2cpu-dc",0.11,"SMA",2,19.75
"pc3","2cpu-dc",0.11,"SMA",1,19.75
"pc3","2cpu-dc",0.11,"SMA",1,19.78
"pc3","2cpu-dc",0.11,"SMA",2,19.87
"pc3","2cpu-dc",0.11,"SMA",1,19.59
"pc3","2cpu-dc",0.11,"SMA",2,19.68
"pc3","2cpu-dc",0.11,"SMA",1,19.88
"pc3","2cpu-dc",0.11,"SMA",2,19.86
"pc3","2cpu-dc",0.11,"SMA",1,19.59
"pc3","2cpu-dc",0.11,"SMA",2,19.77
"pc3","2cpu-dc",0.11,"SMA",1,19.57
"pc3","2cpu-dc",0.11,"SMA",2,19.75
"pc3","2cpu-dc",0.12,"SMA",2,18.49
"pc3","2cpu-dc",0.12,"SMA",1,18.7
"pc3","2cpu-dc",0.12,"SMA",1,18.77
"pc3","2cpu-dc",0.12,"SMA",2,19.58
"pc3","2cpu-dc",0.12,"SMA",2,16.7
"pc3","2cpu-dc",0.12,"SMA",1,16.84
"pc3","2cpu-dc",0.12,"SMA",2,16.49
"pc3","2cpu-dc",0.12,"SMA",1,16.68
"pc3","2cpu-dc",0.12,"SMA",2,16.94
"pc3","2cpu-dc",0.12,"SMA",1,17.07
"pc3","2cpu-dc",0.12,"SMA",2,16.58
"pc3","2cpu-dc",0.12,"SMA",1,16.69
"pc3","2cpu-dc",0.12,"SMA",2,17.59
"pc3","2cpu-dc",0.12,"SMA",1,17.89
"pc3","2cpu-dc",0.12,"SMA",2,16.56
"pc3","2cpu-dc",0.12,"SMA",1,16.77
"pc3","2cpu-dc",0.12,"SMA",2,16.98
"pc3","2cpu-dc",0.12,"SMA",1,17.19
"pc3","2cpu-dc",0.12,"SMA",2,16.67
"pc3","2cpu-dc",0.12,"SMA",1,16.77
"pc3","2cpu-dc",0.12,"SMA",1,16.69
"pc3","2cpu-dc",0.12,"SMA",2,16.69
"pc3","2cpu-dc",0.12,"SMA",2,17.15
"pc3","2cpu-dc",0.12,"SMA",1,17.25
"pc3","2cpu-dc",0.12,"SMA",2,16.88
"pc3","2cpu-dc",0.12,"SMA",1,16.88
"pc3","2cpu-dc",0.12,"SMA",1,16.88
"pc3","2cpu-dc",0.12,"SMA",2,16.97
"pc3","2cpu-dc",0.12,"SMA",1,17.09
"pc3","2cpu-dc",0.12,"SMA",2,17.09
"pc3","2cpu-dc",0.12,"SMA",1,16.99
"pc3","2cpu-dc",0.12,"SMA",2,17.08
"pc3","2cpu-dc",0.12,"SMA",2,16.48
"pc3","2cpu-dc",0.12,"SMA",1,16.48
"pc3","2cpu-dc",0.12,"SMA",2,16.45
"pc3","2cpu-dc",0.12,"SMA",1,16.54
"pc3","2cpu-dc",0.12,"SMA",2,16.07
"pc3","2cpu-dc",0.12,"SMA",1,16.37
"pc3","2cpu-dc",0.12,"SMA",1,16.27
"pc3","2cpu-dc",0.12,"SMA",2,16.76
"pc3","2cpu-dc",0.12,"SMA",1,16.77
"pc3","2cpu-dc",0.12,"SMA",2,17.15
"pc3","2cpu-dc",0.12,"SMA",1,16.56
"pc3","2cpu-dc",0.12,"SMA",2,16.76
"pc3","2cpu-dc",0.12,"SMA",1,17.36
"pc3","2cpu-dc",0.12,"SMA",2,17.36
"pc3","2cpu-dc",0.12,"SMA",1,16.97
"pc3","2cpu-dc",0.12,"SMA",2,17.24
"pc3","2cpu-dc",0.12,"SMA",1,17.99
"pc3","2cpu-dc",0.12,"SMA",2,18.08
"pc3","2cpu-dc",0.12,"SMA",1,17.59
"pc3","2cpu-dc",0.12,"SMA",2,17.68
"pc3","2cpu-dc",0.12,"SMA",1,17.28
"pc3","2cpu-dc",0.12,"SMA",2,17.29
"pc3","2cpu-dc",0.12,"SMA",1,17.66
"pc3","2cpu-dc",0.12,"SMA",2,17.75
"pc3","2cpu-dc",0.12,"SMA",1,17.08
"pc3","2cpu-dc",0.12,"SMA",2,17.28
"pc3","2cpu-dc",0.12,"SMA",2,17.95
"pc3","2cpu-dc",0.12,"SMA",1,17.97
"pc3","2cpu-dc",0.13,"SMA",1,16.62
"pc3","2cpu-dc",0.13,"SMA",2,16.81
"pc3","2cpu-dc",0.13,"SMA",2,17.16
"pc3","2cpu-dc",0.13,"SMA",1,17.77
"pc3","2cpu-dc",0.13,"SMA",1,15.16
"pc3","2cpu-dc",0.13,"SMA",2,15.16
"pc3","2cpu-dc",0.13,"SMA",2,14.96
"pc3","2cpu-dc",0.13,"SMA",1,15.17
"pc3","2cpu-dc",0.13,"SMA",2,15.05
"pc3","2cpu-dc",0.13,"SMA",1,15.07
"pc3","2cpu-dc",0.13,"SMA",1,15.38
"pc3","2cpu-dc",0.13,"SMA",2,15.38
"pc3","2cpu-dc",0.13,"SMA",2,14.9
"pc3","2cpu-dc",0.13,"SMA",1,15.22
"pc3","2cpu-dc",0.13,"SMA",2,14.85
"pc3","2cpu-dc",0.13,"SMA",1,14.97
"pc3","2cpu-dc",0.13,"SMA",2,14.69
"pc3","2cpu-dc",0.13,"SMA",1,14.79
"pc3","2cpu-dc",0.13,"SMA",2,14.86
"pc3","2cpu-dc",0.13,"SMA",1,15.07
"pc3","2cpu-dc",0.13,"SMA",2,14.85
"pc3","2cpu-dc",0.13,"SMA",1,14.93
"pc3","2cpu-dc",0.13,"SMA",1,15.2
"pc3","2cpu-dc",0.13,"SMA",2,15.2
"pc3","2cpu-dc",0.13,"SMA",1,15.26
"pc3","2cpu-dc",0.13,"SMA",2,15.35
"pc3","2cpu-dc",0.13,"SMA",1,16.19
"pc3","2cpu-dc",0.13,"SMA",2,16.28
"pc3","2cpu-dc",0.13,"SMA",1,15.2
"pc3","2cpu-dc",0.13,"SMA",2,15.29
"pc3","2cpu-dc",0.13,"SMA",1,16.08
"pc3","2cpu-dc",0.13,"SMA",2,16.17
"pc3","2cpu-dc",0.13,"SMA",1,15.2
"pc3","2cpu-dc",0.13,"SMA",2,15.38
"pc3","2cpu-dc",0.13,"SMA",1,15.97
"pc3","2cpu-dc",0.13,"SMA",2,16.06
"pc3","2cpu-dc",0.13,"SMA",1,14.89
"pc3","2cpu-dc",0.13,"SMA",2,15.18
"pc3","2cpu-dc",0.13,"SMA",1,14.89
"pc3","2cpu-dc",0.13,"SMA",2,15.09
"pc3","2cpu-dc",0.13,"SMA",1,15.06
"pc3","2cpu-dc",0.13,"SMA",2,15.55
"pc3","2cpu-dc",0.13,"SMA",1,15.67
"pc3","2cpu-dc",0.13,"SMA",2,15.75
"pc3","2cpu-dc",0.13,"SMA",2,15.39
"pc3","2cpu-dc",0.13,"SMA",1,15.39
"pc3","2cpu-dc",0.13,"SMA",2,15.38
"pc3","2cpu-dc",0.13,"SMA",1,15.48
"pc3","2cpu-dc",0.13,"SMA",2,15.38
"pc3","2cpu-dc",0.13,"SMA",1,15.49
"pc3","2cpu-dc",0.13,"SMA",2,15.87
"pc3","2cpu-dc",0.13,"SMA",1,15.98
"pc3","2cpu-dc",0.13,"SMA",2,15.37
"pc3","2cpu-dc",0.13,"SMA",1,15.38
"pc3","2cpu-dc",0.13,"SMA",2,15.17
"pc3","2cpu-dc",0.13,"SMA",1,15.18
"pc3","2cpu-dc",0.13,"SMA",1,15.38
"pc3","2cpu-dc",0.13,"SMA",2,15.38
"pc3","2cpu-dc",0.13,"SMA",2,15.38
"pc3","2cpu-dc",0.13,"SMA",1,15.49
"pc3","2cpu-dc",0.14,"SMA",2,16.12
"pc3","2cpu-dc",0.14,"SMA",1,16.24
"pc3","2cpu-dc",0.14,"SMA",1,16.38
"pc3","2cpu-dc",0.14,"SMA",2,16.48
"pc3","2cpu-dc",0.14,"SMA",2,13.98
"pc3","2cpu-dc",0.14,"SMA",1,14.6
"pc3","2cpu-dc",0.14,"SMA",2,14.84
"pc3","2cpu-dc",0.14,"SMA",1,14.86
"pc3","2cpu-dc",0.14,"SMA",2,13.94
"pc3","2cpu-dc",0.14,"SMA",1,14.05
"pc3","2cpu-dc",0.14,"SMA",2,13.88
"pc3","2cpu-dc",0.14,"SMA",1,13.99
"pc3","2cpu-dc",0.14,"SMA",2,14.38
"pc3","2cpu-dc",0.14,"SMA",1,14.4
"pc3","2cpu-dc",0.14,"SMA",2,14.04
"pc3","2cpu-dc",0.14,"SMA",1,14.15
"pc3","2cpu-dc",0.14,"SMA",2,13.89
"pc3","2cpu-dc",0.14,"SMA",1,13.97
"pc3","2cpu-dc",0.14,"SMA",1,13.9
"pc3","2cpu-dc",0.14,"SMA",2,13.98
"pc3","2cpu-dc",0.14,"SMA",1,14.8
"pc3","2cpu-dc",0.14,"SMA",2,14.88
"pc3","2cpu-dc",0.14,"SMA",1,14.08
"pc3","2cpu-dc",0.14,"SMA",2,14.27
"pc3","2cpu-dc",0.14,"SMA",1,14.07
"pc3","2cpu-dc",0.14,"SMA",2,14.15
"pc3","2cpu-dc",0.14,"SMA",1,13.79
"pc3","2cpu-dc",0.14,"SMA",2,13.79
"pc3","2cpu-dc",0.14,"SMA",1,13.97
"pc3","2cpu-dc",0.14,"SMA",2,14.06
"pc3","2cpu-dc",0.14,"SMA",1,13.98
"pc3","2cpu-dc",0.14,"SMA",2,14.07
"pc3","2cpu-dc",0.14,"SMA",2,14.08
"pc3","2cpu-dc",0.14,"SMA",1,14.18
"pc3","2cpu-dc",0.14,"SMA",2,13.99
"pc3","2cpu-dc",0.14,"SMA",1,13.99
"pc3","2cpu-dc",0.14,"SMA",1,13.78
"pc3","2cpu-dc",0.14,"SMA",2,13.99
"pc3","2cpu-dc",0.14,"SMA",1,13.78
"pc3","2cpu-dc",0.14,"SMA",2,14.27
"pc3","2cpu-dc",0.14,"SMA",1,13.65
"pc3","2cpu-dc",0.14,"SMA",2,13.95
"pc3","2cpu-dc",0.14,"SMA",1,13.9
"pc3","2cpu-dc",0.14,"SMA",2,13.98
"pc3","2cpu-dc",0.14,"SMA",2,14.09
"pc3","2cpu-dc",0.14,"SMA",1,14.1
"pc3","2cpu-dc",0.14,"SMA",1,14.47
"pc3","2cpu-dc",0.14,"SMA",2,14.47
"pc3","2cpu-dc",0.14,"SMA",2,13.86
"pc3","2cpu-dc",0.14,"SMA",1,13.96
"pc3","2cpu-dc",0.14,"SMA",2,15.3
"pc3","2cpu-dc",0.14,"SMA",1,15.4
"pc3","2cpu-dc",0.14,"SMA",2,14.07
"pc3","2cpu-dc",0.14,"SMA",1,14.17
"pc3","2cpu-dc",0.14,"SMA",2,13.97
"pc3","2cpu-dc",0.14,"SMA",1,13.99
"pc3","2cpu-dc",0.14,"SMA",2,14.14
"pc3","2cpu-dc",0.14,"SMA",1,14.26
"pc3","2cpu-dc",0.14,"SMA",2,14.27
"pc3","2cpu-dc",0.14,"SMA",1,14.38
"pc3","2cpu-dc",0.16,"SMA",2,12.89
"pc3","2cpu-dc",0.16,"SMA",1,13
"pc3","2cpu-dc",0.16,"SMA",1,13.09
"pc3","2cpu-dc",0.16,"SMA",2,13.16
"pc3","2cpu-dc",0.16,"SMA",2,11.99
"pc3","2cpu-dc",0.16,"SMA",1,12.59
"pc3","2cpu-dc",0.16,"SMA",2,12.35
"pc3","2cpu-dc",0.16,"SMA",1,12.46
"pc3","2cpu-dc",0.16,"SMA",2,11.78
"pc3","2cpu-dc",0.16,"SMA",1,11.8
"pc3","2cpu-dc",0.16,"SMA",2,11.66
"pc3","2cpu-dc",0.16,"SMA",1,11.77
"pc3","2cpu-dc",0.16,"SMA",2,11.69
"pc3","2cpu-dc",0.16,"SMA",1,11.69
"pc3","2cpu-dc",0.16,"SMA",1,12.05
"pc3","2cpu-dc",0.16,"SMA",2,12.13
"pc3","2cpu-dc",0.16,"SMA",1,11.5
"pc3","2cpu-dc",0.16,"SMA",2,11.58
"pc3","2cpu-dc",0.16,"SMA",1,11.79
"pc3","2cpu-dc",0.16,"SMA",2,11.79
"pc3","2cpu-dc",0.16,"SMA",1,11.68
"pc3","2cpu-dc",0.16,"SMA",2,11.77
"pc3","2cpu-dc",0.16,"SMA",2,11.67
"pc3","2cpu-dc",0.16,"SMA",1,11.69
"pc3","2cpu-dc",0.16,"SMA",2,11.65
"pc3","2cpu-dc",0.16,"SMA",1,11.67
"pc3","2cpu-dc",0.16,"SMA",2,11.54
"pc3","2cpu-dc",0.16,"SMA",1,11.65
"pc3","2cpu-dc",0.16,"SMA",2,11.48
"pc3","2cpu-dc",0.16,"SMA",1,11.57
"pc3","2cpu-dc",0.16,"SMA",1,11.6
"pc3","2cpu-dc",0.16,"SMA",2,11.6
"pc3","2cpu-dc",0.16,"SMA",2,11.61
"pc3","2cpu-dc",0.16,"SMA",1,11.71
"pc3","2cpu-dc",0.16,"SMA",2,11.59
"pc3","2cpu-dc",0.16,"SMA",1,11.59
"pc3","2cpu-dc",0.16,"SMA",2,12.47
"pc3","2cpu-dc",0.16,"SMA",1,12.59
"pc3","2cpu-dc",0.16,"SMA",1,12.18
"pc3","2cpu-dc",0.16,"SMA",2,12.47
"pc3","2cpu-dc",0.16,"SMA",1,11.77
"pc3","2cpu-dc",0.16,"SMA",2,12.05
"pc3","2cpu-dc",0.16,"SMA",1,12.47
"pc3","2cpu-dc",0.16,"SMA",2,12.55
"pc3","2cpu-dc",0.16,"SMA",1,12.28
"pc3","2cpu-dc",0.16,"SMA",2,12.38
"pc3","2cpu-dc",0.16,"SMA",2,11.87
"pc3","2cpu-dc",0.16,"SMA",1,11.87
"pc3","2cpu-dc",0.16,"SMA",1,12.4
"pc3","2cpu-dc",0.16,"SMA",2,12.47
"pc3","2cpu-dc",0.16,"SMA",1,11.98
"pc3","2cpu-dc",0.16,"SMA",2,11.98
"pc3","2cpu-dc",0.16,"SMA",2,11.88
"pc3","2cpu-dc",0.16,"SMA",1,11.98
"pc3","2cpu-dc",0.16,"SMA",2,12.5
"pc3","2cpu-dc",0.16,"SMA",1,12.59
"pc3","2cpu-dc",0.16,"SMA",2,12.59
"pc3","2cpu-dc",0.16,"SMA",1,12.69
"pc3","2cpu-dc",0.16,"SMA",2,11.78
"pc3","2cpu-dc",0.16,"SMA",1,11.98
"pc3","2cpu-dc",0.17,"SMA",2,11.97
"pc3","2cpu-dc",0.17,"SMA",1,12.19
"pc3","2cpu-dc",0.17,"SMA",1,11.98
"pc3","2cpu-dc",0.17,"SMA",2,12.04
"pc3","2cpu-dc",0.17,"SMA",2,10.99
"pc3","2cpu-dc",0.17,"SMA",1,11.49
"pc3","2cpu-dc",0.17,"SMA",2,10.77
"pc3","2cpu-dc",0.17,"SMA",1,10.86
"pc3","2cpu-dc",0.17,"SMA",1,10.71
"pc3","2cpu-dc",0.17,"SMA",2,10.78
"pc3","2cpu-dc",0.17,"SMA",2,10.99
"pc3","2cpu-dc",0.17,"SMA",1,11
"pc3","2cpu-dc",0.17,"SMA",2,10.78
"pc3","2cpu-dc",0.17,"SMA",1,10.87
"pc3","2cpu-dc",0.17,"SMA",2,11.09
"pc3","2cpu-dc",0.17,"SMA",1,11.1
"pc3","2cpu-dc",0.17,"SMA",1,10.75
"pc3","2cpu-dc",0.17,"SMA",2,10.84
"pc3","2cpu-dc",0.17,"SMA",2,10.87
"pc3","2cpu-dc",0.17,"SMA",1,10.88
"pc3","2cpu-dc",0.17,"SMA",2,10.79
"pc3","2cpu-dc",0.17,"SMA",1,10.88
"pc3","2cpu-dc",0.17,"SMA",2,10.88
"pc3","2cpu-dc",0.17,"SMA",1,10.98
"pc3","2cpu-dc",0.17,"SMA",2,10.88
"pc3","2cpu-dc",0.17,"SMA",1,10.99
"pc3","2cpu-dc",0.17,"SMA",2,10.79
"pc3","2cpu-dc",0.17,"SMA",1,10.89
"pc3","2cpu-dc",0.17,"SMA",2,10.79
"pc3","2cpu-dc",0.17,"SMA",1,10.88
"pc3","2cpu-dc",0.17,"SMA",1,10.89
"pc3","2cpu-dc",0.17,"SMA",2,10.89
"pc3","2cpu-dc",0.17,"SMA",1,10.56
"pc3","2cpu-dc",0.17,"SMA",2,10.56
"pc3","2cpu-dc",0.17,"SMA",1,10.77
"pc3","2cpu-dc",0.17,"SMA",2,10.87
"pc3","2cpu-dc",0.17,"SMA",1,10.89
"pc3","2cpu-dc",0.17,"SMA",2,11.17
"pc3","2cpu-dc",0.17,"SMA",1,10.77
"pc3","2cpu-dc",0.17,"SMA",2,10.88
"pc3","2cpu-dc",0.17,"SMA",1,10.69
"pc3","2cpu-dc",0.17,"SMA",2,11.07
"pc3","2cpu-dc",0.17,"SMA",2,11.56
"pc3","2cpu-dc",0.17,"SMA",1,11.58
"pc3","2cpu-dc",0.17,"SMA",2,11.48
"pc3","2cpu-dc",0.17,"SMA",1,11.48
"pc3","2cpu-dc",0.17,"SMA",1,11.15
"pc3","2cpu-dc",0.17,"SMA",2,11.14
"pc3","2cpu-dc",0.17,"SMA",1,11.57
"pc3","2cpu-dc",0.17,"SMA",2,11.65
"pc3","2cpu-dc",0.17,"SMA",1,11.69
"pc3","2cpu-dc",0.17,"SMA",2,11.78
"pc3","2cpu-dc",0.17,"SMA",1,11.4
"pc3","2cpu-dc",0.17,"SMA",2,11.4
"pc3","2cpu-dc",0.17,"SMA",2,11.65
"pc3","2cpu-dc",0.17,"SMA",1,11.66
"pc3","2cpu-dc",0.17,"SMA",1,11.16
"pc3","2cpu-dc",0.17,"SMA",2,11.24
"pc3","2cpu-dc",0.17,"SMA",2,11.08
"pc3","2cpu-dc",0.17,"SMA",1,11.1
"pc3","2cpu-dc",0.18,"SMA",2,11.25
"pc3","2cpu-dc",0.18,"SMA",1,11.48
"pc3","2cpu-dc",0.18,"SMA",2,11.25
"pc3","2cpu-dc",0.18,"SMA",1,11.27
"pc3","2cpu-dc",0.18,"SMA",2,10.18
"pc3","2cpu-dc",0.18,"SMA",1,10.79
"pc3","2cpu-dc",0.18,"SMA",2,10.04
"pc3","2cpu-dc",0.18,"SMA",1,10.25
"pc3","2cpu-dc",0.18,"SMA",2,9.97
"pc3","2cpu-dc",0.18,"SMA",1,10.08
"pc3","2cpu-dc",0.18,"SMA",2,10.06
"pc3","2cpu-dc",0.18,"SMA",1,10.16
"pc3","2cpu-dc",0.18,"SMA",2,10.1
"pc3","2cpu-dc",0.18,"SMA",1,10.1
"pc3","2cpu-dc",0.18,"SMA",2,10.17
"pc3","2cpu-dc",0.18,"SMA",1,10.18
"pc3","2cpu-dc",0.18,"SMA",1,10.26
"pc3","2cpu-dc",0.18,"SMA",2,10.34
"pc3","2cpu-dc",0.18,"SMA",1,10.18
"pc3","2cpu-dc",0.18,"SMA",2,10.18
"pc3","2cpu-dc",0.18,"SMA",2,10.19
"pc3","2cpu-dc",0.18,"SMA",1,10.19
"pc3","2cpu-dc",0.18,"SMA",2,10.25
"pc3","2cpu-dc",0.18,"SMA",1,10.27
"pc3","2cpu-dc",0.18,"SMA",2,10.14
"pc3","2cpu-dc",0.18,"SMA",1,10.25
"pc3","2cpu-dc",0.18,"SMA",2,10.28
"pc3","2cpu-dc",0.18,"SMA",1,10.39
"pc3","2cpu-dc",0.18,"SMA",2,10.17
"pc3","2cpu-dc",0.18,"SMA",1,10.36
"pc3","2cpu-dc",0.18,"SMA",2,10.27
"pc3","2cpu-dc",0.18,"SMA",1,10.38
"pc3","2cpu-dc",0.18,"SMA",1,10.01
"pc3","2cpu-dc",0.18,"SMA",2,10.08
"pc3","2cpu-dc",0.18,"SMA",1,10.29
"pc3","2cpu-dc",0.18,"SMA",2,10.29
"pc3","2cpu-dc",0.18,"SMA",1,10.08
"pc3","2cpu-dc",0.18,"SMA",2,10.17
"pc3","2cpu-dc",0.18,"SMA",1,10.1
"pc3","2cpu-dc",0.18,"SMA",2,10.29
"pc3","2cpu-dc",0.18,"SMA",1,10.08
"pc3","2cpu-dc",0.18,"SMA",2,10.45
"pc3","2cpu-dc",0.18,"SMA",2,10.28
"pc3","2cpu-dc",0.18,"SMA",1,10.39
"pc3","2cpu-dc",0.18,"SMA",1,10.27
"pc3","2cpu-dc",0.18,"SMA",2,10.34
"pc3","2cpu-dc",0.18,"SMA",2,10.3
"pc3","2cpu-dc",0.18,"SMA",1,10.3
"pc3","2cpu-dc",0.18,"SMA",1,10.35
"pc3","2cpu-dc",0.18,"SMA",2,10.35
"pc3","2cpu-dc",0.18,"SMA",1,10.36
"pc3","2cpu-dc",0.18,"SMA",2,10.35
"pc3","2cpu-dc",0.18,"SMA",2,10.36
"pc3","2cpu-dc",0.18,"SMA",1,10.38
"pc3","2cpu-dc",0.18,"SMA",2,10.37
"pc3","2cpu-dc",0.18,"SMA",1,10.39
"pc3","2cpu-dc",0.18,"SMA",1,10.25
"pc3","2cpu-dc",0.18,"SMA",2,10.24
"pc3","2cpu-dc",0.18,"SMA",2,10.26
"pc3","2cpu-dc",0.18,"SMA",1,10.26
"pc3","2cpu-dc",0.19,"SMA",2,10.56
"pc3","2cpu-dc",0.19,"SMA",1,10.58
"pc3","2cpu-dc",0.19,"SMA",1,10.59
"pc3","2cpu-dc",0.19,"SMA",2,10.67
"pc3","2cpu-dc",0.19,"SMA",2,9.68
"pc3","2cpu-dc",0.19,"SMA",1,10.29
"pc3","2cpu-dc",0.19,"SMA",2,9.47
"pc3","2cpu-dc",0.19,"SMA",1,9.57
"pc3","2cpu-dc",0.19,"SMA",2,9.58
"pc3","2cpu-dc",0.19,"SMA",1,9.69
"pc3","2cpu-dc",0.19,"SMA",2,9.56
"pc3","2cpu-dc",0.19,"SMA",1,9.67
"pc3","2cpu-dc",0.19,"SMA",2,9.37
"pc3","2cpu-dc",0.19,"SMA",1,9.4
"pc3","2cpu-dc",0.19,"SMA",2,9.56
"pc3","2cpu-dc",0.19,"SMA",1,9.65
"pc3","2cpu-dc",0.19,"SMA",2,24.88
"pc3","2cpu-dc",0.19,"SMA",1,9.4
"pc3","2cpu-dc",0.19,"SMA",1,9.57
"pc3","2cpu-dc",0.19,"SMA",2,9.65
"pc3","2cpu-dc",0.19,"SMA",1,9.68
"pc3","2cpu-dc",0.19,"SMA",2,9.67
"pc3","2cpu-dc",0.19,"SMA",2,9.47
"pc3","2cpu-dc",0.19,"SMA",1,9.5
"pc3","2cpu-dc",0.19,"SMA",2,9.56
"pc3","2cpu-dc",0.19,"SMA",1,9.65
"pc3","2cpu-dc",0.19,"SMA",2,9.48
"pc3","2cpu-dc",0.19,"SMA",1,9.49
"pc3","2cpu-dc",0.19,"SMA",2,9.56
"pc3","2cpu-dc",0.19,"SMA",1,9.56
"pc3","2cpu-dc",0.19,"SMA",1,9.48
"pc3","2cpu-dc",0.19,"SMA",2,9.58
"pc3","2cpu-dc",0.19,"SMA",1,9.48
"pc3","2cpu-dc",0.19,"SMA",2,9.49
"pc3","2cpu-dc",0.19,"SMA",2,9.46
"pc3","2cpu-dc",0.19,"SMA",1,9.48
"pc3","2cpu-dc",0.19,"SMA",2,9.52
"pc3","2cpu-dc",0.19,"SMA",1,9.64
"pc3","2cpu-dc",0.19,"SMA",1,9.49
"pc3","2cpu-dc",0.19,"SMA",2,9.6
"pc3","2cpu-dc",0.19,"SMA",1,9.57
"pc3","2cpu-dc",0.19,"SMA",2,9.67
"pc3","2cpu-dc",0.19,"SMA",2,9.68
"pc3","2cpu-dc",0.19,"SMA",1,22.57
"pc3","2cpu-dc",0.19,"SMA",2,9.79
"pc3","2cpu-dc",0.19,"SMA",1,9.88
"pc3","2cpu-dc",0.19,"SMA",2,9.7
"pc3","2cpu-dc",0.19,"SMA",1,9.7
"pc3","2cpu-dc",0.19,"SMA",1,9.69
"pc3","2cpu-dc",0.19,"SMA",2,9.77
"pc3","2cpu-dc",0.19,"SMA",1,9.69
"pc3","2cpu-dc",0.19,"SMA",2,9.78
"pc3","2cpu-dc",0.19,"SMA",1,9.71
"pc3","2cpu-dc",0.19,"SMA",2,9.79
"pc3","2cpu-dc",0.19,"SMA",2,9.78
"pc3","2cpu-dc",0.19,"SMA",1,9.97
"pc3","2cpu-dc",0.19,"SMA",2,9.68
"pc3","2cpu-dc",0.19,"SMA",1,9.7
"pc3","2cpu-dc",0.19,"SMA",1,9.75
"pc3","2cpu-dc",0.19,"SMA",2,9.75
